/*--------------------------------*- C++ -*----------------------------------*\
  =========                 |
  \\      /  F ield         | OpenFOAM: The Open Source CFD Toolbox
   \\    /   O peration     | Website:  https://openfoam.org
    \\  /    A nd           | Version:  7
     \\/     M anipulation  |
\*---------------------------------------------------------------------------*/
FoamFile
{
    version     2.0;
    format      ascii;
    class       volScalarField;
    location    "3.62";
    object      T;
}
// * * * * * * * * * * * * * * * * * * * * * * * * * * * * * * * * * * * * * //

dimensions      [0 0 0 1 0 0 0];

internalField   nonuniform List<scalar> 
1000
(
7.11768e-54
8.70744e-54
1.22378e-53
1.84871e-53
2.88304e-53
4.55385e-53
7.22703e-53
1.14864e-52
1.82598e-52
2.90185e-52
4.60926e-52
7.31698e-52
1.16082e-51
1.84044e-51
2.9161e-51
4.61747e-51
7.30677e-51
1.15549e-50
1.82611e-50
2.88407e-50
4.55199e-50
7.17983e-50
1.13173e-49
1.78274e-49
2.80639e-49
4.41492e-49
6.94081e-49
1.09046e-48
1.71208e-48
2.68627e-48
4.21198e-48
6.59983e-48
1.03345e-47
1.61717e-47
2.52889e-47
3.95195e-47
6.17165e-47
9.63157e-47
1.5021e-46
2.34102e-46
3.646e-46
5.67456e-46
8.82574e-46
1.37174e-45
2.13057e-45
3.30688e-45
5.12913e-45
7.95001e-45
1.23138e-44
1.90596e-44
2.94804e-44
4.55669e-44
7.03822e-44
1.08635e-43
1.67562e-43
2.5827e-43
3.97801e-43
6.1228e-43
9.41732e-43
1.44742e-42
2.22308e-42
3.41196e-42
5.23291e-42
8.01993e-42
1.22825e-41
1.8797e-41
2.87461e-41
4.39293e-41
6.70833e-41
1.02367e-40
1.56095e-40
2.37848e-40
3.62154e-40
5.51022e-40
8.37771e-40
1.2728e-39
1.93231e-39
2.93138e-39
4.4437e-39
6.73122e-39
1.01887e-38
1.54107e-38
2.32915e-38
3.51762e-38
5.30852e-38
8.00516e-38
1.20626e-37
1.81627e-37
2.73269e-37
4.10838e-37
6.17192e-37
9.26484e-37
1.38971e-36
2.08293e-36
3.11956e-36
4.66849e-36
6.9811e-36
1.04312e-35
1.55743e-35
2.32352e-35
3.46373e-35
5.15943e-35
7.67927e-35
1.14208e-34
1.6972e-34
2.52015e-34
3.73917e-34
5.54346e-34
8.21187e-34
1.21551e-33
1.79774e-33
2.65673e-33
3.92303e-33
5.78823e-33
8.53339e-33
1.25703e-32
1.85021e-32
2.72109e-32
3.99863e-32
5.8712e-32
8.61367e-32
1.26268e-31
1.84946e-31
2.70669e-31
3.95798e-31
5.78297e-31
8.44247e-31
1.23148e-30
1.79484e-30
2.61373e-30
3.80307e-30
5.52897e-30
8.03139e-30
1.16566e-29
1.69039e-29
2.44927e-29
3.54583e-29
5.12898e-29
7.41268e-29
1.07041e-28
1.54438e-28
2.22631e-28
3.20661e-28
4.61458e-28
6.63507e-28
9.53198e-28
1.36819e-27
1.96214e-27
2.81151e-27
4.02503e-27
5.75732e-27
8.22794e-27
1.17485e-26
1.67606e-26
2.389e-26
3.4022e-26
4.84081e-26
6.88164e-26
9.77417e-26
1.38701e-25
1.9665e-25
2.78561e-25
3.94235e-25
5.57444e-25
7.8751e-25
1.11152e-24
1.56743e-24
2.20834e-24
3.10847e-24
4.37153e-24
6.1422e-24
8.62219e-24
1.20924e-23
1.69438e-23
2.37196e-23
3.31744e-23
4.63551e-23
6.47129e-23
9.02568e-23
1.25767e-22
1.75084e-22
2.43512e-22
3.38367e-22
4.69731e-22
6.5148e-22
9.027e-22
1.24961e-21
1.72821e-21
2.38785e-21
3.29612e-21
4.54554e-21
6.26259e-21
8.61999e-21
1.18534e-20
1.6284e-20
2.23492e-20
3.06439e-20
4.19765e-20
5.74443e-20
7.85355e-20
1.07266e-19
1.46365e-19
1.99519e-19
2.71712e-19
3.69663e-19
5.0243e-19
6.8221e-19
9.25404e-19
1.25405e-18
1.69773e-18
2.2961e-18
3.10227e-18
4.18731e-18
5.64621e-18
7.60577e-18
1.02351e-17
1.37597e-17
1.84792e-17
2.47926e-17
3.32292e-17
4.44915e-17
5.95104e-17
7.95183e-17
1.06145e-16
1.41542e-16
1.8855e-16
2.50913e-16
3.33559e-16
4.42971e-16
5.87663e-16
7.78813e-16
1.03107e-15
1.36361e-15
1.80153e-15
2.37761e-15
3.13462e-15
4.12833e-15
5.43137e-15
7.13818e-15
9.37148e-15
1.22905e-14
1.61018e-14
2.10726e-14
2.75488e-14
3.59769e-14
4.69335e-14
6.11616e-14
7.96178e-14
1.03532e-13
1.34486e-13
1.74506e-13
2.26192e-13
2.92869e-13
3.78793e-13
4.89395e-13
6.31606e-13
8.14256e-13
1.04858e-12
1.34887e-12
1.73326e-12
2.22476e-12
2.8525e-12
3.65334e-12
4.67388e-12
5.97291e-12
7.62455e-12
9.72216e-12
1.23831e-11
1.57549e-11
2.00225e-11
2.54177e-11
3.22307e-11
4.08243e-11
5.16513e-11
6.52765e-11
8.24033e-11
1.03907e-10
1.30874e-10
1.64655e-10
2.0692e-10
2.5974e-10
3.25675e-10
4.07883e-10
5.10261e-10
6.37609e-10
7.95832e-10
9.92182e-10
1.23556e-09
1.53688e-09
1.90948e-09
2.3697e-09
2.93744e-09
3.63702e-09
4.498e-09
5.55637e-09
6.85583e-09
8.44938e-09
1.04012e-08
1.27891e-08
1.57069e-08
1.92678e-08
2.36084e-08
2.88931e-08
3.53193e-08
4.31242e-08
5.2592e-08
6.4063e-08
7.79442e-08
9.47214e-08
1.14974e-07
1.39392e-07
1.68796e-07
2.04161e-07
2.46642e-07
2.97608e-07
3.5868e-07
4.31769e-07
5.19133e-07
6.2343e-07
7.47787e-07
8.95878e-07
1.07201e-06
1.28124e-06
1.52946e-06
1.82359e-06
2.17166e-06
2.58306e-06
3.0687e-06
3.64125e-06
4.31542e-06
5.10822e-06
6.03938e-06
7.13163e-06
8.41123e-06
9.9084e-06
1.16579e-05
1.36997e-05
1.60795e-05
1.88498e-05
2.20705e-05
2.58101e-05
3.01465e-05
3.51686e-05
4.09773e-05
4.76871e-05
5.54278e-05
6.43464e-05
7.46087e-05
8.64019e-05
9.99368e-05
0.00011545
0.000133209
0.000153511
0.00017669
0.00020312
0.000233217
0.000267445
0.00030632
0.000350415
0.000400365
0.000456875
0.00052072
0.000592758
0.000673934
0.000765285
0.000867951
0.000983181
0.00111234
0.00125693
0.00141856
0.00159901
0.00180021
0.00202423
0.00227335
0.00254999
0.00285679
0.00319658
0.00357241
0.00398754
0.00444546
0.00494992
0.00550489
0.00611461
0.00678359
0.00751659
0.00831865
0.0091951
0.0101516
0.0111939
0.0123283
0.0135612
0.0148994
0.0163499
0.01792
0.0196172
0.0214494
0.0234245
0.0255509
0.0278369
0.0302913
0.0329229
0.0357405
0.0387533
0.0419703
0.0454008
0.0490537
0.0529384
0.0570637
0.0614387
0.066072
0.0709722
0.0761476
0.081606
0.0873552
0.0934021
0.0997536
0.106416
0.113394
0.120694
0.128319
0.136273
0.144559
0.153178
0.162132
0.171421
0.181044
0.191
0.201285
0.211896
0.222828
0.234075
0.24563
0.257485
0.269632
0.282059
0.294756
0.307711
0.320911
0.334341
0.347987
0.361833
0.375862
0.390056
0.404399
0.41887
0.433452
0.448124
0.462866
0.477657
0.492478
0.507307
0.522123
0.536906
0.551635
0.566289
0.580849
0.595293
0.609602
0.623758
0.637741
0.651534
0.665119
0.67848
0.691601
0.704467
0.717063
0.729377
0.741395
0.753107
0.764502
0.775569
0.7863
0.796688
0.806724
0.816404
0.82572
0.83467
0.843248
0.851453
0.859281
0.866731
0.873801
0.880491
0.8868
0.892729
0.898279
0.903449
0.908242
0.912658
0.916699
0.920367
0.923662
0.926586
0.929142
0.931329
0.93315
0.934605
0.935696
0.936423
0.936786
0.936786
0.936423
0.935696
0.934605
0.93315
0.931329
0.929142
0.926586
0.923662
0.920367
0.916699
0.912658
0.908242
0.903449
0.898279
0.892729
0.8868
0.880491
0.873801
0.866731
0.859281
0.851453
0.843248
0.83467
0.82572
0.816404
0.806724
0.796688
0.7863
0.775569
0.764502
0.753107
0.741395
0.729377
0.717063
0.704467
0.691601
0.67848
0.665119
0.651534
0.637741
0.623758
0.609602
0.595293
0.580849
0.566289
0.551635
0.536906
0.522123
0.507307
0.492478
0.477657
0.462866
0.448124
0.433452
0.41887
0.404399
0.390056
0.375862
0.361833
0.347987
0.334341
0.320911
0.307711
0.294756
0.282059
0.269632
0.257485
0.24563
0.234075
0.222828
0.211896
0.201285
0.191
0.181044
0.171421
0.162132
0.153178
0.144559
0.136273
0.128319
0.120694
0.113394
0.106416
0.0997536
0.0934021
0.0873552
0.081606
0.0761476
0.0709722
0.066072
0.0614387
0.0570637
0.0529384
0.0490537
0.0454008
0.0419703
0.0387533
0.0357405
0.0329229
0.0302913
0.0278369
0.0255509
0.0234245
0.0214494
0.0196172
0.01792
0.0163499
0.0148994
0.0135612
0.0123283
0.0111939
0.0101516
0.0091951
0.00831865
0.00751659
0.00678359
0.00611461
0.00550489
0.00494992
0.00444546
0.00398754
0.00357241
0.00319658
0.00285679
0.00254999
0.00227335
0.00202423
0.00180021
0.00159901
0.00141856
0.00125693
0.00111234
0.000983181
0.000867951
0.000765285
0.000673934
0.000592758
0.00052072
0.000456875
0.000400365
0.000350415
0.00030632
0.000267445
0.000233217
0.00020312
0.00017669
0.000153511
0.000133209
0.00011545
9.99368e-05
8.64019e-05
7.46087e-05
6.43464e-05
5.54278e-05
4.76871e-05
4.09773e-05
3.51686e-05
3.01465e-05
2.58101e-05
2.20705e-05
1.88498e-05
1.60795e-05
1.36997e-05
1.16579e-05
9.9084e-06
8.41123e-06
7.13163e-06
6.03938e-06
5.10822e-06
4.31542e-06
3.64125e-06
3.0687e-06
2.58306e-06
2.17166e-06
1.82359e-06
1.52946e-06
1.28124e-06
1.07201e-06
8.95878e-07
7.47787e-07
6.2343e-07
5.19133e-07
4.31769e-07
3.5868e-07
2.97608e-07
2.46642e-07
2.04161e-07
1.68796e-07
1.39392e-07
1.14974e-07
9.47214e-08
7.79442e-08
6.4063e-08
5.2592e-08
4.31242e-08
3.53193e-08
2.88931e-08
2.36084e-08
1.92678e-08
1.57069e-08
1.27891e-08
1.04012e-08
8.44938e-09
6.85583e-09
5.55637e-09
4.498e-09
3.63702e-09
2.93744e-09
2.3697e-09
1.90948e-09
1.53688e-09
1.23556e-09
9.92182e-10
7.95832e-10
6.37609e-10
5.10261e-10
4.07883e-10
3.25675e-10
2.5974e-10
2.0692e-10
1.64655e-10
1.30874e-10
1.03907e-10
8.24033e-11
6.52765e-11
5.16513e-11
4.08243e-11
3.22307e-11
2.54177e-11
2.00225e-11
1.57549e-11
1.23831e-11
9.72216e-12
7.62455e-12
5.97291e-12
4.67388e-12
3.65334e-12
2.8525e-12
2.22476e-12
1.73326e-12
1.34887e-12
1.04858e-12
8.14256e-13
6.31606e-13
4.89395e-13
3.78793e-13
2.92869e-13
2.26192e-13
1.74506e-13
1.34486e-13
1.03532e-13
7.96178e-14
6.11616e-14
4.69335e-14
3.59769e-14
2.75488e-14
2.10726e-14
1.61018e-14
1.22905e-14
9.37148e-15
7.13818e-15
5.43137e-15
4.12833e-15
3.13462e-15
2.37761e-15
1.80153e-15
1.36361e-15
1.03107e-15
7.78813e-16
5.87663e-16
4.42971e-16
3.33559e-16
2.50913e-16
1.8855e-16
1.41542e-16
1.06145e-16
7.95183e-17
5.95104e-17
4.44915e-17
3.32292e-17
2.47926e-17
1.84792e-17
1.37597e-17
1.02351e-17
7.60577e-18
5.64621e-18
4.18731e-18
3.10227e-18
2.2961e-18
1.69773e-18
1.25405e-18
9.25404e-19
6.8221e-19
5.0243e-19
3.69663e-19
2.71712e-19
1.99519e-19
1.46365e-19
1.07266e-19
7.85355e-20
5.74443e-20
4.19765e-20
3.06439e-20
2.23492e-20
1.6284e-20
1.18534e-20
8.61999e-21
6.26259e-21
4.54554e-21
3.29612e-21
2.38785e-21
1.72821e-21
1.24961e-21
9.027e-22
6.5148e-22
4.69731e-22
3.38367e-22
2.43512e-22
1.75084e-22
1.25767e-22
9.02568e-23
6.47129e-23
4.63551e-23
3.31744e-23
2.37196e-23
1.69438e-23
1.20924e-23
8.62219e-24
6.1422e-24
4.37153e-24
3.10847e-24
2.20834e-24
1.56743e-24
1.11152e-24
7.8751e-25
5.57444e-25
3.94235e-25
2.78561e-25
1.9665e-25
1.38701e-25
9.77417e-26
6.88164e-26
4.84081e-26
3.4022e-26
2.389e-26
1.67606e-26
1.17485e-26
8.22794e-27
5.75732e-27
4.02503e-27
2.81151e-27
1.96214e-27
1.36819e-27
9.53198e-28
6.63507e-28
4.61458e-28
3.20661e-28
2.22631e-28
1.54438e-28
1.07041e-28
7.41268e-29
5.12898e-29
3.54583e-29
2.44927e-29
1.69039e-29
1.16566e-29
8.03139e-30
5.52897e-30
3.80307e-30
2.61373e-30
1.79484e-30
1.23148e-30
8.44247e-31
5.78297e-31
3.95798e-31
2.70669e-31
1.84946e-31
1.26268e-31
8.61367e-32
5.8712e-32
3.99863e-32
2.72109e-32
1.85021e-32
1.25703e-32
8.53339e-33
5.78823e-33
3.92303e-33
2.65673e-33
1.79774e-33
1.21551e-33
8.21187e-34
5.54346e-34
3.73917e-34
2.52015e-34
1.6972e-34
1.14208e-34
7.67927e-35
5.15943e-35
3.46373e-35
2.32352e-35
1.55743e-35
1.04312e-35
6.9811e-36
4.66849e-36
3.11956e-36
2.08293e-36
1.38971e-36
9.26484e-37
6.17192e-37
4.10838e-37
2.73269e-37
1.81627e-37
1.20626e-37
8.00516e-38
5.30852e-38
3.51762e-38
2.32915e-38
1.54107e-38
1.01887e-38
6.73122e-39
4.4437e-39
2.93138e-39
1.93231e-39
1.2728e-39
8.37771e-40
5.51022e-40
3.62154e-40
2.37848e-40
1.56095e-40
1.02367e-40
6.70833e-41
4.39293e-41
2.87461e-41
1.8797e-41
1.22825e-41
8.01993e-42
5.23291e-42
3.41196e-42
2.22308e-42
1.44742e-42
9.41732e-43
6.1228e-43
3.97801e-43
2.5827e-43
1.67562e-43
1.08635e-43
7.03822e-44
4.55669e-44
2.94804e-44
1.90596e-44
1.23138e-44
7.95001e-45
5.12913e-45
3.30688e-45
2.13057e-45
1.37174e-45
8.82574e-46
5.67456e-46
3.646e-46
2.34102e-46
1.5021e-46
9.63157e-47
6.17165e-47
3.95195e-47
2.52889e-47
1.61717e-47
1.03345e-47
6.59983e-48
4.21198e-48
2.68627e-48
1.71208e-48
1.09046e-48
6.94081e-49
4.41492e-49
2.80639e-49
1.78274e-49
1.13173e-49
7.17983e-50
4.55199e-50
2.88407e-50
1.82611e-50
1.15549e-50
7.30677e-51
4.61747e-51
2.9161e-51
1.84044e-51
1.16082e-51
7.31698e-52
4.60926e-52
2.90185e-52
1.82598e-52
1.14864e-52
7.22703e-53
4.55385e-53
2.88304e-53
1.84871e-53
1.22378e-53
8.70744e-54
7.11768e-54
)
;

boundaryField
{
    sides
    {
        type            zeroGradient;
    }
    empty
    {
        type            empty;
    }
}


// ************************************************************************* //
