/*--------------------------------*- C++ -*----------------------------------*\
  =========                 |
  \\      /  F ield         | OpenFOAM: The Open Source CFD Toolbox
   \\    /   O peration     | Website:  https://openfoam.org
    \\  /    A nd           | Version:  7
     \\/     M anipulation  |
\*---------------------------------------------------------------------------*/
FoamFile
{
    version     2.0;
    format      ascii;
    class       volScalarField;
    location    "3.29";
    object      T;
}
// * * * * * * * * * * * * * * * * * * * * * * * * * * * * * * * * * * * * * //

dimensions      [0 0 0 1 0 0 0];

internalField   nonuniform List<scalar> 
1000
(
0
0
0
0
0
0
0
0
0
0
0
0
0
0
0
0
0
0
0
0
0
0
0
0
0
0
0
0
0
0
0
0
0
0
0
0
0
0
0
0
0
0
0
0
0
0
0
0
0
0
0
0
0
0
0
0
0
0
0
0
0
0
0
0
0
0
0
0
0
0
0
0
0
0
0
0
0
0
0
0
0
0
0
0
0
0
0
0
0
0
0
0
0
0
0
0
0
0
0
0
0
0
0
0
0
0
0
0
0
0
0
0
0
0
0
0
0
0
0
0
0
0
0
0
0
0
0
0
0
0
0
0
0
-4.44659e-323
8.98211e-321
-1.74826e-318
3.16562e-316
-5.35478e-314
8.49473e-312
-1.26818e-309
1.7872e-307
-2.38409e-305
3.01795e-303
-3.63346e-301
4.16908e-299
-4.56757e-297
4.78635e-295
-4.80493e-293
4.62773e-291
-4.28192e-289
3.81105e-287
-3.26661e-285
2.69942e-283
-2.15284e-281
1.65859e-279
-1.23549e-277
8.90608e-276
-6.21764e-274
4.20712e-272
-2.76105e-270
1.75868e-268
-1.08793e-266
6.54009e-265
-3.82279e-263
2.17387e-261
-1.20328e-259
6.48634e-258
-3.40673e-256
1.74412e-254
-8.70779e-253
4.24141e-251
-2.0163e-249
9.35857e-248
-4.24259e-246
1.8792e-244
-8.13542e-243
3.44344e-241
-1.42543e-239
5.77255e-238
-2.28763e-236
8.87395e-235
-3.37038e-233
1.25367e-231
-4.56808e-230
1.63094e-228
-5.70679e-227
1.95747e-225
-6.58322e-224
2.17126e-222
-7.0243e-221
2.22943e-219
-6.94333e-218
2.12227e-216
-6.36749e-215
1.87562e-213
-5.42498e-212
1.54099e-210
-4.29945e-209
1.17843e-207
-3.17346e-206
8.39771e-205
-2.18396e-203
5.58265e-202
-1.40282e-200
3.46563e-199
-8.41843e-198
2.01094e-196
-4.72423e-195
1.09163e-193
-2.48127e-192
5.54843e-191
-1.2207e-189
2.64255e-188
-5.62934e-187
1.18018e-185
-2.43516e-184
4.94577e-183
-9.8878e-182
1.94606e-180
-3.77082e-179
7.19396e-178
-1.35139e-176
2.49978e-175
-4.55364e-174
8.16911e-173
-1.44336e-171
2.5118e-170
-4.3055e-169
7.26965e-168
-1.20914e-166
1.98119e-165
-3.19806e-164
5.08596e-163
-7.96895e-162
1.23023e-160
-1.8713e-159
2.80469e-158
-4.14213e-157
6.02796e-156
-8.64444e-155
1.22161e-153
-1.70123e-152
2.33475e-151
-3.15769e-150
4.20877e-149
-5.52844e-148
7.15676e-147
-9.13059e-146
1.14803e-144
-1.42258e-143
1.7373e-142
-2.09094e-141
2.48015e-140
-2.8992e-139
3.33996e-138
-3.79193e-137
4.24257e-136
-4.67779e-135
5.08261e-134
-5.44198e-133
5.74171e-132
-5.96935e-131
6.11507e-130
-6.17234e-129
6.13842e-128
-6.01458e-127
5.80599e-126
-5.52141e-125
5.17256e-124
-4.7733e-123
4.33877e-122
-3.88439e-121
3.42499e-120
-2.97403e-119
2.54302e-118
-2.14112e-117
1.77493e-116
-1.44855e-115
1.16375e-114
-9.20265e-114
7.1623e-113
-5.48566e-112
4.13422e-111
-3.06543e-110
2.23597e-109
-1.6042e-108
1.13189e-107
-7.85305e-107
5.35656e-106
-3.59147e-105
2.36655e-104
-1.53226e-103
9.74601e-103
-6.08841e-102
3.73471e-101
-2.24892e-100
1.32903e-99
-7.70567e-99
4.38187e-98
-2.44305e-97
1.33495e-96
-7.14626e-96
3.74612e-95
-1.92203e-94
9.64675e-94
-4.73356e-93
2.26931e-92
-1.06213e-91
4.84935e-91
-2.15774e-90
9.34674e-90
-3.93664e-89
1.60977e-88
-6.38006e-88
2.44568e-87
-9.04425e-87
3.21606e-86
-1.09498e-85
3.54898e-85
-1.08594e-84
3.09698e-84
-8.0533e-84
1.82704e-83
-3.21208e-83
2.14757e-83
1.47737e-82
-9.3684e-82
3.60039e-81
-1.06955e-80
2.4765e-80
-3.76775e-80
-1.03465e-80
3.40507e-79
-1.52418e-78
4.48517e-78
-9.0125e-78
7.00028e-78
3.61384e-77
-2.10887e-76
6.48059e-76
-1.22647e-75
4.55168e-76
6.97625e-75
-3.18695e-74
7.90086e-74
-8.87759e-74
-2.08037e-73
1.42669e-72
-3.99532e-72
5.15924e-72
8.3245e-72
-6.55827e-71
1.79365e-70
-1.93478e-70
-5.25712e-70
3.09338e-69
-6.99227e-69
2.97835e-69
3.58723e-68
-1.35174e-67
1.98475e-67
2.44967e-67
-2.01796e-66
4.56426e-66
-9.16482e-67
-2.58378e-65
8.02193e-65
-6.80515e-65
-3.02376e-64
1.24422e-63
-1.52139e-63
-3.46466e-63
1.81308e-62
-2.57609e-62
-4.25216e-62
2.56434e-61
-3.72999e-61
-6.02283e-61
3.56106e-60
-4.70589e-60
-9.73699e-60
4.81814e-59
-4.93596e-59
-1.65366e-58
6.19063e-58
-3.45888e-58
-2.71869e-57
7.21307e-57
9.79109e-58
-4.08708e-56
6.97558e-56
9.33372e-56
-5.34896e-55
4.25117e-55
2.09817e-54
-5.66256e-54
-1.8335e-54
3.21219e-53
-3.95927e-53
-1.05137e-52
3.53625e-52
3.08386e-53
-1.81795e-51
2.28369e-51
6.04501e-51
-1.89417e-50
-6.31581e-51
1.00011e-49
-8.55872e-50
-3.86185e-49
8.32654e-49
9.62082e-49
-4.93648e-48
3.44732e-49
2.28388e-47
-2.26699e-47
-8.58593e-47
1.78103e-46
2.47633e-46
-1.00871e-45
-3.60415e-46
4.81623e-45
-1.71854e-45
-2.03758e-44
2.04562e-44
7.77953e-44
-1.33958e-43
-2.68292e-43
7.17653e-43
8.20028e-43
-3.44965e-42
-2.0834e-42
1.5474e-41
3.35856e-42
-6.62203e-41
5.36297e-42
2.74382e-40
-8.66093e-41
-1.11291e-39
5.51709e-40
4.45654e-39
-2.77029e-39
-1.77307e-38
1.22349e-38
7.03775e-38
-4.90915e-38
-2.79149e-37
1.7951e-37
1.10542e-36
-5.84667e-37
-4.35531e-36
1.56803e-36
1.69764e-35
-2.40608e-36
-6.49578e-35
-8.01589e-36
2.41564e-34
1.06129e-34
-8.61622e-34
-7.08699e-34
2.89221e-33
3.80386e-33
-8.84986e-33
-1.79356e-32
2.30684e-32
7.63363e-32
-4.09169e-32
-2.9454e-31
-2.9793e-32
1.01822e-30
7.57117e-31
-3.04516e-30
-4.7248e-30
7.14188e-30
2.14929e-29
-8.07126e-30
-7.9455e-29
-3.68183e-29
2.37194e-28
3.2601e-28
-5.06009e-28
-1.53854e-27
2.54149e-28
5.30488e-27
4.30133e-27
-1.30421e-26
-2.71707e-26
1.40281e-26
1.0223e-25
6.53901e-26
-2.53881e-25
-4.92552e-25
2.38289e-25
1.82689e-24
1.42359e-24
-3.97323e-24
-9.30614e-24
6.28699e-25
2.94268e-23
3.61429e-23
-4.22229e-23
-1.66127e-22
-9.76369e-23
3.6569e-22
8.03666e-22
4.78092e-23
-2.32015e-21
-3.5252e-21
1.62722e-21
1.27876e-20
1.46625e-20
-1.4675e-20
-6.53906e-20
-6.08101e-20
9.09518e-20
3.21348e-19
2.66427e-19
-4.72279e-19
-1.54585e-18
-1.28777e-18
2.13671e-18
7.30828e-18
6.84631e-18
-8.18004e-18
-3.35934e-17
-3.82024e-17
2.24959e-17
1.46124e-16
2.11102e-16
3.23063e-19
-5.71212e-16
-1.09756e-15
-5.90748e-16
1.78651e-15
5.10581e-15
5.41702e-15
-2.65829e-15
-1.97209e-14
-3.33485e-14
-1.70122e-14
5.19416e-14
1.53482e-13
1.89738e-13
6.71896e-15
-4.76463e-13
-1.05109e-12
-1.07327e-12
3.29705e-13
3.47693e-12
6.9431e-12
6.82146e-12
-2.10146e-12
-2.20624e-11
-4.55935e-11
-5.04486e-11
-3.68477e-12
1.17563e-10
2.88293e-10
3.96462e-10
2.38233e-10
-4.05096e-10
-1.5776e-09
-2.87649e-09
-3.23104e-09
-9.7917e-10
5.4648e-09
1.61774e-08
2.77253e-08
3.14182e-08
1.33608e-08
-4.16758e-08
-1.40827e-07
-2.68016e-07
-3.66218e-07
-3.24879e-07
1.47182e-08
8.19752e-07
2.17631e-06
3.94273e-06
5.5569e-06
5.8382e-06
2.86389e-06
-5.95643e-06
-2.34435e-05
-5.16572e-05
-9.01585e-05
-0.000133367
-0.000166933
-0.000163156
-7.56399e-05
0.000166457
0.000664069
0.00155311
0.0030079
0.00524234
0.00850836
0.013091
0.0193003
0.0274594
0.0378905
0.0508983
0.0667529
0.0856721
0.107806
0.133226
0.161911
0.193748
0.22853
0.265958
0.305658
0.347188
0.390056
0.433743
0.477714
0.521446
0.564439
0.606233
0.646422
0.684661
0.720672
0.754248
0.785249
0.813604
0.839299
0.862375
0.882917
0.901046
0.916912
0.930684
0.942541
0.952672
0.961259
0.968485
0.974519
0.979522
0.983641
0.987009
0.989743
0.991948
0.993715
0.995122
0.996235
0.99711
0.997793
0.998324
0.998734
0.999048
0.999288
0.999471
0.999608
0.999711
0.999788
0.999846
0.999888
0.999919
0.999942
0.999958
0.99997
0.999979
0.999985
0.99999
0.999993
0.999995
0.999996
0.999998
0.999998
0.999999
0.999999
0.999999
1
1
1
1
1
1
1
0.999999
0.999998
0.999996
0.999994
0.999994
0.999997
1.00001
1.00002
1.00005
1.00009
1.00013
1.00017
1.00016
1.00008
0.999834
0.999336
0.998447
0.996992
0.994758
0.991492
0.986909
0.9807
0.972541
0.96211
0.949102
0.933247
0.914328
0.892194
0.866774
0.838089
0.806252
0.77147
0.734042
0.694342
0.652812
0.609944
0.566257
0.522286
0.478554
0.435561
0.393767
0.353578
0.315339
0.279328
0.245752
0.214751
0.186396
0.160701
0.137625
0.117083
0.098954
0.0830881
0.0693165
0.0574586
0.0473284
0.0387408
0.0315155
0.0254811
0.0204779
0.0163589
0.0129914
0.0102571
0.00805181
0.00628478
0.00487806
0.00376527
0.00289048
0.00220697
0.00167613
0.00126629
0.000951708
0.000711621
0.000529415
0.0003919
0.000288679
0.000211613
0.000154378
0.000112091
8.1008e-05
5.82745e-05
4.17302e-05
2.97488e-05
2.11135e-05
1.49193e-05
1.04968e-05
7.35374e-06
5.13013e-06
3.56402e-06
2.46584e-06
1.69912e-06
1.16612e-06
7.9715e-07
5.42798e-07
3.68177e-07
2.48781e-07
1.67471e-07
1.12316e-07
7.50493e-08
4.99656e-08
3.31462e-08
2.19106e-08
1.44327e-08
9.47409e-09
6.19779e-09
4.04077e-09
2.62564e-09
1.70047e-09
1.09769e-09
7.06297e-10
4.53005e-10
2.89631e-10
1.84598e-10
1.17291e-10
7.42978e-11
4.69215e-11
2.95439e-11
1.85471e-11
1.16095e-11
7.24593e-12
4.50951e-12
2.79855e-12
1.73188e-12
1.0688e-12
6.57786e-13
4.0373e-13
2.47133e-13
1.50874e-13
9.18653e-14
5.57902e-14
3.37943e-14
2.04183e-14
1.23055e-14
7.39756e-15
4.43612e-15
2.6537e-15
1.5836e-15
9.42746e-16
5.59898e-16
3.31741e-16
1.96099e-16
1.1565e-16
6.8049e-17
3.99496e-17
2.34006e-17
1.36764e-17
7.97559e-18
4.64091e-18
2.69466e-18
1.56125e-18
9.0265e-19
5.20777e-19
2.99832e-19
1.72269e-19
9.87748e-20
5.65202e-20
3.22766e-20
1.83953e-20
1.04633e-20
5.93987e-21
3.36546e-21
1.90316e-21
1.07418e-21
6.05146e-22
3.40273e-22
1.9098e-22
1.06992e-22
5.98297e-23
3.33962e-23
1.8608e-23
1.03497e-23
5.74628e-24
3.18483e-24
1.76211e-24
9.73264e-25
5.36645e-25
2.95398e-25
1.6233e-25
8.90563e-26
4.87768e-26
2.66717e-26
1.45606e-26
7.93614e-27
4.3186e-27
2.34632e-27
1.27276e-27
6.89331e-28
3.72765e-28
2.01267e-28
1.08505e-28
5.8407e-29
3.13927e-29
1.68478e-29
9.02851e-30
4.83114e-30
2.58137e-30
1.37728e-30
7.33784e-31
3.90387e-31
2.074e-31
1.1003e-31
5.82918e-32
3.08391e-32
1.6293e-32
8.59618e-33
4.52921e-33
2.38317e-33
1.2523e-33
6.57181e-34
3.44421e-34
1.80272e-34
9.42325e-35
4.91943e-35
2.56491e-35
1.33561e-35
6.94604e-36
3.60787e-36
1.87165e-36
9.69752e-37
5.01838e-37
2.59381e-37
1.33901e-37
6.90416e-38
3.55564e-38
1.82898e-38
9.39697e-39
4.82235e-39
2.47186e-39
1.26557e-39
6.47221e-40
3.30615e-40
1.68694e-40
8.59785e-41
4.37717e-41
2.22594e-41
1.13072e-41
5.73748e-42
2.90813e-42
1.47243e-42
7.44714e-43
3.76252e-43
1.89893e-43
9.57367e-44
4.82162e-44
2.4258e-44
1.21918e-44
6.12112e-45
3.07009e-45
1.53826e-45
7.69961e-46
3.8501e-46
1.92327e-46
9.59797e-47
4.78508e-47
2.38327e-47
1.18586e-47
5.89485e-48
2.92748e-48
1.45245e-48
7.19933e-49
3.56511e-49
1.76378e-49
8.7179e-50
4.30502e-50
2.12391e-50
1.04688e-50
5.15541e-51
2.5365e-51
1.24685e-51
6.12352e-52
3.0047e-52
1.47305e-52
7.2152e-53
3.53101e-53
1.72651e-53
8.43459e-54
4.11702e-54
2.00784e-54
9.78375e-55
4.76335e-55
2.31714e-55
1.12623e-55
5.46941e-56
2.65395e-56
1.28673e-56
6.23337e-57
3.0172e-57
1.45926e-57
7.05198e-58
3.40518e-58
1.64294e-58
7.92058e-59
3.81548e-59
1.83653e-59
8.83302e-60
4.24503e-60
2.03853e-60
9.78176e-61
4.69013e-61
2.24709e-61
1.07579e-61
5.14644e-62
2.46014e-62
1.17514e-62
5.60911e-63
2.67534e-63
1.2751e-63
6.07281e-64
2.89015e-64
1.37447e-64
6.53188e-65
3.10191e-65
1.47201e-65
6.98043e-66
3.30786e-66
1.56642e-66
7.41247e-67
3.50523e-67
1.65641e-67
7.82206e-68
3.69127e-68
1.74075e-68
8.20197e-69
3.88219e-69
1.5791e-69
)
;

boundaryField
{
    sides
    {
        type            zeroGradient;
    }
    empty
    {
        type            empty;
    }
}


// ************************************************************************* //
