/*--------------------------------*- C++ -*----------------------------------*\
  =========                 |
  \\      /  F ield         | OpenFOAM: The Open Source CFD Toolbox
   \\    /   O peration     | Website:  https://openfoam.org
    \\  /    A nd           | Version:  7
     \\/     M anipulation  |
\*---------------------------------------------------------------------------*/
FoamFile
{
    version     2.0;
    format      ascii;
    class       volScalarField;
    location    "4.34";
    object      T;
}
// * * * * * * * * * * * * * * * * * * * * * * * * * * * * * * * * * * * * * //

dimensions      [0 0 0 1 0 0 0];

internalField   nonuniform List<scalar> 
1000
(
0
0
0
0
0
0
0
0
0
0
0
0
0
0
0
0
0
0
0
0
0
0
0
0
0
0
0
0
0
0
0
0
0
0
0
0
0
0
0
0
0
0
0
0
0
0
0
0
0
0
0
0
0
0
0
0
0
0
0
0
0
0
0
0
0
0
0
0
0
0
0
0
0
0
0
0
0
0
0
0
0
0
0
0
0
0
0
0
0
0
0
0
0
0
0
0
0
0
0
0
0
0
0
0
0
0
0
0
0
0
0
0
0
0
0
0
0
0
0
0
0
0
0
0
0
0
0
0
0
0
0
0
0
0
0
0
0
0
0
0
0
0
0
0
0
0
0
0
0
0
0
0
0
0
0
0
0
0
0
0
0
0
0
0
0
0
0
0
0
0
0
0
0
0
0
0
0
0
0
0
0
0
0
0
0
0
0
0
0
0
0
0
0
0
0
0
0
0
0
0
0
0
0
0
0
0
0
0
0
0
0
0
0
0
0
0
0
0
0
0
0
0
0
0
0
0
0
0
0
0
0
0
0
0
0
0
0
0
0
0
0
0
0
0
0
0
0
0
0
0
0
0
0
0
0
0
0
0
0
0
0
0
0
0
0
0
0
0
0
0
0
0
0
0
0
0
0
0
0
0
0
0
0
0
0
0
0
0
0
0
0
0
0
0
0
0
0
0
0
0
0
0
0
0
0
0
0
0
0
0
0
0
0
0
0
0
0
0
0
0
0
0
0
0
0
0
0
0
0
0
0
0
0
0
0
0
0
0
0
0
9.88131e-324
5.39816e-320
1.08655e-316
2.16954e-313
4.29977e-310
8.45767e-307
1.651e-303
3.19812e-300
6.14689e-297
1.17217e-293
2.21748e-290
4.16122e-287
7.74521e-284
1.42973e-280
2.61721e-277
4.75054e-274
8.54913e-271
1.5252e-267
2.69721e-264
4.7275e-261
8.21166e-258
1.41339e-254
2.41029e-251
4.07197e-248
6.81412e-245
1.12935e-241
1.85357e-238
3.01222e-235
4.84624e-232
7.71795e-229
1.2165e-225
1.89747e-222
2.92835e-219
4.47082e-216
6.75146e-213
1.00829e-209
1.48892e-206
2.17363e-203
3.13652e-200
4.4728e-197
6.30229e-194
8.77242e-191
1.20602e-187
1.63726e-184
2.19439e-181
2.90301e-178
3.78987e-175
4.88134e-172
6.2014e-169
7.76905e-166
9.59539e-163
1.16804e-159
1.401e-156
1.6553e-153
1.92597e-150
2.20608e-147
2.4869e-144
2.75814e-141
3.00849e-138
3.2263e-135
3.40035e-132
3.5208e-129
3.58002e-126
3.57336e-123
3.49968e-120
3.36161e-117
3.16539e-114
2.92051e-111
2.63887e-108
2.33384e-105
2.01918e-102
1.70794e-99
1.41154e-96
1.13909e-93
8.96937e-91
6.88641e-88
5.15131e-85
3.75131e-82
2.65715e-79
1.82902e-76
1.22227e-73
7.92167e-71
4.97373e-68
3.02169e-65
1.77406e-62
1.00518e-59
5.48828e-57
2.88304e-54
1.45458e-51
7.03515e-49
3.25511e-46
1.43758e-43
6.04484e-41
2.41338e-38
9.12038e-36
3.25121e-33
1.089e-30
3.41215e-28
9.95021e-26
2.68452e-23
6.65444e-21
1.50305e-18
3.06267e-16
5.56047e-14
8.85513e-12
1.21182e-09
1.38572e-07
1.27153e-05
0.000878397
0.0407003
0.9593
0.999122
0.999987
1
1
1
1
1
1
1
1
1
1
1
1
1
1
1
1
1
1
1
1
1
1
1
1
1
1
1
1
1
1
1
1
1
1
1
1
1
1
1
1
1
1
1
1
1
1
1
1
1
1
1
1
1
1
1
1
1
1
1
1
1
1
1
1
1
1
1
1
1
1
1
1
1
1
1
1
1
1
1
1
1
1
1
1
1
1
1
1
1
1
1
1
1
1
0.999987
0.999122
0.9593
0.0407003
0.000878397
1.27153e-05
1.38572e-07
1.21182e-09
8.85513e-12
5.56047e-14
3.06267e-16
1.50305e-18
6.65444e-21
2.68452e-23
9.95021e-26
3.41215e-28
1.089e-30
3.25121e-33
9.12038e-36
2.41338e-38
6.04484e-41
1.43758e-43
3.25511e-46
7.03515e-49
1.45458e-51
2.88304e-54
5.48828e-57
1.00518e-59
1.77406e-62
3.02169e-65
4.97373e-68
7.92167e-71
1.22227e-73
1.82902e-76
2.65715e-79
3.75131e-82
5.15131e-85
6.88641e-88
8.96937e-91
1.13909e-93
1.41154e-96
1.70794e-99
2.01918e-102
2.33384e-105
2.63887e-108
2.92051e-111
3.16539e-114
3.36161e-117
3.49968e-120
3.57336e-123
3.58002e-126
3.5208e-129
3.40035e-132
3.2263e-135
3.00849e-138
2.75814e-141
2.4869e-144
2.20608e-147
1.92597e-150
1.6553e-153
1.401e-156
1.16804e-159
9.59539e-163
7.76905e-166
6.2014e-169
4.88134e-172
3.78987e-175
2.90301e-178
2.19439e-181
1.63726e-184
1.20602e-187
8.77242e-191
6.30229e-194
4.4728e-197
3.13652e-200
2.17363e-203
1.48892e-206
1.00829e-209
6.75146e-213
4.47082e-216
2.92835e-219
1.89747e-222
1.2165e-225
7.71795e-229
4.84624e-232
3.01222e-235
1.85357e-238
1.12935e-241
6.81412e-245
4.07197e-248
2.41029e-251
1.41339e-254
8.21166e-258
4.7275e-261
2.69721e-264
1.5252e-267
8.54913e-271
4.75054e-274
2.61721e-277
1.42973e-280
7.74521e-284
4.16122e-287
2.21748e-290
1.17217e-293
6.14689e-297
3.19812e-300
1.651e-303
8.45767e-307
4.29977e-310
2.16954e-313
1.08655e-316
5.39816e-320
9.88131e-324
0
0
0
0
0
0
0
0
0
0
0
0
0
0
0
0
0
0
0
0
0
0
0
0
0
0
0
0
0
0
0
0
0
0
0
0
0
0
0
0
0
0
0
0
0
0
0
0
0
0
0
0
0
0
0
0
0
0
0
0
0
0
0
0
0
0
0
0
0
0
0
0
0
0
0
0
0
0
0
0
0
0
0
0
0
0
0
0
0
0
0
0
0
0
0
0
0
0
0
0
0
0
0
0
0
0
0
0
0
0
0
0
0
0
0
0
0
0
0
0
0
0
0
0
0
0
0
0
0
0
0
0
0
0
0
0
0
0
0
0
0
0
0
0
0
0
0
0
0
0
0
0
0
0
0
0
0
0
0
0
0
0
0
0
0
0
0
0
0
0
0
0
0
0
0
0
0
0
0
0
0
0
0
0
0
0
0
0
0
0
0
0
0
0
0
0
0
0
0
0
0
0
0
0
0
0
0
0
0
0
0
0
0
0
0
0
0
0
0
0
0
0
0
0
0
0
0
0
0
0
0
0
0
0
0
0
0
0
0
0
0
0
0
0
0
0
0
0
0
0
0
0
0
0
0
0
0
0
0
0
0
0
0
0
0
0
0
0
0
0
0
0
0
0
0
0
0
0
0
0
0
0
0
0
0
0
0
0
0
0
0
0
0
0
0
0
0
0
0
0
0
0
0
0
0
0
0
0
0
0
0
0
0
0
0
0
0
0
0
0
0
0
0
0
0
0
0
0
0
0
0
0
0
0
0
0
0
0
0
0
)
;

boundaryField
{
    sides
    {
        type            zeroGradient;
    }
    empty
    {
        type            empty;
    }
}


// ************************************************************************* //
