/*--------------------------------*- C++ -*----------------------------------*\
  =========                 |
  \\      /  F ield         | OpenFOAM: The Open Source CFD Toolbox
   \\    /   O peration     | Website:  https://openfoam.org
    \\  /    A nd           | Version:  7
     \\/     M anipulation  |
\*---------------------------------------------------------------------------*/
FoamFile
{
    version     2.0;
    format      ascii;
    class       volScalarField;
    location    "0.2";
    object      T;
}
// * * * * * * * * * * * * * * * * * * * * * * * * * * * * * * * * * * * * * //

dimensions      [0 0 0 1 0 0 0];

internalField   nonuniform List<scalar> 
1000
(
7.18508e-162
1.37298e-161
3.2778e-161
8.16694e-161
2.04902e-160
5.14611e-160
1.29256e-159
3.24633e-159
8.15265e-159
2.04722e-158
5.14034e-158
1.29056e-157
3.23985e-157
8.13265e-157
2.04126e-156
5.12298e-156
1.2856e-155
3.22589e-155
8.09379e-155
2.03054e-154
5.09367e-154
1.27764e-153
3.20437e-153
8.03593e-153
2.01505e-152
5.05236e-152
1.26666e-151
3.17528e-151
7.95904e-151
1.99479e-150
4.99906e-150
1.25267e-149
3.13864e-149
7.86323e-149
1.96978e-148
4.93388e-148
1.2357e-147
3.09454e-147
7.74877e-147
1.9401e-146
4.85701e-146
1.21582e-145
3.04314e-145
7.61602e-145
1.90585e-144
4.76873e-144
1.19308e-143
2.98462e-143
7.46555e-143
1.86718e-142
4.66942e-142
1.16759e-141
2.91926e-141
7.29801e-141
1.82426e-140
4.55955e-140
1.13948e-139
2.84736e-139
7.11422e-139
1.77731e-138
4.43965e-138
1.10888e-137
2.76928e-137
6.91513e-137
1.72656e-136
4.31035e-136
1.07595e-135
2.68546e-135
6.70181e-135
1.6723e-134
4.17237e-134
1.04088e-133
2.59634e-133
6.47546e-133
1.61482e-132
4.02649e-132
1.00386e-131
2.50244e-131
6.23736e-131
1.55447e-130
3.87354e-130
9.65112e-130
2.40432e-129
5.98893e-129
1.49159e-128
3.71444e-128
9.24866e-128
2.30254e-127
5.73162e-127
1.42656e-126
3.55012e-126
8.83361e-126
2.19773e-125
5.46701e-125
1.35977e-124
3.38159e-124
8.40847e-124
2.09051e-123
5.19667e-123
1.29163e-122
3.20987e-122
7.97581e-122
1.98153e-121
4.92224e-121
1.22254e-120
3.03597e-120
7.53823e-120
1.87144e-119
4.64536e-119
1.15292e-118
2.86095e-118
7.09834e-118
1.76091e-117
4.36769e-117
1.08318e-116
2.68584e-116
6.65874e-116
1.65058e-115
4.09084e-115
1.01372e-114
2.51164e-114
6.22195e-114
1.54108e-113
3.81639e-113
9.44953e-113
2.33935e-112
5.79042e-112
1.43302e-111
3.54586e-111
8.77241e-111
2.16991e-110
5.36651e-110
1.32699e-109
3.28071e-109
8.10948e-109
2.00421e-108
4.95241e-108
1.22353e-107
3.02227e-107
7.46408e-107
1.84307e-106
4.55017e-106
1.12314e-105
2.7718e-105
6.83928e-105
1.68724e-104
4.16164e-104
1.02629e-103
2.53042e-103
6.23784e-103
1.53742e-102
3.78849e-102
9.33376e-102
2.29912e-101
5.66217e-101
1.39418e-100
3.43215e-100
8.4475e-100
2.07875e-99
5.11434e-99
1.25802e-98
3.09383e-98
7.60705e-98
1.87002e-97
4.59604e-97
1.12935e-96
2.7745e-96
6.81471e-96
1.67346e-95
4.10857e-95
1.00849e-94
2.47489e-94
6.07219e-94
1.48949e-93
3.65286e-93
8.95634e-93
2.19548e-92
5.38058e-92
1.31834e-91
3.22945e-91
7.90908e-91
1.93652e-90
4.7404e-90
1.16012e-89
2.83851e-89
6.94337e-89
1.69803e-88
4.15158e-88
1.01479e-87
2.47986e-87
6.05859e-87
1.47981e-86
3.61352e-86
8.82153e-86
2.153e-85
5.25331e-85
1.28147e-84
3.12512e-84
7.61924e-84
1.85712e-83
4.52534e-83
1.10241e-82
2.68484e-82
6.53691e-82
1.59113e-81
3.87184e-81
9.41905e-81
2.29072e-80
5.56947e-80
1.35372e-79
3.28942e-79
7.99062e-79
1.9405e-78
4.71105e-78
1.14338e-77
2.77417e-77
6.72886e-77
1.63161e-76
3.9551e-76
9.58434e-76
2.32183e-75
5.62289e-75
1.36129e-74
3.29458e-74
7.97092e-74
1.92785e-73
4.66118e-73
1.12661e-72
2.72209e-72
6.57485e-72
1.58752e-71
3.83181e-71
9.24562e-71
2.23006e-70
5.37702e-70
1.29602e-69
3.12267e-69
7.5211e-69
1.81083e-68
4.35826e-68
1.04854e-67
2.52171e-67
6.06233e-67
1.45686e-66
3.49966e-66
8.4036e-66
2.01713e-65
4.83982e-65
1.16078e-64
2.78288e-64
6.66901e-64
1.59753e-63
3.82522e-63
9.15547e-63
2.19038e-62
5.2381e-62
1.2521e-61
2.99168e-61
7.14495e-61
1.70565e-60
4.06991e-60
9.70696e-60
2.3141e-59
5.51417e-59
1.31333e-58
3.12654e-58
7.43954e-58
1.76937e-57
4.20611e-57
9.99375e-57
2.37334e-56
5.63346e-56
1.3365e-55
3.16913e-55
7.51081e-55
1.77912e-54
4.21207e-54
9.96675e-54
2.35709e-53
5.57139e-53
1.31616e-52
3.10752e-52
7.33287e-52
1.72936e-51
4.07613e-51
9.60191e-51
2.26053e-50
5.3187e-50
1.25066e-49
2.93905e-49
6.90253e-49
1.62009e-48
3.80011e-48
8.90791e-48
2.08678e-47
4.88531e-47
1.14294e-46
2.67216e-46
6.24321e-46
1.45766e-45
3.40099e-45
7.92958e-45
1.84751e-44
4.30141e-44
1.00074e-43
2.32653e-43
5.40474e-43
1.25462e-42
2.91017e-42
6.74512e-42
1.56214e-41
3.61497e-41
8.35874e-41
1.93118e-40
4.45808e-40
1.02827e-39
2.36974e-39
5.45659e-39
1.25535e-38
2.88551e-38
6.62664e-38
1.52044e-37
3.48537e-37
7.98218e-37
1.82635e-36
4.17476e-36
9.53358e-36
2.17496e-35
4.95694e-35
1.12859e-34
2.5669e-34
5.83216e-34
1.3237e-33
3.00111e-33
6.79671e-33
1.53757e-32
3.47441e-32
7.84209e-32
1.76798e-31
3.98117e-31
8.95413e-31
2.01144e-30
4.51288e-30
1.01124e-29
2.26309e-29
5.05805e-29
1.12899e-28
2.51662e-28
5.6021e-28
1.24532e-27
2.76438e-27
6.12761e-27
1.35628e-26
2.99753e-26
6.61484e-26
1.45749e-25
3.20636e-25
7.04246e-25
1.5443e-24
3.38079e-24
7.38877e-24
1.61206e-23
3.51097e-23
7.63306e-23
1.65646e-22
3.58803e-22
7.75729e-22
1.67388e-21
3.60484e-21
7.74773e-21
1.66178e-20
3.55681e-20
7.59665e-20
1.61896e-19
3.44256e-19
7.30363e-19
1.54591e-18
3.26437e-18
6.87636e-18
1.4449e-17
3.0284e-17
6.33081e-17
1.31993e-16
2.74446e-16
5.69054e-16
1.17655e-15
2.42547e-15
4.98519e-15
1.02149e-14
2.08649e-14
4.24812e-14
8.62064e-14
1.74344e-13
3.51364e-13
7.05592e-13
1.41173e-12
2.81391e-12
5.58702e-12
1.10489e-11
2.17606e-11
4.26765e-11
8.33334e-11
1.61996e-10
3.13465e-10
6.03686e-10
1.15693e-09
2.20602e-09
4.18459e-09
7.89517e-09
1.48136e-08
2.7636e-08
5.12528e-08
9.4472e-08
1.73038e-07
3.14876e-07
5.6911e-07
1.02143e-06
1.81997e-06
3.2185e-06
5.64747e-06
9.82971e-06
1.69661e-05
2.90295e-05
4.92231e-05
8.26834e-05
0.00013754
0.000226483
0.000369032
0.000594748
0.000947666
0.00149223
0.00232096
0.00356407
0.00540072
0.00807172
0.0118922
0.017263
0.0246774
0.0347207
0.0480582
0.0654076
0.0874945
0.114989
0.148426
0.188124
0.234093
0.285981
0.343032
0.404108
0.467743
0.532257
0.595892
0.656968
0.714019
0.765907
0.811876
0.851574
0.885011
0.912506
0.934592
0.951942
0.965279
0.975323
0.982737
0.988108
0.991928
0.994599
0.996436
0.997679
0.998508
0.999052
0.999405
0.999631
0.999774
0.999862
0.999917
0.999951
0.999971
0.999983
0.99999
0.999994
0.999997
0.999998
0.999999
0.999999
1
1
1
1
1
1
1
1
1
1
1
1
1
1
1
1
1
1
1
1
1
1
1
1
1
1
1
1
1
1
0.999999
0.999999
0.999998
0.999997
0.999994
0.99999
0.999983
0.999971
0.999951
0.999917
0.999862
0.999774
0.999631
0.999405
0.999052
0.998508
0.997679
0.996436
0.994599
0.991928
0.988108
0.982737
0.975323
0.965279
0.951942
0.934592
0.912506
0.885011
0.851574
0.811876
0.765907
0.714019
0.656968
0.595892
0.532257
0.467743
0.404108
0.343032
0.285981
0.234093
0.188124
0.148426
0.114989
0.0874945
0.0654076
0.0480582
0.0347207
0.0246774
0.017263
0.0118922
0.00807172
0.00540072
0.00356407
0.00232096
0.00149223
0.000947666
0.000594748
0.000369032
0.000226483
0.00013754
8.26834e-05
4.92231e-05
2.90295e-05
1.69661e-05
9.82971e-06
5.64747e-06
3.2185e-06
1.81997e-06
1.02143e-06
5.6911e-07
3.14876e-07
1.73038e-07
9.4472e-08
5.12528e-08
2.7636e-08
1.48136e-08
7.89517e-09
4.18459e-09
2.20602e-09
1.15693e-09
6.03686e-10
3.13465e-10
1.61996e-10
8.33334e-11
4.26765e-11
2.17606e-11
1.10489e-11
5.58702e-12
2.81391e-12
1.41173e-12
7.05592e-13
3.51364e-13
1.74344e-13
8.62064e-14
4.24812e-14
2.08649e-14
1.02149e-14
4.98519e-15
2.42547e-15
1.17655e-15
5.69054e-16
2.74446e-16
1.31993e-16
6.33081e-17
3.0284e-17
1.4449e-17
6.87636e-18
3.26437e-18
1.54591e-18
7.30363e-19
3.44256e-19
1.61896e-19
7.59665e-20
3.55681e-20
1.66178e-20
7.74773e-21
3.60484e-21
1.67388e-21
7.75729e-22
3.58803e-22
1.65646e-22
7.63306e-23
3.51097e-23
1.61206e-23
7.38877e-24
3.38079e-24
1.5443e-24
7.04246e-25
3.20636e-25
1.45749e-25
6.61484e-26
2.99753e-26
1.35628e-26
6.12761e-27
2.76438e-27
1.24532e-27
5.6021e-28
2.51662e-28
1.12899e-28
5.05805e-29
2.26309e-29
1.01124e-29
4.51288e-30
2.01144e-30
8.95413e-31
3.98117e-31
1.76798e-31
7.84209e-32
3.47441e-32
1.53757e-32
6.79671e-33
3.00111e-33
1.3237e-33
5.83216e-34
2.5669e-34
1.12859e-34
4.95694e-35
2.17496e-35
9.53358e-36
4.17476e-36
1.82635e-36
7.98218e-37
3.48537e-37
1.52044e-37
6.62664e-38
2.88551e-38
1.25535e-38
5.45659e-39
2.36974e-39
1.02827e-39
4.45808e-40
1.93118e-40
8.35874e-41
3.61497e-41
1.56214e-41
6.74512e-42
2.91017e-42
1.25462e-42
5.40474e-43
2.32653e-43
1.00074e-43
4.30141e-44
1.84751e-44
7.92958e-45
3.40099e-45
1.45766e-45
6.24321e-46
2.67216e-46
1.14294e-46
4.88531e-47
2.08678e-47
8.90791e-48
3.80011e-48
1.62009e-48
6.90253e-49
2.93905e-49
1.25066e-49
5.3187e-50
2.26053e-50
9.60191e-51
4.07613e-51
1.72936e-51
7.33287e-52
3.10752e-52
1.31616e-52
5.57139e-53
2.35709e-53
9.96675e-54
4.21207e-54
1.77912e-54
7.51081e-55
3.16913e-55
1.3365e-55
5.63346e-56
2.37334e-56
9.99375e-57
4.20611e-57
1.76937e-57
7.43954e-58
3.12654e-58
1.31333e-58
5.51417e-59
2.3141e-59
9.70696e-60
4.06991e-60
1.70565e-60
7.14495e-61
2.99168e-61
1.2521e-61
5.2381e-62
2.19038e-62
9.15547e-63
3.82522e-63
1.59753e-63
6.66901e-64
2.78288e-64
1.16078e-64
4.83982e-65
2.01713e-65
8.4036e-66
3.49966e-66
1.45686e-66
6.06233e-67
2.52171e-67
1.04854e-67
4.35826e-68
1.81083e-68
7.5211e-69
3.12267e-69
1.29602e-69
5.37702e-70
2.23006e-70
9.24562e-71
3.83181e-71
1.58752e-71
6.57485e-72
2.72209e-72
1.12661e-72
4.66118e-73
1.92785e-73
7.97092e-74
3.29458e-74
1.36129e-74
5.62289e-75
2.32183e-75
9.58434e-76
3.9551e-76
1.63161e-76
6.72886e-77
2.77417e-77
1.14338e-77
4.71105e-78
1.9405e-78
7.99062e-79
3.28942e-79
1.35372e-79
5.56947e-80
2.29072e-80
9.41905e-81
3.87184e-81
1.59113e-81
6.53691e-82
2.68484e-82
1.10241e-82
4.52534e-83
1.85712e-83
7.61924e-84
3.12512e-84
1.28147e-84
5.25331e-85
2.153e-85
8.82153e-86
3.61352e-86
1.47981e-86
6.05859e-87
2.47986e-87
1.01479e-87
4.15158e-88
1.69803e-88
6.94337e-89
2.83851e-89
1.16012e-89
4.7404e-90
1.93652e-90
7.90908e-91
3.22945e-91
1.31834e-91
5.38058e-92
2.19548e-92
8.95634e-93
3.65286e-93
1.48949e-93
6.07219e-94
2.47489e-94
1.00849e-94
4.10857e-95
1.67346e-95
6.81471e-96
2.7745e-96
1.12935e-96
4.59604e-97
1.87002e-97
7.60705e-98
3.09383e-98
1.25802e-98
5.11434e-99
2.07875e-99
8.4475e-100
3.43215e-100
1.39418e-100
5.66217e-101
2.29912e-101
9.33376e-102
3.78849e-102
1.53742e-102
6.23784e-103
2.53042e-103
1.02629e-103
4.16164e-104
1.68724e-104
6.83928e-105
2.7718e-105
1.12314e-105
4.55017e-106
1.84307e-106
7.46408e-107
3.02227e-107
1.22353e-107
4.95241e-108
2.00421e-108
8.10948e-109
3.28071e-109
1.32699e-109
5.36651e-110
2.16991e-110
8.77241e-111
3.54586e-111
1.43302e-111
5.79042e-112
2.33935e-112
9.44953e-113
3.81639e-113
1.54108e-113
6.22195e-114
2.51164e-114
1.01372e-114
4.09084e-115
1.65058e-115
6.65874e-116
2.68584e-116
1.08318e-116
4.36769e-117
1.76091e-117
7.09834e-118
2.86095e-118
1.15292e-118
4.64536e-119
1.87144e-119
7.53823e-120
3.03597e-120
1.22254e-120
4.92224e-121
1.98153e-121
7.97581e-122
3.20987e-122
1.29163e-122
5.19667e-123
2.09051e-123
8.40847e-124
3.38159e-124
1.35977e-124
5.46701e-125
2.19773e-125
8.83361e-126
3.55012e-126
1.42656e-126
5.73162e-127
2.30254e-127
9.24866e-128
3.71444e-128
1.49159e-128
5.98893e-129
2.40432e-129
9.65112e-130
3.87354e-130
1.55447e-130
6.23736e-131
2.50244e-131
1.00386e-131
4.02649e-132
1.61482e-132
6.47546e-133
2.59634e-133
1.04088e-133
4.17237e-134
1.6723e-134
6.70181e-135
2.68546e-135
1.07595e-135
4.31035e-136
1.72656e-136
6.91513e-137
2.76928e-137
1.10888e-137
4.43965e-138
1.77731e-138
7.11422e-139
2.84736e-139
1.13948e-139
4.55955e-140
1.82426e-140
7.29801e-141
2.91926e-141
1.16759e-141
4.66942e-142
1.86718e-142
7.46555e-143
2.98462e-143
1.19308e-143
4.76873e-144
1.90585e-144
7.61602e-145
3.04314e-145
1.21582e-145
4.85701e-146
1.9401e-146
7.74877e-147
3.09454e-147
1.2357e-147
4.93388e-148
1.96978e-148
7.86323e-149
3.13864e-149
1.25267e-149
4.99906e-150
1.99479e-150
7.95904e-151
3.17528e-151
1.26666e-151
5.05236e-152
2.01505e-152
8.03593e-153
3.20437e-153
1.27764e-153
5.09367e-154
2.03054e-154
8.09379e-155
3.22589e-155
1.2856e-155
5.12298e-156
2.04126e-156
8.13265e-157
3.23985e-157
1.29056e-157
5.14034e-158
2.04722e-158
8.15265e-159
3.24633e-159
1.29256e-159
5.14611e-160
2.04902e-160
8.16694e-161
3.2778e-161
1.37298e-161
7.18508e-162
)
;

boundaryField
{
    sides
    {
        type            zeroGradient;
    }
    empty
    {
        type            empty;
    }
}


// ************************************************************************* //
