/*--------------------------------*- C++ -*----------------------------------*\
  =========                 |
  \\      /  F ield         | OpenFOAM: The Open Source CFD Toolbox
   \\    /   O peration     | Website:  https://openfoam.org
    \\  /    A nd           | Version:  7
     \\/     M anipulation  |
\*---------------------------------------------------------------------------*/
FoamFile
{
    version     2.0;
    format      ascii;
    class       volScalarField;
    location    "2.78";
    object      T;
}
// * * * * * * * * * * * * * * * * * * * * * * * * * * * * * * * * * * * * * //

dimensions      [0 0 0 1 0 0 0];

internalField   nonuniform List<scalar> 
1000
(
0
0
0
0
0
0
0
0
0
0
0
0
0
0
0
0
0
0
0
0
0
0
0
0
0
0
0
0
0
0
0
0
0
0
0
0
0
0
0
0
0
0
0
0
0
0
0
0
0
0
0
0
0
0
0
0
0
0
0
0
0
0
0
0
0
0
0
0
0
0
0
0
0
0
0
0
0
0
0
0
0
0
0
0
0
0
0
0
0
0
0
0
0
0
0
0
0
0
0
0
0
0
0
0
0
0
0
0
0
0
0
0
0
0
0
0
0
0
0
0
0
0
0
0
0
0
0
0
0
0
0
0
0
0
0
0
0
0
0
0
0
0
0
0
0
0
0
2.47033e-323
4.54343e-320
7.0284e-317
1.04271e-313
1.47992e-310
2.00435e-307
2.58303e-304
3.15721e-301
3.64667e-298
3.96334e-295
4.0331e-292
3.82006e-289
3.3439e-286
2.6813e-283
1.94727e-280
1.26163e-277
7.13761e-275
3.41097e-272
1.29743e-269
3.41374e-267
2.9871e-265
-2.02244e-262
-8.6894e-260
-1.12407e-258
7.72516e-255
7.38629e-253
-6.92881e-250
-2.39724e-248
6.59325e-245
-1.15775e-242
-2.68153e-240
2.00151e-237
-6.23627e-235
1.36724e-232
-2.38474e-230
3.49599e-228
-4.44537e-226
5.00513e-224
-5.06382e-222
4.65488e-220
-3.92173e-218
3.04958e-216
-2.2015e-214
1.48268e-212
-9.35499e-211
5.54997e-209
-3.10579e-207
1.64404e-205
-8.25275e-204
3.9374e-202
-1.78906e-200
7.75611e-199
-3.21362e-197
1.27451e-195
-4.84506e-194
1.76777e-192
-6.19787e-191
2.09041e-189
-6.78954e-188
2.12561e-186
-6.42026e-185
1.87244e-183
-5.27703e-182
1.43819e-180
-3.79303e-179
9.68683e-178
-2.39699e-176
5.75029e-175
-1.33809e-173
3.02189e-172
-6.62636e-171
1.41148e-169
-2.92187e-168
5.88052e-167
-1.15107e-165
2.19221e-164
-4.06351e-163
7.33336e-162
-1.28891e-160
2.2069e-159
-3.68219e-158
5.98831e-157
-9.49476e-156
1.46806e-154
-2.21402e-153
3.25747e-152
-4.67657e-151
6.55235e-150
-8.96114e-149
1.19644e-147
-1.55971e-146
1.98554e-145
-2.46858e-144
2.99775e-143
-3.55603e-142
4.12092e-141
-4.6657e-140
5.16129e-139
-5.57883e-138
5.89235e-137
-6.08145e-136
6.13349e-135
-6.04494e-134
5.8218e-133
-5.47893e-132
5.0384e-131
-4.52718e-130
3.97443e-129
-3.4088e-128
2.85605e-127
-2.33734e-126
1.86816e-125
-1.45807e-124
1.11106e-123
-8.26445e-123
5.99942e-122
-4.2493e-121
2.93575e-120
-1.97778e-119
1.29881e-118
-8.31086e-118
5.17954e-117
-3.14241e-116
1.85488e-115
-1.06456e-114
5.93621e-114
-3.2134e-113
1.68699e-112
-8.57941e-112
4.221e-111
-2.0058e-110
9.18805e-110
-4.04739e-109
1.70927e-108
-6.89276e-108
2.6398e-107
-9.52782e-107
3.20302e-106
-9.8336e-106
2.65367e-105
-5.71947e-105
6.31177e-105
2.28485e-104
-2.00616e-103
9.2573e-103
-3.22443e-102
8.71956e-102
-1.58462e-101
-3.88891e-103
1.58149e-100
-8.3216e-100
2.80546e-99
-6.43061e-99
5.92407e-99
3.0787e-98
-2.05717e-97
7.09286e-97
-1.49725e-96
6.12625e-97
1.05396e-95
-5.32296e-95
1.45536e-94
-1.78659e-94
-4.76367e-94
3.55346e-93
-1.09141e-92
1.54683e-92
2.73344e-92
-2.36574e-91
7.12442e-91
-8.65625e-91
-2.37242e-90
1.57965e-89
-4.00488e-89
2.36212e-89
2.23539e-88
-9.72391e-88
1.69923e-87
1.4634e-87
-1.75871e-86
4.77067e-86
-2.7581e-86
-2.57009e-85
1.01322e-84
-1.32975e-84
-3.07818e-84
1.86194e-83
-3.39535e-83
-2.90357e-83
3.15614e-82
-6.96346e-82
-1.83642e-82
5.14624e-81
-1.26411e-80
-2.92867e-82
8.30245e-80
-2.10617e-79
-1.6634e-81
1.34203e-78
-3.25232e-78
-6.19131e-79
2.16267e-77
-4.60865e-77
-2.75816e-77
3.40613e-76
-5.79173e-76
-7.87521e-76
5.0889e-75
-5.91373e-75
-1.76353e-74
6.93938e-74
-3.46819e-74
-3.28624e-73
8.15615e-73
3.35407e-73
-5.15003e-72
7.30538e-72
1.5514e-71
-6.62909e-71
2.71767e-71
3.11044e-70
-6.44703e-70
-6.29405e-70
4.3534e-69
-3.2893e-69
-1.76585e-68
4.23979e-68
3.01079e-68
-2.56168e-67
1.9469e-67
1.02102e-66
-2.2808e-66
-2.14967e-66
1.37806e-65
-6.10767e-66
-5.92057e-65
9.67647e-65
1.73469e-64
-6.44223e-64
-1.32298e-64
3.13139e-63
-2.51884e-63
-1.19124e-62
2.27238e-62
3.30374e-62
-1.3151e-61
-3.38083e-62
6.1115e-61
-3.46963e-61
-2.39972e-60
3.3294e-60
7.90892e-60
-1.98712e-59
-2.00859e-59
9.72524e-59
2.274e-59
-4.19681e-58
1.51185e-58
1.64364e-57
-1.5008e-57
-5.91135e-57
8.95394e-57
1.95463e-56
-4.43494e-56
-5.88072e-56
1.97875e-55
1.55926e-55
-8.23667e-55
-3.30809e-55
3.26148e-54
3.31504e-55
-1.24424e-53
1.7562e-54
4.61604e-53
-1.56913e-53
-1.67762e-52
8.38098e-53
6.00841e-52
-3.72685e-52
-2.13074e-51
1.49116e-51
7.50789e-51
-5.52222e-51
-2.63406e-50
1.91126e-50
9.20661e-50
-6.17056e-50
-3.20265e-49
1.83119e-49
1.10608e-48
-4.80113e-49
-3.77831e-48
9.86988e-49
1.27025e-47
-7.12576e-49
-4.17727e-47
-7.57916e-48
1.33354e-46
6.08923e-47
-4.09219e-46
-3.20621e-46
1.19043e-45
1.42056e-45
-3.21051e-45
-5.64453e-45
7.69042e-45
2.05734e-44
-1.46373e-44
-6.92319e-44
1.1976e-44
2.14314e-43
7.15344e-44
-6.01495e-43
-5.33629e-43
1.47889e-42
2.40459e-42
-2.90854e-42
-8.72432e-42
3.01251e-42
2.69598e-41
8.89934e-42
-7.0703e-41
-7.33342e-41
1.47791e-40
3.1065e-40
-1.85284e-40
-9.98867e-40
-2.48005e-40
2.54891e-39
2.6928e-39
-4.75678e-39
-1.11901e-38
3.44385e-39
3.29121e-38
1.93407e-38
-7.02996e-38
-1.14121e-37
8.08563e-38
3.7362e-37
1.40825e-37
-8.34682e-37
-1.17341e-36
9.9087e-37
3.99393e-36
1.52187e-36
-8.57268e-36
-1.27791e-35
8.07668e-36
4.06711e-35
2.39482e-35
-7.47853e-35
-1.4248e-34
2.391e-35
3.77174e-34
3.76773e-34
-4.7911e-34
-1.48063e-33
-6.10854e-34
2.82885e-33
4.92357e-33
-6.81512e-34
-1.25837e-32
-1.42677e-32
1.15722e-32
4.85581e-32
3.604e-32
-6.63117e-32
-1.72213e-31
-7.6758e-32
2.95377e-31
5.8135e-31
1.21855e-31
-1.16568e-30
-1.91807e-30
-5.97172e-32
4.2812e-30
6.31829e-30
-4.86422e-31
-1.49765e-29
-2.10978e-29
2.09484e-30
5.03941e-29
7.18747e-29
-2.18215e-30
-1.63066e-28
-2.48876e-28
-2.96999e-29
5.02056e-28
8.64769e-28
2.84933e-28
-1.43412e-27
-2.95795e-27
-1.72274e-27
3.59369e-27
9.72172e-27
8.49616e-27
-6.70459e-27
-2.97418e-26
-3.64148e-26
1.30512e-27
8.04964e-26
1.37659e-25
6.94156e-26
-1.71572e-25
-4.5338e-25
-4.46026e-25
1.61251e-25
1.24001e-24
1.9193e-24
8.94052e-25
-2.41119e-24
-6.36657e-24
-6.80152e-24
6.44771e-25
1.55405e-23
2.8174e-23
2.11869e-23
-1.84197e-23
-8.00143e-23
-1.16872e-22
-6.08535e-23
1.24841e-22
3.73591e-22
4.80911e-22
1.80347e-22
-6.4046e-22
-1.66644e-21
-2.04326e-21
-6.94976e-22
2.82378e-21
7.24927e-21
9.11767e-21
3.89293e-21
-1.07807e-20
-3.06616e-20
-4.22385e-20
-2.58857e-20
3.23832e-20
1.22675e-19
1.96134e-19
1.6897e-19
-3.96149e-20
-4.35077e-19
-8.67837e-19
-1.00428e-18
-4.19917e-19
1.14373e-18
3.40533e-18
5.23259e-18
4.69087e-18
-2.45247e-19
-1.02238e-17
-2.26592e-17
-3.04719e-17
-2.28898e-17
1.03199e-17
7.09227e-17
1.42592e-16
1.84541e-16
1.3575e-16
-6.31083e-17
-4.27778e-16
-8.7689e-16
-1.18994e-15
-1.01382e-15
4.06961e-17
2.18749e-15
5.15828e-15
7.89336e-15
8.40809e-15
4.07569e-15
-7.4464e-15
-2.65654e-14
-4.96116e-14
-6.69126e-14
-6.23112e-14
-1.57223e-14
8.97746e-14
2.55715e-13
4.52283e-13
6.03011e-13
5.78215e-13
2.08373e-13
-6.70351e-13
-2.12983e-12
-4.02448e-12
-5.84657e-12
-6.60823e-12
-4.82578e-12
1.29233e-12
1.3345e-11
3.18425e-11
5.49113e-11
7.67454e-11
8.61699e-11
6.59685e-11
-6.07387e-12
-1.53221e-10
-3.91683e-10
-7.17398e-10
-1.08758e-09
-1.39846e-09
-1.4631e-09
-9.96454e-10
3.80935e-10
3.10483e-09
7.57506e-09
1.39871e-08
2.20666e-08
3.06941e-08
3.74219e-08
3.79153e-08
2.53931e-08
-9.79128e-09
-8.02012e-08
-2.00661e-07
-3.86411e-07
-6.49429e-07
-9.92087e-07
-1.39708e-06
-1.81241e-06
-2.1299e-06
-2.15561e-06
-1.5703e-06
1.21956e-07
3.65902e-06
1.01017e-05
2.0932e-05
3.81708e-05
6.45144e-05
0.000103492
0.000159643
0.000238712
0.00034786
0.000495889
0.000693475
0.000953401
0.00129079
0.00172333
0.00227146
0.00295854
0.00381101
0.00485843
0.00613353
0.00767217
0.00951322
0.0116984
0.0142719
0.0172802
0.0207715
0.0247951
0.0294011
0.0346396
0.0405596
0.0472089
0.0546328
0.0628736
0.0719695
0.081954
0.0928551
0.104695
0.117488
0.131242
0.145957
0.161625
0.17823
0.195746
0.214141
0.233375
0.253397
0.274152
0.295578
0.317605
0.340161
0.363165
0.386537
0.410191
0.434042
0.458002
0.481985
0.505905
0.529677
0.553222
0.576462
0.599323
0.621738
0.643644
0.664983
0.685703
0.705761
0.725117
0.743739
0.761601
0.778683
0.794972
0.810459
0.825143
0.839025
0.852112
0.864417
0.875955
0.886744
0.896807
0.906168
0.914853
0.92289
0.930309
0.937141
0.943416
0.949166
0.954421
0.959213
0.963573
0.96753
0.971113
0.97435
0.977268
0.979892
0.982246
0.984355
0.986239
0.987918
0.989412
0.990738
0.991911
0.992945
0.993855
0.994651
0.995342
0.995938
0.996442
0.996861
0.997196
0.997448
0.997613
0.997686
0.997661
0.997526
0.997268
0.996871
0.996313
0.995571
0.994618
0.993424
0.991954
0.990172
0.988037
0.985505
0.982533
0.979072
0.975074
0.97049
0.965269
0.959365
0.952728
0.945315
0.937083
0.927995
0.918016
0.90712
0.895285
0.882496
0.868745
0.854032
0.838366
0.821763
0.804248
0.785854
0.766621
0.7466
0.725845
0.70442
0.682393
0.659838
0.636834
0.613462
0.589808
0.565957
0.541997
0.518015
0.494095
0.470323
0.446778
0.423538
0.400677
0.378262
0.356356
0.335017
0.314296
0.294239
0.274883
0.256261
0.238399
0.221317
0.205028
0.189541
0.174857
0.160975
0.147888
0.135583
0.124045
0.113256
0.103193
0.0938322
0.0851473
0.0771099
0.0696906
0.062859
0.056584
0.0508343
0.0455788
0.0407865
0.0364268
0.03247
0.0288872
0.0256504
0.0227329
0.020109
0.0177545
0.0156464
0.0137629
0.0120838
0.01059
0.00926398
0.0080893
0.00705084
0.00613471
0.00532812
0.00461941
0.00399794
0.00345405
0.00297899
0.00256485
0.00220451
0.00189159
0.00162035
0.00138568
0.00118302
0.00100834
0.000858041
0.000728956
0.000618289
0.00052358
0.000442671
0.000373672
0.000314931
0.000265009
0.000222654
0.00018678
0.000156446
0.000130838
0.000109257
9.10986e-05
7.58447e-05
6.30515e-05
5.23389e-05
4.3383e-05
3.59073e-05
2.96769e-05
2.44924e-05
2.01848e-05
1.66113e-05
1.36513e-05
1.1203e-05
9.18109e-06
7.51371e-06
6.14072e-06
5.01179e-06
4.08489e-06
3.32493e-06
2.70275e-06
2.19409e-06
1.77881e-06
1.44024e-06
1.1646e-06
9.40491e-07
7.58536e-07
6.11002e-07
4.9154e-07
3.94936e-07
3.16921e-07
2.54e-07
2.0332e-07
1.62552e-07
1.29799e-07
1.0352e-07
8.24622e-08
6.56089e-08
5.21378e-08
4.13835e-08
3.28088e-08
2.59804e-08
2.05492e-08
1.62346e-08
1.28111e-08
1.00981e-08
7.95051e-09
6.25261e-09
4.91179e-09
3.85419e-09
3.02095e-09
2.36524e-09
1.84983e-09
1.44515e-09
1.12778e-09
8.79155e-10
6.84608e-10
5.32544e-10
4.13818e-10
3.21222e-10
2.49084e-10
1.92945e-10
1.49304e-10
1.15415e-10
8.91266e-11
6.8756e-11
5.29875e-11
4.07943e-11
3.13754e-11
2.41072e-11
1.85044e-11
1.41897e-11
1.08704e-11
8.3195e-12
6.36101e-12
4.85888e-12
3.70792e-12
2.82689e-12
2.15316e-12
1.63845e-12
1.24561e-12
9.46078e-13
7.17906e-13
5.44261e-13
4.12237e-13
3.11953e-13
2.35851e-13
1.78153e-13
1.34449e-13
1.01375e-13
7.63695e-14
5.74808e-14
4.32258e-14
3.24775e-14
2.43805e-14
1.82863e-14
1.37036e-14
1.02605e-14
7.67588e-15
5.73799e-15
4.2815e-15
3.2237e-15
2.18872e-15
)
;

boundaryField
{
    sides
    {
        type            zeroGradient;
    }
    empty
    {
        type            empty;
    }
}


// ************************************************************************* //
