/*--------------------------------*- C++ -*----------------------------------*\
  =========                 |
  \\      /  F ield         | OpenFOAM: The Open Source CFD Toolbox
   \\    /   O peration     | Website:  https://openfoam.org
    \\  /    A nd           | Version:  7
     \\/     M anipulation  |
\*---------------------------------------------------------------------------*/
FoamFile
{
    version     2.0;
    format      ascii;
    class       volScalarField;
    location    "2.37";
    object      T;
}
// * * * * * * * * * * * * * * * * * * * * * * * * * * * * * * * * * * * * * //

dimensions      [0 0 0 1 0 0 0];

internalField   nonuniform List<scalar> 
1000
(
0
0
0
0
0
0
0
0
0
0
0
0
0
0
0
0
0
0
0
0
0
0
0
0
0
0
0
0
0
0
0
0
0
0
0
0
0
0
0
0
0
0
0
0
0
0
0
0
0
0
0
0
0
0
0
0
0
0
0
0
0
0
0
0
0
0
0
0
0
0
0
0
0
0
0
0
0
0
0
0
0
0
0
0
0
0
0
0
0
0
0
0
0
0
0
0
0
0
0
0
0
0
0
0
0
0
0
0
0
0
0
0
0
0
0
0
0
0
0
0
0
0
0
0
0
0
0
0
0
0
0
0
0
0
0
0
0
0
0
0
0
0
0
0
0
0
0
0
0
0
0
0
0
0
0
0
0
0
0
0
0
0
0
0
0
0
0
0
0
0
0
0
0
0
0
0
0
0
0
0
0
0
0
0
0
0
0
0
0
0
0
0
0
0
0
0
0
0
0
0
0
0
0
0
0
0
0
0
0
0
0
0
0
-9.28267e-215
9.89069e-212
-5.23984e-209
1.84022e-206
-4.81965e-204
1.00407e-201
-1.73313e-199
2.54934e-197
-3.26205e-195
3.68842e-193
-3.73123e-191
3.4109e-189
-2.84104e-187
2.1711e-185
-1.53121e-183
1.0017e-181
-6.10531e-180
3.4803e-178
-1.86187e-176
9.37613e-175
-4.45677e-173
2.00448e-171
-8.54929e-170
3.46478e-168
-1.33671e-166
4.91744e-165
-1.72763e-163
5.80482e-162
-1.86775e-160
5.76192e-159
-1.70616e-157
4.85433e-156
-1.32836e-154
3.49923e-153
-8.88105e-152
2.17337e-150
-5.13216e-149
1.17021e-147
-2.57813e-146
5.49146e-145
-1.13151e-143
2.25657e-142
-4.35788e-141
8.1535e-140
-1.47858e-138
2.59992e-137
-4.4346e-136
7.33986e-135
-1.17925e-133
1.83972e-132
-2.7877e-131
4.10406e-130
-5.8717e-129
8.1658e-128
-1.10411e-126
1.45175e-125
-1.85658e-124
2.30967e-123
-2.79552e-122
3.29237e-121
-3.77343e-120
4.20905e-119
-4.56969e-118
4.82912e-117
-4.96758e-116
4.97426e-115
-4.84863e-114
4.60053e-113
-4.24893e-112
3.81952e-111
-3.34163e-110
2.84502e-109
-2.35683e-108
1.89942e-107
-1.48895e-106
1.13504e-105
-8.41196e-105
6.05919e-104
-4.24045e-103
2.88217e-102
-1.90171e-101
1.21748e-100
-7.55814e-100
4.54688e-99
-2.6486e-98
1.49256e-97
-8.12829e-97
4.27246e-96
-2.16433e-95
1.05478e-94
-4.9344e-94
2.2098e-93
-9.44039e-93
3.82928e-92
-1.46533e-91
5.24033e-91
-1.72554e-90
5.09554e-90
-1.27576e-89
2.28253e-89
-1.1415e-90
-2.3126e-88
1.33868e-87
-5.19165e-87
1.52821e-86
-3.15273e-86
1.83909e-86
2.0928e-85
-1.25449e-84
4.36586e-84
-9.95437e-84
8.18725e-84
5.18396e-83
-3.18307e-82
1.0091e-81
-1.77023e-81
-9.26657e-82
1.93834e-80
-7.55552e-80
1.55515e-79
-1.33521e-80
-1.23403e-78
5.05495e-78
-9.88678e-78
-2.35204e-78
8.74343e-77
-3.07377e-76
4.449e-76
7.67135e-76
-6.09521e-75
1.53252e-74
-6.61183e-75
-9.11591e-74
3.46977e-73
-4.55488e-73
-1.05032e-72
6.48551e-72
-1.23233e-71
-8.4006e-72
1.09505e-70
-2.56846e-70
-1.73869e-71
1.76755e-69
-4.66918e-69
7.83579e-70
2.83384e-68
-7.73434e-68
1.24765e-68
4.5861e-67
-1.17951e-66
-7.19172e-68
7.42111e-66
-1.63156e-65
-8.74576e-66
1.16571e-64
-1.95172e-64
-2.80248e-64
1.70556e-63
-1.76942e-63
-6.32014e-63
2.20396e-62
-5.41621e-63
-1.12946e-61
2.30311e-61
2.19021e-61
-1.62063e-60
1.50113e-60
6.2206e-60
-1.77344e-59
-5.36316e-60
1.00215e-58
-1.18744e-58
-3.43085e-58
1.07744e-57
2.69082e-58
-5.72223e-57
5.98695e-57
2.05966e-56
-5.3987e-56
-3.58894e-56
2.98986e-55
-1.60562e-55
-1.23379e-54
2.03169e-54
3.66278e-54
-1.28942e-53
-4.52317e-54
6.23544e-53
-3.45641e-53
-2.47837e-52
3.55001e-52
8.04913e-52
-2.14998e-51
-1.90385e-51
1.05142e-50
1.05032e-51
-4.49039e-50
2.30053e-50
1.72635e-49
-1.90067e-49
-6.04412e-49
1.07011e-48
1.92539e-48
-5.11923e-48
-5.49112e-48
2.22422e-47
1.33444e-47
-9.05464e-47
-2.31725e-47
3.51767e-46
-3.29419e-48
-1.32061e-45
2.87058e-46
4.83606e-45
-1.82065e-45
-1.74005e-44
8.49871e-45
6.18511e-44
-3.41367e-44
-2.17991e-43
1.23205e-43
7.63091e-43
-4.02687e-43
-2.65234e-42
1.16985e-42
9.13279e-42
-2.81854e-42
-3.10245e-41
4.16383e-42
1.03369e-40
8.24856e-42
-3.35233e-40
-1.12304e-40
1.04774e-39
6.71105e-40
-3.11305e-39
-3.17509e-39
8.61069e-39
1.31685e-38
-2.13433e-38
-4.94793e-38
4.32825e-38
1.70133e-37
-4.84071e-38
-5.33961e-37
-1.34596e-37
1.50667e-36
1.24086e-36
-3.68197e-36
-5.81041e-36
7.03229e-36
2.11511e-35
-6.16822e-36
-6.41131e-35
-2.70999e-35
1.60272e-34
1.92569e-34
-2.9946e-34
-7.59775e-34
2.22888e-34
2.24651e-33
1.24168e-33
-5.00309e-33
-7.60853e-33
6.66229e-33
2.60789e-32
6.17236e-33
-6.25664e-32
-7.51225e-32
8.99208e-32
2.81563e-31
4.95461e-32
-6.682e-31
-8.13056e-31
8.37851e-31
2.93321e-30
1.06775e-30
-6.13201e-30
-9.45965e-30
4.45277e-30
2.83096e-29
2.19606e-29
-4.30221e-29
-1.04455e-28
-2.24741e-29
2.23198e-28
3.3039e-28
-1.16422e-28
-9.30969e-28
-9.22914e-28
9.86871e-28
3.46112e-27
2.31111e-27
-4.92633e-27
-1.20655e-26
-5.27002e-27
2.03809e-26
4.07727e-26
1.15343e-26
-7.61211e-26
-1.3675e-25
-2.87883e-26
2.6521e-25
4.61658e-25
1.04479e-25
-8.70351e-25
-1.57316e-24
-5.15934e-25
2.66926e-24
5.36413e-24
2.69852e-24
-7.41773e-24
-1.79623e-23
-1.32604e-23
1.71827e-23
5.74492e-23
5.93343e-23
-2.36662e-23
-1.68442e-22
-2.39074e-22
-5.29609e-23
4.20023e-22
8.53455e-22
6.17966e-22
-7.14515e-22
-2.60274e-21
-3.20523e-21
-3.37072e-22
6.1686e-21
1.21477e-20
9.64723e-21
-7.48708e-21
-3.4482e-20
-4.99284e-20
-2.32911e-20
5.98056e-20
1.64957e-19
1.97217e-19
4.29508e-20
-3.26969e-19
-7.40687e-19
-8.02085e-19
-7.35084e-20
1.52043e-18
3.25333e-18
3.51298e-18
4.90444e-19
-6.27305e-18
-1.41038e-17
-1.65839e-17
-5.76246e-18
2.21166e-17
5.90807e-17
8.08864e-17
5.21247e-17
-5.42881e-17
-2.25887e-16
-3.82137e-16
-3.7393e-16
-3.7542e-17
6.88379e-16
1.6138e-15
2.19885e-15
1.62566e-15
-8.5491e-16
-5.29721e-15
-1.03413e-14
-1.28151e-14
-8.22606e-15
7.37203e-15
3.41146e-14
6.4516e-14
8.10612e-14
5.80027e-14
-2.99068e-14
-1.90753e-13
-3.9364e-13
-5.49911e-13
-5.11071e-13
-9.98175e-14
8.13101e-13
2.18689e-12
3.66862e-12
4.48823e-12
3.47928e-12
-6.71477e-13
-8.86372e-12
-2.07078e-11
-3.3472e-11
-4.11937e-11
-3.45143e-11
-1.9684e-12
6.65409e-11
1.73633e-10
3.05961e-10
4.24768e-10
4.58516e-10
3.02411e-10
-1.68813e-10
-1.06791e-09
-2.43629e-09
-4.15777e-09
-5.8516e-09
-6.76342e-09
-5.68967e-09
-9.90159e-10
9.23717e-09
2.6731e-08
5.23005e-08
8.46451e-08
1.18739e-07
1.43853e-07
1.41424e-07
8.32213e-08
-6.94918e-08
-3.6472e-07
-8.54922e-07
-1.58665e-06
-2.58214e-06
-3.80992e-06
-5.1409e-06
-6.28621e-06
-6.71276e-06
-5.53246e-06
-1.36139e-06
7.85428e-06
2.50479e-05
5.42784e-05
0.000101013
0.00017244
0.000277817
0.000428833
0.000639986
0.000928964
0.001317
0.00182923
0.00249493
0.00334779
0.00442603
0.00577244
0.0074343
0.0094632
0.0119146
0.0148476
0.018324
0.0224076
0.0271635
0.0326569
0.038952
0.046111
0.0541925
0.0632506
0.0733333
0.0844818
0.096729
0.110099
0.124604
0.140249
0.157024
0.17491
0.193875
0.213877
0.234861
0.256763
0.279508
0.303012
0.327185
0.351928
0.377138
0.402708
0.428528
0.454487
0.480475
0.506384
0.532106
0.55754
0.582591
0.607167
0.631184
0.654568
0.677251
0.699173
0.720283
0.740541
0.759912
0.778373
0.795906
0.812503
0.828162
0.842888
0.856694
0.869596
0.881615
0.892778
0.903115
0.912659
0.921444
0.929507
0.936887
0.943622
0.949752
0.955316
0.960352
0.964898
0.968991
0.972666
0.975958
0.978899
0.981519
0.983849
0.985914
0.987741
0.989353
0.990772
0.992018
0.993111
0.994066
0.994899
0.995624
0.996254
0.9968
0.997272
0.997679
0.998028
0.998324
0.998572
0.998775
0.998933
0.999047
0.999111
0.999121
0.999068
0.998939
0.99872
0.998391
0.997928
0.997303
0.996485
0.995436
0.994113
0.992472
0.990459
0.988022
0.9851
0.981633
0.977557
0.972808
0.96732
0.961029
0.953874
0.945795
0.936739
0.926659
0.915512
0.903266
0.889897
0.875392
0.859749
0.842974
0.825088
0.806123
0.786122
0.765138
0.743237
0.720492
0.696988
0.672815
0.648072
0.622862
0.597292
0.571472
0.545513
0.519524
0.493616
0.467894
0.442459
0.417409
0.392833
0.368816
0.345432
0.322749
0.300827
0.279717
0.259459
0.240088
0.221627
0.204094
0.187497
0.171838
0.157112
0.143306
0.130404
0.118385
0.107222
0.0968846
0.0873411
0.0785561
0.0704928
0.0631128
0.0563775
0.0502476
0.044684
0.0396481
0.0351021
0.0310092
0.0273338
0.024042
0.0211013
0.0184807
0.0161514
0.0140859
0.012259
0.010647
0.00922794
0.00798171
0.00688981
0.00593534
0.00510291
0.00437855
0.00374964
0.00320481
0.00273385
0.00232763
0.001978
0.00167771
0.00142035
0.00120023
0.00101235
0.000852317
0.000716281
0.000600872
0.000503157
0.000420585
0.000350945
0.000292324
0.000243072
0.000201771
0.000167202
0.000138321
0.000114236
9.4187e-05
7.75284e-05
6.37112e-05
5.22712e-05
4.28159e-05
3.50147e-05
2.85892e-05
2.33059e-05
1.89691e-05
1.54153e-05
1.25078e-05
1.01332e-05
8.19682e-06
6.62046e-06
5.33922e-06
4.29952e-06
3.45714e-06
2.77573e-06
2.22537e-06
1.78154e-06
1.42418e-06
1.13688e-06
9.0625e-07
7.21388e-07
5.73433e-07
4.5519e-07
3.60831e-07
2.8564e-07
2.25811e-07
1.78272e-07
1.40553e-07
1.10667e-07
8.70203e-08
6.83365e-08
5.35943e-08
4.1978e-08
3.28371e-08
2.56539e-08
2.00166e-08
1.55984e-08
1.21402e-08
9.4369e-09
7.32651e-09
5.68108e-09
4.39982e-09
3.4034e-09
2.62946e-09
2.0291e-09
1.56394e-09
1.204e-09
9.25814e-10
7.11072e-10
5.45508e-10
4.18011e-10
3.19947e-10
2.44611e-10
1.86802e-10
1.42495e-10
1.08576e-10
8.26398e-11
6.28296e-11
4.7716e-11
3.61986e-11
2.74315e-11
2.07654e-11
1.57025e-11
1.18614e-11
8.95041e-12
6.74677e-12
5.08038e-12
3.82161e-12
2.87177e-12
2.1558e-12
1.61668e-12
1.21116e-12
9.06444e-13
6.77715e-13
5.06199e-13
3.77717e-13
2.81569e-13
2.09691e-13
1.5601e-13
1.15959e-13
8.61076e-14
6.38798e-14
4.73449e-14
3.50568e-14
2.59337e-14
1.91669e-14
1.41526e-14
1.04404e-14
7.69491e-15
5.6662e-15
4.16857e-15
3.064e-15
2.2501e-15
1.65092e-15
1.21023e-15
8.86387e-16
6.48632e-16
4.74236e-16
3.46428e-16
2.52846e-16
1.84385e-16
1.34346e-16
9.78038e-17
7.11408e-17
5.1703e-17
3.75448e-17
2.7241e-17
1.97486e-17
1.43051e-17
1.03536e-17
7.4875e-18
5.41041e-18
3.90637e-18
2.81818e-18
2.0315e-18
1.46325e-18
1.05312e-18
7.57351e-19
5.44221e-19
3.90765e-19
2.80363e-19
2.00997e-19
1.43988e-19
1.0307e-19
7.37238e-20
5.26933e-20
3.76337e-20
2.6858e-20
1.91534e-20
1.36489e-20
9.71918e-21
6.91581e-21
4.91744e-21
3.49398e-21
2.48077e-21
1.76012e-21
1.24792e-21
8.84137e-22
6.25959e-22
4.42858e-22
3.13113e-22
2.21078e-22
1.57256e-22
1.00869e-22
)
;

boundaryField
{
    sides
    {
        type            zeroGradient;
    }
    empty
    {
        type            empty;
    }
}


// ************************************************************************* //
