/*--------------------------------*- C++ -*----------------------------------*\
  =========                 |
  \\      /  F ield         | OpenFOAM: The Open Source CFD Toolbox
   \\    /   O peration     | Website:  https://openfoam.org
    \\  /    A nd           | Version:  7
     \\/     M anipulation  |
\*---------------------------------------------------------------------------*/
FoamFile
{
    version     2.0;
    format      ascii;
    class       volScalarField;
    location    "0.7";
    object      T;
}
// * * * * * * * * * * * * * * * * * * * * * * * * * * * * * * * * * * * * * //

dimensions      [0 0 0 1 0 0 0];

internalField   nonuniform List<scalar> 
1000
(
0
0
0
0
0
0
0
0
0
0
0
0
0
0
0
0
0
0
0
0
0
0
0
0
0
0
0
0
0
0
0
0
0
0
0
0
0
0
0
0
0
0
0
0
0
0
0
0
0
0
0
0
0
0
0
0
0
0
0
0
0
0
0
0
0
0
0
0
0
0
0
0
0
0
0
0
0
0
0
0
0
0
0
0
0
0
0
0
0
0
0
0
0
0
0
0
0
0
0
0
0
0
0
0
0
0
0
0
0
0
0
0
0
0
0
0
0
0
0
0
0
0
0
0
0
0
0
0
0
0
0
0
0
0
0
0
0
0
0
0
0
0
0
0
0
0
0
0
0
0
0
0
0
0
0
0
0
0
0
0
0
0
0
0
0
0
0
0
0
0
0
0
0
0
0
0
0
0
0
0
0
0
0
0
0
0
0
0
0
0
0
0
0
0
0
0
0
0
0
0
0
0
0
0
0
0
0
0
0
0
0
0
0
0
0
0
0
0
0
0
0
0
0
0
0
0
0
0
0
0
0
0
0
0
0
0
0
0
0
0
0
0
0
0
0
0
0
0
0
0
0
0
0
0
0
0
0
0
0
0
0
0
0
0
0
0
0
0
0
0
0
0
0
0
0
0
0
0
0
0
0
0
0
0
0
0
0
0
0
0
0
0
0
0
0
0
0
0
0
0
0
0
0
0
0
0
0
0
0
0
0
2.33298e-320
2.33264e-316
2.31525e-312
2.28084e-308
2.22977e-304
2.16283e-300
2.08113e-296
1.98615e-292
1.87964e-288
1.76359e-284
1.64019e-280
1.5117e-276
1.38043e-272
1.24864e-268
1.11849e-264
9.91933e-261
8.70713e-257
7.56291e-253
6.49828e-249
5.5217e-245
4.63845e-241
3.85086e-237
3.15846e-233
2.5584e-229
2.04585e-225
1.61442e-221
1.25665e-217
9.64447e-214
7.29468e-210
5.43483e-206
3.98653e-202
2.87737e-198
2.0424e-194
1.42483e-190
9.76304e-187
6.56611e-183
4.33128e-179
2.80009e-175
1.77262e-171
1.09791e-167
6.6467e-164
3.92915e-160
2.26551e-156
1.27261e-152
6.95562e-149
3.69389e-145
1.90321e-141
9.49804e-138
4.58293e-134
2.13383e-130
9.56611e-127
4.1193e-123
1.69924e-119
6.69452e-116
2.51038e-112
8.92559e-109
2.99562e-105
9.44205e-102
2.77825e-98
7.57743e-95
1.89937e-91
4.33e-88
8.8605e-85
1.60011e-81
2.49268e-78
3.24311e-75
3.35309e-72
2.52497e-69
1.13556e-66
1.01287e-64
-1.04247e-61
2.01976e-59
-2.25538e-57
1.77169e-55
-1.06825e-53
5.19477e-52
-2.10355e-50
7.25341e-49
-2.1651e-47
5.66513e-46
-1.31219e-44
2.71158e-43
-5.03052e-42
8.42105e-41
-1.27718e-39
1.7607e-38
-2.21185e-37
2.53674e-36
-2.65942e-35
2.55013e-34
-2.23663e-33
1.79294e-32
-1.31159e-31
8.73294e-31
-5.27133e-30
2.86738e-29
-1.39294e-28
5.9576e-28
-2.18926e-27
6.58587e-27
-1.42855e-26
1.04149e-26
8.22985e-26
-4.73093e-25
1.34172e-24
-1.535e-24
-4.90139e-24
2.96579e-23
-6.39829e-23
-1.11388e-23
4.82869e-22
-1.28024e-21
1.86477e-22
7.70987e-21
-1.88477e-20
-5.93896e-21
1.215e-19
-1.90572e-19
-3.4131e-19
1.55262e-18
-4.77017e-19
-7.18603e-18
1.09868e-17
2.22612e-17
-7.27228e-17
-3.70426e-17
3.48085e-16
-7.42454e-17
-1.40967e-15
9.76199e-16
5.21131e-15
-5.33391e-15
-1.8526e-14
2.20509e-14
6.55278e-14
-7.54602e-14
-2.3283e-13
2.10643e-13
8.16631e-13
-4.08789e-13
-2.72191e-12
-7.82955e-15
8.17207e-12
4.88773e-12
-2.0338e-11
-2.84866e-11
3.40757e-11
1.06195e-10
4.76976e-12
-2.73953e-10
-2.90771e-10
3.82649e-10
1.15676e-09
4.26963e-10
-2.27219e-09
-3.94398e-09
6.80861e-11
9.26278e-09
1.3184e-08
-1.39884e-09
-3.17858e-08
-4.73131e-08
-7.17384e-09
9.14768e-08
1.73504e-07
1.10022e-07
-1.72275e-07
-5.55125e-07
-6.90681e-07
-1.69823e-07
1.11808e-06
2.62464e-06
3.08529e-06
1.01215e-06
-4.27396e-06
-1.14529e-05
-1.65408e-05
-1.34867e-05
3.54447e-06
3.64128e-05
7.87614e-05
0.000112945
0.000110063
3.47877e-05
-0.000144154
-0.000438139
-0.0008191
-0.00119902
-0.00141194
-0.00120187
-0.000219665
0.00196953
0.00586792
0.0120169
0.0209618
0.033213
0.0492067
0.0692711
0.093598
0.122226
0.155033
0.191741
0.23193
0.275061
0.320503
0.367568
0.41554
0.46371
0.511402
0.557996
0.60295
0.645805
0.686198
0.723862
0.758619
0.79038
0.819129
0.844917
0.867848
0.888069
0.905757
0.92111
0.934336
0.945648
0.955255
0.96336
0.970153
0.97581
0.980492
0.984344
0.987496
0.99006
0.992134
0.993803
0.995139
0.996203
0.997047
0.997713
0.998235
0.998644
0.998962
0.999208
0.999399
0.999545
0.999657
0.999742
0.999807
0.999856
0.999893
0.99992
0.999941
0.999957
0.999968
0.999977
0.999983
0.999988
0.999991
0.999993
0.999995
0.999997
0.999998
0.999998
0.999999
0.999999
0.999999
0.999999
1
1
1
1
0.999999
0.999997
0.999997
0.999999
1
1.00001
1.00002
1.00001
0.999996
0.999964
0.999921
0.999887
0.99989
0.999965
1.00014
1.00044
1.00082
1.0012
1.00141
1.0012
1.00022
0.99803
0.994132
0.987983
0.979038
0.966787
0.950793
0.930729
0.906402
0.877774
0.844967
0.808259
0.76807
0.724939
0.679497
0.632432
0.58446
0.53629
0.488598
0.442004
0.39705
0.354195
0.313802
0.276138
0.241381
0.20962
0.180871
0.155083
0.132152
0.111931
0.0942429
0.0788903
0.0656642
0.0543523
0.0447448
0.0366399
0.0298472
0.0241903
0.019508
0.0156555
0.012504
0.00994046
0.00786646
0.00619742
0.00486119
0.00379677
0.00295301
0.00228735
0.00176463
0.00135601
0.001038
0.000791568
0.000601409
0.000455274
0.000343423
0.000258147
0.000193383
0.00014438
0.00010744
7.96926e-05
5.89237e-05
4.34318e-05
3.1915e-05
2.33817e-05
1.70795e-05
1.24398e-05
9.03465e-06
6.54325e-06
4.72585e-06
3.404e-06
2.44536e-06
1.75211e-06
1.25216e-06
8.92603e-07
6.3471e-07
4.50223e-07
3.1859e-07
2.24908e-07
1.58403e-07
1.11307e-07
7.8036e-08
5.45884e-08
3.81023e-08
2.65376e-08
1.84436e-08
1.27913e-08
8.85294e-09
6.11467e-09
4.21487e-09
2.89958e-09
1.99084e-09
1.36427e-09
9.33119e-10
6.37031e-10
4.34091e-10
2.95263e-10
2.00472e-10
1.35872e-10
9.1927e-11
6.20877e-11
4.18626e-11
2.81783e-11
1.89357e-11
1.27039e-11
8.50912e-12
5.69034e-12
3.79932e-12
2.53276e-12
1.68583e-12
1.12039e-12
7.43486e-13
4.9264e-13
3.25948e-13
2.15346e-13
1.42069e-13
9.35942e-14
6.15728e-14
4.04507e-14
2.6538e-14
1.73869e-14
1.13762e-14
7.43349e-15
4.85089e-15
3.16146e-15
2.05777e-15
1.33769e-15
8.68505e-16
5.63182e-16
3.64748e-16
2.35945e-16
1.52442e-16
9.83752e-17
6.34096e-17
4.08243e-17
2.62532e-17
1.68636e-17
1.08201e-17
6.93465e-18
4.43954e-18
2.83907e-18
1.81361e-18
1.1573e-18
7.37713e-19
4.69755e-19
2.98815e-19
1.89883e-19
1.20539e-19
7.6441e-20
4.84274e-20
3.06496e-20
1.9379e-20
1.22409e-20
7.72465e-21
4.86998e-21
3.06736e-21
1.93016e-21
1.21344e-21
7.62155e-22
4.78268e-22
2.99851e-22
1.87823e-22
1.17546e-22
7.34993e-23
4.59175e-23
2.86614e-23
1.78749e-23
1.11383e-23
6.93473e-24
4.31395e-24
2.68139e-24
1.66529e-24
1.03339e-24
6.40744e-25
3.9697e-25
2.45746e-25
1.52009e-25
9.39541e-26
5.80261e-26
3.58094e-26
2.2082e-26
1.36066e-26
8.37792e-27
5.15464e-27
3.16912e-27
1.94697e-27
1.19527e-27
7.33259e-28
4.49508e-28
2.75365e-28
1.68567e-28
1.03118e-28
6.30366e-29
3.85081e-29
2.35079e-29
1.4341e-29
8.74285e-30
5.32643e-30
3.24288e-30
1.97305e-30
1.19967e-30
7.2896e-31
4.42654e-31
2.68626e-31
1.62913e-31
9.87389e-32
5.98066e-32
3.62026e-32
2.19009e-32
1.32409e-32
8.00037e-33
4.83102e-33
2.91546e-33
1.7584e-33
1.05991e-33
6.38508e-34
3.84423e-34
2.31313e-34
1.39105e-34
8.36055e-35
5.02205e-35
3.01497e-35
1.80901e-35
1.08482e-35
6.50177e-36
3.89465e-36
2.33168e-36
1.39519e-36
8.34381e-37
4.98727e-37
2.97941e-37
1.77897e-37
1.06164e-37
6.33232e-38
3.77504e-38
2.24935e-38
1.33959e-38
7.97378e-39
4.74393e-39
2.82094e-39
1.67661e-39
9.95995e-40
5.91382e-40
3.50967e-40
2.08186e-40
1.23432e-40
7.31472e-41
4.3327e-41
2.56516e-41
1.51797e-41
8.97866e-42
5.30831e-42
3.13689e-42
1.85286e-42
1.09393e-42
6.45559e-43
3.80791e-43
2.24514e-43
1.32314e-43
7.79425e-44
4.58936e-44
2.70109e-44
1.58905e-44
9.34427e-45
5.49246e-45
3.22703e-45
1.89519e-45
1.11255e-45
6.52833e-46
3.82916e-46
2.24504e-46
1.31572e-46
7.70771e-47
4.51345e-47
2.64189e-47
1.54577e-47
9.04069e-48
5.28546e-48
3.08881e-48
1.80438e-48
1.05364e-48
6.15018e-49
3.58851e-49
2.09301e-49
1.22029e-49
7.11188e-50
4.14326e-50
2.41288e-50
1.40464e-50
8.17393e-51
4.75483e-51
2.76489e-51
1.60716e-51
9.33861e-52
5.42433e-52
3.14958e-52
1.82811e-52
1.0607e-52
6.15221e-53
3.56709e-53
2.06749e-53
1.19789e-53
6.93811e-54
4.01711e-54
2.32506e-54
1.34526e-54
7.78086e-55
4.49885e-55
2.60032e-55
1.50247e-55
8.67838e-56
5.01102e-56
2.89247e-56
1.66904e-56
9.62769e-57
5.55181e-57
3.20041e-57
1.84431e-57
1.06249e-57
6.11888e-58
3.52275e-58
2.02746e-58
1.16651e-58
6.70939e-59
3.85783e-59
2.21752e-59
1.27425e-59
7.31999e-60
4.20369e-60
2.41334e-60
1.38507e-60
7.94685e-61
4.55813e-61
2.61365e-61
1.49823e-61
8.58574e-62
4.91869e-62
2.81704e-62
1.61291e-62
9.23204e-63
5.28275e-63
3.02201e-63
1.72825e-63
9.88081e-64
5.64747e-64
3.22695e-64
1.84335e-64
1.05269e-64
6.00993e-65
3.43019e-65
1.95725e-65
1.11649e-65
6.36709e-66
3.63002e-66
2.06899e-66
1.17894e-66
6.7159e-67
3.82473e-67
2.17761e-67
1.23949e-67
7.05329e-68
4.01259e-68
2.28214e-68
1.29762e-68
7.37628e-69
4.19194e-69
2.38166e-69
1.35279e-69
7.68196e-70
4.36115e-70
2.47526e-70
1.40452e-70
7.96759e-71
4.51873e-71
2.5621e-71
1.45234e-71
8.23062e-72
4.66325e-72
2.64143e-72
1.49583e-72
8.46872e-73
4.79346e-73
2.71253e-73
1.5346e-73
8.67984e-74
4.90822e-74
2.77481e-74
1.56834e-74
8.86221e-75
5.0066e-75
2.82775e-75
1.59676e-75
9.01438e-76
5.08782e-76
2.87096e-76
1.61966e-76
9.13523e-77
5.15114e-77
2.90792e-77
1.54945e-77
)
;

boundaryField
{
    sides
    {
        type            zeroGradient;
    }
    empty
    {
        type            empty;
    }
}


// ************************************************************************* //
