/*--------------------------------*- C++ -*----------------------------------*\
  =========                 |
  \\      /  F ield         | OpenFOAM: The Open Source CFD Toolbox
   \\    /   O peration     | Website:  https://openfoam.org
    \\  /    A nd           | Version:  7
     \\/     M anipulation  |
\*---------------------------------------------------------------------------*/
FoamFile
{
    version     2.0;
    format      ascii;
    class       volScalarField;
    location    "2.96";
    object      T;
}
// * * * * * * * * * * * * * * * * * * * * * * * * * * * * * * * * * * * * * //

dimensions      [0 0 0 1 0 0 0];

internalField   nonuniform List<scalar> 
1000
(
0.00314441
0.00314457
0.00314488
0.00314535
0.00314598
0.00314677
0.00314772
0.00314884
0.00315012
0.00315157
0.0031532
0.00315499
0.00315695
0.00315909
0.00316141
0.0031639
0.00316657
0.00316942
0.00317246
0.00317568
0.00317909
0.00318268
0.00318647
0.00319045
0.00319462
0.00319898
0.00320355
0.00320831
0.00321327
0.00321844
0.00322381
0.00322938
0.00323517
0.00324117
0.00324737
0.0032538
0.00326043
0.00326729
0.00327437
0.00328167
0.00328919
0.00329694
0.00330492
0.00331312
0.00332156
0.00333024
0.00333915
0.00334829
0.00335768
0.00336732
0.00337719
0.00338732
0.00339769
0.00340831
0.00341919
0.00343033
0.00344172
0.00345337
0.00346528
0.00347746
0.00348991
0.00350262
0.00351561
0.00352887
0.00354241
0.00355622
0.00357032
0.0035847
0.00359936
0.00361431
0.00362956
0.00364509
0.00366092
0.00367705
0.00369348
0.00371021
0.00372725
0.0037446
0.00376225
0.00378022
0.0037985
0.0038171
0.00383602
0.00385527
0.00387484
0.00389474
0.00391497
0.00393553
0.00395643
0.00397767
0.00399925
0.00402118
0.00404345
0.00406607
0.00408904
0.00411237
0.00413606
0.00416011
0.00418452
0.0042093
0.00423445
0.00425997
0.00428587
0.00431214
0.0043388
0.00436584
0.00439327
0.00442108
0.00444929
0.0044779
0.0045069
0.00453631
0.00456612
0.00459634
0.00462697
0.00465801
0.00468947
0.00472135
0.00475365
0.00478638
0.00481954
0.00485314
0.00488717
0.00492163
0.00495654
0.0049919
0.0050277
0.00506396
0.00510067
0.00513784
0.00517547
0.00521357
0.00525213
0.00529117
0.00533068
0.00537067
0.00541114
0.0054521
0.00549354
0.00553548
0.00557791
0.00562085
0.00566428
0.00570822
0.00575267
0.00579763
0.00584311
0.00588911
0.00593563
0.00598267
0.00603025
0.00607836
0.00612701
0.0061762
0.00622594
0.00627622
0.00632705
0.00637845
0.0064304
0.00648291
0.00653599
0.00658964
0.00664386
0.00669866
0.00675404
0.00681001
0.00686657
0.00692372
0.00698146
0.00703981
0.00709876
0.00715832
0.00721849
0.00727927
0.00734067
0.0074027
0.00746535
0.00752864
0.00759256
0.00765712
0.00772232
0.00778816
0.00785466
0.00792181
0.00798962
0.00805809
0.00812723
0.00819704
0.00826752
0.00833868
0.00841052
0.00848304
0.00855626
0.00863017
0.00870478
0.00878009
0.0088561
0.00893283
0.00901027
0.00908842
0.0091673
0.00924691
0.00932724
0.00940831
0.00949012
0.00957267
0.00965596
0.00974001
0.00982481
0.00991037
0.00999669
0.0100838
0.0101716
0.0102603
0.0103497
0.0104399
0.0105309
0.0106226
0.0107152
0.0108086
0.0109028
0.0109977
0.0110935
0.0111901
0.0112876
0.0113858
0.0114849
0.0115848
0.0116856
0.0117872
0.0118896
0.0119929
0.012097
0.012202
0.0123079
0.0124146
0.0125222
0.0126306
0.01274
0.0128502
0.0129613
0.0130733
0.0131862
0.0133
0.0134147
0.0135303
0.0136468
0.0137642
0.0138825
0.0140018
0.014122
0.0142431
0.0143651
0.0144881
0.0146121
0.0147369
0.0148628
0.0149895
0.0151173
0.015246
0.0153756
0.0155063
0.0156379
0.0157705
0.015904
0.0160386
0.0161741
0.0163106
0.0164482
0.0165867
0.0167262
0.0168668
0.0170083
0.0171509
0.0172945
0.0174391
0.0175847
0.0177314
0.0178791
0.0180278
0.0181776
0.0183284
0.0184802
0.0186332
0.0187871
0.0189422
0.0190983
0.0192554
0.0194136
0.0195729
0.0197333
0.0198948
0.0200573
0.0202209
0.0203856
0.0205514
0.0207183
0.0208863
0.0210554
0.0212256
0.0213969
0.0215693
0.0217429
0.0219175
0.0220933
0.0222702
0.0224482
0.0226274
0.0228077
0.0229891
0.0231716
0.0233553
0.0235402
0.0237261
0.0239133
0.0241016
0.024291
0.0244816
0.0246733
0.0248663
0.0250603
0.0252556
0.025452
0.0256496
0.0258483
0.0260483
0.0262494
0.0264517
0.0266552
0.0268598
0.0270657
0.0272727
0.0274809
0.0276903
0.027901
0.0281128
0.0283258
0.02854
0.0287554
0.028972
0.0291898
0.0294088
0.0296291
0.0298505
0.0300732
0.030297
0.0305221
0.0307484
0.0309759
0.0312047
0.0314346
0.0316658
0.0318982
0.0321318
0.0323666
0.0326027
0.0328399
0.0330784
0.0333182
0.0335591
0.0338013
0.0340447
0.0342894
0.0345353
0.0347824
0.0350307
0.0352803
0.0355311
0.0357831
0.0360363
0.0362908
0.0365465
0.0368035
0.0370617
0.0373211
0.0375817
0.0378436
0.0381067
0.038371
0.0386365
0.0389033
0.0391713
0.0394405
0.039711
0.0399827
0.0402556
0.0405297
0.0408051
0.0410816
0.0413594
0.0416384
0.0419187
0.0422001
0.0424827
0.0427666
0.0430517
0.043338
0.0436255
0.0439142
0.0442041
0.0444952
0.0447875
0.045081
0.0453757
0.0456716
0.0459687
0.0462669
0.0465664
0.046867
0.0471688
0.0474718
0.047776
0.0480814
0.0483879
0.0486956
0.0490044
0.0493144
0.0496256
0.0499379
0.0502514
0.050566
0.0508818
0.0511987
0.0515167
0.0518359
0.0521562
0.0524776
0.0528002
0.0531238
0.0534486
0.0537745
0.0541015
0.0544296
0.0547587
0.055089
0.0554204
0.0557528
0.0560863
0.0564209
0.0567566
0.0570933
0.0574311
0.0577699
0.0581098
0.0584507
0.0587927
0.0591356
0.0594796
0.0598247
0.0601707
0.0605177
0.0608658
0.0612148
0.0615648
0.0619158
0.0622678
0.0626208
0.0629747
0.0633295
0.0636854
0.0640421
0.0643998
0.0647584
0.065118
0.0654785
0.0658398
0.0662021
0.0665653
0.0669293
0.0672943
0.0676601
0.0680267
0.0683943
0.0687626
0.0691319
0.0695019
0.0698728
0.0702445
0.070617
0.0709902
0.0713643
0.0717392
0.0721148
0.0724913
0.0728684
0.0732463
0.073625
0.0740044
0.0743845
0.0747653
0.0751468
0.075529
0.0759119
0.0762955
0.0766797
0.0770646
0.0774501
0.0778363
0.0782231
0.0786105
0.0789986
0.0793872
0.0797764
0.0801662
0.0805565
0.0809474
0.0813389
0.0817308
0.0821233
0.0825164
0.0829099
0.0833039
0.0836984
0.0840934
0.0844888
0.0848846
0.085281
0.0856777
0.0860748
0.0864724
0.0868703
0.0872686
0.0876673
0.0880664
0.0884657
0.0888655
0.0892655
0.0896658
0.0900665
0.0904674
0.0908686
0.0912701
0.0916718
0.0920737
0.0924759
0.0928782
0.0932808
0.0936836
0.0940865
0.0944896
0.0948928
0.0952962
0.0956997
0.0961033
0.096507
0.0969108
0.0973146
0.0977185
0.0981225
0.0985265
0.0989305
0.0993345
0.0997384
0.100142
0.100546
0.10095
0.101354
0.101758
0.102161
0.102565
0.102968
0.103372
0.103775
0.104178
0.104581
0.104983
0.105386
0.105788
0.10619
0.106591
0.106993
0.107394
0.107795
0.108195
0.108596
0.108996
0.109395
0.109795
0.110193
0.110592
0.11099
0.111388
0.111785
0.112182
0.112578
0.112974
0.113369
0.113764
0.114158
0.114552
0.114945
0.115338
0.11573
0.116121
0.116512
0.116902
0.117292
0.117681
0.118069
0.118457
0.118844
0.11923
0.119615
0.12
0.120384
0.120767
0.12115
0.121531
0.121912
0.122292
0.122671
0.123049
0.123427
0.123803
0.124179
0.124554
0.124927
0.1253
0.125672
0.126043
0.126412
0.126781
0.127149
0.127516
0.127882
0.128246
0.12861
0.128972
0.129334
0.129694
0.130053
0.130411
0.130767
0.131123
0.131477
0.131831
0.132182
0.132533
0.132883
0.133231
0.133578
0.133923
0.134267
0.13461
0.134952
0.135292
0.135631
0.135969
0.136305
0.136639
0.136973
0.137305
0.137635
0.137964
0.138291
0.138617
0.138942
0.139265
0.139586
0.139906
0.140224
0.140541
0.140856
0.14117
0.141482
0.141792
0.142101
0.142408
0.142713
0.143017
0.143319
0.143619
0.143918
0.144215
0.14451
0.144803
0.145095
0.145385
0.145673
0.145959
0.146244
0.146527
0.146808
0.147087
0.147364
0.147639
0.147913
0.148184
0.148454
0.148722
0.148988
0.149252
0.149514
0.149774
0.150032
0.150289
0.150543
0.150795
0.151045
0.151294
0.15154
0.151784
0.152026
0.152266
0.152505
0.152741
0.152975
0.153207
0.153436
0.153664
0.15389
0.154113
0.154335
0.154554
0.154771
0.154987
0.155199
0.15541
0.155619
0.155825
0.15603
0.156232
0.156432
0.156629
0.156825
0.157018
0.157209
0.157398
0.157585
0.157769
0.157952
0.158132
0.158309
0.158485
0.158658
0.158829
0.158998
0.159164
0.159328
0.15949
0.15965
0.159807
0.159963
0.160115
0.160266
0.160414
0.16056
0.160704
0.160845
0.160984
0.161121
0.161255
0.161387
0.161517
0.161645
0.16177
0.161893
0.162013
0.162131
0.162247
0.162361
0.162472
0.162581
0.162688
0.162792
0.162894
0.162994
0.163091
0.163186
0.163279
0.16337
0.163458
0.163544
0.163627
0.163708
0.163787
0.163864
0.163938
0.16401
0.16408
0.164148
0.164213
0.164276
0.164337
0.164395
0.164451
0.164505
0.164557
0.164606
0.164653
0.164698
0.164741
0.164781
0.164819
0.164855
0.164889
0.164921
0.16495
0.164977
0.165002
0.165025
0.165046
0.165064
0.165081
0.165095
0.165107
0.165117
0.165125
0.165131
0.165135
0.165136
0.165136
0.165133
0.165128
0.165122
0.165113
0.165102
0.16509
0.165075
0.165058
0.16504
0.165019
0.164996
0.164972
0.164945
0.164917
0.164886
0.164854
0.16482
0.164784
0.164746
0.164707
0.164665
0.164622
0.164577
0.16453
0.164481
0.164431
0.164379
0.164325
0.16427
0.164213
0.164154
0.164093
0.164031
0.163967
0.163902
0.163835
0.163766
0.163696
0.163625
0.163552
0.163477
0.163401
0.163324
0.163245
0.163164
0.163082
0.162999
0.162915
0.162829
0.162742
0.162653
0.162564
0.162473
0.16238
0.162287
0.162192
0.162097
0.162
0.161902
0.161802
0.161702
0.161601
0.161499
0.161395
0.161291
0.161186
0.161079
0.160972
0.160864
0.160755
0.160646
0.160535
0.160424
0.160311
0.160199
0.160085
0.159971
0.159856
0.15974
0.159624
0.159507
0.15939
0.159272
0.159154
0.159035
0.158915
0.158796
0.158676
0.158555
0.158434
0.158313
0.158192
0.15807
0.157948
0.157826
0.157704
0.157581
0.157458
0.157336
0.157213
0.15709
0.156968
0.156845
0.156722
0.1566
0.156477
0.156355
0.156233
0.156111
0.15599
0.155868
0.155747
0.155627
0.155506
0.155386
0.155267
0.155148
0.15503
0.154912
0.154794
0.154677
0.154561
0.154446
0.154331
0.154217
0.154103
0.153991
0.153879
0.153768
0.153658
0.153549
0.153441
0.153334
0.153227
0.153122
0.153018
0.152915
0.152814
0.152713
0.152614
0.152516
0.152419
0.152323
0.152229
0.152136
0.152045
0.151955
0.151867
0.15178
0.151694
0.15161
0.151528
0.151448
0.151369
0.151292
0.151216
0.151142
0.151071
0.151001
0.150932
0.150866
0.150802
0.15074
0.150679
0.150621
0.150565
0.150511
0.150459
0.150409
0.150362
0.150316
0.150273
0.150232
0.150194
0.150158
0.150124
0.150093
0.150064
0.150037
0.150013
0.149992
0.149973
0.149957
0.149944
0.149933
0.149924
0.149919
0.149916
)
;

boundaryField
{
    sides
    {
        type            zeroGradient;
    }
    empty
    {
        type            empty;
    }
}


// ************************************************************************* //
