/*--------------------------------*- C++ -*----------------------------------*\
  =========                 |
  \\      /  F ield         | OpenFOAM: The Open Source CFD Toolbox
   \\    /   O peration     | Website:  https://openfoam.org
    \\  /    A nd           | Version:  7
     \\/     M anipulation  |
\*---------------------------------------------------------------------------*/
FoamFile
{
    version     2.0;
    format      ascii;
    class       volScalarField;
    location    "1.05";
    object      T;
}
// * * * * * * * * * * * * * * * * * * * * * * * * * * * * * * * * * * * * * //

dimensions      [0 0 0 1 0 0 0];

internalField   nonuniform List<scalar> 
1000
(
0
0
0
0
0
0
0
0
0
0
0
0
0
0
0
0
0
0
0
0
0
0
0
0
0
0
0
0
0
0
0
0
0
0
0
0
0
0
0
0
0
0
0
0
0
0
0
0
0
0
0
0
0
0
0
0
0
0
0
0
0
0
0
0
0
0
0
0
0
0
0
0
0
0
0
0
0
0
0
0
0
0
0
0
0
0
0
0
0
0
0
0
0
0
0
0
0
0
0
0
0
0
0
0
0
0
0
0
0
0
0
0
0
0
0
0
0
0
0
0
0
0
0
0
0
0
0
0
0
0
0
0
0
0
0
0
0
0
0
0
0
0
0
0
0
0
0
0
0
0
0
0
0
0
0
0
0
0
0
0
0
0
0
0
0
0
0
0
0
0
0
0
0
0
0
0
0
0
0
0
0
0
0
0
0
0
0
0
0
0
0
0
0
0
0
0
0
0
0
0
0
0
0
0
0
0
0
0
0
0
0
0
0
0
0
0
0
0
0
0
0
0
0
0
0
0
0
0
0
0
0
0
0
0
0
0
0
0
0
0
0
0
0
0
0
0
0
0
0
0
0
0
0
0
0
0
0
0
0
0
0
0
0
0
0
0
0
0
0
0
0
0
0
0
0
0
0
0
0
0
0
0
0
0
0
0
0
0
0
0
0
0
0
0
0
0
0
0
0
0
0
0
0
0
0
0
0
0
0
0
0
0
0
0
0
0
0
0
0
0
0
0
0
0
0
0
0
0
0
0
0
0
0
0
0
0
0
0
0
0
0
0
0
0
0
-4.85254e-114
4.41096e-111
-1.98367e-108
5.88384e-106
-1.29481e-103
2.25463e-101
-3.23549e-99
3.93525e-97
-4.14064e-95
3.82825e-93
-3.14847e-91
2.32629e-89
-1.55678e-87
9.50043e-86
-5.31763e-84
2.74344e-82
-1.31019e-80
5.81364e-79
-2.40471e-77
9.29892e-76
-3.37034e-74
1.14757e-72
-3.67824e-71
1.11187e-69
-3.17499e-68
8.57724e-67
-2.19511e-65
5.32838e-64
-1.22812e-62
2.6904e-61
-5.60675e-60
1.11242e-58
-2.1028e-57
3.7894e-56
-6.51371e-55
1.06851e-53
-1.67342e-52
2.50296e-51
-3.5764e-50
4.88291e-49
-6.37112e-48
7.94504e-47
-9.46953e-46
1.07868e-44
-1.1742e-43
1.2212e-42
-1.21316e-41
1.15074e-40
-1.04176e-39
8.9962e-39
-7.40554e-38
5.80652e-37
-4.33237e-36
3.07253e-35
-2.06847e-34
1.31974e-33
-7.96503e-33
4.53668e-32
-2.43168e-31
1.22223e-30
-5.73467e-30
2.49681e-29
-1.00055e-28
3.64688e-28
-1.18676e-27
3.33609e-27
-7.53895e-27
1.07611e-26
7.47245e-27
-1.15102e-25
4.42538e-25
-9.96855e-25
7.99917e-25
3.92215e-24
-1.96394e-23
4.14192e-23
-7.01541e-24
-2.45019e-22
7.72983e-22
-6.62899e-22
-2.92993e-21
1.13869e-20
-1.01021e-20
-4.27054e-20
1.47915e-19
-5.85163e-20
-6.96389e-19
1.52955e-18
1.17346e-18
-9.66586e-18
7.49644e-18
3.85973e-17
-8.17625e-17
-9.92738e-17
4.81391e-16
5.37136e-17
-2.24159e-15
1.20526e-15
9.25279e-15
-9.41521e-15
-3.62235e-14
4.91853e-14
1.41453e-13
-2.12245e-13
-5.67832e-13
7.86531e-13
2.34219e-12
-2.405e-12
-9.63116e-12
4.88129e-12
3.75888e-11
4.0659e-12
-1.30508e-10
-1.08989e-10
3.61678e-10
6.85178e-10
-5.61618e-10
-2.82763e-09
-1.24095e-09
7.63227e-09
1.32352e-08
-6.78652e-09
-4.99315e-08
-5.00987e-08
7.57276e-08
2.65398e-07
2.04193e-07
-4.27999e-07
-1.32347e-06
-1.15361e-06
1.57506e-06
6.19419e-06
7.83419e-06
-9.97881e-07
-2.31367e-05
-4.6649e-05
-4.0874e-05
3.06195e-05
0.000176544
0.000335668
0.000353781
1.34683e-05
-0.000862179
-0.00224022
-0.00368598
-0.00421574
-0.00226087
0.00421621
0.0174586
0.0395544
0.0720599
0.115693
0.170168
0.23419
0.30562
0.381751
0.459634
0.536406
0.609559
0.677118
0.73773
0.790663
0.835739
0.873228
0.90372
0.928007
0.946971
0.961503
0.972443
0.980539
0.986435
0.990664
0.993652
0.995734
0.997166
0.998137
0.998789
0.999221
0.999503
0.999686
0.999804
0.999878
0.999925
0.999955
0.999973
0.999984
0.99999
0.999994
0.999997
0.999998
0.999999
0.999999
1
1
1
1
1
1
1
1
1
1
1
1
1
1
1
1
1
1
1
1
1
1
1
1
1
1
1
1
1
1
1
1
1
1
1
1
1
1
0.999998
0.999994
0.999992
1
1.00002
1.00005
1.00004
0.999969
0.999823
0.999664
0.999646
0.999987
1.00086
1.00224
1.00369
1.00422
1.00226
0.995784
0.982541
0.960446
0.92794
0.884307
0.829832
0.76581
0.69438
0.618249
0.540366
0.463594
0.390441
0.322882
0.26227
0.209337
0.164261
0.126772
0.0962798
0.0719931
0.053029
0.0384967
0.0275573
0.019461
0.0135647
0.00933628
0.00634811
0.00426586
0.00283423
0.00186252
0.00121105
0.000779435
0.000496705
0.000313516
0.000196065
0.00012152
7.46674e-05
4.54951e-05
2.74956e-05
1.64867e-05
9.81033e-06
5.79441e-06
3.39787e-06
1.97864e-06
1.1444e-06
6.57538e-07
3.75387e-07
2.12974e-07
1.20099e-07
6.73271e-08
3.75268e-08
2.08e-08
1.14661e-08
6.28724e-09
3.42969e-09
1.86146e-09
1.00534e-09
5.40363e-10
2.8908e-10
1.53943e-10
8.16125e-11
4.30779e-11
2.2641e-11
1.18501e-11
6.17696e-12
3.20694e-12
1.65847e-12
8.54407e-13
4.38525e-13
2.24249e-13
1.14263e-13
5.8017e-14
2.93566e-14
1.48044e-14
7.44106e-15
3.72794e-15
1.86174e-15
9.2686e-16
4.6002e-16
2.27632e-16
1.12307e-16
5.52485e-17
2.71018e-17
1.32575e-17
6.46745e-18
3.14653e-18
1.52679e-18
7.38918e-19
3.56697e-19
1.71755e-19
8.24979e-20
3.95293e-20
1.88953e-20
9.01084e-21
4.28716e-21
2.03508e-21
9.63871e-22
4.55507e-22
2.14796e-22
1.01071e-22
4.74577e-23
2.22374e-23
1.03986e-23
4.85271e-24
2.26012e-24
1.05058e-24
4.87398e-25
2.2569e-25
1.0431e-25
4.81211e-26
2.21591e-26
1.01856e-26
4.67356e-27
2.14067e-27
9.78812e-28
4.46795e-28
2.03604e-28
9.26284e-29
4.20716e-29
1.90779e-29
8.63732e-30
3.90429e-30
1.76209e-30
7.94049e-31
3.57278e-31
1.60514e-31
7.20074e-32
3.22556e-32
1.4428e-32
6.44442e-33
2.87442e-33
1.28029e-33
5.6947e-34
2.52953e-34
1.12208e-34
4.97083e-35
2.19919e-35
9.71697e-36
4.28786e-36
1.88972e-36
8.31775e-37
3.65658e-37
1.6055e-37
7.04067e-38
3.08387e-38
1.34915e-38
5.89538e-39
2.5731e-39
1.12176e-39
4.88482e-40
2.12473e-40
9.23156e-41
4.00649e-41
1.73691e-41
7.52175e-42
3.25382e-42
1.40607e-42
6.06963e-43
2.61737e-43
1.12751e-43
4.85209e-44
2.08593e-44
8.95848e-45
3.84359e-45
1.64745e-45
7.0545e-46
3.01786e-46
1.28979e-46
5.50712e-47
2.34922e-47
1.00119e-47
4.26297e-48
1.81347e-48
7.70752e-49
3.27288e-49
1.38854e-49
5.8858e-50
2.49272e-50
1.05479e-50
4.45947e-51
1.88379e-51
7.95088e-52
3.35301e-52
1.41285e-52
5.94837e-53
2.50234e-53
1.05183e-53
4.41769e-54
1.85396e-54
7.77434e-55
3.25752e-55
1.36387e-55
5.70593e-56
2.38533e-56
9.96419e-57
4.1592e-57
1.73482e-57
7.23064e-58
3.0115e-58
1.25335e-58
5.21253e-59
2.16628e-59
8.99647e-60
3.73356e-60
1.54836e-60
6.4168e-61
2.65746e-61
1.09981e-61
4.54856e-62
1.87992e-62
7.76449e-63
3.20479e-63
1.32191e-63
5.44901e-64
2.24467e-64
9.24079e-65
3.80178e-65
1.56311e-65
6.42273e-66
2.63741e-66
1.08235e-66
4.43902e-67
1.81946e-67
7.45303e-68
3.05114e-68
1.24833e-68
5.10436e-69
2.08591e-69
8.5191e-70
3.47728e-70
1.41851e-70
5.78334e-71
2.35654e-71
9.59678e-72
3.90599e-72
1.58889e-72
6.45975e-73
2.62481e-73
1.06596e-73
4.32661e-74
1.75517e-74
7.11635e-75
2.88379e-75
1.16799e-75
4.72809e-76
1.91296e-76
7.73568e-77
3.12656e-77
1.26302e-77
5.09959e-78
2.05797e-78
8.30084e-79
3.34648e-79
1.34846e-79
5.43091e-80
2.18622e-80
8.79637e-81
3.53754e-81
1.42197e-81
5.71307e-82
2.29426e-82
9.20892e-83
3.69463e-83
1.48159e-83
5.93862e-84
2.37925e-84
9.52787e-85
3.81375e-85
1.52585e-85
6.10203e-86
2.43917e-86
9.74576e-87
3.89221e-87
1.55376e-87
6.19988e-88
2.47281e-88
9.85852e-89
3.92866e-89
1.56491e-89
6.2309e-90
2.47986e-90
9.86553e-91
3.92312e-91
1.55941e-91
6.19599e-92
2.46082e-92
9.76951e-93
3.87693e-93
1.53789e-93
6.09803e-94
2.41701e-94
9.57621e-95
3.7926e-95
1.50144e-95
5.94168e-96
2.35039e-96
9.29401e-97
3.67365e-97
1.45153e-97
5.73306e-98
2.26351e-98
8.93335e-99
3.52438e-99
1.38992e-99
5.47939e-100
2.15931e-100
8.50624e-101
3.34966e-101
1.31858e-101
5.18864e-102
2.041e-102
8.0256e-103
3.15469e-103
1.2396e-103
4.86914e-104
1.91192e-104
7.50473e-105
2.94476e-105
1.15508e-105
4.52925e-106
1.77538e-106
6.95676e-107
2.72505e-107
1.06708e-107
4.17707e-108
1.63456e-108
6.39419e-109
2.50049e-109
9.77513e-110
3.82012e-110
1.49241e-110
5.82854e-111
2.27557e-111
8.88136e-112
3.46521e-112
1.35158e-112
5.27006e-113
2.05424e-113
8.00482e-114
3.11828e-114
1.21435e-114
4.72755e-115
1.8399e-115
7.15846e-116
2.78427e-116
1.08261e-116
4.20823e-117
1.6353e-117
6.35276e-118
2.46717e-118
9.57867e-119
3.71778e-119
1.44256e-119
5.59571e-120
2.16995e-120
8.41237e-121
3.26032e-121
1.26322e-121
4.89294e-122
1.89469e-122
7.33469e-123
2.83859e-123
1.09825e-123
4.24793e-124
1.6426e-124
6.34987e-125
2.45402e-125
9.48137e-126
3.66222e-126
1.41416e-126
5.45927e-127
2.10694e-127
8.12931e-128
3.13572e-128
1.20922e-128
4.66182e-129
1.79676e-129
6.92328e-130
2.66697e-130
1.02709e-130
3.95447e-131
1.52214e-131
5.85743e-132
2.25345e-132
8.66716e-133
3.33269e-133
1.28116e-133
4.92378e-134
1.89185e-134
7.26713e-135
2.79082e-135
1.0715e-135
4.11286e-136
1.5783e-136
6.05516e-137
2.3225e-137
8.90595e-138
3.41427e-138
1.30861e-138
5.0144e-139
1.92097e-139
7.35733e-140
2.81719e-140
1.07847e-140
4.12758e-141
1.57936e-141
6.04167e-142
2.31369e-142
8.06576e-143
)
;

boundaryField
{
    sides
    {
        type            zeroGradient;
    }
    empty
    {
        type            empty;
    }
}


// ************************************************************************* //
