/*--------------------------------*- C++ -*----------------------------------*\
  =========                 |
  \\      /  F ield         | OpenFOAM: The Open Source CFD Toolbox
   \\    /   O peration     | Website:  https://openfoam.org
    \\  /    A nd           | Version:  7
     \\/     M anipulation  |
\*---------------------------------------------------------------------------*/
FoamFile
{
    version     2.0;
    format      ascii;
    class       volScalarField;
    location    "1.95";
    object      T;
}
// * * * * * * * * * * * * * * * * * * * * * * * * * * * * * * * * * * * * * //

dimensions      [0 0 0 1 0 0 0];

internalField   nonuniform List<scalar> 
1000
(
0.0173853
0.0173876
0.0173921
0.017399
0.0174081
0.0174195
0.0174331
0.0174491
0.0174673
0.0174878
0.0175106
0.0175356
0.017563
0.0175926
0.0176245
0.0176587
0.0176951
0.0177339
0.0177749
0.0178182
0.0178638
0.0179117
0.0179619
0.0180144
0.0180692
0.0181262
0.0181856
0.0182472
0.0183112
0.0183774
0.018446
0.0185168
0.01859
0.0186654
0.0187432
0.0188232
0.0189056
0.0189903
0.0190773
0.0191666
0.0192583
0.0193522
0.0194485
0.0195471
0.019648
0.0197513
0.0198568
0.0199647
0.020075
0.0201876
0.0203025
0.0204197
0.0205393
0.0206613
0.0207856
0.0209122
0.0210412
0.0211725
0.0213062
0.0214423
0.0215807
0.0217215
0.0218647
0.0220102
0.0221581
0.0223084
0.022461
0.022616
0.0227735
0.0229332
0.0230954
0.02326
0.023427
0.0235963
0.0237681
0.0239422
0.0241188
0.0242978
0.0244792
0.0246629
0.0248491
0.0250378
0.0252288
0.0254223
0.0256181
0.0258165
0.0260172
0.0262204
0.026426
0.026634
0.0268445
0.0270574
0.0272728
0.0274906
0.0277109
0.0279336
0.0281588
0.0283864
0.0286165
0.028849
0.029084
0.0293215
0.0295614
0.0298038
0.0300487
0.0302961
0.0305459
0.0307982
0.031053
0.0313102
0.03157
0.0318322
0.0320969
0.0323641
0.0326338
0.032906
0.0331806
0.0334578
0.0337374
0.0340196
0.0343042
0.0345914
0.034881
0.0351731
0.0354678
0.0357649
0.0360645
0.0363667
0.0366713
0.0369784
0.0372881
0.0376002
0.0379149
0.038232
0.0385517
0.0388738
0.0391984
0.0395256
0.0398552
0.0401874
0.040522
0.0408592
0.0411988
0.041541
0.0418856
0.0422327
0.0425823
0.0429345
0.043289
0.0436461
0.0440057
0.0443678
0.0447323
0.0450993
0.0454688
0.0458407
0.0462152
0.0465921
0.0469714
0.0473532
0.0477375
0.0481243
0.0485134
0.0489051
0.0492992
0.0496957
0.0500946
0.050496
0.0508998
0.051306
0.0517147
0.0521257
0.0525392
0.0529551
0.0533733
0.053794
0.054217
0.0546424
0.0550702
0.0555004
0.0559329
0.0563677
0.0568049
0.0572445
0.0576864
0.0581306
0.0585771
0.0590259
0.059477
0.0599304
0.0603861
0.0608441
0.0613044
0.0617669
0.0622316
0.0626986
0.0631678
0.0636393
0.0641129
0.0645888
0.0650668
0.065547
0.0660294
0.0665139
0.0670006
0.0674895
0.0679804
0.0684735
0.0689686
0.0694659
0.0699652
0.0704666
0.07097
0.0714755
0.071983
0.0724925
0.073004
0.0735175
0.0740329
0.0745504
0.0750697
0.075591
0.0761142
0.0766392
0.0771662
0.077695
0.0782257
0.0787582
0.0792925
0.0798287
0.0803666
0.0809062
0.0814476
0.0819908
0.0825357
0.0830822
0.0836304
0.0841803
0.0847319
0.085285
0.0858398
0.0863962
0.0869541
0.0875135
0.0880745
0.088637
0.089201
0.0897664
0.0903333
0.0909016
0.0914713
0.0920424
0.0926148
0.0931886
0.0937637
0.0943401
0.0949178
0.0954967
0.0960768
0.0966582
0.0972407
0.0978244
0.0984092
0.0989951
0.0995821
0.10017
0.100759
0.101349
0.10194
0.102532
0.103125
0.103719
0.104314
0.10491
0.105506
0.106103
0.106701
0.1073
0.1079
0.1085
0.109101
0.109702
0.110304
0.110907
0.11151
0.112114
0.112718
0.113323
0.113928
0.114534
0.11514
0.115746
0.116353
0.11696
0.117567
0.118175
0.118783
0.11939
0.119998
0.120607
0.121215
0.121823
0.122431
0.12304
0.123648
0.124256
0.124864
0.125472
0.12608
0.126687
0.127294
0.127901
0.128508
0.129115
0.129721
0.130326
0.130932
0.131536
0.132141
0.132744
0.133347
0.13395
0.134552
0.135153
0.135754
0.136354
0.136953
0.137551
0.138148
0.138745
0.13934
0.139935
0.140529
0.141122
0.141713
0.142304
0.142893
0.143482
0.144069
0.144655
0.14524
0.145823
0.146405
0.146986
0.147565
0.148143
0.14872
0.149294
0.149868
0.15044
0.15101
0.151579
0.152145
0.152711
0.153274
0.153836
0.154396
0.154954
0.15551
0.156064
0.156616
0.157166
0.157715
0.158261
0.158805
0.159347
0.159887
0.160424
0.160959
0.161492
0.162023
0.162552
0.163078
0.163601
0.164122
0.164641
0.165157
0.165671
0.166182
0.16669
0.167196
0.167699
0.168199
0.168697
0.169192
0.169684
0.170173
0.170659
0.171142
0.171623
0.1721
0.172574
0.173046
0.173514
0.173979
0.174441
0.1749
0.175355
0.175808
0.176257
0.176702
0.177145
0.177584
0.178019
0.178452
0.17888
0.179306
0.179727
0.180146
0.18056
0.180971
0.181378
0.181782
0.182182
0.182578
0.182971
0.183359
0.183744
0.184125
0.184503
0.184876
0.185245
0.185611
0.185972
0.18633
0.186683
0.187032
0.187378
0.187719
0.188056
0.188389
0.188718
0.189042
0.189363
0.189679
0.18999
0.190298
0.190601
0.1909
0.191195
0.191485
0.19177
0.192052
0.192329
0.192601
0.192869
0.193132
0.193391
0.193645
0.193895
0.19414
0.194381
0.194617
0.194848
0.195075
0.195297
0.195514
0.195727
0.195935
0.196138
0.196336
0.19653
0.196719
0.196903
0.197082
0.197257
0.197426
0.197591
0.197751
0.197906
0.198056
0.198201
0.198341
0.198477
0.198607
0.198733
0.198854
0.198969
0.19908
0.199186
0.199286
0.199382
0.199473
0.199558
0.199639
0.199715
0.199786
0.199851
0.199912
0.199968
0.200018
0.200064
0.200104
0.200139
0.20017
0.200195
0.200215
0.200231
0.200241
0.200246
0.200246
0.200241
0.200231
0.200215
0.200195
0.20017
0.200139
0.200104
0.200064
0.200018
0.199968
0.199912
0.199851
0.199786
0.199715
0.199639
0.199558
0.199473
0.199382
0.199286
0.199186
0.19908
0.198969
0.198854
0.198733
0.198607
0.198477
0.198341
0.198201
0.198056
0.197906
0.197751
0.197591
0.197426
0.197257
0.197082
0.196903
0.196719
0.19653
0.196336
0.196138
0.195935
0.195727
0.195514
0.195297
0.195075
0.194848
0.194617
0.194381
0.19414
0.193895
0.193645
0.193391
0.193132
0.192869
0.192601
0.192329
0.192052
0.19177
0.191485
0.191195
0.1909
0.190601
0.190298
0.18999
0.189679
0.189363
0.189042
0.188718
0.188389
0.188056
0.187719
0.187378
0.187032
0.186683
0.18633
0.185972
0.185611
0.185245
0.184876
0.184503
0.184125
0.183744
0.183359
0.182971
0.182578
0.182182
0.181782
0.181378
0.180971
0.18056
0.180146
0.179727
0.179306
0.17888
0.178452
0.178019
0.177584
0.177145
0.176702
0.176257
0.175808
0.175355
0.1749
0.174441
0.173979
0.173514
0.173046
0.172574
0.1721
0.171623
0.171142
0.170659
0.170173
0.169684
0.169192
0.168697
0.168199
0.167699
0.167196
0.16669
0.166182
0.165671
0.165157
0.164641
0.164122
0.163601
0.163078
0.162552
0.162023
0.161492
0.160959
0.160424
0.159887
0.159347
0.158805
0.158261
0.157715
0.157166
0.156616
0.156064
0.15551
0.154954
0.154396
0.153836
0.153274
0.152711
0.152145
0.151579
0.15101
0.15044
0.149868
0.149294
0.14872
0.148143
0.147565
0.146986
0.146405
0.145823
0.14524
0.144655
0.144069
0.143482
0.142893
0.142304
0.141713
0.141122
0.140529
0.139935
0.13934
0.138745
0.138148
0.137551
0.136953
0.136354
0.135754
0.135153
0.134552
0.13395
0.133347
0.132744
0.132141
0.131536
0.130932
0.130326
0.129721
0.129115
0.128508
0.127901
0.127294
0.126687
0.12608
0.125472
0.124864
0.124256
0.123648
0.12304
0.122431
0.121823
0.121215
0.120607
0.119998
0.11939
0.118783
0.118175
0.117567
0.11696
0.116353
0.115746
0.11514
0.114534
0.113928
0.113323
0.112718
0.112114
0.11151
0.110907
0.110304
0.109702
0.109101
0.1085
0.1079
0.1073
0.106701
0.106103
0.105506
0.10491
0.104314
0.103719
0.103125
0.102532
0.10194
0.101349
0.100759
0.10017
0.0995821
0.0989951
0.0984092
0.0978244
0.0972407
0.0966582
0.0960768
0.0954967
0.0949178
0.0943401
0.0937637
0.0931886
0.0926148
0.0920424
0.0914713
0.0909016
0.0903333
0.0897664
0.089201
0.088637
0.0880745
0.0875135
0.0869541
0.0863962
0.0858398
0.085285
0.0847319
0.0841803
0.0836304
0.0830822
0.0825357
0.0819908
0.0814476
0.0809062
0.0803666
0.0798287
0.0792925
0.0787582
0.0782257
0.077695
0.0771662
0.0766392
0.0761142
0.075591
0.0750697
0.0745504
0.0740329
0.0735175
0.073004
0.0724925
0.071983
0.0714755
0.07097
0.0704666
0.0699652
0.0694659
0.0689686
0.0684735
0.0679804
0.0674895
0.0670006
0.0665139
0.0660294
0.065547
0.0650668
0.0645888
0.0641129
0.0636393
0.0631678
0.0626986
0.0622316
0.0617669
0.0613044
0.0608441
0.0603861
0.0599304
0.059477
0.0590259
0.0585771
0.0581306
0.0576864
0.0572445
0.0568049
0.0563677
0.0559329
0.0555004
0.0550702
0.0546424
0.054217
0.053794
0.0533733
0.0529551
0.0525392
0.0521257
0.0517147
0.051306
0.0508998
0.050496
0.0500946
0.0496957
0.0492992
0.0489051
0.0485134
0.0481243
0.0477375
0.0473532
0.0469714
0.0465921
0.0462152
0.0458407
0.0454688
0.0450993
0.0447323
0.0443678
0.0440057
0.0436461
0.043289
0.0429345
0.0425823
0.0422327
0.0418856
0.041541
0.0411988
0.0408592
0.040522
0.0401874
0.0398552
0.0395256
0.0391984
0.0388738
0.0385517
0.038232
0.0379149
0.0376002
0.0372881
0.0369784
0.0366713
0.0363667
0.0360645
0.0357649
0.0354678
0.0351731
0.034881
0.0345914
0.0343042
0.0340196
0.0337374
0.0334578
0.0331806
0.032906
0.0326338
0.0323641
0.0320969
0.0318322
0.03157
0.0313102
0.031053
0.0307982
0.0305459
0.0302961
0.0300487
0.0298038
0.0295614
0.0293215
0.029084
0.028849
0.0286165
0.0283864
0.0281588
0.0279336
0.0277109
0.0274906
0.0272728
0.0270574
0.0268445
0.026634
0.026426
0.0262204
0.0260172
0.0258165
0.0256181
0.0254223
0.0252288
0.0250378
0.0248491
0.0246629
0.0244792
0.0242978
0.0241188
0.0239422
0.0237681
0.0235963
0.023427
0.02326
0.0230954
0.0229332
0.0227735
0.022616
0.022461
0.0223084
0.0221581
0.0220102
0.0218647
0.0217215
0.0215807
0.0214423
0.0213062
0.0211725
0.0210412
0.0209122
0.0207856
0.0206613
0.0205393
0.0204197
0.0203025
0.0201876
0.020075
0.0199647
0.0198568
0.0197513
0.019648
0.0195471
0.0194485
0.0193522
0.0192583
0.0191666
0.0190773
0.0189903
0.0189056
0.0188232
0.0187432
0.0186654
0.01859
0.0185168
0.018446
0.0183774
0.0183112
0.0182472
0.0181856
0.0181262
0.0180692
0.0180144
0.0179619
0.0179117
0.0178638
0.0178182
0.0177749
0.0177339
0.0176951
0.0176587
0.0176245
0.0175926
0.017563
0.0175356
0.0175106
0.0174878
0.0174673
0.0174491
0.0174331
0.0174195
0.0174081
0.017399
0.0173921
0.0173876
0.0173853
)
;

boundaryField
{
    sides
    {
        type            zeroGradient;
    }
    empty
    {
        type            empty;
    }
}


// ************************************************************************* //
