/*--------------------------------*- C++ -*----------------------------------*\
  =========                 |
  \\      /  F ield         | OpenFOAM: The Open Source CFD Toolbox
   \\    /   O peration     | Website:  https://openfoam.org
    \\  /    A nd           | Version:  7
     \\/     M anipulation  |
\*---------------------------------------------------------------------------*/
FoamFile
{
    version     2.0;
    format      ascii;
    class       volScalarField;
    location    "1.36";
    object      T;
}
// * * * * * * * * * * * * * * * * * * * * * * * * * * * * * * * * * * * * * //

dimensions      [0 0 0 1 0 0 0];

internalField   nonuniform List<scalar> 
1000
(
0.00564533
0.00564687
0.00564996
0.00565459
0.00566076
0.00566848
0.00567774
0.00568855
0.00570091
0.00571481
0.00573027
0.00574728
0.00576585
0.00578598
0.00580766
0.00583091
0.00585573
0.00588212
0.00591008
0.00593961
0.00597073
0.00600343
0.00603772
0.00607361
0.00611109
0.00615017
0.00619086
0.00623317
0.00627709
0.00632263
0.00636981
0.00641862
0.00646907
0.00652117
0.00657492
0.00663033
0.00668741
0.00674617
0.00680661
0.00686873
0.00693256
0.00699808
0.00706533
0.00713429
0.00720498
0.00727741
0.00735158
0.00742751
0.00750521
0.00758468
0.00766593
0.00774897
0.00783382
0.00792048
0.00800896
0.00809927
0.00819143
0.00828544
0.00838131
0.00847906
0.0085787
0.00868023
0.00878367
0.00888903
0.00899633
0.00910557
0.00921676
0.00932992
0.00944506
0.0095622
0.00968134
0.00980249
0.00992568
0.0100509
0.0101782
0.0103076
0.010439
0.0105725
0.0107082
0.010846
0.0109859
0.0111279
0.0112722
0.0114186
0.0115672
0.011718
0.0118711
0.0120264
0.0121839
0.0123437
0.0125058
0.0126702
0.0128369
0.0130059
0.0131773
0.013351
0.0135271
0.0137057
0.0138866
0.0140699
0.0142557
0.0144439
0.0146346
0.0148278
0.0150235
0.0152217
0.0154225
0.0156258
0.0158317
0.0160401
0.0162512
0.0164649
0.0166812
0.0169002
0.0171218
0.0173462
0.0175732
0.0178029
0.0180354
0.0182707
0.0185087
0.0187495
0.0189931
0.0192395
0.0194887
0.0197409
0.0199958
0.0202537
0.0205145
0.0207782
0.0210448
0.0213144
0.021587
0.0218625
0.0221411
0.0224226
0.0227073
0.0229949
0.0232857
0.0235795
0.0238764
0.0241765
0.0244797
0.024786
0.0250955
0.0254082
0.0257241
0.0260432
0.0263656
0.0266912
0.02702
0.0273522
0.0276876
0.0280263
0.0283684
0.0287138
0.0290626
0.0294147
0.0297702
0.0301291
0.0304914
0.0308572
0.0312264
0.031599
0.0319751
0.0323547
0.0327378
0.0331244
0.0335145
0.0339081
0.0343053
0.0347061
0.0351104
0.0355183
0.0359298
0.0363449
0.0367636
0.0371859
0.0376119
0.0380415
0.0384748
0.0389118
0.0393524
0.0397967
0.0402448
0.0406965
0.0411519
0.0416111
0.042074
0.0425406
0.043011
0.0434851
0.043963
0.0444447
0.0449301
0.0454194
0.0459124
0.0464092
0.0469098
0.0474142
0.0479224
0.0484344
0.0489502
0.0494698
0.0499933
0.0505206
0.0510517
0.0515866
0.0521254
0.052668
0.0532144
0.0537647
0.0543188
0.0548767
0.0554384
0.056004
0.0565734
0.0571467
0.0577237
0.0583046
0.0588892
0.0594777
0.06007
0.0606661
0.0612661
0.0618697
0.0624772
0.0630885
0.0637035
0.0643223
0.0649449
0.0655712
0.0662012
0.066835
0.0674725
0.0681137
0.0687586
0.0694072
0.0700594
0.0707154
0.071375
0.0720382
0.072705
0.0733755
0.0740495
0.0747272
0.0754083
0.0760931
0.0767814
0.0774731
0.0781684
0.0788672
0.0795694
0.080275
0.0809841
0.0816965
0.0824124
0.0831316
0.0838541
0.0845799
0.085309
0.0860414
0.086777
0.0875158
0.0882578
0.0890029
0.0897512
0.0905026
0.0912571
0.0920146
0.0927751
0.0935386
0.0943051
0.0950745
0.0958468
0.0966219
0.0973999
0.0981807
0.0989642
0.0997505
0.100539
0.101331
0.102125
0.102922
0.103722
0.104523
0.105328
0.106135
0.106944
0.107755
0.108569
0.109385
0.110204
0.111024
0.111847
0.112672
0.113499
0.114328
0.115158
0.115991
0.116826
0.117662
0.118501
0.119341
0.120182
0.121026
0.12187
0.122717
0.123565
0.124414
0.125265
0.126117
0.12697
0.127825
0.128681
0.129538
0.130396
0.131255
0.132115
0.132976
0.133837
0.1347
0.135563
0.136427
0.137291
0.138156
0.139022
0.139888
0.140754
0.141621
0.142488
0.143355
0.144223
0.14509
0.145957
0.146825
0.147692
0.148559
0.149426
0.150292
0.151158
0.152024
0.152889
0.153754
0.154618
0.155481
0.156344
0.157205
0.158066
0.158926
0.159785
0.160642
0.161499
0.162354
0.163208
0.164061
0.164912
0.165762
0.16661
0.167456
0.168301
0.169144
0.169985
0.170824
0.171661
0.172496
0.173329
0.17416
0.174988
0.175814
0.176638
0.177459
0.178278
0.179094
0.179907
0.180717
0.181525
0.18233
0.183131
0.18393
0.184725
0.185518
0.186307
0.187092
0.187875
0.188653
0.189429
0.1902
0.190968
0.191732
0.192492
0.193248
0.194001
0.194749
0.195493
0.196233
0.196969
0.1977
0.198427
0.199149
0.199867
0.20058
0.201289
0.201993
0.202692
0.203386
0.204075
0.204759
0.205438
0.206112
0.206781
0.207445
0.208103
0.208755
0.209402
0.210044
0.21068
0.211311
0.211935
0.212554
0.213167
0.213774
0.214375
0.21497
0.215559
0.216142
0.216719
0.217289
0.217853
0.218411
0.218962
0.219506
0.220045
0.220576
0.221101
0.221619
0.22213
0.222635
0.223132
0.223623
0.224107
0.224583
0.225053
0.225515
0.225971
0.226419
0.226859
0.227293
0.227719
0.228137
0.228549
0.228952
0.229349
0.229737
0.230118
0.230491
0.230857
0.231215
0.231565
0.231907
0.232241
0.232568
0.232886
0.233197
0.233499
0.233794
0.234081
0.234359
0.234629
0.234891
0.235145
0.235391
0.235629
0.235858
0.236079
0.236292
0.236496
0.236692
0.23688
0.237059
0.23723
0.237392
0.237546
0.237692
0.237829
0.237957
0.238077
0.238189
0.238292
0.238386
0.238472
0.23855
0.238618
0.238679
0.23873
0.238773
0.238808
0.238833
0.238851
0.238859
0.238859
0.238851
0.238833
0.238808
0.238773
0.23873
0.238679
0.238618
0.23855
0.238472
0.238386
0.238292
0.238189
0.238077
0.237957
0.237829
0.237692
0.237546
0.237392
0.23723
0.237059
0.23688
0.236692
0.236496
0.236292
0.236079
0.235858
0.235629
0.235391
0.235145
0.234891
0.234629
0.234359
0.234081
0.233794
0.233499
0.233197
0.232886
0.232568
0.232241
0.231907
0.231565
0.231215
0.230857
0.230491
0.230118
0.229737
0.229349
0.228952
0.228549
0.228137
0.227719
0.227293
0.226859
0.226419
0.225971
0.225515
0.225053
0.224583
0.224107
0.223623
0.223132
0.222635
0.22213
0.221619
0.221101
0.220576
0.220045
0.219506
0.218962
0.218411
0.217853
0.217289
0.216719
0.216142
0.215559
0.21497
0.214375
0.213774
0.213167
0.212554
0.211935
0.211311
0.21068
0.210044
0.209402
0.208755
0.208103
0.207445
0.206781
0.206112
0.205438
0.204759
0.204075
0.203386
0.202692
0.201993
0.201289
0.20058
0.199867
0.199149
0.198427
0.1977
0.196969
0.196233
0.195493
0.194749
0.194001
0.193248
0.192492
0.191732
0.190968
0.1902
0.189429
0.188653
0.187875
0.187092
0.186307
0.185518
0.184725
0.18393
0.183131
0.18233
0.181525
0.180717
0.179907
0.179094
0.178278
0.177459
0.176638
0.175814
0.174988
0.17416
0.173329
0.172496
0.171661
0.170824
0.169985
0.169144
0.168301
0.167456
0.16661
0.165762
0.164912
0.164061
0.163208
0.162354
0.161499
0.160642
0.159785
0.158926
0.158066
0.157205
0.156344
0.155481
0.154618
0.153754
0.152889
0.152024
0.151158
0.150292
0.149426
0.148559
0.147692
0.146825
0.145957
0.14509
0.144223
0.143355
0.142488
0.141621
0.140754
0.139888
0.139022
0.138156
0.137291
0.136427
0.135563
0.1347
0.133837
0.132976
0.132115
0.131255
0.130396
0.129538
0.128681
0.127825
0.12697
0.126117
0.125265
0.124414
0.123565
0.122717
0.12187
0.121026
0.120182
0.119341
0.118501
0.117662
0.116826
0.115991
0.115158
0.114328
0.113499
0.112672
0.111847
0.111024
0.110204
0.109385
0.108569
0.107755
0.106944
0.106135
0.105328
0.104523
0.103722
0.102922
0.102125
0.101331
0.100539
0.0997505
0.0989642
0.0981807
0.0973999
0.0966219
0.0958468
0.0950745
0.0943051
0.0935386
0.0927751
0.0920146
0.0912571
0.0905026
0.0897512
0.0890029
0.0882578
0.0875158
0.086777
0.0860414
0.085309
0.0845799
0.0838541
0.0831316
0.0824124
0.0816965
0.0809841
0.080275
0.0795694
0.0788672
0.0781684
0.0774731
0.0767814
0.0760931
0.0754083
0.0747272
0.0740495
0.0733755
0.072705
0.0720382
0.071375
0.0707154
0.0700594
0.0694072
0.0687586
0.0681137
0.0674725
0.066835
0.0662012
0.0655712
0.0649449
0.0643223
0.0637035
0.0630885
0.0624772
0.0618697
0.0612661
0.0606661
0.06007
0.0594777
0.0588892
0.0583046
0.0577237
0.0571467
0.0565734
0.056004
0.0554384
0.0548767
0.0543188
0.0537647
0.0532144
0.052668
0.0521254
0.0515866
0.0510517
0.0505206
0.0499933
0.0494698
0.0489502
0.0484344
0.0479224
0.0474142
0.0469098
0.0464092
0.0459124
0.0454194
0.0449301
0.0444447
0.043963
0.0434851
0.043011
0.0425406
0.042074
0.0416111
0.0411519
0.0406965
0.0402448
0.0397967
0.0393524
0.0389118
0.0384748
0.0380415
0.0376119
0.0371859
0.0367636
0.0363449
0.0359298
0.0355183
0.0351104
0.0347061
0.0343053
0.0339081
0.0335145
0.0331244
0.0327378
0.0323547
0.0319751
0.031599
0.0312264
0.0308572
0.0304914
0.0301291
0.0297702
0.0294147
0.0290626
0.0287138
0.0283684
0.0280263
0.0276876
0.0273522
0.02702
0.0266912
0.0263656
0.0260432
0.0257241
0.0254082
0.0250955
0.024786
0.0244797
0.0241765
0.0238764
0.0235795
0.0232857
0.0229949
0.0227073
0.0224226
0.0221411
0.0218625
0.021587
0.0213144
0.0210448
0.0207782
0.0205145
0.0202537
0.0199958
0.0197409
0.0194887
0.0192395
0.0189931
0.0187495
0.0185087
0.0182707
0.0180354
0.0178029
0.0175732
0.0173462
0.0171218
0.0169002
0.0166812
0.0164649
0.0162512
0.0160401
0.0158317
0.0156258
0.0154225
0.0152217
0.0150235
0.0148278
0.0146346
0.0144439
0.0142557
0.0140699
0.0138866
0.0137057
0.0135271
0.013351
0.0131773
0.0130059
0.0128369
0.0126702
0.0125058
0.0123437
0.0121839
0.0120264
0.0118711
0.011718
0.0115672
0.0114186
0.0112722
0.0111279
0.0109859
0.010846
0.0107082
0.0105725
0.010439
0.0103076
0.0101782
0.0100509
0.00992568
0.00980249
0.00968134
0.0095622
0.00944506
0.00932992
0.00921676
0.00910557
0.00899633
0.00888903
0.00878367
0.00868023
0.0085787
0.00847906
0.00838131
0.00828544
0.00819143
0.00809927
0.00800896
0.00792048
0.00783382
0.00774897
0.00766593
0.00758468
0.00750521
0.00742751
0.00735158
0.00727741
0.00720498
0.00713429
0.00706533
0.00699808
0.00693256
0.00686873
0.00680661
0.00674617
0.00668741
0.00663033
0.00657492
0.00652117
0.00646907
0.00641862
0.00636981
0.00632263
0.00627709
0.00623317
0.00619086
0.00615017
0.00611109
0.00607361
0.00603772
0.00600343
0.00597073
0.00593961
0.00591008
0.00588212
0.00585573
0.00583091
0.00580766
0.00578598
0.00576585
0.00574728
0.00573027
0.00571481
0.00570091
0.00568855
0.00567774
0.00566848
0.00566076
0.00565459
0.00564996
0.00564687
0.00564533
)
;

boundaryField
{
    sides
    {
        type            zeroGradient;
    }
    empty
    {
        type            empty;
    }
}


// ************************************************************************* //
