/*--------------------------------*- C++ -*----------------------------------*\
  =========                 |
  \\      /  F ield         | OpenFOAM: The Open Source CFD Toolbox
   \\    /   O peration     | Website:  https://openfoam.org
    \\  /    A nd           | Version:  7
     \\/     M anipulation  |
\*---------------------------------------------------------------------------*/
FoamFile
{
    version     2.0;
    format      ascii;
    class       volScalarField;
    location    "0.12";
    object      T;
}
// * * * * * * * * * * * * * * * * * * * * * * * * * * * * * * * * * * * * * //

dimensions      [0 0 0 1 0 0 0];

internalField   nonuniform List<scalar> 
1000
(
3.01876e-13
3.03752e-13
3.07537e-13
3.13273e-13
3.21013e-13
3.30825e-13
3.42789e-13
3.56998e-13
3.73562e-13
3.92604e-13
4.14264e-13
4.38698e-13
4.66083e-13
4.96614e-13
5.30504e-13
5.67994e-13
6.09343e-13
6.5484e-13
7.048e-13
7.59568e-13
8.19519e-13
8.85066e-13
9.56657e-13
1.03478e-12
1.11997e-12
1.2128e-12
1.31391e-12
1.42398e-12
1.54375e-12
1.67404e-12
1.81572e-12
1.96975e-12
2.13717e-12
2.31909e-12
2.51674e-12
2.73144e-12
2.96464e-12
3.21788e-12
3.49286e-12
3.79142e-12
4.11553e-12
4.46737e-12
4.84925e-12
5.26372e-12
5.71352e-12
6.20163e-12
6.73128e-12
7.30595e-12
7.92944e-12
8.60586e-12
9.33964e-12
1.01356e-11
1.0999e-11
1.19355e-11
1.29511e-11
1.40526e-11
1.52471e-11
1.65424e-11
1.79469e-11
1.94698e-11
2.11209e-11
2.2911e-11
2.48517e-11
2.69554e-11
2.92358e-11
3.17076e-11
3.43867e-11
3.72904e-11
4.04372e-11
4.38473e-11
4.75427e-11
5.15469e-11
5.58856e-11
6.05863e-11
6.56791e-11
7.11963e-11
7.71729e-11
8.36469e-11
9.06593e-11
9.82545e-11
1.0648e-10
1.15389e-10
1.25036e-10
1.35482e-10
1.46793e-10
1.5904e-10
1.723e-10
1.86654e-10
2.02194e-10
2.19015e-10
2.37223e-10
2.56931e-10
2.7826e-10
3.01343e-10
3.26322e-10
3.53352e-10
3.826e-10
4.14245e-10
4.48481e-10
4.8552e-10
5.25587e-10
5.68928e-10
6.15807e-10
6.6651e-10
7.21346e-10
7.80647e-10
8.44774e-10
9.14114e-10
9.89087e-10
1.07014e-09
1.15778e-09
1.25251e-09
1.35491e-09
1.46559e-09
1.58522e-09
1.7145e-09
1.85422e-09
2.0052e-09
2.16833e-09
2.34459e-09
2.53502e-09
2.74075e-09
2.96298e-09
3.20302e-09
3.46229e-09
3.74231e-09
4.04472e-09
4.37127e-09
4.72388e-09
5.10461e-09
5.51565e-09
5.9594e-09
6.43842e-09
6.95548e-09
7.51356e-09
8.11588e-09
8.76588e-09
9.4673e-09
1.02242e-08
1.10407e-08
1.19217e-08
1.28721e-08
1.38973e-08
1.50031e-08
1.61958e-08
1.7482e-08
1.8869e-08
2.03646e-08
2.19772e-08
2.37158e-08
2.55901e-08
2.76105e-08
2.97882e-08
3.21353e-08
3.46648e-08
3.73907e-08
4.03279e-08
4.34925e-08
4.6902e-08
5.05749e-08
5.45313e-08
5.87928e-08
6.33824e-08
6.83249e-08
7.36472e-08
7.9378e-08
8.55479e-08
9.21902e-08
9.93403e-08
1.07037e-07
1.1532e-07
1.24234e-07
1.33827e-07
1.44148e-07
1.55253e-07
1.672e-07
1.80051e-07
1.93874e-07
2.08741e-07
2.24729e-07
2.41922e-07
2.60407e-07
2.80282e-07
3.01647e-07
3.24614e-07
3.49298e-07
3.75828e-07
4.04336e-07
4.3497e-07
4.67883e-07
5.03242e-07
5.41225e-07
5.82023e-07
6.2584e-07
6.72894e-07
7.23421e-07
7.77671e-07
8.35912e-07
8.98432e-07
9.65539e-07
1.03756e-06
1.11485e-06
1.19778e-06
1.28677e-06
1.38223e-06
1.48463e-06
1.59446e-06
1.71225e-06
1.83856e-06
1.974e-06
2.11921e-06
2.27487e-06
2.44173e-06
2.62056e-06
2.8122e-06
3.01755e-06
3.23757e-06
3.47328e-06
3.72576e-06
3.99618e-06
4.28579e-06
4.5959e-06
4.92792e-06
5.28338e-06
5.66388e-06
6.07112e-06
6.50695e-06
6.9733e-06
7.47227e-06
8.00607e-06
8.57705e-06
9.18773e-06
9.8408e-06
1.05391e-05
1.12857e-05
1.20838e-05
1.29369e-05
1.38486e-05
1.48228e-05
1.58638e-05
1.69758e-05
1.81637e-05
1.94325e-05
2.07873e-05
2.2234e-05
2.37785e-05
2.54272e-05
2.7187e-05
2.90649e-05
3.10688e-05
3.32067e-05
3.54873e-05
3.79197e-05
4.05139e-05
4.32799e-05
4.6229e-05
4.93726e-05
5.27233e-05
5.6294e-05
6.00987e-05
6.41521e-05
6.84698e-05
7.30684e-05
7.79654e-05
8.31795e-05
8.87302e-05
9.46385e-05
0.000100926
0.000107617
0.000114735
0.000122307
0.000130361
0.000138925
0.000148031
0.000157711
0.000168
0.000178934
0.000190552
0.000202895
0.000216005
0.000229928
0.000244712
0.000260407
0.000277067
0.000294748
0.00031351
0.000333414
0.000354527
0.000376918
0.00040066
0.00042583
0.000452509
0.000480783
0.000510741
0.000542478
0.000576093
0.00061169
0.000649379
0.000689276
0.000731502
0.000776184
0.000823455
0.000873456
0.000926334
0.000982243
0.00104135
0.00110381
0.00116982
0.00123955
0.0013132
0.00139099
0.00147311
0.0015598
0.00165128
0.00174781
0.00184964
0.00195703
0.00207027
0.00218965
0.00231548
0.00244806
0.00258773
0.00273485
0.00288976
0.00305284
0.00322449
0.00340512
0.00359514
0.00379499
0.00400515
0.00422607
0.00445827
0.00470224
0.00495854
0.00522771
0.00551032
0.00580698
0.0061183
0.00644492
0.00678751
0.00714675
0.00752335
0.00791804
0.00833159
0.00876478
0.00921841
0.00969332
0.0101904
0.0107105
0.0112545
0.0118234
0.0124182
0.0130398
0.0136893
0.0143677
0.0150761
0.0158156
0.0165874
0.0173926
0.0182324
0.019108
0.0200207
0.0209718
0.0219624
0.0229941
0.0240681
0.0251857
0.0263485
0.0275578
0.0288151
0.0301218
0.0314795
0.0328897
0.0343538
0.0358735
0.0374503
0.0390857
0.0407815
0.0425391
0.0443602
0.0462464
0.0481994
0.0502207
0.052312
0.054475
0.0567112
0.0590223
0.0614098
0.0638755
0.0664207
0.0690472
0.0717565
0.07455
0.0774293
0.0803959
0.083451
0.0865962
0.0898328
0.093162
0.0965852
0.100103
0.103718
0.10743
0.11124
0.115149
0.119159
0.123269
0.127481
0.131796
0.136213
0.140733
0.145357
0.150085
0.154916
0.159852
0.164891
0.170034
0.175281
0.180631
0.186082
0.191636
0.19729
0.203045
0.208898
0.214849
0.220896
0.227037
0.233272
0.239599
0.246014
0.252517
0.259105
0.265776
0.272528
0.279357
0.28626
0.293236
0.300281
0.307391
0.314564
0.321796
0.329083
0.336421
0.343808
0.351238
0.358708
0.366213
0.37375
0.381313
0.388899
0.396503
0.404119
0.411744
0.419373
0.427
0.43462
0.442229
0.449822
0.457393
0.464936
0.472448
0.479923
0.487354
0.494738
0.502069
0.509341
0.51655
0.523689
0.530754
0.53774
0.544641
0.551451
0.558167
0.564783
0.571293
0.577694
0.583979
0.590145
0.596186
0.602097
0.607875
0.613515
0.619012
0.624362
0.62956
0.634604
0.639488
0.644209
0.648763
0.653147
0.657358
0.661391
0.665244
0.668913
0.672396
0.675691
0.678793
0.681702
0.684414
0.686928
0.689241
0.691352
0.693259
0.69496
0.696455
0.697741
0.698819
0.699686
0.700343
0.700789
0.701024
0.701047
0.700859
0.700459
0.699849
0.699028
0.697997
0.696757
0.69531
0.693655
0.691796
0.689733
0.687468
0.685003
0.68234
0.679481
0.676428
0.673185
0.669753
0.666136
0.662337
0.658358
0.654203
0.649876
0.64538
0.640718
0.635895
0.630914
0.62578
0.620496
0.615067
0.609498
0.603792
0.597955
0.591991
0.585905
0.579701
0.573385
0.566962
0.560436
0.553813
0.547098
0.540296
0.533412
0.526451
0.51942
0.512322
0.505163
0.497949
0.490684
0.483375
0.476025
0.468641
0.461227
0.453789
0.446332
0.43886
0.431379
0.423893
0.416408
0.408928
0.401457
0.394
0.386562
0.379148
0.37176
0.364404
0.357083
0.349802
0.342564
0.335373
0.328232
0.321145
0.314116
0.307147
0.300242
0.293403
0.286633
0.279936
0.273312
0.266766
0.260298
0.253912
0.247609
0.241391
0.23526
0.229218
0.223265
0.217403
0.211633
0.205957
0.200376
0.194889
0.189499
0.184205
0.179008
0.173908
0.168906
0.164002
0.159196
0.154487
0.149877
0.145364
0.140948
0.136628
0.132406
0.128279
0.124247
0.120309
0.116465
0.112714
0.109055
0.105487
0.10201
0.0986207
0.0953197
0.0921054
0.0889767
0.0859324
0.0829712
0.0800918
0.0772929
0.0745733
0.0719315
0.0693661
0.0668758
0.0644592
0.0621149
0.0598413
0.0576371
0.0555009
0.0534312
0.0514265
0.0494854
0.0476065
0.0457883
0.0440293
0.0423283
0.0406837
0.0390941
0.0375582
0.0360746
0.0346418
0.0332586
0.0319237
0.0306356
0.029393
0.0281948
0.0270397
0.0259263
0.0248535
0.0238201
0.0228249
0.0218667
0.0209443
0.0200568
0.019203
0.0183817
0.0175921
0.0168329
0.0161034
0.0154024
0.014729
0.0140823
0.0134614
0.0128653
0.0122933
0.0117445
0.011218
0.0107132
0.0102291
0.00976511
0.00932042
0.00889435
0.00848621
0.00809532
0.00772104
0.00736275
0.00701983
0.0066917
0.00637779
0.00607753
0.00579041
0.0055159
0.00525349
0.00500272
0.00476311
0.00453422
0.0043156
0.00410683
0.00390752
0.00371727
0.00353571
0.00336247
0.0031972
0.00303956
0.00288924
0.00274592
0.0026093
0.00247908
0.002355
0.00223678
0.00212417
0.00201692
0.0019148
0.00181757
0.00172503
0.00163695
0.00155313
0.00147339
0.00139755
0.00132541
0.00125681
0.0011916
0.0011296
0.00107069
0.0010147
0.000961499
0.000910964
0.000862966
0.000817384
0.000774104
0.000733016
0.000694015
0.000657001
0.000621877
0.000588554
0.000556942
0.000526959
0.000498526
0.000471565
0.000446005
0.000421776
0.000398813
0.000377052
0.000356433
0.0003369
0.000318398
0.000300874
0.000284281
0.000268569
0.000253695
0.000239616
0.000226291
0.000213681
0.00020175
0.000190463
0.000179786
0.000169688
0.000160138
0.000151108
0.000142572
0.000134502
0.000126874
0.000119666
0.000112854
0.000106418
0.000100339
9.45957e-05
8.91718e-05
8.40496e-05
7.92131e-05
7.46468e-05
7.03362e-05
6.62675e-05
6.24275e-05
5.88038e-05
5.53847e-05
5.21589e-05
4.91159e-05
4.62457e-05
4.35387e-05
4.0986e-05
3.85791e-05
3.63098e-05
3.41706e-05
3.21542e-05
3.02538e-05
2.84629e-05
2.67754e-05
2.51855e-05
2.36877e-05
2.22768e-05
2.09479e-05
1.96965e-05
1.8518e-05
1.74084e-05
1.63637e-05
1.53803e-05
1.44547e-05
1.35835e-05
1.27636e-05
1.19921e-05
1.12662e-05
1.05833e-05
9.94092e-06
9.33668e-06
8.76838e-06
8.23394e-06
7.73139e-06
7.25888e-06
6.81465e-06
6.39705e-06
6.00452e-06
5.63559e-06
5.28888e-06
4.96307e-06
4.65694e-06
4.36932e-06
4.09913e-06
3.84532e-06
3.60693e-06
3.38304e-06
3.17278e-06
2.97535e-06
2.78998e-06
2.61594e-06
2.45257e-06
2.29921e-06
2.15527e-06
2.02018e-06
1.89341e-06
1.77445e-06
1.66284e-06
1.55813e-06
1.4599e-06
1.36775e-06
1.28133e-06
1.20027e-06
1.12426e-06
1.05298e-06
9.86141e-07
9.2348e-07
8.64736e-07
8.09668e-07
7.58052e-07
7.09674e-07
6.64335e-07
6.21847e-07
5.82035e-07
5.44732e-07
5.09784e-07
4.77044e-07
4.46375e-07
4.17648e-07
3.90742e-07
3.65544e-07
3.41948e-07
3.19852e-07
2.99164e-07
2.79794e-07
2.61661e-07
2.44686e-07
2.28797e-07
2.13925e-07
2.00007e-07
1.86982e-07
1.74793e-07
1.63388e-07
1.52718e-07
1.42734e-07
1.33395e-07
1.24659e-07
1.16487e-07
1.08844e-07
1.01696e-07
9.50113e-08
8.87604e-08
8.29155e-08
7.74506e-08
7.23415e-08
6.75651e-08
6.31002e-08
5.89267e-08
5.50258e-08
5.13801e-08
4.7973e-08
4.47891e-08
4.1814e-08
3.90341e-08
3.64369e-08
3.40105e-08
3.17438e-08
2.96264e-08
2.76486e-08
2.58013e-08
2.40761e-08
2.24649e-08
2.09603e-08
1.95554e-08
1.82436e-08
1.70188e-08
1.58753e-08
1.48079e-08
1.38114e-08
1.28813e-08
1.20131e-08
1.12028e-08
1.04466e-08
9.74095e-09
9.08243e-09
8.46797e-09
7.89465e-09
7.35975e-09
6.86072e-09
6.39519e-09
5.96092e-09
5.55585e-09
5.17803e-09
4.82565e-09
4.49702e-09
4.19054e-09
3.90475e-09
3.63826e-09
3.38979e-09
3.15812e-09
2.94213e-09
2.74078e-09
2.55308e-09
2.37811e-09
2.21502e-09
2.06301e-09
1.92134e-09
1.78931e-09
1.66628e-09
1.55162e-09
1.44479e-09
1.34525e-09
1.2525e-09
1.1661e-09
1.0856e-09
1.01061e-09
9.40765e-10
8.75703e-10
8.15105e-10
7.58666e-10
7.06105e-10
6.57158e-10
6.11578e-10
5.69137e-10
5.2962e-10
4.92829e-10
4.58577e-10
4.26691e-10
3.97009e-10
3.69382e-10
3.43668e-10
3.19737e-10
2.97467e-10
2.76744e-10
2.57463e-10
2.39525e-10
2.22838e-10
2.07316e-10
1.9288e-10
1.79456e-10
1.66974e-10
1.55371e-10
1.44587e-10
1.34565e-10
1.25255e-10
1.16607e-10
1.08578e-10
1.01126e-10
9.42116e-11
8.77998e-11
8.18572e-11
7.63529e-11
7.12584e-11
6.65473e-11
6.21953e-11
5.81798e-11
5.44802e-11
5.10773e-11
4.79536e-11
4.50933e-11
4.24816e-11
4.01053e-11
3.79524e-11
3.60123e-11
3.42752e-11
3.27328e-11
3.13777e-11
3.02035e-11
2.92049e-11
2.83777e-11
2.77186e-11
2.72252e-11
2.68962e-11
2.67313e-11
)
;

boundaryField
{
    sides
    {
        type            zeroGradient;
    }
    empty
    {
        type            empty;
    }
}


// ************************************************************************* //
