/*--------------------------------*- C++ -*----------------------------------*\
  =========                 |
  \\      /  F ield         | OpenFOAM: The Open Source CFD Toolbox
   \\    /   O peration     | Website:  https://openfoam.org
    \\  /    A nd           | Version:  7
     \\/     M anipulation  |
\*---------------------------------------------------------------------------*/
FoamFile
{
    version     2.0;
    format      ascii;
    class       volScalarField;
    location    "2.69";
    object      T;
}
// * * * * * * * * * * * * * * * * * * * * * * * * * * * * * * * * * * * * * //

dimensions      [0 0 0 1 0 0 0];

internalField   nonuniform List<scalar> 
1000
(
0
0
0
0
0
0
0
0
0
0
0
0
0
0
0
0
0
0
0
0
0
0
0
0
0
0
0
0
0
0
0
0
0
0
0
0
0
0
0
0
0
0
0
0
0
0
0
0
0
0
0
0
0
0
0
0
0
0
0
0
0
0
0
0
0
0
0
0
0
0
0
0
0
0
0
0
0
0
0
0
0
0
0
0
0
0
0
0
0
0
0
0
0
0
0
0
0
0
0
0
0
0
0
0
0
0
0
0
0
0
0
0
0
0
0
0
0
0
0
0
0
0
0
0
0
0
0
0
4.94066e-324
1.63042e-322
1.67982e-322
-1.45774e-319
-6.17913e-318
-1.12581e-316
1.37142e-315
1.61922e-313
5.03599e-312
4.02558e-311
-3.26389e-309
-1.60943e-307
-2.85273e-306
4.89919e-305
4.47074e-303
1.11586e-301
-3.58839e-301
-1.18112e-298
-3.63757e-297
-8.57063e-297
3.1637e-294
1.09201e-292
4.36165e-292
-8.96934e-290
-3.12012e-288
-7.79409e-288
2.71376e-285
8.44228e-284
-2.061e-283
-8.49637e-281
-2.06439e-279
2.6154e-278
2.59853e-276
3.96999e-275
-1.47689e-273
-7.17574e-272
-2.55895e-271
6.13375e-269
1.55805e-267
-2.46822e-266
-1.94956e-264
-1.5118e-263
1.52709e-261
4.18261e-260
-6.84219e-259
-5.02908e-257
-1.78522e-256
4.37669e-254
8.11007e-253
-2.90078e-251
-1.13531e-249
1.2378e-248
1.19249e-246
1.97349e-246
-1.07454e-243
-1.22724e-242
8.74259e-241
1.84479e-239
-6.60925e-238
-2.13052e-236
4.75366e-235
2.18893e-233
-3.35305e-232
-2.11211e-230
2.43569e-229
1.96543e-227
-1.95199e-226
-1.78646e-224
1.82086e-223
1.59005e-221
-1.95232e-220
-1.37519e-218
2.25263e-217
1.13223e-215
-2.61982e-214
-8.50238e-213
2.93763e-211
5.25228e-210
-3.07603e-208
-1.68905e-207
2.90707e-205
-1.83899e-204
-2.34248e-202
4.7369e-201
1.3905e-199
-6.27211e-198
-2.12022e-197
5.85754e-195
-8.67893e-194
-3.46979e-192
1.44728e-190
-6.31277e-192
-1.25478e-187
2.87597e-186
3.97815e-185
-3.47104e-183
5.57154e-182
1.47967e-180
-8.91554e-179
1.32375e-177
3.62081e-176
-2.25485e-174
4.19649e-173
5.10711e-172
-5.30293e-170
1.45418e-168
-8.74152e-168
-8.88369e-166
4.18819e-164
-9.37869e-163
3.86493e-162
6.13211e-160
-2.99189e-158
8.3467e-157
-1.38171e-155
-3.08999e-155
1.27663e-152
-6.08929e-151
2.06634e-149
-5.86707e-148
1.47447e-146
-3.37096e-145
7.12391e-144
-1.40621e-142
2.61163e-141
-4.58825e-140
7.6569e-139
-1.21774e-137
1.85056e-136
-2.69308e-135
3.76003e-134
-5.0443e-133
6.51106e-132
-8.09539e-131
9.70475e-130
-1.12269e-128
1.25423e-127
-1.354e-126
1.41322e-125
-1.42679e-124
1.3939e-123
-1.31815e-122
1.2069e-121
-1.07013e-120
9.1899e-120
-7.6442e-119
6.15892e-118
-4.80627e-117
3.63241e-116
-2.65819e-115
1.88311e-114
-1.29097e-113
8.56118e-113
-5.48906e-112
3.40045e-111
-2.03384e-110
1.17337e-109
-6.52227e-109
3.48832e-108
-1.79205e-107
8.8245e-107
-4.15406e-106
1.86293e-105
-7.92227e-105
3.17415e-104
-1.18686e-103
4.07927e-103
-1.25431e-102
3.25402e-102
-5.92848e-102
-7.32139e-103
7.21391e-101
-4.24688e-100
1.70069e-99
-5.18079e-99
1.10129e-98
-6.01599e-99
-8.35156e-98
5.13067e-97
-1.85468e-96
4.41497e-96
-3.86882e-96
-2.45669e-95
1.59387e-94
-5.33928e-94
1.01069e-93
3.479e-94
-1.11152e-92
4.70521e-92
-1.06892e-91
3.86775e-92
7.96688e-91
-3.7075e-90
8.35728e-90
-1.73604e-90
-6.51728e-89
2.71483e-88
-4.99853e-88
-3.69844e-88
5.52127e-87
-1.72505e-86
1.74749e-86
7.65746e-86
-4.05892e-85
7.87289e-85
5.15092e-85
-7.78181e-84
2.13431e-83
-9.19418e-84
-1.31245e-82
4.72558e-82
-4.64009e-82
-2.06567e-81
9.3799e-81
-1.21093e-80
-3.23979e-80
1.74592e-79
-2.48382e-79
-5.42087e-79
3.11514e-78
-4.3273e-78
-1.00014e-77
5.35174e-77
-6.39429e-77
-1.97453e-76
8.75439e-76
-7.38307e-76
-3.91287e-75
1.32836e-74
-4.23121e-75
-7.34257e-74
1.78538e-73
8.42486e-74
-1.24757e-72
1.93352e-72
3.71501e-72
-1.83676e-71
1.20104e-71
8.49198e-71
-2.18542e-70
-1.07999e-70
1.41857e-69
-1.73244e-69
-5.10428e-69
1.76131e-68
8.25686e-70
-9.69651e-68
1.38166e-67
3.20207e-67
-1.18231e-66
-6.77814e-68
6.26734e-66
-7.81157e-66
-2.23179e-65
6.74904e-65
3.16711e-65
-3.76399e-64
2.72129e-64
1.56067e-63
-3.02395e-63
-4.43227e-63
1.91565e-62
2.30857e-63
-9.35413e-62
7.62607e-62
3.7048e-61
-6.79516e-61
-1.13971e-60
4.05411e-60
1.99497e-60
-1.98772e-59
5.64476e-60
8.47094e-59
-8.27119e-59
-3.18498e-58
5.61337e-58
1.04328e-57
-3.01822e-57
-2.79941e-57
1.42841e-56
4.66385e-57
-6.20167e-56
8.51199e-57
2.52435e-55
-1.36109e-55
-9.76692e-55
8.94991e-55
3.62874e-54
-4.67859e-54
-1.30597e-53
2.17928e-53
4.59184e-53
-9.43982e-53
-1.59167e-52
3.8839e-52
5.49375e-52
-1.53627e-51
-1.90809e-51
5.88456e-51
6.73395e-51
-2.19195e-50
-2.43141e-50
7.95481e-50
8.99975e-50
-2.81216e-49
-3.40312e-49
9.66253e-49
1.30442e-48
-3.21187e-48
-5.0181e-48
1.02464e-47
1.91794e-47
-3.09526e-47
-7.21503e-47
8.64138e-47
2.649e-46
-2.11739e-46
-9.41664e-46
3.90577e-46
3.21393e-45
-1.04604e-46
-1.04259e-44
-3.82935e-45
3.1695e-44
2.59784e-44
-8.82404e-44
-1.23182e-43
2.14936e-43
4.91246e-43
-4.04783e-43
-1.7263e-42
2.66804e-43
5.38866e-42
2.40208e-42
-1.46873e-41
-1.64049e-41
3.29546e-41
7.02348e-41
-4.89183e-41
-2.38981e-40
-2.84608e-41
6.69022e-40
5.80786e-40
-1.46798e-39
-2.79289e-39
1.92959e-39
9.41721e-39
2.38729e-39
-2.41978e-38
-2.73816e-38
4.27359e-38
1.13092e-37
-1.41979e-38
-3.20082e-37
-2.61321e-37
6.11867e-37
1.2908e-36
-3.61752e-37
-3.78201e-36
-2.87395e-36
6.97943e-36
1.47861e-35
-2.53316e-36
-4.10192e-35
-3.80332e-35
6.3447e-35
1.68022e-34
2.83918e-35
-3.9339e-34
-5.27619e-34
3.69709e-34
1.7598e-33
1.19329e-33
-2.9185e-33
-6.54097e-33
-9.48012e-34
1.48576e-32
2.12148e-32
-8.90356e-33
-6.30388e-32
-6.12648e-32
7.0525e-32
2.41558e-31
1.58447e-31
-3.58918e-31
-8.71938e-31
-3.66384e-31
1.54096e-30
3.05111e-30
7.64756e-31
-6.02065e-30
-1.05741e-29
-1.60405e-30
2.20903e-29
3.68265e-29
4.86719e-30
-7.70717e-29
-1.29676e-28
-2.52496e-29
2.55599e-28
4.60156e-28
1.52487e-28
-7.94757e-28
-1.62592e-27
-8.58432e-28
2.23751e-27
5.61312e-27
4.34358e-27
-5.21703e-27
-1.84503e-26
-1.97958e-26
6.92035e-27
5.56175e-26
8.12865e-26
1.9784e-26
-1.43545e-25
-2.97567e-25
-2.16727e-25
2.60427e-25
9.42533e-25
1.14696e-24
5.16496e-26
-2.39143e-24
-4.54141e-24
-3.29494e-24
3.62342e-24
1.3936e-23
1.86452e-23
5.63333e-24
-2.92102e-23
-6.84794e-23
-7.04284e-23
8.93685e-24
1.68024e-22
3.12717e-22
2.6266e-22
-1.4171e-22
-8.43288e-22
-1.40018e-21
-1.04882e-21
8.32893e-22
3.9306e-21
6.33146e-21
4.78623e-21
-3.43564e-21
-1.73007e-20
-2.9092e-20
-2.48974e-20
8.56055e-21
7.07443e-20
1.33463e-19
1.38148e-19
1.76426e-20
-2.52382e-19
-5.87621e-19
-7.56926e-19
-4.30967e-19
6.37439e-19
2.32028e-18
3.83561e-18
3.71982e-18
3.1797e-19
-7.08447e-18
-1.67329e-17
-2.32499e-17
-1.80848e-17
7.20979e-18
5.45156e-17
1.11053e-16
1.43801e-16
1.02771e-16
-6.05741e-17
-3.57631e-16
-7.16939e-16
-9.48951e-16
-7.54357e-16
1.87496e-16
2.02892e-15
4.48393e-15
6.56665e-15
6.50473e-15
2.04707e-15
-8.6369e-15
-2.54202e-14
-4.43095e-14
-5.5881e-14
-4.52543e-14
4.90982e-15
1.07109e-13
2.57139e-13
4.19483e-13
5.14788e-13
4.17715e-13
-2.39073e-14
-9.37664e-13
-2.33678e-12
-3.99772e-12
-5.33073e-12
-5.29539e-12
-2.44141e-12
4.82446e-12
1.76461e-11
3.57431e-11
5.6094e-11
7.1494e-11
6.94383e-11
3.20813e-11
-6.17055e-11
-2.3097e-10
-4.82888e-10
-7.97897e-10
-1.11028e-09
-1.28662e-09
-1.10735e-09
-2.60624e-10
1.6384e-09
4.98489e-09
1.00575e-08
1.68054e-08
2.45329e-08
3.14744e-08
3.428e-08
2.74648e-08
2.93626e-09
-5.02106e-08
-1.45332e-07
-2.96877e-07
-5.1745e-07
-8.12492e-07
-1.17163e-06
-1.55543e-06
-1.87616e-06
-1.9709e-06
-1.56507e-06
-2.24552e-07
2.7058e-06
8.17922e-06
1.75415e-05
3.26448e-05
5.5981e-05
9.08373e-05
0.000141471
0.000213305
0.000313141
0.000449388
0.0006323
0.000874216
0.00118981
0.0015963
0.00211371
0.00276498
0.00357619
0.00457662
0.0057988
0.00727848
0.00905455
0.0111689
0.013666
0.0165928
0.0199981
0.0239321
0.0284457
0.0335901
0.0394157
0.0459715
0.0533043
0.0614579
0.070472
0.0803817
0.0912165
0.103
0.115748
0.12947
0.144166
0.15983
0.176445
0.193988
0.212426
0.231717
0.251812
0.272655
0.294183
0.316325
0.339007
0.362148
0.385665
0.409472
0.433481
0.457602
0.481748
0.505831
0.529764
0.553467
0.576859
0.599867
0.62242
0.644455
0.665913
0.686743
0.706898
0.72634
0.745036
0.76296
0.780092
0.796419
0.811933
0.826632
0.84052
0.853604
0.865896
0.877412
0.888174
0.898202
0.907522
0.916161
0.924149
0.931516
0.938293
0.944511
0.950203
0.9554
0.960134
0.964436
0.968335
0.971863
0.975045
0.977911
0.980485
0.982792
0.984855
0.986696
0.988335
0.989791
0.991081
0.992222
0.993227
0.994109
0.994881
0.995551
0.996127
0.996616
0.997023
0.997349
0.997595
0.997758
0.997835
0.997817
0.997694
0.997454
0.99708
0.996551
0.995844
0.994934
0.993788
0.992373
0.990652
0.988585
0.986127
0.983234
0.979857
0.975947
0.971454
0.966326
0.960515
0.953971
0.946648
0.938503
0.929495
0.919591
0.908761
0.896982
0.884237
0.870518
0.855824
0.840162
0.823548
0.806006
0.78757
0.76828
0.748185
0.727342
0.705815
0.683673
0.660992
0.637851
0.614334
0.590527
0.566519
0.542397
0.518251
0.494169
0.470235
0.446533
0.423141
0.400133
0.37758
0.355545
0.334087
0.313257
0.293102
0.27366
0.254964
0.23704
0.219908
0.203581
0.188067
0.173368
0.15948
0.146396
0.134104
0.122588
0.111826
0.101798
0.0924783
0.0838387
0.0758506
0.0684838
0.0617072
0.0554889
0.0497972
0.0446002
0.0398662
0.0355644
0.0316646
0.0281374
0.0249547
0.0220893
0.0195155
0.0172088
0.0151461
0.0133055
0.0116668
0.0102109
0.00892029
0.0077785
0.00677053
0.00588253
0.00510183
0.00441685
0.00381707
0.00329293
0.00283581
0.0024379
0.00209222
0.00179248
0.00153307
0.00130899
0.00111579
0.000949522
0.000806694
0.000684224
0.000579402
0.000489843
0.000413461
0.000348432
0.000293165
0.000246275
0.000206561
0.000172983
0.000144639
0.000120754
0.000100659
8.37818e-05
6.96294e-05
5.77813e-05
4.78782e-05
3.9614e-05
3.27283e-05
2.70002e-05
2.22425e-05
1.82969e-05
1.50298e-05
1.23286e-05
1.00986e-05
8.26047e-06
6.74754e-06
5.50411e-06
4.48368e-06
3.64746e-06
2.9632e-06
2.40407e-06
1.94784e-06
1.57611e-06
1.27363e-06
1.02786e-06
8.28443e-07
6.6685e-07
5.36088e-07
4.30418e-07
3.45139e-07
2.76409e-07
2.21088e-07
1.7662e-07
1.40921e-07
1.123e-07
8.93825e-08
7.10557e-08
5.64186e-08
4.4743e-08
3.54414e-08
2.80403e-08
2.21587e-08
1.74903e-08
1.37894e-08
1.08591e-08
8.54163e-09
6.7111e-09
5.26689e-09
4.12881e-09
3.23302e-09
2.52876e-09
1.97573e-09
1.54194e-09
1.20208e-09
9.36106e-10
7.28195e-10
5.65852e-10
4.39232e-10
3.40583e-10
2.63811e-10
2.0413e-10
1.57785e-10
1.21835e-10
9.39795e-11
7.2418e-11
5.57463e-11
4.28691e-11
3.29332e-11
2.52747e-11
1.93779e-11
1.4842e-11
1.13567e-11
8.68129e-12
6.62967e-12
5.05798e-12
3.85516e-12
2.93556e-12
2.23318e-12
1.69724e-12
1.2887e-12
9.77584e-13
7.40881e-13
5.60969e-13
4.24353e-13
3.20712e-13
2.42162e-13
1.82684e-13
1.3769e-13
1.03684e-13
7.80066e-14
5.86359e-14
4.40363e-14
3.30426e-14
2.47717e-14
1.85549e-14
1.38862e-14
1.03832e-14
7.75727e-15
5.79045e-15
4.31863e-15
3.21819e-15
2.39613e-15
1.78257e-15
1.32501e-15
9.84078e-16
7.30267e-16
5.41474e-16
4.01157e-16
2.96981e-16
2.1951e-16
1.63514e-16
1.10258e-16
)
;

boundaryField
{
    sides
    {
        type            zeroGradient;
    }
    empty
    {
        type            empty;
    }
}


// ************************************************************************* //
