/*--------------------------------*- C++ -*----------------------------------*\
  =========                 |
  \\      /  F ield         | OpenFOAM: The Open Source CFD Toolbox
   \\    /   O peration     | Website:  https://openfoam.org
    \\  /    A nd           | Version:  7
     \\/     M anipulation  |
\*---------------------------------------------------------------------------*/
FoamFile
{
    version     2.0;
    format      ascii;
    class       volScalarField;
    location    "0.82";
    object      T;
}
// * * * * * * * * * * * * * * * * * * * * * * * * * * * * * * * * * * * * * //

dimensions      [0 0 0 1 0 0 0];

internalField   nonuniform List<scalar> 
1000
(
0.000499459
0.000499812
0.000500519
0.000501579
0.000502994
0.000504763
0.000506889
0.000509371
0.000512211
0.000515412
0.000518973
0.000522897
0.000527187
0.000531843
0.000536869
0.000542267
0.000548039
0.000554189
0.00056072
0.000567634
0.000574936
0.000582628
0.000590715
0.000599201
0.00060809
0.000617385
0.000627093
0.000637217
0.000647762
0.000658735
0.000670138
0.00068198
0.000694264
0.000706998
0.000720187
0.000733837
0.000747955
0.000762548
0.000777623
0.000793187
0.000809247
0.00082581
0.000842885
0.00086048
0.000878602
0.00089726
0.000916463
0.00093622
0.000956539
0.000977431
0.000998903
0.00102097
0.00104363
0.00106691
0.00109081
0.00111534
0.00114051
0.00116634
0.00119284
0.00122001
0.00124787
0.00127644
0.00130571
0.00133572
0.00136646
0.00139796
0.00143022
0.00146326
0.0014971
0.00153174
0.00156721
0.00160351
0.00164066
0.00167868
0.00171759
0.00175739
0.00179811
0.00183975
0.00188235
0.00192591
0.00197045
0.00201599
0.00206255
0.00211014
0.00215879
0.0022085
0.00225931
0.00231123
0.00236428
0.00241848
0.00247385
0.00253041
0.00258818
0.00264718
0.00270744
0.00276898
0.00283181
0.00289596
0.00296146
0.00302832
0.00309657
0.00316623
0.00323734
0.0033099
0.00338395
0.00345951
0.00353662
0.00361528
0.00369553
0.0037774
0.00386091
0.00394609
0.00403297
0.00412157
0.00421192
0.00430406
0.00439801
0.0044938
0.00459145
0.00469101
0.0047925
0.00489594
0.00500138
0.00510884
0.00521836
0.00532996
0.00544368
0.00555955
0.00567761
0.00579789
0.00592042
0.00604524
0.00617238
0.00630187
0.00643376
0.00656808
0.00670486
0.00684414
0.00698595
0.00713034
0.00727735
0.007427
0.00757934
0.0077344
0.00789223
0.00805286
0.00821634
0.0083827
0.00855199
0.00872424
0.00889949
0.00907779
0.00925918
0.0094437
0.00963139
0.0098223
0.0100165
0.0102139
0.0104147
0.0106189
0.0108266
0.0110377
0.0112523
0.0114705
0.0116923
0.0119177
0.0121469
0.0123798
0.0126165
0.0128571
0.0131015
0.0133499
0.0136022
0.0138586
0.0141191
0.0143836
0.0146524
0.0149254
0.0152026
0.0154842
0.0157701
0.0160605
0.0163553
0.0166546
0.0169585
0.017267
0.0175802
0.0178981
0.0182207
0.0185482
0.0188805
0.0192178
0.01956
0.0199072
0.0202595
0.0206169
0.0209795
0.0213473
0.0217204
0.0220988
0.0224825
0.0228717
0.0232663
0.0236665
0.0240722
0.0244835
0.0249006
0.0253233
0.0257518
0.0261861
0.0266263
0.0270725
0.0275245
0.0279826
0.0284468
0.0289171
0.0293935
0.0298762
0.0303651
0.0308603
0.0313619
0.0318698
0.0323842
0.0329051
0.0334326
0.0339666
0.0345072
0.0350546
0.0356086
0.0361694
0.036737
0.0373114
0.0378928
0.038481
0.0390763
0.0396785
0.0402878
0.0409042
0.0415277
0.0421583
0.0427962
0.0434413
0.0440937
0.0447534
0.0454205
0.0460949
0.0467767
0.047466
0.0481627
0.048867
0.0495788
0.0502981
0.0510251
0.0517596
0.0525018
0.0532517
0.0540092
0.0547745
0.0555475
0.0563283
0.0571168
0.0579132
0.0587173
0.0595293
0.0603491
0.0611768
0.0620123
0.0628558
0.0637071
0.0645663
0.0654335
0.0663085
0.0671915
0.0680824
0.0689812
0.069888
0.0708027
0.0717253
0.0726559
0.0735943
0.0745407
0.075495
0.0764572
0.0774272
0.0784052
0.079391
0.0803847
0.0813862
0.0823955
0.0834126
0.0844374
0.08547
0.0865104
0.0875584
0.0886141
0.0896775
0.0907484
0.0918269
0.092913
0.0940066
0.0951076
0.0962161
0.0973319
0.0984551
0.0995855
0.100723
0.101868
0.10302
0.104179
0.105345
0.106519
0.107699
0.108886
0.110079
0.11128
0.112487
0.113701
0.114921
0.116147
0.11738
0.11862
0.119865
0.121117
0.122375
0.123639
0.124908
0.126184
0.127465
0.128752
0.130044
0.131342
0.132645
0.133953
0.135266
0.136585
0.137908
0.139237
0.140569
0.141907
0.143249
0.144595
0.145946
0.1473
0.148659
0.150022
0.151388
0.152758
0.154132
0.155508
0.156889
0.158272
0.159658
0.161047
0.162439
0.163833
0.16523
0.166629
0.16803
0.169433
0.170838
0.172244
0.173653
0.175062
0.176473
0.177884
0.179297
0.180711
0.182125
0.183539
0.184954
0.186368
0.187783
0.189197
0.190611
0.192025
0.193437
0.194849
0.19626
0.197669
0.199077
0.200483
0.201888
0.20329
0.204691
0.206089
0.207484
0.208877
0.210266
0.211653
0.213037
0.214417
0.215793
0.217166
0.218534
0.219898
0.221258
0.222614
0.223964
0.22531
0.22665
0.227986
0.229315
0.230639
0.231957
0.233269
0.234575
0.235874
0.237166
0.238452
0.23973
0.241002
0.242266
0.243522
0.24477
0.246011
0.247243
0.248467
0.249683
0.250889
0.252087
0.253275
0.254455
0.255624
0.256785
0.257935
0.259075
0.260205
0.261325
0.262434
0.263532
0.264619
0.265696
0.266761
0.267814
0.268856
0.269886
0.270905
0.271911
0.272904
0.273886
0.274854
0.27581
0.276754
0.277683
0.2786
0.279503
0.280393
0.281269
0.282132
0.28298
0.283814
0.284634
0.285439
0.28623
0.287006
0.287768
0.288514
0.289245
0.289962
0.290662
0.291348
0.292018
0.292672
0.29331
0.293933
0.294539
0.295129
0.295704
0.296261
0.296803
0.297328
0.297836
0.298327
0.298802
0.29926
0.299701
0.300125
0.300532
0.300922
0.301294
0.301649
0.301987
0.302307
0.30261
0.302895
0.303163
0.303413
0.303646
0.30386
0.304057
0.304237
0.304398
0.304541
0.304667
0.304775
0.304865
0.304936
0.30499
0.305026
0.305044
0.305044
0.305026
0.30499
0.304936
0.304865
0.304775
0.304667
0.304541
0.304398
0.304237
0.304057
0.30386
0.303646
0.303413
0.303163
0.302895
0.30261
0.302307
0.301987
0.301649
0.301294
0.300922
0.300532
0.300125
0.299701
0.29926
0.298802
0.298327
0.297836
0.297328
0.296803
0.296261
0.295704
0.295129
0.294539
0.293933
0.29331
0.292672
0.292018
0.291348
0.290662
0.289962
0.289245
0.288514
0.287768
0.287006
0.28623
0.285439
0.284634
0.283814
0.28298
0.282132
0.281269
0.280393
0.279503
0.2786
0.277683
0.276754
0.27581
0.274854
0.273886
0.272904
0.271911
0.270905
0.269886
0.268856
0.267814
0.266761
0.265696
0.264619
0.263532
0.262434
0.261325
0.260205
0.259075
0.257935
0.256785
0.255624
0.254455
0.253275
0.252087
0.250889
0.249683
0.248467
0.247243
0.246011
0.24477
0.243522
0.242266
0.241002
0.23973
0.238452
0.237166
0.235874
0.234575
0.233269
0.231957
0.230639
0.229315
0.227986
0.22665
0.22531
0.223964
0.222614
0.221258
0.219898
0.218534
0.217166
0.215793
0.214417
0.213037
0.211653
0.210266
0.208877
0.207484
0.206089
0.204691
0.20329
0.201888
0.200483
0.199077
0.197669
0.19626
0.194849
0.193437
0.192025
0.190611
0.189197
0.187783
0.186368
0.184954
0.183539
0.182125
0.180711
0.179297
0.177884
0.176473
0.175062
0.173653
0.172244
0.170838
0.169433
0.16803
0.166629
0.16523
0.163833
0.162439
0.161047
0.159658
0.158272
0.156889
0.155508
0.154132
0.152758
0.151388
0.150022
0.148659
0.1473
0.145946
0.144595
0.143249
0.141907
0.140569
0.139237
0.137908
0.136585
0.135266
0.133953
0.132645
0.131342
0.130044
0.128752
0.127465
0.126184
0.124908
0.123639
0.122375
0.121117
0.119865
0.11862
0.11738
0.116147
0.114921
0.113701
0.112487
0.11128
0.110079
0.108886
0.107699
0.106519
0.105345
0.104179
0.10302
0.101868
0.100723
0.0995855
0.0984551
0.0973319
0.0962161
0.0951076
0.0940066
0.092913
0.0918269
0.0907484
0.0896775
0.0886141
0.0875584
0.0865104
0.08547
0.0844374
0.0834126
0.0823955
0.0813862
0.0803847
0.079391
0.0784052
0.0774272
0.0764572
0.075495
0.0745407
0.0735943
0.0726559
0.0717253
0.0708027
0.069888
0.0689812
0.0680824
0.0671915
0.0663085
0.0654335
0.0645663
0.0637071
0.0628558
0.0620123
0.0611768
0.0603491
0.0595293
0.0587173
0.0579132
0.0571168
0.0563283
0.0555475
0.0547745
0.0540092
0.0532517
0.0525018
0.0517596
0.0510251
0.0502981
0.0495788
0.048867
0.0481627
0.047466
0.0467767
0.0460949
0.0454205
0.0447534
0.0440937
0.0434413
0.0427962
0.0421583
0.0415277
0.0409042
0.0402878
0.0396785
0.0390763
0.038481
0.0378928
0.0373114
0.036737
0.0361694
0.0356086
0.0350546
0.0345072
0.0339666
0.0334326
0.0329051
0.0323842
0.0318698
0.0313619
0.0308603
0.0303651
0.0298762
0.0293935
0.0289171
0.0284468
0.0279826
0.0275245
0.0270725
0.0266263
0.0261861
0.0257518
0.0253233
0.0249006
0.0244835
0.0240722
0.0236665
0.0232663
0.0228717
0.0224825
0.0220988
0.0217204
0.0213473
0.0209795
0.0206169
0.0202595
0.0199072
0.01956
0.0192178
0.0188805
0.0185482
0.0182207
0.0178981
0.0175802
0.017267
0.0169585
0.0166546
0.0163553
0.0160605
0.0157701
0.0154842
0.0152026
0.0149254
0.0146524
0.0143836
0.0141191
0.0138586
0.0136022
0.0133499
0.0131015
0.0128571
0.0126165
0.0123798
0.0121469
0.0119177
0.0116923
0.0114705
0.0112523
0.0110377
0.0108266
0.0106189
0.0104147
0.0102139
0.0100165
0.0098223
0.00963139
0.0094437
0.00925918
0.00907779
0.00889949
0.00872424
0.00855199
0.0083827
0.00821634
0.00805286
0.00789223
0.0077344
0.00757934
0.007427
0.00727735
0.00713034
0.00698595
0.00684414
0.00670486
0.00656808
0.00643376
0.00630187
0.00617238
0.00604524
0.00592042
0.00579789
0.00567761
0.00555955
0.00544368
0.00532996
0.00521836
0.00510884
0.00500138
0.00489594
0.0047925
0.00469101
0.00459145
0.0044938
0.00439801
0.00430406
0.00421192
0.00412157
0.00403297
0.00394609
0.00386091
0.0037774
0.00369553
0.00361528
0.00353662
0.00345951
0.00338395
0.0033099
0.00323734
0.00316623
0.00309657
0.00302832
0.00296146
0.00289596
0.00283181
0.00276898
0.00270744
0.00264718
0.00258818
0.00253041
0.00247385
0.00241848
0.00236428
0.00231123
0.00225931
0.0022085
0.00215879
0.00211014
0.00206255
0.00201599
0.00197045
0.00192591
0.00188235
0.00183975
0.00179811
0.00175739
0.00171759
0.00167868
0.00164066
0.00160351
0.00156721
0.00153174
0.0014971
0.00146326
0.00143022
0.00139796
0.00136646
0.00133572
0.00130571
0.00127644
0.00124787
0.00122001
0.00119284
0.00116634
0.00114051
0.00111534
0.00109081
0.00106691
0.00104363
0.00102097
0.000998903
0.000977431
0.000956539
0.00093622
0.000916463
0.00089726
0.000878602
0.00086048
0.000842885
0.00082581
0.000809247
0.000793187
0.000777623
0.000762548
0.000747955
0.000733837
0.000720187
0.000706998
0.000694264
0.00068198
0.000670138
0.000658735
0.000647762
0.000637217
0.000627093
0.000617385
0.00060809
0.000599201
0.000590715
0.000582628
0.000574936
0.000567634
0.00056072
0.000554189
0.000548039
0.000542267
0.000536869
0.000531843
0.000527187
0.000522897
0.000518973
0.000515412
0.000512211
0.000509371
0.000506889
0.000504763
0.000502994
0.000501579
0.000500519
0.000499812
0.000499459
)
;

boundaryField
{
    sides
    {
        type            zeroGradient;
    }
    empty
    {
        type            empty;
    }
}


// ************************************************************************* //
