/*--------------------------------*- C++ -*----------------------------------*\
  =========                 |
  \\      /  F ield         | OpenFOAM: The Open Source CFD Toolbox
   \\    /   O peration     | Website:  https://openfoam.org
    \\  /    A nd           | Version:  7
     \\/     M anipulation  |
\*---------------------------------------------------------------------------*/
FoamFile
{
    version     2.0;
    format      ascii;
    class       volScalarField;
    location    "0.003";
    object      rho;
}
// * * * * * * * * * * * * * * * * * * * * * * * * * * * * * * * * * * * * * //

dimensions      [1 -3 0 0 0 0 0];

internalField   nonuniform List<scalar> 
10000
(
0.997574
0.997574
0.997574
0.997574
0.997574
0.997574
0.997574
0.997574
0.997574
0.997574
0.997574
0.997574
0.997574
0.997574
0.997574
0.997574
0.997574
0.997574
0.997574
0.997574
0.997574
0.997574
0.997574
0.997574
0.997574
0.997574
0.997574
0.997574
0.997574
0.997574
0.997574
0.997574
0.997574
0.997574
0.997574
0.997574
0.997574
0.997574
0.997574
0.997574
0.997574
0.997574
0.997574
0.997574
0.997574
0.997574
0.997574
0.997574
0.997574
0.997574
0.997574
0.997574
0.997574
0.997574
0.997574
0.997574
0.997574
0.997574
0.997574
0.997574
0.997574
0.997574
0.997574
0.997574
0.997574
0.997574
0.997574
0.997574
0.997574
0.997574
0.997574
0.997574
0.997574
0.997574
0.997574
0.997574
0.997574
0.997574
0.997574
0.997574
0.997574
0.997574
0.997574
0.997574
0.997574
0.997574
0.997574
0.997574
0.997574
0.997574
0.997574
0.997574
0.997574
0.997574
0.997574
0.997574
0.997574
0.997574
0.997574
0.997574
0.997574
0.997574
0.997574
0.997574
0.997574
0.997574
0.997574
0.997574
0.997574
0.997574
0.997574
0.997574
0.997574
0.997574
0.997574
0.997574
0.997574
0.997574
0.997574
0.997574
0.997574
0.997574
0.997574
0.997574
0.997574
0.997574
0.997574
0.997574
0.997574
0.997574
0.997574
0.997574
0.997574
0.997574
0.997574
0.997574
0.997574
0.997574
0.997574
0.997574
0.997574
0.997574
0.997574
0.997574
0.997574
0.997574
0.997574
0.997574
0.997574
0.997574
0.997574
0.997574
0.997574
0.997574
0.997574
0.997574
0.997574
0.997574
0.997574
0.997574
0.997574
0.997574
0.997574
0.997574
0.997574
0.997574
0.997574
0.997574
0.997574
0.997574
0.997574
0.997574
0.997574
0.997574
0.997574
0.997574
0.997574
0.997574
0.997574
0.997574
0.997574
0.997574
0.997574
0.997574
0.997574
0.997574
0.997574
0.997574
0.997574
0.997574
0.997574
0.997574
0.997574
0.997574
0.997574
0.997574
0.997574
0.997574
0.997574
0.997574
0.997574
0.997574
0.997574
0.997574
0.997574
0.997574
0.997574
0.997574
0.997574
0.997574
0.997574
0.997574
0.997574
0.997574
0.997574
0.997574
0.997574
0.997574
0.997574
0.997574
0.997574
0.997574
0.997574
0.997574
0.997574
0.997574
0.997574
0.997574
0.997574
0.997574
0.997574
0.997574
0.997574
0.997574
0.997574
0.997574
0.997574
0.997574
0.997574
0.997574
0.997574
0.997574
0.997574
0.997574
0.997574
0.997574
0.997574
0.997574
0.997574
0.997574
0.997574
0.997574
0.997574
0.997574
0.997574
0.997574
0.997574
0.997574
0.997574
0.997574
0.997574
0.997574
0.997574
0.997574
0.997574
0.997574
0.997574
0.997574
0.997574
0.997574
0.997574
0.997574
0.997574
0.997574
0.997574
0.997574
0.997574
0.997574
0.997574
0.997574
0.997574
0.997574
0.997574
0.997574
0.997574
0.997574
0.997574
0.997574
0.997574
0.997574
0.997574
0.997574
0.997574
0.997574
0.997574
0.997574
0.997574
0.997574
0.997574
0.997574
0.997574
0.997574
0.997574
0.997574
0.997574
0.997574
0.997574
0.997574
0.997574
0.997574
0.997574
0.997574
0.997574
0.997574
0.997574
0.997574
0.997574
0.997574
0.997574
0.997574
0.997574
0.997574
0.997574
0.997574
0.997574
0.997574
0.997574
0.997574
0.997574
0.997574
0.997574
0.997574
0.997574
0.997574
0.997574
0.997574
0.997574
0.997574
0.997574
0.997574
0.997574
0.997574
0.997574
0.997574
0.997574
0.997574
0.997574
0.997574
0.997574
0.997574
0.997574
0.997574
0.997574
0.997574
0.997574
0.997574
0.997574
0.997574
0.997574
0.997574
0.997574
0.997574
0.997574
0.997574
0.997574
0.997574
0.997574
0.997574
0.997574
0.997574
0.997574
0.997574
0.997574
0.997574
0.997574
0.997574
0.997574
0.997574
0.997574
0.997574
0.997574
0.997574
0.997574
0.997574
0.997574
0.997574
0.997574
0.997574
0.997574
0.997574
0.997574
0.997574
0.997574
0.997574
0.997574
0.997574
0.997574
0.997574
0.997574
0.997574
0.997574
0.997574
0.997574
0.997574
0.997574
0.997574
0.997574
0.997574
0.997574
0.997574
0.997574
0.997574
0.997574
0.997574
0.997574
0.997574
0.997574
0.997574
0.997574
0.997574
0.997574
0.997574
0.997574
0.997574
0.997574
0.997574
0.997574
0.997574
0.997574
0.997574
0.997574
0.997574
0.997574
0.997574
0.997574
0.997574
0.997574
0.997574
0.997574
0.997574
0.997574
0.997574
0.997574
0.997574
0.997574
0.997574
0.997574
0.997574
0.997574
0.997574
0.997574
0.997574
0.997574
0.997574
0.997574
0.997574
0.997574
0.997574
0.997574
0.997574
0.997574
0.997574
0.997574
0.997574
0.997574
0.997574
0.997574
0.997574
0.997574
0.997574
0.997574
0.997574
0.997574
0.997574
0.997574
0.997574
0.997574
0.997574
0.997574
0.997574
0.997574
0.997574
0.997574
0.997574
0.997574
0.997574
0.997574
0.997574
0.997574
0.997574
0.997574
0.997574
0.997574
0.997574
0.997574
0.997574
0.997574
0.997574
0.997574
0.997574
0.997574
0.997574
0.997574
0.997574
0.997574
0.997574
0.997574
0.997574
0.997574
0.997574
0.997574
0.997574
0.997574
0.997574
0.997574
0.997574
0.997574
0.997574
0.997574
0.997574
0.997574
0.997574
0.997574
0.997574
0.997574
0.997574
0.997574
0.997574
0.997574
0.997574
0.997574
0.997574
0.997574
0.997574
0.997574
0.997574
0.997574
0.997574
0.997574
0.997574
0.997574
0.997574
0.997574
0.997574
0.997574
0.997574
0.997574
0.997574
0.997574
0.997574
0.997574
0.997574
0.997574
0.997574
0.997574
0.997574
0.997574
0.997574
0.997574
0.997574
0.997574
0.997574
0.997574
0.997574
0.997574
0.997574
0.997574
0.997574
0.997574
0.997574
0.997574
0.997574
0.997574
0.997574
0.997574
0.997574
0.997574
0.997574
0.997574
0.997574
0.997574
0.997574
0.997574
0.997574
0.997574
0.997574
0.997574
0.997574
0.997574
0.997574
0.997574
0.997574
0.997574
0.997574
0.997574
0.997574
0.997574
0.997574
0.997574
0.997574
0.997574
0.997574
0.997574
0.997574
0.997574
0.997574
0.997574
0.997574
0.997574
0.997574
0.997574
0.997574
0.997574
0.997574
0.997574
0.997574
0.997574
0.997574
0.997574
0.997574
0.997574
0.997574
0.997574
0.997574
0.997574
0.997574
0.997574
0.997574
0.997574
0.997574
0.997574
0.997574
0.997574
0.997574
0.997574
0.997574
0.997574
0.997574
0.997574
0.997574
0.997574
0.997574
0.997574
0.997574
0.997574
0.997574
0.997574
0.997574
0.997574
0.997574
0.997574
0.997574
0.997574
0.997574
0.997574
0.997574
0.997574
0.997574
0.997574
0.997574
0.997574
0.997574
0.997574
0.997574
0.997574
0.997574
0.997574
0.997574
0.997574
0.997574
0.997574
0.997574
0.997574
0.997574
0.997574
0.997574
0.997574
0.997574
0.997574
0.997574
0.997574
0.997574
0.997574
0.997574
0.997574
0.997574
0.997574
0.997574
0.997574
0.997574
0.997574
0.997574
0.997574
0.997574
0.997574
0.997574
0.997574
0.997574
0.997574
0.997574
0.997574
0.997574
0.997574
0.997574
0.997574
0.997574
0.997574
0.997574
0.997574
0.997574
0.997574
0.997574
0.997574
0.997574
0.997574
0.997574
0.997574
0.997574
0.997574
0.997574
0.997574
0.997574
0.997574
0.997574
0.997574
0.997574
0.997574
0.997574
0.997574
0.997574
0.997574
0.997574
0.997574
0.997574
0.997574
0.997574
0.997574
0.997574
0.997574
0.997574
0.997574
0.997574
0.997574
0.997574
0.997574
0.997574
0.997574
0.997574
0.997574
0.997574
0.997574
0.997574
0.997574
0.997574
0.997574
0.997574
0.997574
0.997574
0.997574
0.997574
0.997574
0.997574
0.997574
0.997574
0.997574
0.997574
0.997574
0.997574
0.997574
0.997574
0.997574
0.997574
0.997574
0.997574
0.997574
0.997574
0.997574
0.997574
0.997574
0.997574
0.997574
0.997574
0.997574
0.997574
0.997574
0.997574
0.997574
0.997574
0.997574
0.997574
0.997574
0.997574
0.997574
0.997574
0.997574
0.997574
0.997574
0.997574
0.997574
0.997574
0.997574
0.997574
0.997574
0.997574
0.997574
0.997574
0.997574
0.997574
0.997574
0.997574
0.997574
0.997574
0.997574
0.997574
0.997574
0.997574
0.997574
0.997574
0.997574
0.997574
0.997574
0.997574
0.997574
0.997574
0.997574
0.997574
0.997574
0.997574
0.997574
0.997574
0.997574
0.997574
0.997574
0.997574
0.997574
0.997574
0.997574
0.997574
0.997574
0.997574
0.997574
0.997574
0.997574
0.997574
0.997574
0.997574
0.997574
0.997574
0.997574
0.997574
0.997574
0.997574
0.997574
0.997574
0.997574
0.997574
0.997574
0.997574
0.997574
0.997574
0.997574
0.997574
0.997574
0.997574
0.997574
0.997574
0.997574
0.997574
0.997574
0.997574
0.997574
0.997574
0.997574
0.997574
0.997574
0.997574
0.997574
0.997574
0.997574
0.997574
0.997574
0.997574
0.997574
0.997574
0.997574
0.997574
0.997574
0.997574
0.997574
0.997574
0.997574
0.997574
0.997574
0.997574
0.997574
0.997574
0.997574
0.997574
0.997574
0.997574
0.997574
0.997574
0.997574
0.997574
0.997574
0.997574
0.997574
0.997574
0.997574
0.997574
0.997574
0.997574
0.997574
0.997574
0.997574
0.997574
0.997574
0.997574
0.997574
0.997574
0.997574
0.997574
0.997574
0.997574
0.997574
0.997574
0.997574
0.997574
0.997574
0.997574
0.997574
0.997574
0.997574
0.997574
0.997574
0.997574
0.997574
0.997574
0.997574
0.997574
0.997574
0.997574
0.997574
0.997574
0.997574
0.997574
0.997574
0.997574
0.997574
0.997574
0.997574
0.997574
0.997574
0.997574
0.997574
0.997574
0.997574
0.997574
0.997574
0.997574
0.997574
0.997574
0.997574
0.997574
0.997574
0.997574
0.997574
0.997574
0.997574
0.997574
0.997574
0.997574
0.997574
0.997574
0.997574
0.997574
0.997574
0.997574
0.997574
0.997574
0.997574
0.997574
0.997574
0.997574
0.997574
0.997574
0.997574
0.997574
0.997574
0.997574
0.997574
0.997574
0.997574
0.997574
0.997574
0.997574
0.997574
0.997574
0.997574
0.997574
0.997574
0.997574
0.997574
0.997574
0.997574
0.997574
0.997574
0.997574
0.997574
0.997574
0.997574
0.997574
0.997574
0.997574
0.997574
0.997574
0.997574
0.997574
0.997574
0.997574
0.997574
0.997574
0.997574
0.997574
0.997574
0.997574
0.997574
0.997574
0.997574
0.997574
0.997574
0.997574
0.997574
0.997574
0.997574
0.997574
0.997574
0.997574
0.997574
0.997574
0.997574
0.997574
0.997574
0.997574
0.997574
0.997574
0.997574
0.997574
0.997574
0.997574
0.997574
0.997574
0.997574
0.997574
0.997574
0.997574
0.997574
0.997574
0.997574
0.997574
0.997574
0.997574
0.997574
0.997574
0.997574
0.997574
0.997574
0.997574
0.997574
0.997574
0.997574
0.997574
0.997574
0.997574
0.997574
0.997574
0.997574
0.997574
0.997574
0.997574
0.997574
0.997574
0.997574
0.997574
0.997574
0.997574
0.997574
0.997574
0.997574
0.997574
0.997574
0.997574
0.997574
0.997574
0.997574
0.997574
0.997574
0.997574
0.997574
0.997574
0.997574
0.997574
0.997574
0.997574
0.997574
0.997574
0.997574
0.997574
0.997574
0.997574
0.997574
0.997574
0.997574
0.997574
0.997574
0.997574
0.997574
0.997574
0.997574
0.997574
0.997574
0.997574
0.997574
0.997574
0.997574
0.997574
0.997574
0.997574
0.997574
0.997574
0.997574
0.997574
0.997574
0.997574
0.997574
0.997574
0.997574
0.997574
0.997574
0.997574
0.997574
0.997574
0.997574
0.997574
0.997574
0.997574
0.997574
0.997574
0.997574
0.997574
0.997574
0.997574
0.997574
0.997574
0.997574
0.997574
0.997574
0.997574
0.997574
0.997574
0.997574
0.997574
0.997574
0.997574
0.997574
0.997574
0.997574
0.997574
0.997574
0.997574
0.997574
0.997574
0.997574
0.997574
0.997574
0.997574
0.997574
0.997574
0.997574
0.997574
0.997574
0.997574
0.997574
0.997574
0.997574
0.997574
0.997574
0.997574
0.997574
0.997574
0.997574
0.997574
0.997574
0.997574
0.997574
0.997574
0.997574
0.997574
0.997574
0.997574
0.997574
0.997574
0.997574
0.997574
0.997574
0.997574
0.997574
0.997574
0.997574
0.997574
0.997574
0.997574
0.997574
0.997574
0.997574
0.997574
0.997574
0.997574
0.997574
0.997574
0.997574
0.997574
0.997574
0.997574
0.997574
0.997574
0.997574
0.997574
0.997574
0.997574
0.997574
0.997574
0.997574
0.997574
0.997574
0.997574
0.997574
0.997574
0.997574
0.997574
0.997574
0.997574
0.997574
0.997574
0.997574
0.997574
0.997574
0.997574
0.997574
0.997574
0.997574
0.997574
0.997574
0.997574
0.997574
0.997574
0.997574
0.997574
0.997574
0.997574
0.997574
0.997574
0.997574
0.997574
0.997574
0.997574
0.997574
0.997574
0.997574
0.997574
0.997574
0.997574
0.997574
0.997574
0.997574
0.997574
0.997574
0.997574
0.997574
0.997574
0.997574
0.997574
0.997574
0.997574
0.997574
0.997574
0.997574
0.997574
0.997574
0.997574
0.997574
0.997574
0.997574
0.997574
0.997574
0.997574
0.997574
0.997574
0.997574
0.997574
0.997574
0.997574
0.997574
0.997574
0.997574
0.997574
0.997574
0.997574
0.997574
0.997574
0.997574
0.997574
0.997574
0.997574
0.997574
0.997574
0.997574
0.997574
0.997574
0.997574
0.997574
0.997574
0.997574
0.997574
0.997574
0.997574
0.997574
0.997574
0.997574
0.997574
0.997574
0.997574
0.997574
0.997574
0.997574
0.997574
0.997574
0.997574
0.997574
0.997574
0.997574
0.997574
0.997574
0.997574
0.997574
0.997574
0.997574
0.997574
0.997574
0.997574
0.997574
0.997574
0.997574
0.997574
0.997574
0.997574
0.997574
0.997574
0.997574
0.997574
0.997574
0.997574
0.997574
0.997574
0.997574
0.997574
0.997574
0.997574
0.997574
0.997574
0.997574
0.997574
0.997574
0.997574
0.997574
0.997574
0.997574
0.997574
0.997574
0.997574
0.997574
0.997574
0.997574
0.997574
0.997574
0.997574
0.997574
0.997574
0.997574
0.997574
0.997574
0.997574
0.997574
0.997574
0.997574
0.997574
0.997574
0.997574
0.997574
0.997574
0.997574
0.997574
0.997574
0.997574
0.997574
0.997574
0.997574
0.997574
0.997574
0.997574
0.997574
0.997574
0.997574
0.997574
0.997574
0.997574
0.997574
0.997574
0.997574
0.997574
0.997574
0.997574
0.997574
0.997574
0.997574
0.997574
0.997574
0.997574
0.997574
0.997574
0.997574
0.997574
0.997574
0.997574
0.997574
0.997574
0.997574
0.997574
0.997574
0.997574
0.997574
0.997574
0.997574
0.997574
0.997574
0.997574
0.997574
0.997574
0.997574
0.997574
0.997574
0.997574
0.997574
0.997574
0.997574
0.997574
0.997574
0.997574
0.997574
0.997574
0.997574
0.997574
0.997574
0.997574
0.997574
0.997574
0.997574
0.997574
0.997574
0.997574
0.997574
0.997574
0.997574
0.997574
0.997574
0.997574
0.997574
0.997574
0.997574
0.997574
0.997574
0.997574
0.997574
0.997574
0.997574
0.997574
0.997574
0.997574
0.997574
0.997574
0.997574
0.997574
0.997574
0.997574
0.997574
0.997574
0.997574
0.997574
0.997574
0.997574
0.997574
0.997574
0.997574
0.997574
0.997574
0.997574
0.997574
0.997574
0.997574
0.997574
0.997574
0.997574
0.997574
0.997574
0.997574
0.997574
0.997574
0.997574
0.997574
0.997574
0.997574
0.997574
0.997574
0.997574
0.997574
0.997574
0.997574
0.997574
0.997574
0.997574
0.997574
0.997574
0.997574
0.997574
0.997574
0.997574
0.997574
0.997574
0.997574
0.997574
0.997574
0.997574
0.997574
0.997574
0.997574
0.997574
0.997574
0.997574
0.997574
0.997574
0.997574
0.997574
0.997574
0.997574
0.997574
0.997574
0.997574
0.997574
0.997574
0.997574
0.997574
0.997574
0.997574
0.997574
0.997574
0.997574
0.997574
0.997574
0.997574
0.997574
0.997574
0.997574
0.997574
0.997574
0.997574
0.997574
0.997574
0.997574
0.997574
0.997574
0.997574
0.997574
0.997574
0.997574
0.997574
0.997574
0.997574
0.997574
0.997574
0.997574
0.997574
0.997574
0.997574
0.997574
0.997574
0.997574
0.997574
0.997574
0.997574
0.997574
0.997574
0.997574
0.997574
0.997574
0.997574
0.997574
0.997574
0.997574
0.997574
0.997574
0.997574
0.997574
0.997574
0.997574
0.997574
0.997574
0.997574
0.997574
0.997574
0.997574
0.997574
0.997574
0.997574
0.997574
0.997574
0.997574
0.997574
0.997574
0.997574
0.997574
0.997574
0.997574
0.997574
0.997574
0.997574
0.997574
0.997574
0.997574
0.997574
0.997574
0.997574
0.997574
0.997574
0.997574
0.997574
0.997574
0.997574
0.997574
0.997574
0.997574
0.997574
0.997574
0.997574
0.997574
0.997574
0.997574
0.997574
0.997574
0.997574
0.997574
0.997574
0.997574
0.997574
0.997574
0.997574
0.997574
0.997574
0.997574
0.997574
0.997574
0.997574
0.997574
0.997574
0.997574
0.997574
0.997574
0.997574
0.997574
0.997574
0.997574
0.997574
0.997574
0.997574
0.997574
0.997574
0.997574
0.997574
0.997574
0.997574
0.997574
0.997574
0.997574
0.997574
0.997574
0.997574
0.997574
0.997574
0.997574
0.997574
0.997574
0.997574
0.997574
0.997574
0.997574
0.997574
0.997574
0.997574
0.997574
0.997574
0.997574
0.997574
0.997574
0.997574
0.997574
0.997574
0.997574
0.997574
0.997574
0.997574
0.997574
0.997574
0.997574
0.997574
0.997574
0.997574
0.997574
0.997574
0.997574
0.997574
0.997574
0.997574
0.997574
0.997574
0.997574
0.997574
0.997574
0.997574
0.997574
0.997574
0.997574
0.997574
0.997574
0.997574
0.997574
0.997574
0.997574
0.997574
0.997574
0.997574
0.997574
0.997574
0.997574
0.997574
0.997574
0.997574
0.997574
0.997574
0.997574
0.997574
0.997574
0.997574
0.997574
0.997574
0.997574
0.997574
0.997574
0.997574
0.997574
0.997574
0.997574
0.997574
0.997574
0.997574
0.997574
0.997574
0.997574
0.997574
0.997574
0.997574
0.997574
0.997574
0.997574
0.997574
0.997574
0.997574
0.997574
0.997574
0.997574
0.997574
0.997574
0.997574
0.997574
0.997574
0.997574
0.997574
0.997574
0.997574
0.997574
0.997574
0.997574
0.997574
0.997574
0.997574
0.997574
0.997574
0.997574
0.997574
0.997574
0.997574
0.997574
0.997574
0.997574
0.997574
0.997574
0.997574
0.997574
0.997574
0.997574
0.997574
0.997574
0.997574
0.997574
0.997574
0.997574
0.997574
0.997574
0.997574
0.997574
0.997574
0.997574
0.997574
0.997574
0.997574
0.997574
0.997574
0.997574
0.997574
0.997574
0.997574
0.997574
0.997574
0.997574
0.997574
0.997574
0.997574
0.997574
0.997574
0.997574
0.997574
0.997574
0.997574
0.997574
0.997574
0.997574
0.997574
0.997574
0.997574
0.997574
0.997574
0.997574
0.997574
0.997574
0.997574
0.997574
0.997574
0.997574
0.997574
0.997574
0.997574
0.997574
0.997574
0.997574
0.997574
0.997574
0.997574
0.997574
0.997574
0.997574
0.997574
0.997574
0.997574
0.997574
0.997574
0.997574
0.997574
0.997574
0.997574
0.997574
0.997574
0.997574
0.997574
0.997574
0.997574
0.997574
0.997574
0.997574
0.997574
0.997574
0.997574
0.997574
0.997574
0.997574
0.997574
0.997574
0.997574
0.997574
0.997574
0.997574
0.997574
0.997574
0.997574
0.997574
0.997574
0.997574
0.997574
0.997574
0.997574
0.997574
0.997574
0.997574
0.997574
0.997574
0.997574
0.997574
0.997574
0.997574
0.997574
0.997574
0.997574
0.997574
0.997574
0.997574
0.997574
0.997574
0.997574
0.997574
0.997574
0.997574
0.997574
0.997574
0.997574
0.997574
0.997574
0.997574
0.997574
0.997574
0.997574
0.997574
0.997574
0.997574
0.997574
0.997574
0.997574
0.997574
0.997574
0.997574
0.997574
0.997574
0.997574
0.997574
0.997574
0.997574
0.997574
0.997574
0.997574
0.997574
0.997574
0.997574
0.997574
0.997574
0.997574
0.997574
0.997574
0.997574
0.997574
0.997574
0.997574
0.997574
0.997574
0.997574
0.997574
0.997574
0.997574
0.997574
0.997574
0.997574
0.997574
0.997574
0.997574
0.997574
0.997574
0.997574
0.997574
0.997574
0.997574
0.997574
0.997574
0.997574
0.997574
0.997574
0.997574
0.997574
0.997574
0.997574
0.997574
0.997574
0.997574
0.997574
0.997574
0.997574
0.997574
0.997574
0.997574
0.997574
0.997574
0.997574
0.997574
0.997574
0.997574
0.997574
0.997574
0.997574
0.997574
0.997574
0.997574
0.997574
0.997574
0.997574
0.997574
0.997574
0.997574
0.997574
0.997574
0.997574
0.997574
0.997574
0.997574
0.997574
0.997574
0.997574
0.997574
0.997574
0.997574
0.997574
0.997574
0.997574
0.997574
0.997574
0.997574
0.997574
0.997574
0.997574
0.997574
0.997574
0.997574
0.997574
0.997574
0.997574
0.997574
0.997574
0.997574
0.997574
0.997574
0.997574
0.997574
0.997574
0.997574
0.997574
0.997574
0.997574
0.997574
0.997574
0.997574
0.997574
0.997574
0.997574
0.997574
0.997574
0.997574
0.997574
0.997574
0.997574
0.997574
0.997574
0.997574
0.997574
0.997574
0.997574
0.997574
0.997574
0.997574
0.997574
0.997574
0.997574
0.997574
0.997574
0.997574
0.997574
0.997574
0.997574
0.997574
0.997574
0.997574
0.997574
0.997574
0.997574
0.997574
0.997574
0.997574
0.997574
0.997574
0.997574
0.997574
0.997574
0.997574
0.997574
0.997574
0.997574
0.997574
0.997574
0.997574
0.997574
0.997574
0.997574
0.997574
0.997574
0.997574
0.997574
0.997574
0.997574
0.997574
0.997574
0.997574
0.997574
0.997574
0.997574
0.997574
0.997574
0.997574
0.997574
0.997574
0.997574
0.997574
0.997574
0.997574
0.997574
0.997574
0.997574
0.997574
0.997574
0.997574
0.997574
0.997574
0.997574
0.997574
0.997574
0.997574
0.997574
0.997574
0.997574
0.997574
0.997574
0.997574
0.997574
0.997574
0.997574
0.997574
0.997574
0.997574
0.997574
0.997574
0.997574
0.997574
0.997574
0.997574
0.997574
0.997574
0.997574
0.997574
0.997574
0.997574
0.997574
0.997574
0.997574
0.997574
0.997574
0.997574
0.997574
0.997574
0.997574
0.997574
0.997574
0.997574
0.997574
0.997574
0.997574
0.997574
0.997574
0.997574
0.997574
0.997574
0.997574
0.997574
0.997574
0.997574
0.997574
0.997574
0.997574
0.997574
0.997574
0.997574
0.997574
0.997574
0.997574
0.997574
0.997574
0.997574
0.997574
0.997574
0.997574
0.997574
0.997574
0.997574
0.997574
0.997574
0.997574
0.997574
0.997574
0.997574
0.997574
0.997574
0.997574
0.997574
0.997574
0.997574
0.997574
0.997574
0.997574
0.997574
0.997574
0.997574
0.997574
0.997574
0.997574
0.997574
0.997574
0.997574
0.997574
0.997574
0.997574
0.997574
0.997574
0.997574
0.997574
0.997574
0.997574
0.997574
0.997574
0.997574
0.997574
0.997574
0.997574
0.997574
0.997574
0.997574
0.997574
0.997574
0.997574
0.997574
0.997574
0.997574
0.997574
0.997574
0.997574
0.997574
0.997574
0.997574
0.997574
0.997574
0.997574
0.997574
0.997574
0.997574
0.997574
0.997574
0.997574
0.997574
0.997574
0.997574
0.997574
0.997574
0.997574
0.997574
0.997574
0.997574
0.997574
0.997574
0.997574
0.997574
0.997574
0.997574
0.997574
0.997574
0.997574
0.997574
0.997574
0.997574
0.997574
0.997574
0.997574
0.997574
0.997574
0.997574
0.997574
0.997574
0.997574
0.997574
0.997574
0.997574
0.997574
0.997574
0.997574
0.997574
0.997574
0.997574
0.997574
0.997574
0.997574
0.997574
0.997574
0.997574
0.997574
0.997574
0.997574
0.997574
0.997574
0.997574
0.997574
0.997574
0.997574
0.997574
0.997574
0.997574
0.997574
0.997574
0.997574
0.997574
0.997574
0.997574
0.997574
0.997574
0.997574
0.997574
0.997574
0.997574
0.997574
0.997574
0.997574
0.997574
0.997574
0.997574
0.997574
0.997574
0.997574
0.997574
0.997574
0.997574
0.997574
0.997574
0.997574
0.997574
0.997574
0.997574
0.997574
0.997574
0.997574
0.997574
0.997574
0.997574
0.997574
0.997574
0.997574
0.997574
0.997574
0.997574
0.997574
0.997574
0.997574
0.997574
0.997574
0.997574
0.997574
0.997574
0.997574
0.997574
0.997574
0.997574
0.997574
0.997574
0.997574
0.997574
0.997574
0.997574
0.997574
0.997574
0.997574
0.997574
0.997574
0.997574
0.997574
0.997574
0.997574
0.997574
0.997574
0.997574
0.997574
0.997574
0.997574
0.997574
0.997574
0.997574
0.997574
0.997574
0.997574
0.997574
0.997574
0.997574
0.997574
0.997574
0.997574
0.997574
0.997574
0.997574
0.997574
0.997574
0.997574
0.997574
0.997574
0.997574
0.997574
0.997574
0.997574
0.997574
0.997574
0.997574
0.997574
0.997574
0.997574
0.997574
0.997574
0.997574
0.997574
0.997574
0.997574
0.997574
0.997574
0.997574
0.997574
0.997574
0.997574
0.997574
0.997574
0.997574
0.997574
0.997574
0.997574
0.997574
0.997574
0.997574
0.997574
0.997574
0.997574
0.997574
0.997574
0.997574
0.997574
0.997574
0.997574
0.997574
0.997574
0.997574
0.997574
0.997574
0.997574
0.997574
0.997574
0.997574
0.997574
0.997574
0.997574
0.997574
0.997574
0.997574
0.997574
0.997574
0.997574
0.997574
0.997574
0.997574
0.997574
0.997574
0.997574
0.997574
0.997574
0.997574
0.997574
0.997574
0.997574
0.997574
0.997574
0.997574
0.997574
0.997574
0.997574
0.997574
0.997574
0.997574
0.997574
0.997574
0.997574
0.997574
0.997574
0.997574
0.997574
0.997574
0.997574
0.997574
0.997574
0.997574
0.997574
0.997574
0.997574
0.997574
0.997574
0.997574
0.997574
0.997574
0.997574
0.997574
0.997574
0.997574
0.997574
0.997574
0.997574
0.997574
0.997574
0.997574
0.997574
0.997574
0.997574
0.997574
0.997574
0.997574
0.997574
0.997574
0.997574
0.997574
0.997574
0.997574
0.997574
0.997574
0.997574
0.997574
0.997574
0.997574
0.997574
0.997574
0.997574
0.997574
0.997574
0.997574
0.997574
0.997574
0.997574
0.997574
0.997574
0.997574
0.997574
0.997574
0.997574
0.997574
0.997574
0.997574
0.997574
0.997574
0.997574
0.997574
0.997574
0.997574
0.997574
0.997574
0.997574
0.997574
0.997574
0.997574
0.997574
0.997574
0.997574
0.997574
0.997574
0.997574
0.997574
0.997574
0.997574
0.997574
0.997574
0.997574
0.997574
0.997574
0.997574
0.997574
0.997574
0.997574
0.997574
0.997574
0.997574
0.997574
0.997574
0.997574
0.997574
0.997574
0.997574
0.997574
0.997574
0.997574
0.997574
0.997574
0.997574
0.997574
0.997574
0.997574
0.997574
0.997574
0.997574
0.997574
0.997574
0.997574
0.997574
0.997574
0.997574
0.997574
0.997574
0.997574
0.997574
0.997574
0.997574
0.997574
0.997574
0.997574
0.997574
0.997574
0.997574
0.997574
0.997574
0.997574
0.997574
0.997574
0.997574
0.997574
0.997574
0.997574
0.997574
0.997574
0.997574
0.997574
0.997574
0.997574
0.997574
0.997574
0.997574
0.997574
0.997574
0.997574
0.997574
0.997574
0.997574
0.997574
0.997574
0.997574
0.997574
0.997574
0.997574
0.997574
0.997574
0.997574
0.997574
0.997574
0.997574
0.997574
0.997574
0.997574
0.997574
0.997574
0.997574
0.997574
0.997574
0.997574
0.997574
0.997574
0.997574
0.997574
0.997574
0.997574
0.997574
0.997574
0.997574
0.997574
0.997574
0.997574
0.997574
0.997574
0.997574
0.997574
0.997574
0.997574
0.997574
0.997574
0.997574
0.997574
0.997574
0.997574
0.997574
0.997574
0.997574
0.997574
0.997574
0.997574
0.997574
0.997574
0.997574
0.997574
0.997574
0.997574
0.997574
0.997574
0.997574
0.997574
0.997574
0.997574
0.997574
0.997574
0.997574
0.997574
0.997574
0.997574
0.997574
0.997574
0.997574
0.997574
0.997574
0.997574
0.997574
0.997574
0.997574
0.997574
0.997574
0.997574
0.997574
0.997574
0.997574
0.997574
0.997574
0.997574
0.997574
0.997574
0.997574
0.997574
0.997574
0.997574
0.997574
0.997574
0.997574
0.997574
0.997574
0.997574
0.997574
0.997574
0.997574
0.997574
0.997574
0.997574
0.997574
0.997574
0.997574
0.997574
0.997574
0.997574
0.997574
0.997574
0.997574
0.997574
0.997574
0.997574
0.997574
0.997574
0.997574
0.997574
0.997574
0.997574
0.997574
0.997574
0.997574
0.997574
0.997574
0.997574
0.997574
0.997574
0.997574
0.997574
0.997574
0.997574
0.997574
0.997574
0.997574
0.997574
0.997574
0.997574
0.997574
0.997574
0.997574
0.997574
0.997574
0.997574
0.997574
0.997574
0.997574
0.997574
0.997574
0.997574
0.997574
0.997574
0.997574
0.997574
0.997574
0.997574
0.997574
0.997574
0.997574
0.997574
0.997574
0.997574
0.997574
0.997574
0.997574
0.997574
0.997574
0.997574
0.997574
0.997574
0.997574
0.997574
0.997574
0.997574
0.997574
0.997574
0.997574
0.997574
0.997574
0.997574
0.997574
0.997574
0.997574
0.997574
0.997574
0.997574
0.997574
0.997574
0.997574
0.997574
0.997574
0.997574
0.997574
0.997574
0.997574
0.997574
0.997574
0.997574
0.997574
0.997574
0.997574
0.997574
0.997574
0.997574
0.997574
0.997574
0.997574
0.997574
0.997574
0.997574
0.997574
0.997574
0.997574
0.997574
0.997574
0.997574
0.997574
0.997574
0.997574
0.997574
0.997574
0.997574
0.997574
0.997574
0.997574
0.997574
0.997574
0.997574
0.997574
0.997574
0.997574
0.997574
0.997574
0.997574
0.997574
0.997574
0.997574
0.997574
0.997574
0.997574
0.997574
0.997574
0.997574
0.997574
0.997574
0.997574
0.997574
0.997574
0.997574
0.997574
0.997574
0.997574
0.997574
0.997574
0.997574
0.997574
0.997574
0.997574
0.997574
0.997574
0.997574
0.997574
0.997574
0.997574
0.997574
0.997574
0.997574
0.997574
0.997574
0.997574
0.997574
0.997574
0.997574
0.997574
0.997574
0.997574
0.997574
0.997574
0.997574
0.997574
0.997574
0.997574
0.997574
0.997574
0.997574
0.997574
0.997574
0.997574
0.997574
0.997574
0.997574
0.997574
0.997574
0.997574
0.997574
0.997574
0.997574
0.997574
0.997574
0.997574
0.997574
0.997574
0.997574
0.997574
0.997574
0.997574
0.997574
0.997574
0.997574
0.997574
0.997574
0.997574
0.997574
0.997574
0.997574
0.997574
0.997574
0.997574
0.997574
0.997574
0.997574
0.997574
0.997574
0.997574
0.997574
0.997574
0.997574
0.997574
0.997574
0.997574
0.997574
0.997574
0.997574
0.997574
0.997574
0.997574
0.997574
0.997574
0.997574
0.997574
0.997574
0.997574
0.997574
0.997574
0.997574
0.997574
0.997574
0.997574
0.997574
0.997574
0.997574
0.997574
0.997574
0.997574
0.997574
0.997574
0.997574
0.997574
0.997574
0.997574
0.997574
0.997574
0.997574
0.997574
0.997574
0.997574
0.997574
0.997574
0.997574
0.997574
0.997574
0.997574
0.997574
0.997574
0.997574
0.997574
0.997574
0.997574
0.997574
0.997574
0.997574
0.997574
0.997574
0.997574
0.997574
0.997574
0.997574
0.997574
0.997574
0.997574
0.997574
0.997574
0.997574
0.997574
0.997574
0.997574
0.997574
0.997574
0.997574
0.997574
0.997574
0.997574
0.997574
0.997574
0.997574
0.997574
0.997574
0.997574
0.997574
0.997574
0.997574
0.997574
0.997574
0.997574
0.997574
0.997574
0.997574
0.997574
0.997574
0.997574
0.997574
0.997574
0.997574
0.997574
0.997574
0.997574
0.997574
0.997574
0.997574
0.997574
0.997574
0.997574
0.997574
0.997574
0.997574
0.997574
0.997574
0.997574
0.997574
0.997574
0.997574
0.997574
0.997574
0.997574
0.997574
0.997574
0.997574
0.997574
0.997574
0.997574
0.997574
0.997574
0.997574
0.997574
0.997574
0.997574
0.997574
0.997574
0.997574
0.997574
0.997574
0.997574
0.997574
0.997574
0.997574
0.997574
0.997574
0.997574
0.997574
0.997574
0.997574
0.997574
0.997574
0.997574
0.997574
0.997574
0.997574
0.997574
0.997574
0.997574
0.997574
0.997574
0.997574
0.997574
0.997574
0.997574
0.997574
0.997574
0.997574
0.997574
0.997574
0.997574
0.997574
0.997574
0.997574
0.997574
0.997574
0.997574
0.997574
0.997574
0.997574
0.997574
0.997574
0.997574
0.997574
0.997574
0.997574
0.997574
0.997574
0.997574
0.997574
0.997574
0.997574
0.997574
0.997574
0.997574
0.997574
0.997574
0.997574
0.997574
0.997574
0.997574
0.997574
0.997574
0.997574
0.997574
0.997574
0.997574
0.997574
0.997574
0.997574
0.997574
0.997574
0.997574
0.997574
0.997574
0.997574
0.997574
0.997574
0.997574
0.997574
0.997574
0.997574
0.997574
0.997574
0.997574
0.997574
0.997574
0.997574
0.997574
0.997574
0.997574
0.997574
0.997574
0.997574
0.997574
0.997574
0.997574
0.997574
0.997574
0.997574
0.997574
0.997574
0.997574
0.997574
0.997574
0.997574
0.997574
0.997574
0.997574
0.997574
0.997574
0.997574
0.997574
0.997574
0.997574
0.997574
0.997574
0.997574
0.997574
0.997574
0.997574
0.997574
0.997574
0.997574
0.997574
0.997574
0.997574
0.997574
0.997574
0.997574
0.997574
0.997574
0.997574
0.997574
0.997574
0.997574
0.997574
0.997574
0.997574
0.997574
0.997574
0.997574
0.997574
0.997574
0.997574
0.997574
0.997574
0.997574
0.997574
0.997574
0.997574
0.997574
0.997574
0.997574
0.997574
0.997574
0.997574
0.997574
0.997574
0.997574
0.997574
0.997574
0.997574
0.997574
0.997574
0.997574
0.997574
0.997574
0.997574
0.997574
0.997574
0.997574
0.997574
0.997574
0.997574
0.997574
0.997574
0.997574
0.997574
0.997574
0.997574
0.997574
0.997574
0.997574
0.997574
0.997574
0.997574
0.997574
0.997574
0.997574
0.997574
0.997574
0.997574
0.997574
0.997574
0.997574
0.997574
0.997574
0.997574
0.997574
0.997574
0.997574
0.997574
0.997574
0.997574
0.997574
0.997574
0.997574
0.997574
0.997574
0.997574
0.997574
0.997574
0.997574
0.997574
0.997574
0.997574
0.997574
0.997574
0.997574
0.997574
0.997574
0.997574
0.997574
0.997574
0.997574
0.997574
0.997574
0.997574
0.997574
0.997574
0.997574
0.997574
0.997574
0.997574
0.997574
0.997574
0.997574
0.997574
0.997574
0.997574
0.997574
0.997574
0.997574
0.997574
0.997574
0.997574
0.997574
0.997574
0.997574
0.997574
0.997574
0.997574
0.997574
0.997574
0.997574
0.997574
0.997574
0.997574
0.997574
0.997574
0.997574
0.997574
0.997574
0.997574
0.997574
0.997574
0.997574
0.997574
0.997574
0.997574
0.997574
0.997574
0.997574
0.997574
0.997574
0.997574
0.997574
0.997574
0.997574
0.997574
0.997574
0.997574
0.997574
0.997574
0.997574
0.997574
0.997574
0.997574
0.997574
0.997574
0.997574
0.997574
0.997574
0.997574
0.997574
0.997574
0.997574
0.997574
0.997574
0.997574
0.997574
0.997574
0.997574
0.997574
0.997574
0.997574
0.997574
0.997574
0.997574
0.997574
0.997574
0.997574
0.997574
0.997574
0.997574
0.997574
0.997574
0.997574
0.997574
0.997574
0.997574
0.997574
0.997574
0.997574
0.997574
0.997574
0.997574
0.997574
0.997574
0.997574
0.997574
0.997574
0.997574
0.997574
0.997574
0.997574
0.997574
0.997574
0.997574
0.997574
0.997574
0.997574
0.997574
0.997574
0.997574
0.997574
0.997574
0.997574
0.997574
0.997574
0.997574
0.997574
0.997574
0.997574
0.997574
0.997574
0.997574
0.997574
0.997574
0.997574
0.997574
0.997574
0.997574
0.997574
0.997574
0.997574
0.997574
0.997574
0.997574
0.997574
0.997574
0.997574
0.997574
0.997574
0.997574
0.997574
0.997574
0.997574
0.997574
0.997574
0.997574
0.997574
0.997574
0.997574
0.997574
0.997574
0.997574
0.997574
0.997574
0.997574
0.997574
0.997574
0.997574
0.997574
0.997574
0.997574
0.997574
0.997574
0.997574
0.997574
0.997574
0.997574
0.997574
0.997574
0.997574
0.997574
0.997574
0.997574
0.997574
0.997574
0.997574
0.997574
0.997574
0.997574
0.997574
0.997574
0.997574
0.997574
0.997574
0.997574
0.997574
0.997574
0.997574
0.997574
0.997574
0.997574
0.997574
0.997574
0.997574
0.997574
0.997574
0.997574
0.997574
0.997574
0.997574
0.997574
0.997574
0.997574
0.997574
0.997574
0.997574
0.997574
0.997574
0.997574
0.997574
0.997574
0.997574
0.997574
0.997574
0.997574
0.997574
0.997574
0.997574
0.997574
0.997574
0.997574
0.997574
0.997574
0.997574
0.997574
0.997574
0.997574
0.997574
0.997574
0.997574
0.997574
0.997574
0.997574
0.997574
0.997574
0.997574
0.997574
0.997574
0.997574
0.997574
0.997574
0.997574
0.997574
0.997574
0.997574
0.997574
0.997574
0.997574
0.997574
0.997574
0.997574
0.997574
0.997574
0.997574
0.997574
0.997574
0.997574
0.997574
0.997574
0.997574
0.997574
0.997574
0.997574
0.997574
0.997574
0.997574
0.997574
0.997574
0.997574
0.997574
0.997574
0.997574
0.997574
0.997574
0.997574
0.997574
0.997574
0.997574
0.997574
0.997574
0.997574
0.997574
0.997574
0.997574
0.997574
0.997574
0.997574
0.997574
0.997574
0.997574
0.997574
0.997574
0.997574
0.997574
0.997574
0.997574
0.997574
0.997574
0.997574
0.997574
0.997574
0.997574
0.997574
0.997574
0.997574
0.997574
0.997574
0.997574
0.997574
0.997574
0.997574
0.997574
0.997574
0.997574
0.997574
0.997574
0.997574
0.997574
0.997574
0.997574
0.997574
0.997574
0.997574
0.997574
0.997574
0.997574
0.997574
0.997574
0.997574
0.997574
0.997574
0.997574
0.997574
0.997574
0.997574
0.997574
0.997574
0.997574
0.997574
0.997574
0.997574
0.997574
0.997574
0.997574
0.997574
0.997574
0.997574
0.997574
0.997574
0.997574
0.997574
0.997574
0.997574
0.997574
0.997574
0.997574
0.997574
0.997574
0.997574
0.997574
0.997574
0.997574
0.997574
0.997574
0.997574
0.997574
0.997574
0.997574
0.997574
0.997574
0.997574
0.997574
0.997574
0.997574
0.997574
0.997574
0.997574
0.997574
0.997574
0.997574
0.997574
0.997574
0.997574
0.997574
0.997574
0.997574
0.997574
0.997574
0.997574
0.997574
0.997574
0.997574
0.997574
0.997574
0.997574
0.997574
0.997574
0.997574
0.997574
0.997574
0.997574
0.997574
0.997574
0.997574
0.997574
0.997574
0.997574
0.997574
0.997573
0.997573
0.997573
0.997573
0.997573
0.997572
0.997572
0.997572
0.997571
0.99757
0.99757
0.997569
0.997568
0.997567
0.997566
0.997564
0.997562
0.99756
0.997558
0.997555
0.997552
0.997548
0.997544
0.99754
0.997534
0.997528
0.997521
0.997513
0.997505
0.997494
0.997483
0.99747
0.997456
0.99744
0.997422
0.997402
0.99738
0.997355
0.997328
0.997298
0.997264
0.997227
0.997187
0.997143
0.997094
0.997041
0.996984
0.996921
0.996853
0.996779
0.9967
0.996614
0.996522
0.996422
0.996316
0.996203
0.996081
0.995952
0.995814
0.995669
0.995514
0.99535
0.995178
0.994996
0.994805
0.994604
0.994393
0.994173
0.993942
0.993702
0.993451
0.993191
0.99292
0.992639
0.992348
0.992047
0.991736
0.991416
0.991085
0.990744
0.990394
0.990035
0.989666
0.989288
0.988901
0.988505
0.9881
0.987686
0.987265
0.986835
0.986397
0.985951
0.985497
0.985037
0.984569
0.984093
0.983612
0.983123
0.982628
0.982127
0.981619
0.981106
0.980587
0.980063
0.979533
0.978998
0.978458
0.977913
0.977364
0.97681
0.976252
0.975689
0.975122
0.974552
0.973978
0.9734
0.972818
0.972233
0.971645
0.971054
0.970459
0.969862
0.969262
0.968659
0.968053
0.967445
0.966835
0.966222
0.965607
0.96499
0.96437
0.963749
0.963125
0.9625
0.961873
0.961244
0.960614
0.959981
0.959348
0.958713
0.958076
0.957438
0.956799
0.956158
0.955516
0.954873
0.954229
0.953583
0.952937
0.95229
0.951641
0.950992
0.950342
0.949691
0.949039
0.948386
0.947732
0.947078
0.946423
0.945768
0.945111
0.944454
0.943797
0.943139
0.94248
0.941821
0.941161
0.940501
0.93984
0.939179
0.938518
0.937856
0.937194
0.936531
0.935868
0.935205
0.934541
0.933877
0.933213
0.932549
0.931884
0.931219
0.930554
0.929889
0.929224
0.928558
0.927892
0.927226
0.92656
0.925894
0.925228
0.924561
0.923895
0.923228
0.922562
0.921895
0.921229
0.920562
0.919895
0.919228
0.918561
0.917895
0.917228
0.916561
0.915894
0.915228
0.914561
0.913895
0.913228
0.912561
0.911895
0.911229
0.910562
0.909896
0.90923
0.908564
0.907898
0.907233
0.906567
0.905902
0.905236
0.904571
0.903906
0.903241
0.902576
0.901911
0.901247
0.900583
0.899919
0.899255
0.898591
0.897927
0.897264
0.8966
0.895937
0.895275
0.894612
0.893949
0.893287
0.892625
0.891963
0.891302
0.89064
0.889979
0.889318
0.888657
0.887997
0.887337
0.886677
0.886017
0.885357
0.884698
0.884039
0.88338
0.882722
0.882063
0.881405
0.880748
0.88009
0.879433
0.878776
0.878119
0.877463
0.876807
0.876151
0.875495
0.87484
0.874185
0.87353
0.872875
0.872221
0.871567
0.870914
0.87026
0.869607
0.868954
0.868302
0.86765
0.866998
0.866346
0.865695
0.865044
0.864393
0.863743
0.863093
0.862443
0.861793
0.861144
0.860495
0.859847
0.859198
0.85855
0.857903
0.857255
0.856608
0.855962
0.855315
0.854669
0.854024
0.853378
0.852733
0.852088
0.851444
0.8508
0.850156
0.849512
0.848869
0.848226
0.847584
0.846942
0.8463
0.845658
0.845017
0.844376
0.843736
0.843095
0.842455
0.841816
0.841177
0.840538
0.839899
0.839261
0.838623
0.837986
0.837348
0.836711
0.836075
0.835439
0.834803
0.834167
0.833532
0.832897
0.832263
0.831629
0.830995
0.830361
0.829728
0.829095
0.828463
0.827831
0.827199
0.826568
0.825937
0.825306
0.824676
0.824045
0.823416
0.822786
0.822157
0.821529
0.8209
0.820273
0.819645
0.819018
0.818391
0.817764
0.817138
0.816512
0.815887
0.815261
0.814637
0.814012
0.813388
0.812764
0.812141
0.811518
0.810895
0.810273
0.809651
0.809029
0.808408
0.807787
0.807166
0.806546
0.805926
0.805306
0.804687
0.804068
0.80345
0.802832
0.802214
0.801597
0.80098
0.800363
0.799746
0.79913
0.798515
0.7979
0.797285
0.79667
0.796056
0.795442
0.794828
0.794215
0.793602
0.79299
0.792378
0.791766
0.791155
0.790544
0.789933
0.789323
0.788713
0.788103
0.787494
0.786885
0.786277
0.785668
0.785061
0.784453
0.783846
0.783239
0.782633
0.782027
0.781421
0.780816
0.780211
0.779606
0.779002
0.778398
0.777795
0.777191
0.776589
0.775986
0.775384
0.774782
0.774181
0.77358
0.772979
0.772379
0.771779
0.771179
0.77058
0.769981
0.769383
0.768785
0.768187
0.767589
0.766992
0.766395
0.765799
0.765203
0.764607
0.764012
0.763417
0.762823
0.762228
0.761634
0.761041
0.760448
0.759855
0.759262
0.75867
0.758079
0.757487
0.756896
0.756306
0.755715
0.755125
0.754536
0.753947
0.753358
0.752769
0.752181
0.751593
0.751006
0.750419
0.749832
0.749246
0.74866
0.748074
0.747489
0.746904
0.746319
0.745735
0.745151
0.744567
0.743984
0.743401
0.742819
0.742237
0.741655
0.741074
0.740493
0.739912
0.739332
0.738752
0.738172
0.737593
0.737014
0.736436
0.735857
0.73528
0.734702
0.734125
0.733548
0.732972
0.732396
0.73182
0.731245
0.73067
0.730095
0.729521
0.728947
0.728373
0.7278
0.727227
0.726655
0.726083
0.725511
0.724939
0.724368
0.723797
0.723227
0.722657
0.722087
0.721518
0.720949
0.720381
0.719812
0.719244
0.718677
0.71811
0.717543
0.716976
0.71641
0.715844
0.715279
0.714714
0.714149
0.713585
0.713021
0.712457
0.711894
0.711331
0.710768
0.710206
0.709644
0.709082
0.708521
0.70796
0.7074
0.70684
0.70628
0.70572
0.705161
0.704602
0.704044
0.703486
0.702928
0.702371
0.701814
0.701257
0.700701
0.700145
0.699589
0.699034
0.698479
0.697925
0.697371
0.696817
0.696263
0.69571
0.695157
0.694605
0.694053
0.693501
0.692949
0.692398
0.691848
0.691297
0.690747
0.690198
0.689648
0.689099
0.688551
0.688002
0.687454
0.686907
0.68636
0.685813
0.685266
0.68472
0.684174
0.683629
0.683083
0.682539
0.681994
0.68145
0.680906
0.680363
0.67982
0.679277
0.678735
0.678193
0.677651
0.67711
0.676569
0.676028
0.675488
0.674948
0.674408
0.673869
0.67333
0.672791
0.672253
0.671715
0.671177
0.67064
0.670103
0.669567
0.669031
0.668495
0.667959
0.667424
0.666889
0.666355
0.665821
0.665287
0.664753
0.66422
0.663687
0.663155
0.662623
0.662091
0.66156
0.661029
0.660498
0.659968
0.659438
0.658908
0.658379
0.65785
0.657321
0.656793
0.656265
0.655737
0.65521
0.654683
0.654156
0.65363
0.653104
0.652578
0.652053
0.651528
0.651003
0.650479
0.649955
0.649432
0.648909
0.648386
0.647863
0.647341
0.646819
0.646297
0.645776
0.645255
0.644735
0.644215
0.643695
0.643175
0.642656
0.642137
0.641619
0.641101
0.640583
0.640065
0.639548
0.639031
0.638515
0.637999
0.637483
0.636967
0.636452
0.635938
0.635423
0.634909
0.634395
0.633882
0.633369
0.632856
0.632343
0.631831
0.63132
0.630808
0.630297
0.629786
0.629276
0.628765
0.628257
0.627745
0.627239
0.626726
0.626223
0.625708
0.625209
0.62469
0.624198
0.623673
0.623189
0.622656
0.622182
0.621639
0.621177
0.620624
0.620172
0.619611
0.619167
0.618602
0.618161
0.617598
0.617153
0.616598
0.616143
0.615602
0.615132
0.614608
0.614123
0.613614
0.613118
0.612619
0.612116
0.611622
0.611119
0.610625
0.610124
0.609628
0.609131
0.608633
0.608138
0.607641
0.607145
0.60665
0.606154
0.60566
0.605165
0.604671
0.604177
0.603683
0.60319
0.602697
0.602205
0.601712
0.601221
0.600729
0.600238
0.599747
0.599256
0.598766
0.598276
0.597786
0.597297
0.596808
0.596319
0.595831
0.595343
0.594855
0.594368
0.593881
0.593394
0.592908
0.592422
0.591936
0.591451
0.590966
0.590481
0.589997
0.589513
0.589029
0.588546
0.588062
0.58758
0.587097
0.586615
0.586133
0.585652
0.585171
0.58469
0.584209
0.583729
0.583249
0.58277
0.582291
0.581812
0.581333
0.580855
0.580377
0.579899
0.579422
0.578945
0.578468
0.577992
0.577516
0.577041
0.576565
0.57609
0.575615
0.575141
0.574667
0.574193
0.57372
0.573247
0.572774
0.572302
0.57183
0.571358
0.570886
0.570415
0.569944
0.569474
0.569004
0.568534
0.568064
0.567595
0.567126
0.566658
0.566189
0.565721
0.565254
0.564787
0.56432
0.563853
0.563387
0.562921
0.562455
0.56199
0.561525
0.56106
0.560595
0.560131
0.559668
0.559204
0.558741
0.558278
0.557816
0.557354
0.556892
0.55643
0.555969
0.555508
0.555048
0.554587
0.554128
0.553668
0.553209
0.55275
0.552291
0.551833
0.551375
0.550917
0.55046
0.550003
0.549546
0.54909
0.548634
0.548178
0.547722
0.547267
0.546812
0.546358
0.545904
0.54545
0.544996
0.544543
0.54409
0.543638
0.543186
0.542734
0.542282
0.541831
0.54138
0.540929
0.540479
0.540029
0.539579
0.53913
0.538681
0.538232
0.537784
0.537336
0.536888
0.53644
0.535993
0.535546
0.5351
0.534654
0.534208
0.533762
0.533317
0.532872
0.532428
0.531984
0.53154
0.531096
0.530653
0.53021
0.529767
0.529325
0.528883
0.528441
0.528
0.527559
0.527118
0.526678
0.526238
0.525798
0.525359
0.52492
0.524481
0.524042
0.523604
0.523167
0.522729
0.522292
0.521855
0.521419
0.520983
0.520547
0.520111
0.519676
0.519241
0.518807
0.518372
0.517938
0.517505
0.517072
0.516639
0.516206
0.515774
0.515342
0.51491
0.514479
0.514048
0.513618
0.513187
0.512757
0.512328
0.511898
0.511469
0.511041
0.510612
0.510184
0.509757
0.50933
0.508903
0.508476
0.50805
0.507624
0.507198
0.506773
0.506348
0.505923
0.505499
0.505075
0.504651
0.504228
0.503805
0.503382
0.50296
0.502538
0.502117
0.501695
0.501274
0.500854
0.500434
0.500014
0.499594
0.499175
0.498756
0.498338
0.49792
0.497502
0.497084
0.496667
0.49625
0.495834
0.495418
0.495002
0.494587
0.494172
0.493757
0.493343
0.492929
0.492516
0.492103
0.49169
0.491277
0.490865
0.490453
0.490042
0.489631
0.48922
0.48881
0.4884
0.487991
0.487582
0.487173
0.486764
0.486356
0.485949
0.485541
0.485135
0.484728
0.484322
0.483916
0.483511
0.483106
0.482701
0.482297
0.481894
0.48149
0.481087
0.480685
0.480283
0.479881
0.479479
0.479079
0.478678
0.478278
0.477878
0.477479
0.47708
0.476682
0.476284
0.475886
0.475489
0.475093
0.474696
0.474301
0.473905
0.47351
0.473116
0.472722
0.472329
0.471935
0.471543
0.471151
0.470759
0.470368
0.469977
0.469587
0.469198
0.468808
0.46842
0.468032
0.467644
0.467257
0.46687
0.466484
0.466099
0.465714
0.465329
0.464945
0.464562
0.464179
0.463797
0.463415
0.463034
0.462654
0.462274
0.461894
0.461516
0.461138
0.46076
0.460384
0.460008
0.459632
0.459257
0.458883
0.45851
0.458137
0.457765
0.457394
0.457023
0.456653
0.456284
0.455916
0.455548
0.455181
0.454815
0.45445
0.454086
0.453722
0.45336
0.452998
0.452637
0.452277
0.451918
0.45156
0.451203
0.450847
0.450491
0.450137
0.449784
0.449432
0.449081
0.448731
0.448382
0.448035
0.447688
0.447343
0.446999
0.446656
0.446314
0.445974
0.445635
0.445298
0.444961
0.444627
0.444293
0.443961
0.443631
0.443302
0.442975
0.44265
0.442326
0.442004
0.441683
0.441365
0.441048
0.440733
0.44042
0.440109
0.4398
0.439494
0.439189
0.438886
0.438586
0.438288
0.437992
0.437699
0.437408
0.437119
0.436834
0.43655
0.43627
0.435992
0.435717
0.435445
0.435176
0.43491
0.434647
0.434387
0.43413
0.433877
0.433627
0.43338
0.433137
0.432897
0.432661
0.432429
0.432201
0.431976
0.431755
0.431538
0.431326
0.431117
0.430912
0.430712
0.430516
0.430324
0.430136
0.429953
0.429775
0.429601
0.429431
0.429266
0.429105
0.428949
0.428798
0.428651
0.428509
0.428371
0.428239
0.42811
0.427986
0.427867
0.427753
0.427642
0.427537
0.427435
0.427338
0.427245
0.427157
0.427072
0.426992
0.426916
0.426843
0.426774
0.426709
0.426648
0.426589
0.426535
0.426483
0.426435
0.426389
0.426347
0.426307
0.42627
0.426236
0.426203
0.426174
0.426146
0.42612
0.426097
0.426075
0.426055
0.426036
0.426019
0.426004
0.42599
0.425977
0.425965
0.425954
0.425944
0.425935
0.425927
0.42592
0.425913
0.425908
0.425902
0.425897
0.425893
0.425889
0.425886
0.425883
0.42588
0.425878
0.425875
0.425873
0.425872
0.42587
0.425869
0.425867
0.425866
0.425865
0.425864
0.425864
0.425863
0.425862
0.425862
0.425861
0.425861
0.42586
0.42586
0.42586
0.425859
0.425859
0.425859
0.425858
0.425858
0.425858
0.425858
0.425857
0.425857
0.425857
0.425857
0.425857
0.425857
0.425856
0.425856
0.425856
0.425856
0.425856
0.425855
0.425855
0.425855
0.425855
0.425855
0.425855
0.425854
0.425854
0.425854
0.425854
0.425854
0.425854
0.425854
0.425853
0.425853
0.425853
0.425853
0.425853
0.425853
0.425852
0.425852
0.425852
0.425852
0.425852
0.425852
0.425852
0.425852
0.425851
0.425851
0.425851
0.425851
0.425851
0.425851
0.425851
0.42585
0.42585
0.42585
0.42585
0.42585
0.42585
0.42585
0.42585
0.425849
0.425849
0.425849
0.425849
0.425849
0.425849
0.425849
0.425848
0.425848
0.425848
0.425848
0.425848
0.425848
0.425848
0.425848
0.425847
0.425847
0.425847
0.425847
0.425847
0.425847
0.425847
0.425846
0.425846
0.425846
0.425846
0.425846
0.425846
0.425846
0.425845
0.425845
0.425845
0.425845
0.425845
0.425845
0.425844
0.425844
0.425844
0.425844
0.425844
0.425844
0.425844
0.425843
0.425843
0.425843
0.425843
0.425843
0.425843
0.425843
0.425842
0.425842
0.425842
0.425842
0.425842
0.425842
0.425841
0.425841
0.425841
0.425841
0.425841
0.425841
0.425841
0.42584
0.42584
0.42584
0.42584
0.42584
0.42584
0.425839
0.425839
0.425839
0.425839
0.425839
0.425839
0.425839
0.425838
0.425838
0.425838
0.425838
0.425838
0.425838
0.425837
0.425837
0.425837
0.425837
0.425837
0.425837
0.425836
0.425836
0.425836
0.425836
0.425836
0.425836
0.425836
0.425835
0.425835
0.425835
0.425835
0.425835
0.425835
0.425834
0.425834
0.425834
0.425834
0.425834
0.425834
0.425833
0.425833
0.425833
0.425833
0.425833
0.425833
0.425832
0.425832
0.425832
0.425832
0.425832
0.425832
0.425831
0.425831
0.425831
0.425831
0.425831
0.425831
0.42583
0.42583
0.42583
0.42583
0.42583
0.42583
0.425829
0.425829
0.425829
0.425829
0.425829
0.425829
0.425828
0.425828
0.425828
0.425828
0.425828
0.425827
0.425827
0.425827
0.425827
0.425827
0.425827
0.425826
0.425826
0.425826
0.425826
0.425826
0.425826
0.425825
0.425825
0.425825
0.425825
0.425825
0.425824
0.425824
0.425824
0.425824
0.425824
0.425824
0.425823
0.425823
0.425823
0.425823
0.425823
0.425822
0.425822
0.425822
0.425822
0.425822
0.425821
0.425821
0.425821
0.425821
0.425821
0.425821
0.42582
0.42582
0.42582
0.42582
0.42582
0.425819
0.425819
0.425819
0.425819
0.425819
0.425818
0.425818
0.425818
0.425818
0.425818
0.425817
0.425817
0.425817
0.425817
0.425817
0.425816
0.425816
0.425816
0.425816
0.425815
0.425815
0.425815
0.425815
0.425815
0.425814
0.425814
0.425814
0.425814
0.425814
0.425813
0.425813
0.425813
0.425813
0.425812
0.425812
0.425812
0.425812
0.425812
0.425811
0.425811
0.425811
0.425811
0.425811
0.42581
0.42581
0.42581
0.42581
0.425809
0.425809
0.425809
0.425809
0.425808
0.425808
0.425808
0.425808
0.425808
0.425807
0.425807
0.425807
0.425807
0.425806
0.425806
0.425806
0.425806
0.425805
0.425805
0.425805
0.425805
0.425804
0.425804
0.425804
0.425804
0.425803
0.425803
0.425803
0.425803
0.425802
0.425802
0.425802
0.425802
0.425801
0.425801
0.425801
0.425801
0.4258
0.4258
0.4258
0.4258
0.425799
0.425799
0.425799
0.425799
0.425798
0.425798
0.425798
0.425798
0.425797
0.425797
0.425797
0.425796
0.425796
0.425796
0.425796
0.425795
0.425795
0.425795
0.425794
0.425794
0.425794
0.425794
0.425793
0.425793
0.425793
0.425792
0.425792
0.425792
0.425792
0.425791
0.425791
0.425791
0.42579
0.42579
0.42579
0.42579
0.425789
0.425789
0.425789
0.425788
0.425788
0.425788
0.425787
0.425787
0.425787
0.425787
0.425786
0.425786
0.425786
0.425785
0.425785
0.425785
0.425784
0.425784
0.425784
0.425783
0.425783
0.425783
0.425782
0.425782
0.425782
0.425781
0.425781
0.425781
0.42578
0.42578
0.42578
0.425779
0.425779
0.425779
0.425778
0.425778
0.425778
0.425777
0.425777
0.425777
0.425776
0.425776
0.425775
0.425775
0.425775
0.425774
0.425774
0.425774
0.425773
0.425773
0.425773
0.425772
0.425772
0.425771
0.425771
0.425771
0.42577
0.42577
0.42577
0.425769
0.425769
0.425768
0.425768
0.425768
0.425767
0.425767
0.425766
0.425766
0.425766
0.425765
0.425765
0.425764
0.425764
0.425764
0.425763
0.425763
0.425762
0.425762
0.425761
0.425761
0.425761
0.42576
0.42576
0.425759
0.425759
0.425758
0.425758
0.425758
0.425757
0.425757
0.425756
0.425756
0.425755
0.425755
0.425754
0.425754
0.425753
0.425753
0.425753
0.425752
0.425752
0.425751
0.425751
0.42575
0.42575
0.425749
0.425749
0.425748
0.425748
0.425747
0.425747
0.425746
0.425746
0.425745
0.425745
0.425744
0.425744
0.425743
0.425743
0.425742
0.425742
0.425741
0.425741
0.42574
0.42574
0.425739
0.425739
0.425738
0.425737
0.425737
0.425736
0.425736
0.425735
0.425735
0.425734
0.425733
0.425733
0.425732
0.425732
0.425731
0.425731
0.42573
0.425729
0.425729
0.425728
0.425728
0.425727
0.425726
0.425726
0.425725
0.425725
0.425724
0.425723
0.425723
0.425722
0.425721
0.425721
0.42572
0.425719
0.425719
0.425718
0.425717
0.425717
0.425716
0.425715
0.425715
0.425714
0.425713
0.425713
0.425712
0.425711
0.425711
0.42571
0.425709
0.425708
0.425708
0.425707
0.425706
0.425706
0.425705
0.425704
0.425703
0.425703
0.425702
0.425701
0.4257
0.425699
0.425699
0.425698
0.425697
0.425696
0.425696
0.425695
0.425694
0.425693
0.425692
0.425691
0.425691
0.42569
0.425689
0.425688
0.425687
0.425686
0.425685
0.425685
0.425684
0.425683
0.425682
0.425681
0.42568
0.425679
0.425678
0.425677
0.425676
0.425675
0.425674
0.425674
0.425673
0.425672
0.425671
0.42567
0.425669
0.425668
0.425667
0.425666
0.425665
0.425664
0.425662
0.425661
0.42566
0.425659
0.425658
0.425657
0.425656
0.425655
0.425654
0.425653
0.425652
0.42565
0.425649
0.425648
0.425647
0.425646
0.425645
0.425643
0.425642
0.425641
0.42564
0.425638
0.425637
0.425636
0.425635
0.425633
0.425632
0.425631
0.42563
0.425628
0.425627
0.425626
0.425624
0.425623
0.425621
0.42562
0.425619
0.425617
0.425616
0.425614
0.425613
0.425611
0.42561
0.425608
0.425607
0.425605
0.425604
0.425602
0.425601
0.425599
0.425597
0.425596
0.425594
0.425592
0.425591
0.425589
0.425587
0.425586
0.425584
0.425582
0.42558
0.425579
0.425577
0.425575
0.425573
0.425571
0.425569
0.425567
0.425565
0.425564
0.425562
0.42556
0.425558
0.425555
0.425553
0.425551
0.425549
0.425547
0.425545
0.425543
0.425541
0.425538
0.425536
0.425534
0.425531
0.425529
0.425527
0.425524
0.425522
0.425519
0.425517
0.425514
0.425512
0.425509
0.425507
0.425504
0.425501
0.425499
0.425496
0.425493
0.42549
0.425487
0.425484
0.425482
0.425479
0.425476
0.425472
0.425469
0.425466
0.425463
0.42546
0.425457
0.425453
0.42545
0.425446
0.425443
0.425439
0.425436
0.425432
0.425428
0.425425
0.425421
0.425417
0.425413
0.425409
0.425405
0.425401
0.425397
0.425393
0.425388
0.425384
0.425379
0.425375
0.42537
0.425366
0.425361
0.425356
0.425351
0.425346
0.425341
0.425336
0.42533
0.425325
0.42532
0.425314
0.425308
0.425302
0.425297
0.42529
0.425284
0.425278
0.425272
0.425265
0.425258
0.425251
0.425244
0.425237
0.42523
0.425223
0.425215
0.425207
0.425199
0.425191
0.425183
0.425174
0.425165
0.425156
0.425147
0.425138
0.425128
0.425118
0.425108
0.425097
0.425087
0.425076
0.425064
0.425053
0.42504
0.425028
0.425015
0.425002
0.424989
0.424974
0.42496
0.424945
0.424929
0.424913
0.424897
0.42488
0.424862
0.424843
0.424824
0.424804
0.424784
0.424762
0.42474
0.424716
0.424692
0.424666
0.424638
0.424609
0.424577
0.424543
0.424505
0.424462
0.424414
0.42436
0.424297
0.424223
0.424137
0.424036
0.423916
0.423774
0.423606
0.423407
0.423172
0.422896
0.422572
0.422194
0.421755
0.421247
0.420662
0.419992
0.41923
0.418366
0.417393
0.416302
0.415086
0.413738
0.41225
0.410617
0.408833
0.406895
0.4048
0.402545
0.400131
0.397558
0.394829
0.391949
0.388921
0.385753
0.382454
0.379032
0.3755
0.371868
0.36815
0.36436
0.360511
0.35662
0.352701
0.34877
0.344842
0.340932
0.337056
0.333226
0.329457
0.325761
0.32215
0.318634
0.315224
0.311926
0.308749
0.305698
0.302778
0.299993
0.297344
0.294834
0.292462
0.290227
0.28813
0.286166
0.284332
0.282626
0.281044
0.279579
0.278228
0.276985
0.275845
0.274802
0.27385
0.272984
0.272199
0.271488
0.270846
0.270269
0.26975
0.269286
0.268871
0.268502
0.268173
0.267882
0.267625
0.267398
0.267198
0.267023
0.266869
0.266735
0.266618
0.266516
0.266428
0.266351
0.266285
0.266229
0.26618
0.266138
0.266102
0.266071
0.266045
0.266023
0.266004
0.265988
0.265974
0.265963
0.265953
0.265945
0.265938
0.265932
0.265927
0.265923
0.26592
0.265917
0.265915
0.265913
0.265911
0.26591
0.265908
0.265908
0.265907
0.265906
0.265905
0.265905
0.265904
0.265904
0.265904
0.265903
0.265903
0.265903
0.265903
0.265903
0.265902
0.265902
0.265902
0.265902
0.265902
0.265902
0.265902
0.265902
0.265901
0.265901
0.265901
0.265901
0.265901
0.265901
0.265901
0.265901
0.265901
0.265901
0.2659
0.2659
0.2659
0.2659
0.2659
0.2659
0.2659
0.2659
0.2659
0.2659
0.2659
0.2659
0.265899
0.265899
0.265899
0.265899
0.265899
0.265899
0.265899
0.265899
0.265899
0.265899
0.265899
0.265899
0.265899
0.265899
0.265898
0.265898
0.265898
0.265898
0.265898
0.265898
0.265898
0.265898
0.265898
0.265898
0.265898
0.265898
0.265898
0.265898
0.265898
0.265898
0.265898
0.265898
0.265897
0.265897
0.265897
0.265897
0.265897
0.265897
0.265897
0.265897
0.265897
0.265897
0.265897
0.265897
0.265897
0.265897
0.265897
0.265897
0.265897
0.265897
0.265897
0.265897
0.265897
0.265897
0.265897
0.265897
0.265897
0.265897
0.265897
0.265897
0.265897
0.265896
0.265896
0.265896
0.265896
0.265896
0.265896
0.265896
0.265896
0.265896
0.265896
0.265896
0.265896
0.265896
0.265896
0.265896
0.265896
0.265896
0.265896
0.265896
0.265896
0.265896
0.265896
0.265896
0.265896
0.265896
0.265896
0.265896
0.265896
0.265896
0.265896
0.265896
0.265896
0.265896
0.265896
0.265896
0.265896
0.265896
0.265896
0.265896
0.265896
0.265896
0.265896
0.265896
0.265895
0.265895
0.265895
0.265895
0.265895
0.265895
0.265895
0.265895
0.265895
0.265895
0.265895
0.265895
0.265895
0.265895
0.265895
0.265895
0.265895
0.265895
0.265895
0.265895
0.265895
0.265895
0.265895
0.265895
0.265895
0.265895
0.265895
0.265895
0.265895
0.265895
0.265895
0.265895
0.265895
0.265895
0.265895
0.265895
0.265895
0.265895
0.265895
0.265895
0.265895
0.265895
0.265895
0.265895
0.265895
0.265895
0.265895
0.265895
0.265895
0.265895
0.265895
0.265895
0.265895
0.265895
0.265895
0.265895
0.265895
0.265895
0.265894
0.265894
0.265894
0.265894
0.265894
0.265894
0.265894
0.265894
0.265894
0.265894
0.265894
0.265894
0.265894
0.265894
0.265894
0.265894
0.265894
0.265894
0.265894
0.265894
0.265894
0.265894
0.265894
0.265894
0.265894
0.265894
0.265894
0.265894
0.265894
0.265894
0.265894
0.265894
0.265894
0.265894
0.265894
0.265894
0.265894
0.265894
0.265894
0.265894
0.265894
0.265894
0.265894
0.265894
0.265894
0.265894
0.265894
0.265894
0.265894
0.265894
0.265894
0.265894
0.265894
0.265894
0.265894
0.265894
0.265894
0.265894
0.265894
0.265894
0.265894
0.265894
0.265894
0.265894
0.265894
0.265894
0.265894
0.265894
0.265894
0.265894
0.265894
0.265894
0.265894
0.265894
0.265894
0.265894
0.265894
0.265894
0.265894
0.265894
0.265894
0.265894
0.265894
0.265894
0.265894
0.265894
0.265894
0.265894
0.265894
0.265894
0.265894
0.265894
0.265894
0.265894
0.265894
0.265894
0.265894
0.265894
0.265894
0.265894
0.265894
0.265894
0.265894
0.265894
0.265894
0.265894
0.265894
0.265894
0.265894
0.265894
0.265894
0.265894
0.265894
0.265894
0.265894
0.265894
0.265894
0.265894
0.265894
0.265893
0.265893
0.265893
0.265893
0.265893
0.265893
0.265893
0.265893
0.265893
0.265893
0.265893
0.265893
0.265893
0.265893
0.265893
0.265893
0.265893
0.265893
0.265893
0.265893
0.265893
0.265893
0.265893
0.265893
0.265893
0.265893
0.265893
0.265893
0.265893
0.265893
0.265893
0.265893
0.265893
0.265893
0.265893
0.265893
0.265893
0.265893
0.265893
0.265893
0.265893
0.265893
0.265893
0.265893
0.265893
0.265893
0.265893
0.265893
0.265893
0.265893
0.265893
0.265893
0.265893
0.265893
0.265893
0.265893
0.265893
0.265893
0.265893
0.265893
0.265893
0.265893
0.265893
0.265893
0.265893
0.265893
0.265893
0.265893
0.265893
0.265893
0.265893
0.265893
0.265893
0.265893
0.265893
0.265893
0.265893
0.265893
0.265893
0.265893
0.265893
0.265893
0.265893
0.265893
0.265893
0.265893
0.265893
0.265893
0.265893
0.265893
0.265893
0.265893
0.265893
0.265893
0.265893
0.265893
0.265893
0.265893
0.265893
0.265893
0.265893
0.265893
0.265893
0.265893
0.265893
0.265893
0.265893
0.265893
0.265893
0.265893
0.265893
0.265893
0.265893
0.265893
0.265893
0.265893
0.265893
0.265893
0.265893
0.265893
0.265893
0.265893
0.265893
0.265893
0.265893
0.265893
0.265893
0.265893
0.265893
0.265893
0.265893
0.265893
0.265893
0.265893
0.265893
0.265893
0.265893
0.265893
0.265893
0.265893
0.265893
0.265893
0.265893
0.265893
0.265892
0.265892
0.265892
0.265892
0.265892
0.265893
0.265893
0.265893
0.265893
0.265893
0.265893
0.265893
0.265893
0.265893
0.265893
0.265893
0.265892
0.265892
0.265892
0.265892
0.265892
0.265892
0.265892
0.265892
0.265892
0.265892
0.265892
0.265892
0.265892
0.265892
0.265892
0.265892
0.265892
0.265892
0.265892
0.265892
0.265892
0.265892
0.265892
0.265892
0.265892
0.265892
0.265892
0.265892
0.265892
0.265892
0.265892
0.265892
0.265892
0.265892
0.265892
0.265892
0.265892
0.265892
0.265892
0.265892
0.265892
0.265892
0.265892
0.265892
0.265892
0.265892
0.265892
0.265892
0.265892
0.265892
0.265892
0.265892
0.265892
0.265892
0.265892
0.265892
0.265892
0.265892
0.265892
0.265892
0.265892
0.265892
0.265892
0.265892
0.265892
0.265892
0.265892
0.265892
0.265892
0.265892
0.265892
0.265892
0.265892
0.265892
0.265892
0.265892
0.265892
0.265892
0.265892
0.265892
0.265892
0.265892
0.265892
0.265892
0.265892
0.265892
0.265892
0.265892
0.265892
0.265892
0.265892
0.265892
0.265892
0.265892
0.265892
0.265892
0.265892
0.265892
0.265892
0.265892
0.265892
0.265892
0.265892
0.265892
0.265892
0.265892
0.265891
0.265891
0.265891
0.265891
0.265891
0.265891
0.265891
0.265891
0.265892
0.265892
0.265892
0.265892
0.265892
0.265892
0.265892
0.265892
0.265892
0.265892
0.265891
0.265891
0.265891
0.265891
0.265891
0.265891
0.265891
0.265892
0.265892
0.265892
0.265892
0.265892
0.265892
0.265892
0.265892
0.265892
0.265891
0.265891
0.265891
0.265891
0.265891
0.265891
0.265891
0.265891
0.265891
0.265891
0.265892
0.265892
0.265892
0.265892
0.265892
0.265892
0.265892
0.265891
0.265891
0.265891
0.26589
0.26589
0.26589
0.26589
0.26589
0.265891
0.265891
0.265891
0.265892
0.265892
0.265892
0.265892
0.265892
0.265892
0.265892
0.265892
0.265891
0.265891
0.26589
0.26589
0.26589
0.26589
0.26589
0.26589
0.265891
0.265891
0.265892
0.265892
0.265892
0.265892
0.265892
0.265892
0.265892
0.265891
0.265891
0.265889
0.265889
0.265888
0.265888
0.265888
0.265888
0.265888
0.265889
0.265889
0.26589
0.265888
0.265886
0.265874
0.265862
0.265838
0.265819
0.26574
0.265693
0.265482
0.265225
0.26457
0.262943
0.25972
0.251398
0.233554
0.204043
0.170808
0.145202
0.131715
0.126675
0.125205
0.124824
0.124728
0.124704
0.124699
0.124697
0.124697
0.124697
0.124697
0.124697
0.124697
0.124697
0.124697
0.124697
0.124697
0.124697
0.124697
0.124697
0.124697
0.124697
0.124697
0.124697
0.124697
0.124697
0.124697
0.124697
0.124697
0.124697
0.124697
0.124697
0.124697
0.124697
0.124697
0.124697
0.124697
0.124697
0.124697
0.124697
0.124697
0.124697
0.124697
0.124697
0.124697
0.124697
0.124697
0.124697
0.124697
0.124697
0.124697
0.124697
0.124697
0.124697
0.124697
0.124697
0.124697
0.124697
0.124697
0.124697
0.124697
0.124697
0.124697
0.124697
0.124697
0.124697
0.124697
0.124697
0.124697
0.124697
0.124697
0.124697
0.124697
0.124697
0.124697
0.124697
0.124697
0.124697
0.124697
0.124697
0.124697
0.124697
0.124697
0.124697
0.124697
0.124697
0.124697
0.124697
0.124697
0.124697
0.124697
0.124697
0.124697
0.124697
0.124697
0.124697
0.124697
0.124697
0.124697
0.124697
0.124697
0.124697
0.124697
0.124697
0.124697
0.124697
0.124697
0.124697
0.124697
0.124697
0.124697
0.124697
0.124697
0.124697
0.124697
0.124697
0.124697
0.124697
0.124697
0.124697
0.124697
0.124697
0.124697
0.124697
0.124697
0.124697
0.124697
0.124697
0.124697
0.124697
0.124697
0.124697
0.124697
0.124697
0.124697
0.124697
0.124697
0.124697
0.124697
0.124697
0.124697
0.124697
0.124697
0.124697
0.124697
0.124697
0.124697
0.124697
0.124697
0.124697
0.124697
0.124697
0.124697
0.124697
0.124697
0.124697
0.124697
0.124697
0.124697
0.124697
0.124697
0.124697
0.124697
0.124697
0.124697
0.124697
0.124697
0.124697
0.124697
0.124697
0.124697
0.124697
0.124697
0.124697
0.124697
0.124697
0.124697
0.124697
0.124697
0.124697
0.124697
0.124697
0.124697
0.124697
0.124697
0.124697
0.124697
0.124697
0.124697
0.124697
0.124697
0.124697
0.124697
0.124697
0.124697
0.124697
0.124697
0.124697
0.124697
0.124697
0.124697
0.124697
0.124697
0.124697
0.124697
0.124697
0.124697
0.124697
0.124697
0.124697
0.124697
0.124697
0.124697
0.124697
0.124697
0.124697
0.124697
0.124697
0.124697
0.124697
0.124697
0.124697
0.124697
0.124697
0.124697
0.124697
0.124697
0.124697
0.124697
0.124697
0.124697
0.124697
0.124697
0.124697
0.124697
0.124697
0.124697
0.124697
0.124697
0.124697
0.124697
0.124697
0.124697
0.124697
0.124697
0.124697
0.124697
0.124697
0.124697
0.124697
0.124697
0.124697
0.124697
0.124697
0.124697
0.124697
0.124697
0.124697
0.124697
0.124697
0.124697
0.124697
0.124697
0.124697
0.124697
0.124697
0.124697
0.124697
0.124697
0.124697
0.124697
0.124697
0.124697
0.124697
0.124697
0.124697
0.124697
0.124697
0.124697
0.124697
0.124697
0.124697
0.124697
0.124697
0.124697
0.124697
0.124697
0.124697
0.124697
0.124697
0.124697
0.124697
0.124697
0.124697
0.124697
0.124697
0.124697
0.124697
0.124697
0.124697
0.124697
0.124697
0.124697
0.124697
0.124697
0.124697
0.124697
0.124697
0.124697
0.124697
0.124697
0.124697
0.124697
0.124697
0.124697
0.124697
0.124697
0.124697
0.124697
0.124697
0.124697
0.124697
0.124697
0.124697
0.124697
0.124697
0.124697
0.124697
0.124697
0.124697
0.124697
0.124697
0.124697
0.124697
0.124697
0.124697
0.124697
0.124697
0.124697
0.124697
0.124697
0.124697
0.124697
0.124697
0.124697
0.124697
0.124697
0.124697
0.124697
0.124697
0.124697
0.124697
0.124697
0.124697
0.124697
0.124697
0.124697
0.124697
0.124697
0.124697
0.124697
0.124697
0.124697
0.124697
0.124697
0.124697
0.124697
0.124697
0.124697
0.124697
0.124697
0.124697
0.124697
0.124697
0.124697
0.124697
0.124697
0.124697
0.124697
0.124697
0.124697
0.124697
0.124697
0.124697
0.124697
0.124697
0.124697
0.124697
0.124697
0.124697
0.124697
0.124697
0.124697
0.124697
0.124697
0.124697
0.124697
0.124697
0.124697
0.124697
0.124697
0.124697
0.124697
0.124697
0.124697
0.124697
0.124697
0.124697
0.124697
0.124697
0.124697
0.124697
0.124697
0.124697
0.124697
0.124697
0.124697
0.124697
0.124697
0.124697
0.124697
0.124697
0.124697
0.124697
0.124697
0.124697
0.124697
0.124697
0.124697
0.124697
0.124697
0.124697
0.124697
0.124697
0.124697
0.124697
0.124697
0.124697
0.124697
0.124697
0.124697
0.124697
0.124697
0.124697
0.124697
0.124697
0.124697
0.124697
0.124697
0.124697
0.124697
0.124697
0.124697
0.124697
0.124697
0.124697
0.124697
0.124697
0.124697
0.124697
0.124697
0.124697
0.124697
0.124697
0.124697
0.124697
0.124697
0.124697
0.124697
0.124697
0.124697
0.124697
0.124697
0.124697
0.124697
0.124697
0.124697
0.124697
0.124697
0.124697
0.124697
0.124697
0.124697
0.124697
0.124697
0.124697
0.124697
0.124697
0.124697
0.124697
0.124697
0.124697
0.124697
0.124697
0.124697
0.124697
0.124697
0.124697
0.124697
0.124697
0.124697
0.124697
0.124697
0.124697
0.124697
0.124697
0.124697
0.124697
0.124697
0.124697
0.124697
0.124697
0.124697
0.124697
0.124697
0.124697
0.124697
0.124697
0.124697
0.124697
0.124697
0.124697
0.124697
0.124697
0.124697
0.124697
0.124697
0.124697
0.124697
0.124697
0.124697
0.124697
0.124697
0.124697
0.124697
0.124697
0.124697
0.124697
0.124697
0.124697
0.124697
0.124697
0.124697
0.124697
0.124697
0.124697
0.124697
0.124697
0.124697
0.124697
0.124697
0.124697
0.124697
0.124697
0.124697
0.124697
0.124697
0.124697
0.124697
0.124697
0.124697
0.124697
0.124697
0.124697
0.124697
0.124697
0.124697
0.124697
0.124697
0.124697
0.124697
0.124697
0.124697
0.124697
0.124697
0.124697
0.124697
0.124697
0.124697
0.124697
0.124697
0.124697
0.124697
0.124697
0.124697
0.124697
0.124697
0.124697
0.124697
0.124697
0.124697
0.124697
0.124697
0.124697
0.124697
0.124697
0.124697
0.124697
0.124697
0.124697
0.124697
0.124697
0.124697
0.124697
0.124697
0.124697
0.124697
0.124697
0.124697
0.124697
0.124697
0.124697
0.124697
0.124697
0.124697
0.124697
0.124697
0.124697
0.124697
0.124697
0.124697
0.124697
0.124697
0.124697
0.124697
0.124697
0.124697
0.124697
0.124697
0.124697
0.124697
0.124697
0.124697
0.124697
0.124697
0.124697
0.124697
0.124697
0.124697
0.124697
0.124697
0.124697
0.124697
0.124697
0.124697
0.124697
0.124697
0.124697
0.124697
0.124697
0.124697
0.124697
0.124697
0.124697
0.124697
0.124697
0.124697
0.124697
0.124697
0.124697
0.124697
0.124697
0.124697
0.124697
0.124697
0.124697
0.124697
0.124697
0.124697
0.124697
0.124697
0.124697
0.124697
0.124697
0.124697
0.124697
0.124697
0.124697
0.124697
0.124697
0.124697
0.124697
0.124697
0.124697
0.124697
0.124697
0.124697
0.124697
0.124697
0.124697
0.124697
0.124697
0.124697
0.124697
0.124697
0.124697
0.124697
0.124697
0.124697
0.124697
0.124697
0.124697
0.124697
0.124697
0.124697
0.124697
0.124697
0.124697
0.124697
0.124697
0.124697
0.124697
0.124697
0.124697
0.124697
0.124697
0.124697
0.124697
0.124697
0.124697
0.124697
0.124697
0.124697
0.124697
0.124697
0.124697
0.124697
0.124697
0.124697
0.124697
0.124697
0.124697
0.124697
0.124697
0.124697
0.124697
0.124697
0.124697
0.124697
0.124697
0.124697
0.124697
0.124697
0.124697
0.124697
0.124697
0.124697
0.124697
0.124697
0.124697
0.124697
0.124697
0.124697
0.124697
0.124697
0.124697
0.124697
0.124697
0.124697
0.124697
0.124697
0.124697
0.124697
0.124697
0.124697
0.124697
0.124697
0.124697
0.124697
0.124697
0.124697
0.124697
0.124697
0.124697
0.124697
0.124697
0.124697
0.124697
0.124697
0.124697
0.124697
0.124697
0.124697
0.124697
0.124697
0.124697
0.124697
0.124697
0.124697
0.124697
0.124697
0.124697
0.124697
0.124697
0.124697
0.124697
0.124697
0.124697
0.124697
0.124697
0.124697
0.124697
0.124697
0.124697
0.124697
0.124697
0.124697
0.124697
0.124697
0.124697
0.124697
0.124697
0.124697
0.124697
0.124697
0.124697
0.124697
0.124697
0.124697
0.124697
0.124697
0.124697
0.124697
0.124697
0.124697
0.124697
0.124697
0.124697
0.124697
0.124697
0.124697
0.124697
0.124697
0.124697
0.124697
0.124697
0.124697
0.124697
0.124697
0.124697
0.124697
0.124697
0.124697
0.124697
0.124697
0.124697
0.124697
0.124697
0.124697
0.124697
0.124697
0.124697
0.124697
0.124697
0.124697
0.124697
0.124697
0.124697
0.124697
0.124697
0.124697
0.124697
0.124697
0.124697
0.124697
0.124697
0.124697
0.124697
0.124697
0.124697
0.124697
0.124697
0.124697
0.124697
0.124697
0.124697
0.124697
0.124697
0.124697
0.124697
0.124697
0.124697
0.124697
0.124697
0.124697
0.124697
0.124697
0.124697
0.124697
0.124697
0.124697
0.124697
0.124697
0.124697
0.124697
0.124697
0.124697
0.124697
0.124697
0.124697
0.124697
0.124697
0.124697
0.124697
0.124697
0.124697
0.124697
0.124697
0.124697
0.124697
0.124697
0.124697
0.124697
0.124697
0.124697
0.124697
0.124697
0.124697
0.124697
0.124697
0.124697
0.124697
0.124697
0.124697
0.124697
0.124697
0.124697
0.124697
0.124697
0.124697
0.124697
0.124697
0.124697
0.124697
0.124697
0.124697
0.124697
0.124697
0.124697
0.124697
0.124697
0.124697
0.124697
0.124697
0.124697
0.124697
0.124697
0.124697
0.124697
0.124697
0.124697
0.124697
0.124697
0.124697
0.124697
0.124697
0.124697
0.124697
0.124697
0.124697
0.124697
0.124697
0.124697
0.124697
0.124697
0.124697
0.124697
0.124697
0.124697
0.124697
0.124697
0.124697
0.124697
0.124697
0.124697
0.124697
0.124697
0.124697
0.124697
0.124697
0.124697
0.124697
0.124697
0.124697
0.124697
0.124697
0.124697
0.124697
0.124697
0.124697
0.124697
0.124697
0.124697
0.124697
0.124697
0.124697
0.124697
0.124697
0.124697
0.124697
0.124697
0.124697
0.124697
0.124697
0.124697
0.124697
0.124697
0.124697
0.124697
0.124697
0.124697
0.124697
0.124697
0.124697
0.124697
0.124697
0.124697
0.124697
0.124697
0.124697
0.124697
0.124697
0.124697
0.124697
0.124697
0.124697
0.124697
0.124697
0.124697
0.124697
0.124697
0.124697
0.124697
0.124697
0.124697
0.124697
0.124697
0.124697
0.124697
0.124697
0.124697
0.124697
0.124697
0.124697
0.124697
0.124697
0.124697
0.124697
0.124697
0.124697
0.124697
0.124697
0.124697
0.124697
0.124697
0.124697
0.124697
0.124697
0.124697
0.124697
0.124697
0.124697
0.124697
0.124697
0.124697
0.124697
0.124697
0.124697
0.124697
0.124697
0.124697
0.124697
0.124697
0.124697
0.124697
0.124697
0.124697
0.124697
0.124697
0.124697
0.124697
0.124697
0.124697
0.124697
0.124697
0.124697
0.124697
0.124697
0.124697
0.124697
0.124697
0.124697
0.124697
0.124697
0.124697
0.124697
0.124697
0.124697
0.124697
0.124697
0.124697
0.124697
0.124697
0.124697
0.124697
0.124697
0.124697
0.124697
0.124697
0.124697
0.124697
0.124697
0.124697
0.124697
0.124697
0.124697
0.124697
0.124697
0.124697
0.124697
0.124697
0.124697
0.124697
0.124697
0.124697
0.124697
0.124697
0.124697
0.124697
0.124697
0.124697
0.124697
0.124697
0.124697
0.124697
0.124697
0.124697
0.124697
0.124697
0.124697
0.124697
0.124697
0.124697
0.124697
0.124697
0.124697
0.124697
0.124697
0.124697
0.124697
0.124697
0.124697
0.124697
0.124697
0.124697
0.124697
0.124697
0.124697
0.124697
0.124697
0.124697
0.124697
0.124697
0.124697
0.124697
0.124697
0.124697
0.124697
0.124697
0.124697
0.124697
0.124697
0.124697
0.124697
0.124697
0.124697
0.124697
0.124697
0.124697
0.124697
0.124697
0.124697
0.124697
0.124697
0.124697
0.124697
0.124697
0.124697
0.124697
0.124697
0.124697
0.124697
0.124697
0.124697
0.124697
0.124697
0.124697
0.124697
0.124697
0.124697
0.124697
0.124697
0.124697
0.124697
0.124697
0.124697
0.124697
0.124697
0.124697
0.124697
0.124697
0.124697
0.124697
0.124697
0.124697
0.124697
0.124697
0.124697
0.124697
0.124697
0.124697
0.124697
0.124697
0.124697
0.124697
0.124697
0.124697
0.124697
0.124697
0.124697
0.124697
0.124697
0.124697
0.124697
0.124697
0.124697
0.124697
0.124697
0.124697
0.124697
0.124697
0.124697
0.124697
0.124697
0.124697
0.124697
0.124697
0.124697
0.124697
0.124697
0.124697
0.124697
0.124697
0.124697
0.124697
0.124697
0.124697
0.124697
0.124697
0.124697
0.124697
0.124697
0.124697
0.124697
0.124697
0.124697
0.124697
0.124697
0.124697
0.124697
0.124697
0.124697
0.124697
0.124697
0.124697
0.124697
0.124697
0.124697
0.124697
0.124697
0.124697
0.124697
0.124697
0.124697
0.124697
0.124697
0.124697
0.124697
0.124697
0.124697
0.124697
0.124697
0.124697
0.124697
0.124697
0.124697
0.124697
0.124697
0.124697
0.124697
0.124697
0.124697
0.124697
0.124697
0.124697
0.124697
0.124697
0.124697
0.124697
0.124697
0.124697
0.124697
0.124697
0.124697
0.124697
0.124697
0.124697
0.124697
0.124697
0.124697
0.124697
0.124697
0.124697
0.124697
0.124697
0.124697
0.124697
0.124697
0.124697
0.124697
0.124697
0.124697
0.124697
0.124697
0.124697
0.124697
0.124697
0.124697
0.124697
0.124697
0.124697
0.124697
0.124697
0.124697
0.124697
0.124697
0.124697
0.124697
0.124697
0.124697
0.124697
0.124697
0.124697
0.124697
0.124697
0.124697
0.124697
0.124697
0.124697
0.124697
0.124697
0.124697
0.124697
0.124697
0.124697
0.124697
0.124697
0.124697
0.124697
0.124697
0.124697
0.124697
0.124697
0.124697
0.124697
0.124697
0.124697
0.124697
0.124697
0.124697
0.124697
0.124697
0.124697
0.124697
0.124697
0.124697
0.124697
0.124697
0.124697
0.124697
0.124697
0.124697
0.124697
0.124697
0.124697
0.124697
0.124697
0.124697
0.124697
0.124697
0.124697
0.124697
0.124697
0.124697
0.124697
0.124697
0.124697
0.124697
0.124697
0.124697
0.124697
0.124697
0.124697
0.124697
0.124697
0.124697
0.124697
0.124697
0.124697
0.124697
0.124697
0.124697
0.124697
0.124697
0.124697
0.124697
0.124697
0.124697
0.124697
0.124697
0.124697
0.124697
0.124697
0.124697
0.124697
0.124697
0.124697
0.124697
0.124697
0.124697
0.124697
0.124697
0.124697
0.124697
0.124697
0.124697
0.124697
0.124697
0.124697
0.124697
0.124697
0.124697
0.124697
0.124697
0.124697
0.124697
0.124697
0.124697
0.124697
0.124697
0.124697
0.124697
0.124697
0.124697
0.124697
0.124697
0.124697
0.124697
0.124697
0.124697
0.124697
0.124697
0.124697
0.124697
0.124697
0.124697
0.124697
0.124697
0.124697
0.124697
0.124697
0.124697
0.124697
0.124697
0.124697
0.124697
0.124697
0.124697
0.124697
0.124697
0.124697
0.124697
0.124697
0.124697
0.124697
0.124697
0.124697
0.124697
0.124697
0.124697
0.124697
0.124697
0.124697
0.124697
0.124697
0.124697
0.124697
0.124697
0.124697
0.124697
0.124697
0.124697
0.124697
0.124697
0.124697
0.124697
0.124697
0.124697
0.124697
0.124697
0.124697
0.124697
0.124697
0.124697
0.124697
0.124697
0.124697
0.124697
0.124697
0.124697
0.124697
0.124697
0.124697
0.124697
0.124697
0.124697
0.124697
0.124697
0.124697
0.124697
0.124697
0.124697
0.124697
0.124697
0.124697
0.124697
0.124697
0.124697
0.124697
0.124697
0.124697
0.124697
0.124697
0.124697
0.124697
0.124697
0.124697
0.124697
0.124697
0.124697
0.124697
0.124697
0.124697
0.124697
0.124697
0.124697
0.124697
0.124697
0.124697
0.124697
0.124697
0.124697
0.124697
0.124697
0.124697
0.124697
0.124697
0.124697
0.124697
0.124697
0.124697
0.124697
0.124697
0.124697
0.124697
0.124697
0.124697
0.124697
0.124697
0.124697
0.124697
0.124697
0.124697
0.124697
0.124697
0.124697
0.124697
0.124697
0.124697
0.124697
0.124697
0.124697
0.124697
0.124697
0.124697
0.124697
0.124697
0.124697
0.124697
0.124697
0.124697
0.124697
0.124697
0.124697
0.124697
0.124697
0.124697
0.124697
0.124697
0.124697
0.124697
0.124697
0.124697
0.124697
0.124697
0.124697
0.124697
0.124697
0.124697
0.124697
0.124697
0.124697
0.124697
0.124697
0.124697
0.124697
0.124697
0.124697
0.124697
0.124697
0.124697
0.124697
0.124697
0.124697
0.124697
0.124697
0.124697
0.124697
0.124697
0.124697
0.124697
0.124697
0.124697
0.124697
0.124697
0.124697
0.124697
0.124697
0.124697
0.124697
0.124697
0.124697
0.124697
0.124697
0.124697
0.124697
0.124697
0.124697
0.124697
0.124697
0.124697
0.124697
0.124697
0.124697
0.124697
0.124697
0.124697
0.124697
0.124697
0.124697
0.124697
0.124697
0.124697
0.124697
0.124697
0.124697
0.124697
0.124697
0.124697
0.124697
0.124697
0.124697
0.124697
0.124697
0.124697
0.124697
0.124697
0.124697
0.124697
0.124697
0.124697
0.124697
0.124697
0.124697
0.124697
0.124697
0.124697
0.124697
0.124697
0.124697
0.124697
0.124697
0.124697
0.124697
0.124697
0.124697
0.124697
0.124697
0.124697
0.124697
0.124697
0.124697
0.124697
0.124697
0.124697
0.124697
0.124697
0.124697
0.124697
0.124697
0.124697
0.124697
0.124697
0.124697
0.124697
0.124697
0.124697
0.124697
0.124697
0.124697
0.124697
0.124697
0.124697
0.124697
0.124697
0.124697
0.124697
0.124697
0.124697
0.124697
0.124697
0.124697
0.124697
0.124697
0.124697
0.124697
0.124697
0.124697
0.124697
0.124697
0.124697
0.124697
0.124697
0.124697
0.124697
0.124697
0.124697
0.124697
0.124697
0.124697
0.124697
0.124697
0.124697
0.124697
0.124697
0.124697
0.124697
0.124697
0.124697
0.124697
0.124697
0.124697
0.124697
0.124697
0.124697
0.124697
0.124697
0.124697
0.124697
0.124697
0.124697
0.124697
0.124697
0.124697
0.124697
0.124697
0.124697
0.124697
0.124697
0.124697
0.124697
0.124697
0.124697
0.124697
0.124697
0.124697
0.124697
0.124697
0.124697
0.124697
0.124697
0.124697
0.124697
0.124697
0.124697
0.124697
0.124697
0.124697
0.124697
0.124697
0.124697
0.124697
0.124697
0.124697
0.124697
0.124697
0.124697
0.124697
0.124697
0.124697
0.124697
0.124697
0.124697
0.124697
0.124697
0.124697
0.124697
0.124697
0.124697
0.124697
0.124697
0.124697
0.124697
0.124697
0.124697
0.124697
0.124697
0.124697
0.124697
0.124697
0.124697
0.124697
0.124697
0.124697
0.124697
0.124697
0.124697
0.124697
0.124697
0.124697
0.124697
0.124697
0.124697
0.124697
0.124697
0.124697
0.124697
0.124697
0.124697
0.124697
0.124697
0.124697
0.124697
0.124697
0.124697
0.124697
0.124697
0.124697
0.124697
0.124697
0.124697
0.124697
0.124697
0.124697
0.124697
0.124697
0.124697
0.124697
0.124697
0.124697
0.124697
0.124697
0.124697
0.124697
0.124697
0.124697
0.124697
0.124697
0.124697
0.124697
0.124697
0.124697
0.124697
0.124697
0.124697
0.124697
0.124697
0.124697
0.124697
0.124697
0.124697
0.124697
0.124697
0.124697
0.124697
0.124697
0.124697
0.124697
0.124697
0.124697
0.124697
0.124697
0.124697
0.124697
0.124697
0.124697
0.124697
0.124697
0.124697
0.124697
0.124697
0.124697
0.124697
0.124697
0.124697
0.124697
0.124697
0.124697
0.124697
0.124697
0.124697
0.124697
0.124697
0.124697
0.124697
0.124697
0.124697
0.124697
0.124697
0.124697
0.124697
0.124697
0.124697
0.124697
0.124697
0.124697
0.124697
0.124697
0.124697
0.124697
0.124697
0.124697
0.124697
0.124697
0.124697
0.124697
0.124697
0.124697
0.124697
0.124697
0.124697
0.124697
0.124697
0.124697
0.124697
0.124697
0.124697
0.124697
0.124697
0.124697
0.124697
0.124697
0.124697
0.124697
0.124697
0.124697
0.124697
0.124697
0.124697
0.124697
0.124697
0.124697
0.124697
0.124697
0.124697
0.124697
0.124697
0.124697
0.124697
0.124697
0.124697
0.124697
0.124697
0.124697
0.124697
0.124697
0.124697
0.124697
0.124697
0.124697
0.124697
0.124697
0.124697
0.124697
0.124697
0.124697
0.124697
0.124697
0.124697
0.124697
0.124697
0.124697
0.124697
0.124697
0.124697
0.124697
0.124697
0.124697
0.124697
0.124697
0.124697
0.124697
0.124697
0.124697
0.124697
0.124697
0.124697
0.124697
0.124697
0.124697
0.124697
0.124697
0.124697
0.124697
0.124697
0.124697
0.124697
0.124697
0.124697
0.124697
0.124697
0.124697
0.124697
0.124697
0.124697
0.124697
0.124697
0.124697
0.124697
0.124697
0.124697
0.124697
0.124697
0.124697
0.124697
0.124697
0.124697
0.124697
0.124697
0.124697
0.124697
0.124697
0.124697
0.124697
0.124697
0.124697
0.124697
0.124697
0.124697
0.124697
0.124697
0.124697
0.124697
0.124697
0.124697
0.124697
0.124697
0.124697
0.124697
0.124697
0.124697
0.124697
0.124697
0.124697
0.124697
0.124697
0.124697
0.124697
0.124697
0.124697
0.124697
0.124697
0.124697
0.124697
0.124697
0.124697
0.124697
0.124697
0.124697
0.124697
0.124697
0.124697
0.124697
0.124697
0.124697
0.124697
0.124697
0.124697
0.124697
0.124697
0.124697
0.124697
0.124697
0.124697
0.124697
0.124697
0.124697
0.124697
0.124697
0.124697
0.124697
0.124697
0.124697
0.124697
0.124697
0.124697
0.124697
0.124697
0.124697
0.124697
0.124697
0.124697
0.124697
0.124697
0.124697
0.124697
0.124697
0.124697
0.124697
0.124697
0.124697
0.124697
0.124697
0.124697
0.124697
0.124697
0.124697
0.124697
0.124697
0.124697
0.124697
0.124697
0.124697
0.124697
0.124697
0.124697
0.124697
0.124697
0.124697
0.124697
0.124697
0.124697
0.124697
0.124697
0.124697
0.124697
0.124697
0.124697
0.124697
0.124697
0.124697
0.124697
0.124697
0.124697
0.124697
0.124697
0.124697
0.124697
0.124697
0.124697
0.124697
0.124697
0.124697
0.124697
0.124697
0.124697
0.124697
0.124697
0.124697
0.124697
0.124697
0.124697
0.124697
0.124697
0.124697
0.124697
0.124697
0.124697
0.124697
0.124697
0.124697
0.124697
0.124697
0.124697
0.124697
0.124697
0.124697
0.124697
0.124697
0.124697
0.124697
0.124697
0.124697
0.124697
0.124697
0.124697
0.124697
0.124697
0.124697
0.124697
0.124697
0.124697
0.124697
0.124697
0.124697
0.124697
0.124697
0.124697
0.124697
0.124697
0.124697
0.124697
0.124697
0.124697
0.124697
0.124697
0.124697
0.124697
0.124697
0.124697
0.124697
0.124697
0.124697
0.124697
0.124697
0.124697
0.124697
0.124697
0.124697
0.124697
0.124697
0.124697
0.124697
0.124697
0.124697
0.124697
0.124697
0.124697
0.124697
0.124697
0.124697
0.124697
0.124697
0.124697
0.124697
0.124697
0.124697
0.124697
0.124697
0.124697
0.124697
0.124697
0.124697
0.124697
0.124697
0.124697
0.124697
0.124697
0.124697
0.124697
0.124697
0.124697
0.124697
0.124697
0.124697
0.124697
0.124697
0.124697
0.124697
0.124697
0.124697
0.124697
0.124697
0.124697
0.124697
0.124697
0.124697
0.124697
0.124697
0.124697
0.124697
0.124697
0.124697
0.124697
0.124697
0.124697
0.124697
0.124697
0.124697
0.124697
0.124697
0.124697
0.124697
0.124697
0.124697
0.124697
0.124697
0.124697
0.124697
0.124697
0.124697
0.124697
0.124697
0.124697
0.124697
0.124697
0.124697
0.124697
0.124697
0.124697
0.124697
0.124697
0.124697
0.124697
0.124697
0.124697
0.124697
0.124697
0.124697
0.124697
0.124697
0.124697
0.124697
0.124697
0.124697
0.124697
0.124697
0.124697
0.124697
0.124697
0.124697
0.124697
0.124697
0.124697
0.124697
0.124697
0.124697
0.124697
0.124697
0.124697
0.124697
0.124697
0.124697
0.124697
0.124697
0.124697
0.124697
0.124697
0.124697
0.124697
0.124697
0.124697
0.124697
0.124697
0.124697
0.124697
0.124697
0.124697
0.124697
0.124697
0.124697
0.124697
0.124697
0.124697
0.124697
0.124697
0.124697
0.124697
0.124697
0.124697
0.124697
0.124697
0.124697
0.124697
0.124697
0.124697
0.124697
0.124697
0.124697
0.124697
0.124697
0.124697
0.124697
0.124697
0.124697
0.124697
0.124697
0.124697
0.124697
0.124697
0.124697
0.124697
0.124697
0.124697
0.124697
0.124697
0.124697
0.124697
0.124697
0.124697
0.124697
0.124697
0.124697
0.124697
0.124697
0.124697
0.124697
0.124697
0.124697
0.124697
0.124697
0.124697
0.124697
0.124697
0.124697
0.124697
0.124697
0.124697
0.124697
0.124697
0.124697
0.124697
0.124697
0.124697
0.124697
0.124697
0.124697
0.124697
0.124697
0.124697
0.124697
0.124697
0.124697
0.124697
0.124697
0.124697
0.124697
0.124697
0.124697
0.124697
0.124697
0.124697
0.124697
0.124697
0.124697
0.124697
0.124697
0.124697
0.124697
0.124697
0.124697
0.124697
0.124697
0.124697
0.124697
0.124697
0.124697
0.124697
0.124697
0.124697
0.124697
0.124697
0.124697
0.124697
0.124697
0.124697
0.124697
0.124697
0.124697
0.124697
0.124697
0.124697
0.124697
0.124697
0.124697
0.124697
0.124697
0.124697
0.124697
0.124697
0.124697
0.124697
0.124697
0.124697
0.124697
0.124697
0.124697
0.124697
0.124697
0.124697
0.124697
0.124697
0.124697
0.124697
0.124697
0.124697
0.124697
0.124697
0.124697
0.124697
0.124697
0.124697
0.124697
0.124697
0.124697
0.124697
0.124697
0.124697
0.124697
0.124697
0.124697
0.124697
0.124697
0.124697
0.124697
0.124697
0.124697
0.124697
0.124697
0.124697
0.124697
0.124697
0.124697
0.124697
0.124697
0.124697
0.124697
0.124697
0.124697
0.124697
0.124697
0.124697
0.124697
0.124697
0.124697
0.124697
0.124697
0.124697
0.124697
0.124697
0.124697
0.124697
0.124697
0.124697
0.124697
0.124697
0.124697
0.124697
0.124697
0.124697
0.124697
0.124697
0.124697
0.124697
0.124697
0.124697
0.124697
0.124697
0.124697
0.124697
0.124697
0.124697
0.124697
0.124697
0.124697
0.124697
0.124697
0.124697
0.124697
0.124697
0.124697
0.124697
0.124697
0.124697
0.124697
0.124697
0.124697
0.124697
0.124697
0.124697
0.124697
0.124697
0.124697
0.124697
0.124697
0.124697
0.124697
0.124697
0.124697
0.124697
0.124697
0.124697
0.124697
0.124697
0.124697
0.124697
0.124697
0.124697
0.124697
0.124697
0.124697
0.124697
0.124697
0.124697
0.124697
0.124697
0.124697
0.124697
0.124697
0.124697
0.124697
0.124697
0.124697
0.124697
0.124697
0.124697
0.124697
0.124697
0.124697
0.124697
0.124697
0.124697
0.124697
0.124697
0.124697
0.124697
0.124697
0.124697
0.124697
0.124697
0.124697
0.124697
0.124697
0.124697
0.124697
0.124697
0.124697
0.124697
0.124697
0.124697
0.124697
0.124697
0.124697
0.124697
0.124697
0.124697
0.124697
0.124697
0.124697
0.124697
0.124697
0.124697
0.124697
0.124697
0.124697
0.124697
0.124697
0.124697
0.124697
0.124697
0.124697
0.124697
0.124697
0.124697
0.124697
0.124697
0.124697
0.124697
0.124697
0.124697
0.124697
0.124697
0.124697
0.124697
0.124697
0.124697
0.124697
0.124697
0.124697
0.124697
0.124697
0.124697
0.124697
0.124697
0.124697
0.124697
0.124697
0.124697
0.124697
0.124697
0.124697
0.124697
0.124697
0.124697
0.124697
0.124697
0.124697
0.124697
0.124697
0.124697
0.124697
0.124697
0.124697
0.124697
0.124697
0.124697
0.124697
0.124697
0.124697
0.124697
0.124697
0.124697
0.124697
0.124697
0.124697
0.124697
0.124697
0.124697
0.124697
0.124697
0.124697
0.124697
0.124697
0.124697
0.124697
0.124697
0.124697
0.124697
0.124697
0.124697
0.124697
0.124697
0.124697
0.124697
0.124697
0.124697
0.124697
0.124697
0.124697
0.124697
0.124697
0.124697
0.124697
0.124697
0.124697
0.124697
0.124697
0.124697
0.124697
0.124697
0.124697
0.124697
0.124697
0.124697
0.124697
0.124697
0.124697
0.124697
0.124697
0.124697
0.124697
0.124697
0.124697
0.124697
0.124697
0.124697
0.124697
0.124697
0.124697
0.124697
0.124697
0.124697
0.124697
0.124697
0.124697
0.124697
0.124697
0.124697
0.124697
0.124697
0.124697
0.124697
0.124697
0.124697
0.124697
0.124697
0.124697
0.124697
0.124697
0.124697
0.124697
0.124697
0.124697
0.124697
0.124697
0.124697
0.124697
0.124697
0.124697
0.124697
0.124697
0.124697
0.124697
0.124697
0.124697
0.124697
0.124697
0.124697
0.124697
0.124697
0.124697
0.124697
0.124697
0.124697
0.124697
0.124697
0.124697
0.124697
0.124697
0.124697
0.124697
0.124697
0.124697
0.124697
0.124697
0.124697
0.124697
0.124697
0.124697
0.124697
0.124697
0.124697
0.124697
0.124697
0.124697
0.124697
0.124697
0.124697
0.124697
0.124697
0.124697
0.124697
0.124697
0.124697
0.124697
0.124697
0.124697
0.124697
0.124697
0.124697
0.124697
0.124697
0.124697
0.124697
0.124697
0.124697
0.124697
0.124697
0.124697
0.124697
0.124697
0.124697
0.124697
0.124697
0.124697
0.124697
0.124697
0.124697
0.124697
0.124697
0.124697
0.124697
0.124697
0.124697
0.124697
0.124697
0.124697
0.124697
0.124697
0.124697
0.124697
0.124697
0.124697
0.124697
0.124697
0.124697
0.124697
0.124697
0.124697
0.124697
0.124697
0.124697
0.124697
0.124697
0.124697
0.124697
0.124697
0.124697
0.124697
0.124697
0.124697
0.124697
0.124697
0.124697
0.124697
0.124697
0.124697
0.124697
0.124697
0.124697
0.124697
0.124697
0.124697
0.124697
0.124697
0.124697
0.124697
0.124697
0.124697
0.124697
0.124697
0.124697
0.124697
0.124697
0.124697
0.124697
0.124697
0.124697
0.124697
0.124697
0.124697
0.124697
0.124697
0.124697
0.124697
0.124697
0.124697
0.124697
0.124697
0.124697
0.124697
0.124697
0.124697
0.124697
0.124697
0.124697
0.124697
0.124697
0.124697
0.124697
0.124697
0.124697
0.124697
0.124697
0.124697
0.124697
0.124697
0.124697
0.124697
0.124697
0.124697
0.124697
0.124697
0.124697
0.124697
0.124697
0.124697
0.124697
0.124697
0.124697
0.124697
0.124697
0.124697
0.124697
0.124697
0.124697
0.124697
0.124697
0.124697
0.124697
0.124697
0.124697
0.124697
0.124697
0.124697
0.124697
0.124697
0.124697
0.124697
0.124697
0.124697
0.124697
0.124697
0.124697
0.124697
0.124697
0.124697
0.124697
0.124697
0.124697
0.124697
0.124697
0.124697
0.124697
0.124697
0.124697
0.124697
0.124697
0.124697
0.124697
0.124697
0.124697
0.124697
0.124697
0.124697
0.124697
0.124697
0.124697
0.124697
0.124697
0.124697
0.124697
0.124697
0.124697
0.124697
0.124697
0.124697
0.124697
0.124697
0.124697
0.124697
0.124697
0.124697
0.124697
0.124697
0.124697
0.124697
0.124697
0.124697
0.124697
0.124697
0.124697
0.124697
0.124697
0.124697
0.124697
0.124697
0.124697
0.124697
0.124697
0.124697
0.124697
0.124697
0.124697
0.124697
0.124697
0.124697
0.124697
0.124697
0.124697
0.124697
0.124697
0.124697
0.124697
0.124697
0.124697
0.124697
0.124697
0.124697
0.124697
0.124697
0.124697
0.124697
0.124697
0.124697
0.124697
0.124697
0.124697
0.124697
0.124697
0.124697
0.124697
0.124697
0.124697
0.124697
0.124697
0.124697
0.124697
0.124697
0.124697
0.124697
0.124697
0.124697
0.124697
0.124697
0.124697
0.124697
0.124697
0.124697
0.124697
0.124697
0.124697
0.124697
0.124697
0.124697
0.124697
0.124697
0.124697
0.124697
0.124697
0.124697
0.124697
0.124697
0.124697
0.124697
0.124697
0.124697
0.124697
0.124697
0.124697
0.124697
0.124697
0.124697
0.124697
0.124697
0.124697
0.124697
0.124697
0.124697
0.124697
0.124697
0.124697
0.124697
0.124697
0.124697
0.124697
0.124697
0.124697
0.124697
0.124697
0.124697
0.124697
0.124697
0.124697
0.124697
0.124697
0.124697
0.124697
0.124697
0.124697
0.124697
0.124697
0.124697
0.124697
0.124697
0.124697
0.124697
0.124697
0.124697
0.124697
0.124697
0.124697
0.124697
0.124697
0.124697
0.124697
0.124697
0.124697
0.124697
0.124697
0.124697
0.124697
0.124697
0.124697
0.124697
0.124697
0.124697
0.124697
0.124697
0.124697
0.124697
0.124697
0.124697
0.124697
0.124697
0.124697
0.124697
0.124697
0.124697
0.124697
0.124697
0.124697
0.124697
0.124697
0.124697
0.124697
0.124697
0.124697
0.124697
0.124697
0.124697
0.124697
0.124697
0.124697
0.124697
0.124697
0.124697
0.124697
0.124697
0.124697
0.124697
0.124697
0.124697
0.124697
0.124697
0.124697
0.124697
0.124697
0.124697
0.124697
0.124697
0.124697
0.124697
0.124697
0.124697
0.124697
0.124697
0.124697
0.124697
0.124697
0.124697
0.124697
0.124697
0.124697
0.124697
0.124697
0.124697
0.124697
0.124697
0.124697
0.124697
0.124697
0.124697
0.124697
0.124697
0.124697
0.124697
0.124697
0.124697
0.124697
0.124697
0.124697
0.124697
0.124697
0.124697
0.124697
0.124697
0.124697
0.124697
0.124697
0.124697
0.124697
0.124697
0.124697
0.124697
0.124697
0.124697
0.124697
0.124697
0.124697
0.124697
0.124697
0.124697
0.124697
0.124697
0.124697
0.124697
0.124697
0.124697
0.124697
0.124697
0.124697
0.124697
0.124697
0.124697
0.124697
0.124697
0.124697
0.124697
0.124697
0.124697
0.124697
0.124697
0.124697
0.124697
0.124697
0.124697
0.124697
0.124697
0.124697
0.124697
0.124697
0.124697
0.124697
0.124697
0.124697
0.124697
0.124697
0.124697
0.124697
0.124697
)
;

boundaryField
{
    sides
    {
        type            calculated;
        value           nonuniform List<scalar> 2(0.124697 0.997574);
    }
    empty
    {
        type            empty;
    }
}


// ************************************************************************* //
