/*--------------------------------*- C++ -*----------------------------------*\
  =========                 |
  \\      /  F ield         | OpenFOAM: The Open Source CFD Toolbox
   \\    /   O peration     | Website:  https://openfoam.org
    \\  /    A nd           | Version:  7
     \\/     M anipulation  |
\*---------------------------------------------------------------------------*/
FoamFile
{
    version     2.0;
    format      ascii;
    class       volScalarField;
    location    "0.53";
    object      T;
}
// * * * * * * * * * * * * * * * * * * * * * * * * * * * * * * * * * * * * * //

dimensions      [0 0 0 1 0 0 0];

internalField   nonuniform List<scalar> 
1000
(
0
0
0
0
0
0
0
0
0
0
0
0
0
0
0
0
0
0
0
0
0
0
0
0
0
0
0
0
0
0
0
0
0
0
0
0
0
0
0
0
0
0
0
0
0
0
0
0
0
0
0
0
0
0
0
0
0
0
0
0
0
0
0
0
0
0
0
0
0
0
0
0
0
0
0
0
0
0
0
0
0
0
0
0
0
0
0
0
0
0
0
0
0
0
0
0
0
0
0
0
0
0
0
0
0
0
0
0
0
0
0
0
0
0
0
0
0
0
0
0
0
0
0
0
0
0
0
0
0
0
0
0
0
0
0
0
0
0
0
0
0
0
0
0
0
0
0
0
0
0
0
0
0
0
0
0
0
0
0
0
0
0
0
0
0
0
0
0
0
0
0
0
0
0
0
0
0
0
0
0
0
0
0
0
0
0
0
0
0
0
0
0
0
0
0
0
0
0
0
0
0
0
0
0
0
0
0
0
0
0
0
0
0
0
0
0
0
0
0
0
0
0
0
0
0
0
0
0
0
0
0
0
0
0
0
0
0
0
0
0
0
0
0
0
0
0
0
0
0
0
0
0
0
0
0
0
0
0
0
0
0
0
0
0
0
0
0
0
0
0
0
0
0
0
0
0
0
0
0
0
0
0
0
0
0
0
0
0
0
0
0
0
0
0
0
0
0
0
0
0
0
0
0
0
0
0
0
0
0
0
0
0
0
0
0
0
0
0
0
0
0
0
0
0
0
0
0
0
0
0
0
0
0
0
0
0
0
0
0
0
0
0
0
0
0
0
0
0
0
0
0
0
0
0
0
0
0
0
0
0
2.17883e-321
1.38587e-317
8.74948e-314
5.50078e-310
3.44362e-306
2.14646e-302
1.33201e-298
8.22877e-295
5.06019e-291
3.09715e-287
1.88662e-283
1.14363e-279
6.8981e-276
4.13969e-272
2.47148e-268
1.46773e-264
8.66946e-261
5.09261e-257
2.97468e-253
1.72758e-249
9.97423e-246
5.72407e-242
3.26479e-238
1.85042e-234
1.04204e-230
5.82955e-227
3.23929e-223
1.78756e-219
9.79467e-216
5.328e-212
2.87675e-208
1.54143e-204
8.19483e-201
4.32178e-197
2.26047e-193
1.17233e-189
6.02722e-186
3.07109e-182
1.55048e-178
7.75397e-175
3.84012e-171
1.88279e-167
9.13619e-164
4.38626e-160
2.08279e-156
9.77832e-153
4.53725e-149
2.08e-145
9.41663e-142
4.20828e-138
1.85564e-134
8.06964e-131
3.45912e-127
1.46082e-123
6.07429e-120
2.48544e-116
1.0001e-112
3.95467e-109
1.53566e-105
5.85132e-102
2.18588e-98
7.99878e-95
2.86435e-91
1.00273e-87
3.42776e-84
1.14282e-80
3.71124e-77
1.17221e-73
3.59554e-70
1.06917e-66
3.07634e-63
8.54722e-60
2.28777e-56
5.88411e-53
1.45002e-49
3.41257e-46
7.64177e-43
1.62135e-39
3.24343e-36
6.08286e-33
1.06234e-29
1.71388e-26
2.52932e-23
3.37335e-20
4.00345e-17
4.14285e-14
3.63544e-11
2.59794e-08
1.41796e-05
0.00525733
0.994743
0.999986
1
1
1
1
1
1
1
1
1
1
1
1
1
1
1
1
1
1
1
1
1
1
1
1
1
1
1
1
1
1
1
1
1
1
1
1
1
1
1
1
1
1
1
1
1
1
1
1
1
1
1
1
1
1
1
1
1
1
1
1
1
1
1
1
1
1
1
1
1
1
1
1
1
1
1
1
1
1
1
1
1
1
1
1
1
1
1
1
1
1
1
1
1
1
1
1
0.999986
0.994743
0.00525733
1.41796e-05
2.59794e-08
3.63544e-11
4.14285e-14
4.00345e-17
3.37335e-20
2.52932e-23
1.71388e-26
1.06234e-29
6.08286e-33
3.24343e-36
1.62135e-39
7.64177e-43
3.41257e-46
1.45002e-49
5.88411e-53
2.28777e-56
8.54722e-60
3.07634e-63
1.06917e-66
3.59554e-70
1.17221e-73
3.71124e-77
1.14282e-80
3.42776e-84
1.00273e-87
2.86435e-91
7.99878e-95
2.18588e-98
5.85132e-102
1.53566e-105
3.95467e-109
1.0001e-112
2.48544e-116
6.07429e-120
1.46082e-123
3.45912e-127
8.06964e-131
1.85564e-134
4.20828e-138
9.41663e-142
2.08e-145
4.53725e-149
9.77832e-153
2.08279e-156
4.38626e-160
9.13619e-164
1.88279e-167
3.84012e-171
7.75397e-175
1.55048e-178
3.07109e-182
6.02722e-186
1.17233e-189
2.26047e-193
4.32178e-197
8.19483e-201
1.54143e-204
2.87675e-208
5.328e-212
9.79467e-216
1.78756e-219
3.23929e-223
5.82955e-227
1.04204e-230
1.85042e-234
3.26479e-238
5.72407e-242
9.97423e-246
1.72758e-249
2.97468e-253
5.09261e-257
8.66946e-261
1.46773e-264
2.47148e-268
4.13969e-272
6.8981e-276
1.14363e-279
1.88662e-283
3.09715e-287
5.06019e-291
8.22877e-295
1.33201e-298
2.14646e-302
3.44362e-306
5.50078e-310
8.74948e-314
1.38587e-317
2.17883e-321
0
0
0
0
0
0
0
0
0
0
0
0
0
0
0
0
0
0
0
0
0
0
0
0
0
0
0
0
0
0
0
0
0
0
0
0
0
0
0
0
0
0
0
0
0
0
0
0
0
0
0
0
0
0
0
0
0
0
0
0
0
0
0
0
0
0
0
0
0
0
0
0
0
0
0
0
0
0
0
0
0
0
0
0
0
0
0
0
0
0
0
0
0
0
0
0
0
0
0
0
0
0
0
0
0
0
0
0
0
0
0
0
0
0
0
0
0
0
0
0
0
0
0
0
0
0
0
0
0
0
0
0
0
0
0
0
0
0
0
0
0
0
0
0
0
0
0
0
0
0
0
0
0
0
0
0
0
0
0
0
0
0
0
0
0
0
0
0
0
0
0
0
0
0
0
0
0
0
0
0
0
0
0
0
0
0
0
0
0
0
0
0
0
0
0
0
0
0
0
0
0
0
0
0
0
0
0
0
0
0
0
0
0
0
0
0
0
0
0
0
0
0
0
0
0
0
0
0
0
0
0
0
0
0
0
0
0
0
0
0
0
0
0
0
0
0
0
0
0
0
0
0
0
0
0
0
0
0
0
0
0
0
0
0
0
0
0
0
0
0
0
0
0
0
0
0
0
0
0
0
0
0
0
0
0
0
0
0
0
0
0
0
0
0
0
0
0
0
0
0
0
0
0
0
0
0
0
0
0
0
0
0
0
0
0
0
0
0
0
0
0
0
0
0
0
0
0
0
0
0
0
0
0
0
0
0
0
0
0
0
0
0
0
0
0
0
0
0
0
0
0
0
0
0
0
0
0
0
0
0
)
;

boundaryField
{
    sides
    {
        type            zeroGradient;
    }
    empty
    {
        type            empty;
    }
}


// ************************************************************************* //
