/*--------------------------------*- C++ -*----------------------------------*\
  =========                 |
  \\      /  F ield         | OpenFOAM: The Open Source CFD Toolbox
   \\    /   O peration     | Website:  https://openfoam.org
    \\  /    A nd           | Version:  7
     \\/     M anipulation  |
\*---------------------------------------------------------------------------*/
FoamFile
{
    version     2.0;
    format      ascii;
    class       volScalarField;
    location    "3.1";
    object      T;
}
// * * * * * * * * * * * * * * * * * * * * * * * * * * * * * * * * * * * * * //

dimensions      [0 0 0 1 0 0 0];

internalField   nonuniform List<scalar> 
1000
(
0
0
0
0
0
0
0
0
0
0
0
0
0
0
0
0
0
0
0
0
0
0
0
0
0
0
0
0
0
0
0
0
0
0
0
0
0
0
0
0
0
0
0
0
0
0
0
0
0
0
0
0
0
0
0
0
0
0
0
0
0
0
0
0
0
0
0
0
0
0
0
0
0
0
0
0
0
0
0
0
0
0
0
0
0
0
0
0
0
0
0
0
0
0
0
0
0
0
0
0
0
0
0
0
0
0
0
0
0
0
0
0
0
0
0
0
0
0
0
0
0
0
0
0
0
0
0
0
0
0
0
0
0
0
0
0
0
0
0
0
5.93079e-242
-4.28401e-239
1.53754e-236
-3.65554e-234
6.47664e-232
-9.12051e-230
1.06331e-227
-1.05553e-225
9.10706e-224
-6.93726e-222
4.72346e-220
-2.90352e-218
1.62461e-216
-8.33153e-215
3.93903e-213
-1.72554e-211
7.03434e-210
-2.67883e-208
9.56206e-207
-3.20878e-205
1.015e-203
-3.03372e-202
8.58614e-201
-2.30559e-199
5.88432e-198
-1.42968e-196
3.31168e-195
-7.32332e-194
1.54792e-192
-3.13085e-191
6.06591e-190
-1.12684e-188
2.0088e-187
-3.43927e-186
5.65939e-185
-8.95645e-184
1.36405e-182
-2.00027e-181
2.82575e-180
-3.8473e-179
5.05045e-178
-6.39452e-177
7.81125e-176
-9.2083e-175
1.04779e-173
-1.15099e-172
1.22074e-171
-1.25013e-170
1.23612e-169
-1.18012e-168
1.08766e-167
-9.67582e-167
8.30603e-166
-6.87799e-165
5.49161e-164
-4.2254e-163
3.13087e-162
-2.23216e-161
1.52967e-160
-1.00627e-159
6.34441e-159
-3.82599e-158
2.20119e-157
-1.20411e-156
6.23452e-156
-3.03601e-155
1.37744e-154
-5.73545e-154
2.13308e-153
-6.68081e-153
1.46356e-152
2.76403e-153
-2.64079e-151
1.86953e-150
-9.04215e-150
3.34451e-149
-8.77739e-149
7.50597e-149
8.38055e-148
-6.5676e-147
2.9522e-146
-8.94019e-146
1.26697e-145
4.9909e-145
-4.7372e-144
2.08139e-143
-5.52086e-143
3.27396e-143
5.48717e-142
-3.42368e-141
1.13097e-140
-1.61535e-140
-5.82001e-140
4.97709e-139
-1.78806e-138
2.81743e-138
7.66638e-138
-6.99508e-137
2.39974e-136
-3.05857e-136
-1.33801e-135
9.44725e-135
-2.68495e-134
1.28775e-134
2.3668e-133
-1.13553e-132
2.19561e-132
2.96134e-132
-3.47095e-131
1.06972e-130
-6.43081e-131
-8.2806e-130
3.76836e-129
-5.88117e-129
-1.51046e-128
1.11114e-127
-2.51071e-127
-1.68245e-127
2.92139e-126
-8.36644e-126
1.29309e-126
7.13867e-125
-2.43176e-124
1.44611e-124
1.6778e-123
-6.45782e-123
5.2959e-123
3.90501e-122
-1.60365e-121
1.42066e-121
9.17495e-121
-3.762e-120
3.05387e-120
2.18316e-119
-8.34032e-119
5.02876e-119
5.19296e-118
-1.73266e-117
4.34655e-118
1.20697e-116
-3.31139e-116
-9.37121e-117
2.67206e-115
-5.6264e-115
-6.30317e-115
5.49195e-114
-7.90081e-114
-2.12511e-113
1.01862e-112
-7.20016e-113
-5.48326e-112
1.63739e-111
3.39617e-112
-1.16702e-110
2.10252e-110
3.56456e-110
-2.06381e-109
1.61816e-109
1.02338e-108
-2.91916e-108
-1.16907e-108
2.03889e-107
-2.85877e-107
-7.62456e-107
3.04679e-106
-4.80476e-107
-1.75392e-105
3.13159e-105
5.38631e-105
-2.68443e-104
1.0063e-104
1.3986e-103
-2.66518e-103
-4.04246e-103
2.0876e-102
-6.99221e-103
-1.0622e-101
1.84193e-101
3.32732e-101
-1.44028e-100
8.22704e-102
7.59175e-100
-9.9701e-100
-2.76558e-99
8.55721e-99
4.15645e-99
-4.88734e-98
3.48041e-98
2.08494e-97
-4.05236e-97
-6.01804e-97
2.64741e-96
2.0045e-97
-1.31293e-95
1.21854e-95
5.11889e-95
-1.07468e-94
-1.41294e-94
6.36314e-94
8.42851e-95
-3.02609e-93
2.23668e-93
1.19361e-92
-2.00656e-92
-3.74924e-92
1.19566e-91
7.37347e-92
-5.83399e-91
1.09454e-91
2.45821e-90
-2.20973e-90
-9.01859e-90
1.54766e-89
2.79894e-89
-8.28866e-89
-6.51151e-89
3.82773e-88
4.19316e-89
-1.58764e-87
7.16009e-88
6.00837e-87
-6.02945e-87
-2.07975e-86
3.41089e-86
6.51527e-86
-1.63131e-85
-1.78565e-85
7.04426e-85
3.85266e-85
-2.82638e-84
-3.45156e-85
1.07007e-83
-2.59422e-84
-3.8588e-83
2.23939e-83
1.33369e-82
-1.21815e-82
-4.43757e-82
5.58449e-82
1.42622e-81
-2.32616e-81
-4.44007e-81
9.08717e-81
1.34241e-80
-3.38564e-80
-3.95275e-80
1.21539e-79
1.13757e-79
-4.23263e-79
-3.21575e-79
1.4369e-78
8.99434e-79
-4.77195e-78
-2.51493e-78
1.55433e-77
7.12551e-78
-4.97477e-77
-2.07662e-77
1.56641e-76
6.30275e-77
-4.85515e-76
-2.00171e-76
1.48144e-75
6.61799e-76
-4.44747e-75
-2.24932e-75
1.31219e-74
7.74285e-75
-3.79803e-74
-2.66391e-74
1.07571e-73
9.06856e-74
-2.97093e-73
-3.03328e-73
7.96252e-73
9.92117e-73
-2.05675e-72
-3.16235e-72
5.06719e-72
9.79673e-72
-1.17029e-71
-2.94232e-71
2.45127e-71
8.54388e-71
-4.29727e-71
-2.39075e-70
4.54246e-71
6.41807e-70
7.74439e-71
-1.64262e-69
-7.35041e-70
3.96983e-69
3.2482e-69
-8.91655e-69
-1.14518e-68
1.80609e-68
3.55055e-68
-3.07462e-68
-9.9936e-68
3.39335e-68
2.57833e-67
2.95755e-68
-6.07829e-67
-3.45901e-67
1.28738e-66
1.42591e-66
-2.34484e-66
-4.48753e-66
3.21577e-66
1.20239e-65
-1.17e-66
-2.81391e-65
-1.24415e-65
5.69042e-65
5.95999e-65
-9.37652e-65
-1.86474e-64
9.90076e-65
4.69271e-64
6.50037e-65
-9.82771e-64
-7.48917e-64
1.6482e-63
2.65499e-63
-1.80089e-63
-6.81084e-63
-7.18263e-64
1.38141e-62
1.09097e-62
-2.11696e-62
-3.73417e-62
1.71013e-62
8.86397e-62
2.94819e-62
-1.57853e-61
-1.76653e-61
1.83696e-61
4.92055e-61
1.37539e-62
-9.61259e-61
-7.82992e-61
1.25785e-60
2.53541e-60
-3.772e-61
-5.19905e-60
-3.59023e-60
6.92223e-60
1.26912e-59
-2.24279e-60
-2.58534e-59
-1.83634e-59
3.20919e-59
6.27137e-59
-3.03486e-60
-1.18347e-58
-1.02851e-58
1.21173e-58
3.00275e-58
6.32379e-59
-4.81873e-58
-5.7588e-58
3.05475e-58
1.32533e-57
7.62732e-58
-1.58766e-57
-2.93589e-57
-1.78793e-58
4.95585e-57
5.40634e-57
-3.00725e-57
-1.25046e-56
-7.98774e-57
1.302e-56
2.76365e-56
7.58942e-57
-3.88119e-56
-5.54535e-56
4.40312e-57
9.84934e-56
1.03151e-55
-4.85978e-56
-2.27991e-55
-1.80689e-55
1.70444e-55
4.98591e-55
3.03058e-55
-4.65273e-55
-1.05358e-54
-4.98782e-55
1.12589e-54
2.18621e-54
8.38962e-55
-2.52925e-54
-4.50639e-54
-1.52744e-54
5.38236e-54
9.29295e-54
3.15989e-54
-1.09312e-53
-1.92172e-53
-7.42066e-54
2.11436e-53
3.9756e-53
1.88451e-53
-3.84528e-53
-8.17232e-53
-4.89968e-53
6.372e-53
1.65133e-52
1.25657e-52
-8.8748e-53
-3.23076e-52
-3.11165e-52
7.4612e-53
5.98855e-52
7.34035e-52
1.02201e-52
-1.01463e-51
-1.62959e-51
-7.65967e-52
1.45574e-51
3.35039e-51
2.65145e-51
-1.35291e-51
-6.20676e-51
-7.17818e-51
-1.02794e-51
9.77271e-51
1.65081e-50
9.842e-51
-1.09203e-50
-3.24118e-50
-3.30848e-50
-4.36001e-52
5.15611e-50
8.18642e-50
4.80173e-50
-5.30698e-50
-1.60572e-49
-1.73453e-49
-2.52801e-50
2.33516e-49
4.1913e-49
3.13695e-49
-1.50157e-49
-7.43845e-49
-9.89927e-49
-4.61297e-49
8.02744e-49
2.07334e-48
2.20303e-48
4.15697e-49
-2.79914e-48
-5.4109e-48
-4.76217e-48
4.73231e-49
8.39859e-48
1.3711e-47
1.03057e-47
-4.00258e-48
-2.34259e-47
-3.45344e-47
-2.30948e-47
1.46189e-47
6.27833e-47
8.78002e-47
5.54152e-47
-4.20174e-47
-1.64137e-46
-2.27162e-46
-1.45281e-46
1.02908e-46
4.20387e-46
5.98628e-46
4.14255e-46
-2.07705e-46
-1.04992e-45
-1.59727e-45
-1.25198e-45
2.65369e-46
2.51984e-45
4.26442e-45
3.88207e-45
3.54993e-46
-5.6364e-45
-1.11987e-44
-1.19977e-44
-4.51236e-45
1.09643e-44
2.82475e-44
3.60906e-44
2.30391e-44
-1.46943e-44
-6.59655e-44
-1.03354e-43
-9.21222e-44
-9.49831e-45
1.32561e-43
2.74239e-43
3.18771e-43
1.74455e-43
-1.81279e-43
-6.44379e-43
-9.74452e-43
-8.67671e-43
-1.15083e-43
1.20331e-42
2.59026e-42
3.18939e-42
2.10599e-42
-1.05053e-42
-5.60443e-42
-9.56684e-42
-1.0048e-41
-4.47998e-42
7.59735e-42
2.29184e-41
3.41192e-41
3.15987e-41
7.88777e-42
-3.65059e-41
-8.82983e-41
-1.21131e-40
-1.02752e-40
-1.01804e-41
1.50881e-40
3.30833e-40
4.36481e-40
3.56409e-40
1.29486e-41
-5.71628e-40
-1.22257e-39
-1.61155e-39
-1.34034e-39
-1.17049e-40
2.01195e-39
4.46514e-39
6.09248e-39
5.42836e-39
1.2795e-39
-6.44934e-39
-1.59752e-38
-2.3342e-38
-2.30791e-38
-1.0088e-38
1.74221e-38
5.47805e-38
8.89565e-38
9.97013e-38
6.51422e-38
-2.80818e-38
-1.72244e-37
-3.28192e-37
-4.23844e-37
-3.68096e-37
-8.34823e-38
4.45968e-37
1.12487e-36
1.71739e-36
1.86676e-36
1.18633e-36
-5.73246e-37
-3.3093e-36
-6.37392e-36
-8.50737e-36
-8.01418e-36
-3.26333e-36
6.49962e-36
2.01908e-35
3.41148e-35
4.18576e-35
3.53472e-35
7.39693e-36
-4.4397e-35
-1.13213e-34
-1.79613e-34
-2.11403e-34
-1.69052e-34
-1.8086e-35
2.52084e-34
6.06629e-34
9.4839e-34
1.11601e-33
9.08282e-34
1.42515e-34
-1.25391e-33
-3.13408e-33
-5.03722e-33
-6.15877e-33
-5.44223e-33
-1.84002e-33
5.24467e-33
1.5387e-32
2.65796e-32
3.49139e-32
3.47985e-32
2.00077e-32
-1.42686e-32
-6.84714e-32
-1.35326e-31
-1.9712e-31
-2.25102e-31
-1.8272e-31
-3.42122e-32
2.40931e-31
6.28883e-31
1.06165e-30
1.40336e-30
1.45212e-30
9.67859e-31
-2.65373e-31
-2.34079e-30
-5.10361e-30
-8.02518e-30
-1.01213e-29
-9.97573e-30
-5.93618e-30
3.46146e-30
1.88251e-29
3.90511e-29
6.04436e-29
7.60931e-29
7.59172e-29
4.78307e-29
-1.95305e-29
-1.3232e-28
-2.85446e-28
-4.55873e-28
-5.97015e-28
-6.36847e-28
-4.83108e-28
-3.9075e-29
7.67437e-28
1.9415e-27
3.36858e-27
4.76165e-27
5.62433e-27
5.25351e-27
2.80999e-27
-2.51479e-27
-1.12164e-26
-2.30808e-26
-3.67107e-26
-4.90609e-26
-5.51329e-26
-4.80356e-26
-1.96708e-26
3.76979e-26
1.28796e-25
2.51584e-25
3.92665e-25
5.22575e-25
5.92221e-25
5.32351e-25
2.58499e-25
-3.15896e-25
-1.25575e-24
-2.56867e-24
-4.15823e-24
-5.77104e-24
-6.94722e-24
-6.99076e-24
-4.98261e-24
1.34416e-25
9.36762e-24
2.33551e-23
4.19008e-23
6.33754e-23
8.40398e-23
9.74077e-23
9.38434e-23
6.06774e-23
-1.67935e-23
-1.53002e-22
-3.58087e-22
-6.31851e-22
-9.55653e-22
-1.28269e-21
-1.52781e-21
-1.55899e-21
-1.19386e-21
-2.06048e-22
1.65284e-21
4.60849e-21
8.78975e-21
1.41199e-20
2.01717e-20
2.59931e-20
2.99194e-20
2.94069e-20
2.09403e-20
9.40739e-23
-3.81477e-20
-9.86844e-20
-1.8506e-19
-2.97554e-19
-4.305e-19
-5.6881e-19
-6.83849e-19
-7.29028e-19
-6.35843e-19
-3.11551e-19
3.59763e-19
1.51028e-18
3.27259e-18
5.75112e-18
8.97682e-18
1.2841e-17
1.70057e-17
2.07895e-17
2.30329e-17
2.19536e-17
1.50118e-17
-1.18086e-18
-3.08544e-17
-7.89035e-17
-1.50437e-16
-2.49924e-16
-3.79781e-16
-5.38217e-16
-7.16154e-16
-8.9305e-16
-1.03152e-15
-1.07079e-15
-9.1918e-16
-4.46249e-16
5.24304e-16
2.21918e-15
4.91461e-15
8.9259e-15
1.45817e-14
2.21749e-14
3.18805e-14
4.36267e-14
5.69049e-14
7.04994e-14
8.21181e-14
8.79043e-14
8.18125e-14
5.4839e-14
-5.88748e-15
-1.18126e-13
-3.05585e-13
-5.98899e-13
-1.03629e-12
-1.66362e-12
-2.53317e-12
-3.70065e-12
-5.21899e-12
-7.1277e-12
-9.43544e-12
-1.2093e-11
-1.49527e-11
-1.77094e-11
-1.98156e-11
-2.03626e-11
-1.79157e-11
-1.0289e-11
5.7582e-12
3.49285e-11
8.39239e-11
1.62152e-10
2.82648e-10
4.63259e-10
7.28174e-10
1.10987e-09
1.65157e-09
2.41036e-09
3.46108e-09
4.90114e-09
6.85659e-09
9.48946e-09
1.30069e-08
1.76724e-08
2.3819e-08
3.1866e-08
4.23385e-08
5.58915e-08
7.33377e-08
9.56818e-08
1.24161e-07
1.60291e-07
2.05924e-07
2.63315e-07
3.35195e-07
4.24865e-07
5.363e-07
6.74267e-07
8.44471e-07
1.05371e-06
1.31006e-06
1.6231e-06
2.00413e-06
2.46647e-06
3.02575e-06
3.70028e-06
4.51146e-06
5.48416e-06
6.64733e-06
8.03444e-06
9.68421e-06
1.16412e-05
1.39568e-05
1.66897e-05
1.99071e-05
2.36858e-05
2.81131e-05
3.32882e-05
3.93235e-05
4.63461e-05
5.44993e-05
6.39443e-05
7.48623e-05
8.7456e-05
0.000101952
0.000118605
0.000137694
0.000159534
0.000184472
0.00021289
0.000245214
0.000281909
0.00032349
0.000370518
0.000423613
0.000483447
0.000550756
0.000626342
0.000711074
0.000805896
0.00091183
0.00102998
0.00116154
0.00130778
0.00147009
0.00164993
0.00184889
0.00206866
0.00231103
0.00257792
0.00287135
0.0031935
0.00354662
0.00393315
0.0043556
0.00481667
0.00531915
0.00586599
0.00646026
0.00710518
0.0078041
0.00856053
0.00937793
0.0102607
0.0112102
0.0122399
0.0133189
0.0145805
0.0155546
0.017981
)
;

boundaryField
{
    sides
    {
        type            zeroGradient;
    }
    empty
    {
        type            empty;
    }
}


// ************************************************************************* //
