/*--------------------------------*- C++ -*----------------------------------*\
  =========                 |
  \\      /  F ield         | OpenFOAM: The Open Source CFD Toolbox
   \\    /   O peration     | Website:  https://openfoam.org
    \\  /    A nd           | Version:  7
     \\/     M anipulation  |
\*---------------------------------------------------------------------------*/
FoamFile
{
    version     2.0;
    format      ascii;
    class       volScalarField;
    location    "4.27";
    object      T;
}
// * * * * * * * * * * * * * * * * * * * * * * * * * * * * * * * * * * * * * //

dimensions      [0 0 0 1 0 0 0];

internalField   nonuniform List<scalar> 
1000
(
0
0
0
0
0
0
0
0
0
0
0
0
0
0
0
0
0
0
0
0
0
0
0
0
0
0
0
0
0
0
0
0
0
0
0
0
0
0
0
0
0
0
0
0
0
0
0
0
0
0
0
0
0
0
0
0
0
0
0
0
0
0
0
0
0
0
0
0
0
0
0
0
0
0
0
0
0
0
0
0
0
0
0
0
0
0
0
0
0
0
0
0
0
0
0
0
0
0
0
0
0
0
0
0
0
0
0
0
0
0
0
0
0
0
0
0
0
0
0
0
0
0
0
0
0
0
0
0
0
0
0
0
0
0
0
0
0
0
0
0
0
0
0
0
0
0
0
0
0
0
0
0
0
0
0
0
0
0
0
0
0
0
0
0
0
0
0
0
0
0
0
0
0
0
0
0
0
0
0
0
0
0
0
0
0
0
0
0
0
0
0
0
0
0
0
1.82804e-322
7.59379e-321
2.89414e-319
1.10028e-317
4.17237e-316
1.57825e-314
5.95495e-313
2.24122e-311
8.41371e-310
3.15052e-308
1.17669e-306
4.3835e-305
1.62874e-303
6.03601e-302
2.23104e-300
8.2247e-299
3.02398e-297
1.10886e-295
4.0552e-294
1.47902e-292
5.37965e-291
1.95141e-289
7.05914e-288
2.54656e-286
9.16114e-285
3.28648e-283
1.17569e-281
4.19395e-280
1.49183e-278
5.29144e-277
1.87145e-275
6.59969e-274
2.32062e-272
8.13602e-271
2.84406e-269
9.91239e-268
3.44446e-266
1.19333e-264
4.12181e-263
1.41937e-261
4.87274e-260
1.66769e-258
5.69002e-257
1.93535e-255
6.56208e-254
2.21796e-252
7.47288e-251
2.50977e-249
8.40204e-248
2.80369e-246
9.32524e-245
3.09148e-243
1.02151e-241
3.36413e-240
1.10422e-238
3.61222e-237
1.17767e-235
3.82642e-234
1.239e-232
3.99807e-231
1.28564e-229
4.11973e-228
1.31549e-226
4.18567e-225
1.32706e-223
4.19233e-222
1.31962e-220
4.13862e-219
1.29321e-217
4.02605e-216
1.24874e-214
3.85864e-213
1.18784e-211
3.64277e-210
1.11286e-208
3.38671e-207
1.02666e-205
3.1001e-204
9.32426e-203
2.79337e-201
8.33503e-200
2.47706e-198
7.33168e-197
2.1612e-195
6.34453e-194
1.85482e-192
5.39993e-191
1.56547e-189
4.51918e-188
1.29902e-186
3.71795e-185
1.05951e-183
3.0061e-182
8.49158e-181
2.38805e-179
6.68578e-178
1.86337e-176
5.16978e-175
1.42775e-173
3.92484e-172
1.07391e-170
2.92465e-169
7.92723e-168
2.13843e-166
5.74084e-165
1.53373e-163
4.07749e-162
1.07868e-160
2.83942e-159
7.43681e-158
1.93795e-156
5.02435e-155
1.29592e-153
3.32523e-152
8.48762e-151
2.15503e-149
5.44256e-148
1.36714e-146
3.41559e-145
8.48667e-144
2.09704e-142
5.1529e-141
1.25907e-139
3.059e-138
7.38953e-137
1.77476e-135
4.23762e-134
1.00587e-132
2.37342e-131
5.56664e-130
1.2977e-128
3.00672e-127
6.92343e-126
1.58429e-124
3.60249e-123
8.13955e-122
1.82726e-120
4.07541e-119
9.02999e-118
1.98755e-116
4.34543e-115
9.4363e-114
2.03514e-112
4.3589e-111
9.27085e-110
1.95789e-108
4.10535e-107
8.54618e-106
1.76611e-104
3.62286e-103
7.37632e-102
1.49054e-100
2.98901e-99
5.94774e-98
1.1743e-96
2.30021e-95
4.46969e-94
8.61527e-93
1.64702e-91
3.12265e-90
5.87084e-89
1.09442e-87
2.02268e-86
3.70583e-85
6.72991e-84
1.2113e-82
2.16052e-81
3.81841e-80
6.68607e-79
1.15976e-77
1.99261e-76
3.39059e-75
5.71307e-74
9.5312e-73
1.57416e-71
2.57342e-70
4.16362e-69
6.66599e-68
1.05591e-66
1.65457e-65
2.56432e-64
3.93021e-63
5.95585e-62
8.92234e-61
1.32112e-59
1.93311e-58
2.79472e-57
3.9912e-56
5.62942e-55
7.84024e-54
1.07798e-52
1.46288e-51
1.95897e-50
2.58803e-49
3.37229e-48
4.333e-47
5.48846e-46
6.85165e-45
8.42761e-44
1.02107e-42
1.21821e-41
1.43078e-40
1.65376e-39
1.88052e-38
2.10304e-37
2.31221e-36
2.49839e-35
2.65206e-34
2.76457e-33
2.82888e-32
2.84029e-31
2.79693e-30
2.70003e-29
2.55398e-28
2.36597e-27
2.14545e-26
1.9033e-25
1.65092e-24
1.39931e-23
1.15823e-22
9.35596e-22
7.37031e-21
5.6581e-20
4.22969e-19
3.07642e-18
2.17524e-17
1.49382e-16
9.95413e-16
6.42947e-15
4.02108e-14
2.43224e-13
1.42111e-12
8.0102e-12
4.3495e-11
2.27178e-10
1.13953e-09
5.47981e-09
2.52164e-08
1.10818e-07
4.64106e-07
1.84795e-06
6.97832e-06
2.49245e-05
8.39573e-05
0.000265889
0.00078906
0.00218658
0.00563734
0.0134714
0.0297287
0.0603763
0.112522
0.192076
0.300237
0.430602
0.569398
0.699763
0.807924
0.887478
0.939624
0.970271
0.986529
0.994363
0.997813
0.999211
0.999734
0.999916
0.999975
0.999993
0.999998
1
1
1
1
1
1
1
1
1
1
1
1
1
1
1
1
1
1
1
1
1
1
1
1
1
1
1
1
1
1
1
1
1
1
1
1
1
1
1
1
1
1
1
1
1
1
1
1
1
1
1
1
1
1
1
1
1
1
1
1
1
1
1
1
1
1
1
1
1
1
0.999998
0.999993
0.999975
0.999916
0.999734
0.999211
0.997813
0.994363
0.986529
0.970271
0.939624
0.887478
0.807924
0.699763
0.569398
0.430602
0.300237
0.192076
0.112522
0.0603763
0.0297287
0.0134714
0.00563734
0.00218658
0.00078906
0.000265889
8.39573e-05
2.49245e-05
6.97832e-06
1.84795e-06
4.64106e-07
1.10818e-07
2.52164e-08
5.47981e-09
1.13953e-09
2.27178e-10
4.3495e-11
8.0102e-12
1.42111e-12
2.43224e-13
4.02108e-14
6.42947e-15
9.95413e-16
1.49382e-16
2.17524e-17
3.07642e-18
4.22969e-19
5.6581e-20
7.37031e-21
9.35596e-22
1.15823e-22
1.39931e-23
1.65092e-24
1.9033e-25
2.14545e-26
2.36597e-27
2.55398e-28
2.70003e-29
2.79693e-30
2.84029e-31
2.82888e-32
2.76457e-33
2.65206e-34
2.49839e-35
2.31221e-36
2.10304e-37
1.88052e-38
1.65376e-39
1.43078e-40
1.21821e-41
1.02107e-42
8.42761e-44
6.85165e-45
5.48846e-46
4.333e-47
3.37229e-48
2.58803e-49
1.95897e-50
1.46288e-51
1.07798e-52
7.84024e-54
5.62942e-55
3.9912e-56
2.79472e-57
1.93311e-58
1.32112e-59
8.92234e-61
5.95585e-62
3.93021e-63
2.56432e-64
1.65457e-65
1.05591e-66
6.66599e-68
4.16362e-69
2.57342e-70
1.57416e-71
9.5312e-73
5.71307e-74
3.39059e-75
1.99261e-76
1.15976e-77
6.68607e-79
3.81841e-80
2.16052e-81
1.2113e-82
6.72991e-84
3.70583e-85
2.02268e-86
1.09442e-87
5.87084e-89
3.12265e-90
1.64702e-91
8.61527e-93
4.46969e-94
2.30021e-95
1.1743e-96
5.94774e-98
2.98901e-99
1.49054e-100
7.37632e-102
3.62286e-103
1.76611e-104
8.54618e-106
4.10535e-107
1.95789e-108
9.27085e-110
4.3589e-111
2.03514e-112
9.4363e-114
4.34543e-115
1.98755e-116
9.02999e-118
4.07541e-119
1.82726e-120
8.13955e-122
3.60249e-123
1.58429e-124
6.92343e-126
3.00672e-127
1.2977e-128
5.56664e-130
2.37342e-131
1.00587e-132
4.23762e-134
1.77476e-135
7.38953e-137
3.059e-138
1.25907e-139
5.1529e-141
2.09704e-142
8.48667e-144
3.41559e-145
1.36714e-146
5.44256e-148
2.15503e-149
8.48762e-151
3.32523e-152
1.29592e-153
5.02435e-155
1.93795e-156
7.43681e-158
2.83942e-159
1.07868e-160
4.07749e-162
1.53373e-163
5.74084e-165
2.13843e-166
7.92723e-168
2.92465e-169
1.07391e-170
3.92484e-172
1.42775e-173
5.16978e-175
1.86337e-176
6.68578e-178
2.38805e-179
8.49158e-181
3.0061e-182
1.05951e-183
3.71795e-185
1.29902e-186
4.51918e-188
1.56547e-189
5.39993e-191
1.85482e-192
6.34453e-194
2.1612e-195
7.33168e-197
2.47706e-198
8.33503e-200
2.79337e-201
9.32426e-203
3.1001e-204
1.02666e-205
3.38671e-207
1.11286e-208
3.64277e-210
1.18784e-211
3.85864e-213
1.24874e-214
4.02605e-216
1.29321e-217
4.13862e-219
1.31962e-220
4.19233e-222
1.32706e-223
4.18567e-225
1.31549e-226
4.11973e-228
1.28564e-229
3.99807e-231
1.239e-232
3.82642e-234
1.17767e-235
3.61222e-237
1.10422e-238
3.36413e-240
1.02151e-241
3.09148e-243
9.32524e-245
2.80369e-246
8.40204e-248
2.50977e-249
7.47288e-251
2.21796e-252
6.56208e-254
1.93535e-255
5.69002e-257
1.66769e-258
4.87274e-260
1.41937e-261
4.12181e-263
1.19333e-264
3.44446e-266
9.91239e-268
2.84406e-269
8.13602e-271
2.32062e-272
6.59969e-274
1.87145e-275
5.29144e-277
1.49183e-278
4.19395e-280
1.17569e-281
3.28648e-283
9.16114e-285
2.54656e-286
7.05914e-288
1.95141e-289
5.37965e-291
1.47902e-292
4.0552e-294
1.10886e-295
3.02398e-297
8.2247e-299
2.23104e-300
6.03601e-302
1.62874e-303
4.3835e-305
1.17669e-306
3.15052e-308
8.41371e-310
2.24122e-311
5.95495e-313
1.57825e-314
4.17237e-316
1.10028e-317
2.89409e-319
7.59379e-321
1.82804e-322
0
0
0
0
0
0
0
0
0
0
0
0
0
0
0
0
0
0
0
0
0
0
0
0
0
0
0
0
0
0
0
0
0
0
0
0
0
0
0
0
0
0
0
0
0
0
0
0
0
0
0
0
0
0
0
0
0
0
0
0
0
0
0
0
0
0
0
0
0
0
0
0
0
0
0
0
0
0
0
0
0
0
0
0
0
0
0
0
0
0
0
0
0
0
0
0
0
0
0
0
0
0
0
0
0
0
0
0
0
0
0
0
0
0
0
0
0
0
0
0
0
0
0
0
0
0
0
0
0
0
0
0
0
0
0
0
0
0
0
0
0
0
0
0
0
0
0
0
0
0
0
0
0
0
0
0
0
0
0
0
0
0
0
0
0
0
0
0
0
0
0
0
0
0
0
0
0
0
0
0
0
0
0
0
0
0
0
0
0
0
0
0
0
0
0
)
;

boundaryField
{
    sides
    {
        type            zeroGradient;
    }
    empty
    {
        type            empty;
    }
}


// ************************************************************************* //
