/*--------------------------------*- C++ -*----------------------------------*\
  =========                 |
  \\      /  F ield         | OpenFOAM: The Open Source CFD Toolbox
   \\    /   O peration     | Website:  https://openfoam.org
    \\  /    A nd           | Version:  7
     \\/     M anipulation  |
\*---------------------------------------------------------------------------*/
FoamFile
{
    version     2.0;
    format      ascii;
    class       volScalarField;
    location    "2.48";
    object      T;
}
// * * * * * * * * * * * * * * * * * * * * * * * * * * * * * * * * * * * * * //

dimensions      [0 0 0 1 0 0 0];

internalField   nonuniform List<scalar> 
1000
(
0
0
0
0
0
0
0
0
0
0
0
0
0
0
0
0
0
0
0
0
0
0
0
0
0
0
0
0
0
0
0
0
0
0
0
0
0
0
0
0
0
0
0
0
0
0
0
0
0
0
0
0
0
0
0
0
0
0
0
0
0
0
0
0
0
0
0
0
0
0
0
0
0
0
0
0
0
0
0
0
0
0
0
0
0
0
0
0
0
0
0
0
0
0
0
0
0
0
0
0
0
0
0
0
0
0
0
0
0
0
0
0
0
0
0
0
0
0
0
0
0
0
0
0
0
0
0
0
0
0
0
0
0
0
0
0
0
0
0
0
0
0
0
0
0
0
0
0
0
0
0
0
0
0
0
0
0
0
0
0
0
0
0
0
0
0
0
0
0
4.94066e-324
1.66302e-320
3.76463e-317
8.27795e-314
1.76614e-310
3.65183e-307
7.30823e-304
1.41359e-300
2.63866e-297
4.74544e-294
8.20759e-291
1.36251e-287
2.16619e-284
3.29029e-281
4.76183e-278
6.54622e-275
8.51892e-272
1.04529e-268
1.20382e-265
1.29426e-262
1.29075e-259
1.18478e-256
9.91272e-254
7.46569e-251
4.97661e-248
2.86577e-245
1.37177e-242
5.0801e-240
1.20811e-237
2.80434e-236
-1.00968e-232
-2.78404e-230
4.42485e-228
2.93349e-225
-3.70931e-223
-2.39692e-220
7.02002e-218
5.15189e-216
-7.98155e-213
2.7492e-210
-6.20935e-208
1.08361e-205
-1.56222e-203
1.9303e-201
-2.09282e-199
2.02408e-197
-1.76788e-195
1.40785e-193
-1.0301e-191
6.96883e-190
-4.38236e-188
2.57327e-186
-1.41641e-184
7.33331e-183
-3.58196e-181
1.65505e-179
-7.25115e-178
3.01884e-176
-1.19661e-174
4.52385e-173
-1.63383e-171
5.64535e-170
-1.86872e-168
5.93349e-167
-1.80921e-165
5.30325e-164
-1.4959e-162
4.06414e-161
-1.06443e-159
2.68961e-158
-6.56171e-157
1.54668e-155
-3.52476e-154
7.77081e-153
-1.65831e-151
3.42736e-150
-6.86391e-149
1.33263e-147
-2.50939e-146
4.58492e-145
-8.13152e-144
1.4004e-142
-2.34272e-141
3.80823e-140
-6.01717e-139
9.24384e-138
-1.38108e-136
2.00726e-135
-2.8386e-134
3.90673e-133
-5.23381e-132
6.82648e-131
-8.67003e-130
1.0724e-128
-1.29198e-127
1.51628e-126
-1.73366e-125
1.93131e-124
-2.09638e-123
2.2174e-122
-2.28556e-121
2.29574e-120
-2.24719e-119
2.14356e-118
-1.99251e-117
1.80472e-116
-1.59271e-115
1.36944e-114
-1.14704e-113
9.358e-113
-7.43513e-112
5.75192e-111
-4.33172e-110
3.17484e-109
-2.26397e-108
1.57023e-107
-1.05886e-106
6.93917e-106
-4.41732e-105
2.72992e-104
-1.63683e-103
9.51488e-103
-5.35771e-102
2.91947e-101
-1.53772e-100
7.81823e-100
-3.83076e-99
1.80528e-98
-8.16239e-98
3.52979e-97
-1.45403e-96
5.67403e-96
-2.08113e-95
7.08947e-95
-2.19863e-94
5.97133e-94
-1.2886e-93
1.40017e-93
5.27123e-93
-4.52074e-92
2.04223e-91
-6.88193e-91
1.75007e-90
-2.66944e-90
-2.92887e-90
4.12611e-89
-1.84641e-88
5.44378e-88
-9.79852e-88
-2.52671e-88
1.02105e-86
-4.6031e-86
1.2245e-85
-1.50985e-85
-3.97765e-85
3.07128e-84
-9.91789e-84
1.6188e-83
1.56631e-83
-1.99674e-82
6.80311e-82
-1.07926e-81
-1.27679e-81
1.3559e-80
-4.11725e-80
4.66334e-80
1.49629e-79
-8.96027e-79
2.02048e-78
-2.41382e-79
-1.42762e-77
4.95432e-77
-5.81754e-77
-1.71854e-76
9.63187e-76
-1.7755e-75
-1.3653e-75
1.65093e-74
-3.92336e-74
3.54729e-76
2.65627e-73
-7.4363e-73
2.64629e-73
4.20482e-72
-1.28269e-71
5.90837e-72
6.75163e-71
-2.05905e-70
7.66181e-71
1.10593e-69
-3.07539e-69
2.83609e-70
1.81164e-68
-4.18411e-68
-1.77526e-68
2.8636e-67
-4.92198e-67
-6.67512e-67
4.18424e-66
-4.35936e-66
-1.5461e-65
5.36052e-65
-1.18779e-65
-2.76137e-64
5.50435e-64
5.61371e-64
-3.92164e-63
3.42405e-63
1.53833e-62
-4.21779e-62
-1.60203e-62
2.42986e-61
-2.71661e-61
-8.55321e-61
2.56324e-60
8.35029e-61
-1.38856e-59
1.36904e-59
5.10552e-59
-1.28776e-58
-9.43106e-59
7.2585e-58
-3.63044e-58
-3.03121e-57
4.89593e-57
9.07616e-57
-3.15743e-56
-1.11834e-56
1.53753e-55
-8.80177e-56
-6.10846e-55
9.03995e-55
1.95664e-54
-5.48105e-54
-4.35877e-54
2.67554e-53
-5.35239e-57
-1.13474e-52
7.27009e-53
4.29629e-52
-5.53174e-52
-1.46008e-51
3.03755e-51
4.39027e-51
-1.43386e-50
-1.10669e-50
6.16535e-50
1.8895e-50
-2.48392e-49
1.36138e-50
9.53911e-49
-3.38832e-49
-3.53503e-48
2.16879e-48
1.27657e-47
-1.06718e-47
-4.52997e-47
4.62516e-47
1.59114e-46
-1.84888e-46
-5.56546e-46
6.95671e-46
1.94703e-45
-2.48646e-45
-6.82809e-45
8.46235e-45
2.39994e-44
-2.73329e-44
-8.43279e-44
8.29082e-44
2.94873e-43
-2.30749e-43
-1.01991e-42
5.58007e-43
3.46441e-42
-9.83273e-43
-1.14623e-41
-6.6014e-44
3.65832e-41
1.1983e-41
-1.11256e-40
-7.77851e-41
3.1676e-40
3.67721e-40
-8.1953e-40
-1.48434e-39
1.80816e-39
5.34613e-39
-2.76863e-39
-1.73756e-38
-1.08194e-39
5.06146e-38
3.21153e-38
-1.28471e-37
-1.71183e-37
2.62561e-37
6.59292e-37
-3.10201e-37
-2.07673e-36
-5.77828e-37
5.39645e-36
5.56738e-36
-1.07482e-35
-2.35803e-35
1.08798e-35
7.29154e-35
3.03566e-35
-1.70913e-34
-2.27295e-34
2.5737e-34
8.309e-34
7.29089e-35
-2.11244e-33
-2.17076e-33
3.41466e-33
8.92202e-33
2.26596e-35
-2.28043e-32
-2.32912e-32
3.36823e-32
9.4132e-32
1.58596e-32
-2.18021e-31
-2.78869e-31
2.29161e-31
9.46142e-31
5.20932e-31
-1.70703e-30
-3.27415e-30
2.35157e-31
8.18081e-30
9.42717e-30
-7.913e-30
-3.23633e-29
-2.22098e-29
4.8038e-29
1.14562e-28
3.75079e-29
-2.17988e-28
-3.79498e-28
-8.49037e-30
8.65585e-28
1.21739e-27
-2.84735e-28
-3.18722e-27
-3.89836e-27
1.62588e-27
1.11972e-26
1.27796e-26
-6.25298e-27
-3.80461e-26
-4.34982e-26
1.85641e-26
1.25352e-25
1.53408e-25
-3.71399e-26
-3.97245e-25
-5.51141e-25
-1.32668e-26
1.18568e-24
1.96575e-24
6.52444e-25
-3.19225e-24
-6.75699e-24
-4.4819e-24
6.98384e-24
2.16229e-23
2.22761e-23
-7.72234e-24
-6.12752e-23
-9.1547e-23
-3.17414e-23
1.38418e-22
3.16943e-22
2.80795e-22
-1.59643e-22
-8.88504e-22
-1.30713e-21
-5.58856e-22
1.70942e-21
4.40474e-21
4.77196e-21
-1.33251e-22
-1.02738e-20
-1.96099e-20
-1.66763e-20
8.35357e-21
5.13258e-20
8.4332e-20
6.11197e-20
-5.31831e-20
-2.34604e-19
-3.65336e-19
-2.57547e-19
2.30796e-19
1.01097e-18
1.61792e-18
1.27699e-18
-6.76765e-19
-4.07183e-18
-7.22408e-18
-6.9541e-18
6.30753e-20
1.45165e-17
3.12481e-17
3.78809e-17
1.81367e-17
-3.84492e-17
-1.22183e-16
-1.91192e-16
-1.73202e-16
7.3666e-18
3.73846e-16
8.28027e-16
1.10503e-15
8.07264e-16
-4.33375e-16
-2.65952e-15
-5.23873e-15
-6.64753e-15
-4.65701e-15
2.83175e-15
1.62439e-14
3.24098e-14
4.31253e-14
3.55241e-14
-4.29606e-15
-8.35753e-14
-1.9191e-13
-2.90334e-13
-3.06735e-13
-1.45979e-13
2.77366e-13
9.80738e-13
1.83736e-12
2.50557e-12
2.40503e-12
7.94743e-13
-2.9932e-12
-9.13574e-12
-1.67491e-11
-2.32965e-11
-2.42246e-11
-1.32024e-11
1.65981e-11
6.97892e-11
1.44482e-10
2.26788e-10
2.85271e-10
2.67499e-10
1.01983e-10
-2.90414e-10
-9.71343e-10
-1.94295e-09
-3.08892e-09
-4.10397e-09
-4.42563e-09
-3.19306e-09
7.29386e-10
8.61374e-09
2.15554e-08
3.99249e-08
6.25357e-08
8.55137e-08
1.00919e-07
9.52672e-08
4.82526e-08
-6.78345e-08
-2.87243e-07
-6.47394e-07
-1.1816e-06
-1.90606e-06
-2.79897e-06
-3.76916e-06
-4.61123e-06
-4.94425e-06
-4.13054e-06
-1.17132e-06
5.42354e-06
1.77944e-05
3.8921e-05
7.28418e-05
0.000124904
0.000202043
0.000313079
0.000469042
0.000683498
0.000972877
0.00135679
0.00185834
0.00250434
0.00332554
0.00435677
0.00563696
0.00720912
0.00912015
0.0114206
0.0141644
0.017408
0.0212101
0.0256307
0.0307304
0.0365691
0.0432056
0.0506956
0.0590917
0.0684415
0.0787865
0.0901618
0.102594
0.116103
0.130695
0.146372
0.163121
0.180921
0.19974
0.219535
0.240252
0.261831
0.2842
0.307279
0.330983
0.355221
0.379894
0.404903
0.430146
0.455518
0.480918
0.506242
0.531393
0.556275
0.580797
0.604874
0.628427
0.651385
0.673682
0.695262
0.716075
0.736082
0.755248
0.773548
0.790964
0.807487
0.823112
0.837842
0.851685
0.864656
0.876773
0.888059
0.89854
0.908246
0.917208
0.925461
0.933038
0.939978
0.946315
0.952087
0.957331
0.962082
0.966376
0.970246
0.973726
0.976848
0.979641
0.982133
0.984353
0.986325
0.988072
0.989617
0.99098
0.99218
0.993234
0.994157
0.994965
0.995669
0.996282
0.996813
0.997271
0.997663
0.997995
0.998271
0.998492
0.998658
0.998768
0.998817
0.998797
0.998699
0.998508
0.998208
0.997777
0.997191
0.99642
0.995431
0.994187
0.992645
0.990759
0.988479
0.985753
0.982524
0.978734
0.974323
0.969232
0.9634
0.956769
0.949283
0.940891
0.931545
0.921202
0.909829
0.897398
0.883891
0.8693
0.853624
0.836876
0.819076
0.800258
0.780464
0.759746
0.738168
0.715799
0.69272
0.669016
0.644779
0.620106
0.595097
0.569854
0.544482
0.519082
0.493757
0.468607
0.443725
0.419203
0.395126
0.371573
0.348615
0.326318
0.304738
0.283925
0.263918
0.244752
0.226452
0.209036
0.192513
0.176888
0.162158
0.148315
0.135344
0.123227
0.111941
0.10146
0.091754
0.0827918
0.0745394
0.0669616
0.0600223
0.0536849
0.0479127
0.042669
0.0379179
0.0336241
0.0297537
0.0262735
0.023152
0.0203592
0.0178664
0.0156469
0.0136753
0.0119281
0.0103833
0.00902067
0.00782141
0.00676833
0.00584566
0.00503905
0.00433542
0.00372296
0.003191
0.00272993
0.00233114
0.00198694
0.00169046
0.00143561
0.00121699
0.00102981
0.00086987
0.000733477
0.000617388
0.000518771
0.000435154
0.000364391
0.000304617
0.000254219
0.000211804
0.000176173
0.000146294
0.000121284
0.000100386
8.29553e-05
6.84413e-05
5.6377e-05
4.63661e-05
3.8073e-05
3.12147e-05
2.55523e-05
2.08851e-05
1.70443e-05
1.38889e-05
1.13006e-05
9.18102e-06
7.44796e-06
6.03317e-06
4.88e-06
3.94154e-06
3.17897e-06
2.56028e-06
2.05908e-06
1.65366e-06
1.32621e-06
1.06212e-06
8.49452e-07
6.78435e-07
5.41111e-07
4.31e-07
3.42836e-07
2.72343e-07
2.16058e-07
1.7118e-07
1.35447e-07
1.07034e-07
8.44726e-08
6.65814e-08
5.24128e-08
4.12072e-08
3.23567e-08
2.53754e-08
1.98758e-08
1.55489e-08
1.21492e-08
9.48122e-09
7.39023e-09
5.75348e-09
4.47389e-09
3.47477e-09
2.6956e-09
2.08871e-09
1.61657e-09
1.24972e-09
9.65003e-10
7.44305e-10
5.73431e-10
4.41288e-10
3.39216e-10
2.60464e-10
1.99774e-10
1.53057e-10
1.17137e-10
8.95494e-11
6.83853e-11
5.21671e-11
3.97528e-11
3.02606e-11
2.30108e-11
1.74795e-11
1.3264e-11
1.00548e-11
7.61417e-12
5.76008e-12
4.35304e-12
3.28638e-12
2.4786e-12
1.8675e-12
1.40567e-12
1.057e-12
7.94043e-13
5.95919e-13
4.46795e-13
3.34665e-13
2.50435e-13
1.87226e-13
1.39837e-13
1.04345e-13
7.77877e-14
5.79356e-14
4.31098e-14
3.20484e-14
2.38033e-14
1.76633e-14
1.30952e-14
9.69972e-15
7.17821e-15
5.30744e-15
3.92074e-15
2.89379e-15
2.13395e-15
1.57225e-15
1.15739e-15
8.51263e-16
6.25566e-16
4.59315e-16
3.36959e-16
2.46988e-16
1.80888e-16
1.32367e-16
9.67798e-17
7.07018e-17
5.16081e-17
3.76399e-17
2.74299e-17
1.99731e-17
1.45317e-17
1.05642e-17
7.67381e-18
5.56978e-18
4.03944e-18
2.92726e-18
2.11963e-18
1.53363e-18
1.10877e-18
8.00995e-19
5.78205e-19
4.17063e-19
3.00601e-19
2.16496e-19
1.55805e-19
1.12044e-19
8.05134e-20
5.78128e-20
4.14845e-20
2.97239e-20
2.14651e-20
1.39725e-20
)
;

boundaryField
{
    sides
    {
        type            zeroGradient;
    }
    empty
    {
        type            empty;
    }
}


// ************************************************************************* //
