/*--------------------------------*- C++ -*----------------------------------*\
  =========                 |
  \\      /  F ield         | OpenFOAM: The Open Source CFD Toolbox
   \\    /   O peration     | Website:  https://openfoam.org
    \\  /    A nd           | Version:  7
     \\/     M anipulation  |
\*---------------------------------------------------------------------------*/
FoamFile
{
    version     2.0;
    format      ascii;
    class       volScalarField;
    location    "4.26";
    object      T;
}
// * * * * * * * * * * * * * * * * * * * * * * * * * * * * * * * * * * * * * //

dimensions      [0 0 0 1 0 0 0];

internalField   nonuniform List<scalar> 
1000
(
0
0
0
0
0
0
0
0
0
0
0
0
0
0
0
0
0
0
0
0
0
0
0
0
0
0
0
0
0
0
0
0
0
0
0
0
0
0
0
0
0
0
0
0
0
0
0
0
0
0
0
0
0
-2.47033e-322
1.50986e-320
-8.83048e-319
4.97024e-317
-2.69629e-315
1.41137e-313
-7.13603e-312
3.4885e-310
-1.65039e-308
7.56255e-307
-3.35919e-305
1.44747e-303
-6.05489e-302
2.46043e-300
-9.71851e-299
3.73363e-297
-1.39589e-295
5.08152e-294
-1.8021e-292
6.22902e-291
-2.0995e-289
6.90328e-288
-2.21526e-286
6.94057e-285
-2.1239e-283
6.3504e-282
-1.85587e-280
5.30296e-279
-1.48202e-277
4.0522e-276
-1.08431e-274
2.84033e-273
-7.28538e-272
1.83029e-270
-4.50485e-269
1.08652e-267
-2.56861e-266
5.95326e-265
-1.35302e-263
3.01601e-262
-6.59527e-261
1.41509e-259
-2.9797e-258
6.15844e-257
-1.24956e-255
2.48946e-254
-4.87059e-253
9.35957e-252
-1.76682e-250
3.27684e-249
-5.97178e-248
1.06954e-246
-1.88273e-245
3.25788e-244
-5.54228e-243
9.2704e-242
-1.5248e-240
2.46649e-239
-3.92413e-238
6.14109e-237
-9.45427e-236
1.43196e-234
-2.13399e-233
3.12931e-232
-4.5158e-231
6.41334e-230
-8.96454e-229
1.23338e-227
-1.6704e-226
2.22703e-225
-2.92308e-224
3.77734e-223
-4.80605e-222
6.02098e-221
-7.42755e-220
9.02279e-219
-1.07937e-217
1.27161e-216
-1.47538e-215
1.6859e-214
-1.89739e-213
2.10321e-212
-2.29627e-211
2.46936e-210
-2.61562e-209
2.72897e-208
-2.80454e-207
2.83899e-206
-2.83079e-205
2.7803e-204
-2.68977e-203
2.56315e-202
-2.40582e-201
2.2242e-200
-2.02534e-199
1.81647e-198
-1.60453e-197
1.39587e-196
-1.19592e-195
1.00903e-194
-8.38352e-194
6.85881e-193
-5.52517e-192
4.38218e-191
-3.42177e-190
2.63025e-189
-1.99017e-188
1.48216e-187
-1.08634e-186
7.83532e-186
-5.5606e-185
3.88245e-184
-2.66656e-183
1.80134e-182
-1.19666e-181
7.81633e-181
-5.01898e-180
3.16753e-179
-1.96439e-178
1.19683e-177
-7.16189e-177
4.20817e-176
-2.42715e-175
1.37371e-174
-7.62663e-174
4.15177e-173
-2.21516e-172
1.1578e-171
-5.92484e-171
2.96666e-170
-1.45245e-169
6.94749e-169
-3.24374e-168
1.47669e-167
-6.54652e-167
2.82196e-166
-1.18063e-165
4.78316e-165
-1.8711e-164
7.04066e-164
-2.53528e-163
8.6719e-163
-2.78572e-162
8.24362e-162
-2.16375e-161
4.57541e-161
-4.93796e-161
-1.90334e-160
1.69254e-159
-8.2004e-159
3.11417e-158
-9.82155e-158
2.50644e-157
-4.36149e-157
-7.59801e-158
4.89626e-156
-2.68104e-155
1.00089e-154
-2.83756e-154
5.54028e-154
-1.9032e-154
-4.42683e-153
2.53431e-152
-9.01592e-152
2.24562e-151
-2.92792e-151
-6.43958e-151
6.0173e-150
-2.40179e-149
6.26668e-149
-8.42516e-149
-1.68752e-148
1.5814e-147
-5.98197e-147
1.38582e-146
-1.08412e-146
-7.36832e-146
4.32693e-145
-1.30705e-144
2.06085e-144
2.2455e-144
-2.76864e-143
1.00972e-142
-1.97647e-142
-1.61871e-143
1.73721e-141
-7.11475e-141
1.49049e-140
-1.97003e-141
-1.14885e-139
4.76728e-139
-9.56284e-139
-1.02908e-139
8.09778e-138
-3.03557e-137
5.1282e-137
4.65843e-137
-5.77201e-136
1.76983e-135
-1.99108e-135
-6.46263e-135
3.84692e-134
-8.71687e-134
1.40548e-134
6.09382e-133
-2.20269e-132
2.95306e-132
6.3972e-132
-4.31436e-131
9.55022e-131
2.83481e-132
-7.02394e-130
2.22752e-129
-2.01294e-129
-9.59249e-129
4.404e-128
-6.74283e-128
-1.04466e-127
7.8473e-127
-1.60742e-126
-6.92087e-127
1.30563e-125
-3.2863e-125
4.88413e-126
2.08355e-124
-6.13659e-124
2.99039e-124
3.26569e-123
-1.07899e-122
7.30739e-123
5.13358e-122
-1.81607e-121
1.36451e-121
8.21571e-121
-2.94927e-120
2.12754e-120
1.34505e-119
-4.62665e-119
2.72859e-119
2.23744e-118
-6.97544e-118
2.44903e-118
3.72347e-117
-9.98788e-117
-1.46213e-118
6.07921e-116
-1.32975e-115
-7.49301e-116
9.53972e-115
-1.58293e-114
-2.30631e-114
1.40815e-113
-1.53942e-113
-5.06857e-113
1.90477e-112
-8.47775e-113
-9.25401e-112
2.26786e-111
9.28049e-112
-1.45428e-110
2.18031e-110
4.12649e-110
-1.95956e-109
1.22051e-109
8.63469e-109
-2.17316e-108
-9.70714e-109
1.3439e-107
-1.72685e-107
-4.36743e-107
1.63572e-106
-3.07413e-107
-8.17568e-106
1.44204e-105
2.06222e-105
-1.06693e-104
5.30602e-105
4.73205e-104
-9.63833e-104
-1.03724e-103
6.38523e-103
-3.66109e-103
-2.72078e-102
5.53262e-102
6.21735e-102
-3.5741e-101
1.55333e-101
1.5651e-100
-2.7309e-100
-4.27028e-100
1.84914e-99
-1.49094e-100
-8.73909e-99
1.08602e-98
2.93463e-98
-8.45986e-98
-4.54951e-98
4.48017e-97
-2.64656e-97
-1.81441e-96
3.09953e-96
5.25875e-96
-1.95044e-95
-5.07982e-96
9.39054e-95
-6.52042e-95
-3.64705e-94
6.23699e-94
1.08191e-93
-3.72547e-93
-1.63191e-93
1.78472e-92
-7.41506e-93
-7.23308e-92
8.91053e-92
2.46054e-91
-5.70369e-91
-6.41645e-91
2.90746e-90
7.02983e-91
-1.28471e-89
5.60773e-90
5.05115e-89
-5.56594e-89
-1.76642e-88
3.38314e-88
5.33128e-88
-1.70101e-87
-1.24406e-87
7.63181e-87
1.05998e-87
-3.14979e-86
1.1287e-86
1.2128e-85
-1.01441e-85
-4.38186e-85
5.9277e-85
1.48487e-84
-2.93341e-84
-4.68325e-84
1.32059e-83
1.34715e-83
-5.57821e-83
-3.35595e-83
2.24821e-82
6.07292e-83
-8.7374e-82
7.40354e-84
3.29885e-81
-8.31835e-82
-1.21693e-80
5.72738e-81
4.40704e-80
-2.947e-80
-1.57329e-79
1.33376e-79
5.55745e-79
-5.59465e-79
-1.94907e-78
2.22685e-78
6.80764e-78
-8.5161e-78
-2.37421e-77
3.15125e-77
8.28467e-77
-1.13273e-76
-2.89619e-76
3.96228e-76
1.01478e-75
-1.34881e-75
-3.56224e-75
4.46054e-75
1.25121e-74
-1.42747e-74
-4.3887e-74
4.38971e-74
1.5333e-73
-1.28114e-73
-5.32002e-73
3.46571e-73
1.82706e-72
-8.2444e-73
-6.18827e-72
1.46251e-72
2.05885e-71
-1.19296e-73
-6.69781e-71
-1.63656e-71
2.11879e-70
1.10668e-70
-6.471e-70
-5.45786e-70
1.8887e-69
2.33545e-69
-5.18399e-69
-9.12941e-69
1.29921e-68
3.32733e-68
-2.77986e-68
-1.13966e-67
4.00379e-68
3.67169e-67
3.31347e-68
-1.10707e-66
-5.95739e-67
3.0844e-66
3.24798e-66
-7.72703e-66
-1.35439e-65
1.62964e-65
4.87225e-65
-2.28279e-65
-1.56375e-64
-1.81246e-65
4.49352e-64
3.08274e-64
-1.13276e-63
-1.5641e-63
2.34405e-63
5.94886e-63
-3.05037e-63
-1.89921e-62
-3.48148e-63
5.18402e-62
4.42801e-62
-1.16882e-61
-2.0489e-61
1.86294e-61
7.05498e-61
-1.57123e-62
-1.9755e-60
-1.40992e-60
4.41237e-60
7.22355e-60
-6.59077e-60
-2.4905e-59
-1.58905e-60
6.65259e-59
5.79637e-59
-1.32621e-58
-2.65894e-58
1.34121e-58
8.26014e-58
3.4881e-58
-1.89787e-57
-2.58804e-57
2.73227e-57
9.27585e-57
1.2045e-57
-2.32314e-56
-2.46208e-56
3.75896e-56
9.94776e-56
-2.64836e-57
-2.59686e-55
-2.45596e-55
4.26331e-55
1.05184e-54
-3.71512e-56
-2.7177e-54
-2.67541e-54
4.13443e-54
1.1051e-53
1.15414e-54
-2.65506e-53
-3.11863e-53
3.28343e-53
1.13327e-52
4.22741e-53
-2.3436e-52
-3.65027e-52
1.68926e-52
1.08872e-51
8.25324e-52
-1.71698e-51
-4.00068e-51
-4.83364e-52
9.14835e-51
1.19992e-50
-7.79837e-51
-3.8295e-50
-2.7594e-50
5.8229e-50
1.3754e-49
3.10726e-50
-2.88909e-49
-4.36197e-49
1.34064e-49
1.20226e-48
1.2229e-48
-1.25465e-48
-4.50117e-48
-2.93842e-48
6.66498e-48
1.56785e-47
5.36058e-48
-2.92504e-47
-5.18892e-47
-2.74636e-48
1.1608e-46
1.65863e-46
-3.7626e-47
-4.33048e-46
-5.19875e-46
2.58111e-46
1.55176e-45
1.62272e-45
-1.20205e-45
-5.41371e-45
-5.12431e-45
4.76738e-45
1.8549e-44
1.6604e-44
-1.70896e-44
-6.27284e-44
-5.5708e-44
5.63554e-44
2.09721e-43
1.93727e-43
-1.70104e-43
-6.92076e-43
-6.93172e-43
4.54768e-43
2.24305e-42
2.51903e-42
-9.67242e-43
-7.07768e-42
-9.15824e-42
8.56224e-43
2.14426e-41
3.28155e-41
6.49923e-42
-6.09733e-41
-1.1422e-40
-5.567e-41
1.55947e-40
3.8032e-40
2.97897e-40
-3.22797e-40
-1.18852e-39
-1.31734e-39
3.20207e-40
3.38465e-39
5.12408e-39
1.56641e-39
-8.28354e-39
-1.77709e-38
-1.33143e-38
1.46493e-38
5.42664e-38
6.4763e-38
-6.30985e-40
-1.39087e-37
-2.47865e-37
-1.50216e-37
2.55129e-37
7.81473e-37
8.82077e-37
-4.27461e-38
-1.94518e-36
-3.49366e-36
-2.35274e-36
3.00602e-36
1.05654e-35
1.34338e-35
2.98235e-36
-2.26447e-35
-4.91212e-35
-4.57194e-35
1.59754e-35
1.26487e-34
2.09397e-34
1.38541e-34
-1.70477e-34
-6.20794e-34
-8.52777e-34
-3.69643e-34
1.05599e-33
2.85026e-33
3.42701e-33
8.49675e-34
-5.45161e-33
-1.26485e-32
-1.3977e-32
-1.76217e-33
2.5515e-32
5.52615e-32
5.91095e-32
5.55685e-33
-1.11352e-31
-2.39658e-31
-2.61607e-31
-4.25129e-32
4.54233e-31
1.03051e-30
1.20412e-30
3.8055e-31
-1.69492e-30
-4.34758e-30
-5.65494e-30
-2.9624e-30
5.40848e-30
1.76196e-29
2.63989e-29
2.00709e-29
-1.14528e-29
-6.60649e-29
-1.18894e-28
-1.2094e-28
-1.71748e-29
2.12037e-28
4.98106e-28
6.52884e-28
4.06036e-28
-4.51953e-28
-1.83387e-27
-3.12659e-27
-3.15942e-27
-5.89402e-28
5.19134e-27
1.28249e-26
1.80735e-26
1.42383e-26
-5.10236e-27
-4.08391e-26
-8.20523e-26
-1.02392e-25
-6.44036e-26
6.36028e-26
2.78144e-25
5.07603e-25
5.95847e-25
3.30278e-25
-4.62014e-25
-1.75064e-24
-3.11823e-24
-3.66338e-24
-2.14065e-24
2.52523e-24
1.03303e-23
1.91053e-23
2.37956e-23
1.69319e-23
-8.84946e-24
-5.58562e-23
-1.14737e-22
-1.58776e-22
-1.43518e-22
-1.71591e-23
2.54205e-22
6.47333e-22
1.03864e-21
1.17898e-21
7.18822e-22
-6.81867e-22
-3.14048e-21
-6.25766e-21
-8.83119e-21
-8.74747e-21
-3.28394e-21
9.94552e-21
3.12967e-20
5.68475e-20
7.62692e-20
7.20724e-20
2.19581e-20
-9.39353e-20
-2.79896e-19
-5.06637e-19
-6.92873e-19
-6.95332e-19
-3.20404e-19
6.27331e-19
2.24759e-18
4.39754e-18
6.51804e-18
7.48937e-18
5.6127e-18
-1.15192e-18
-1.45514e-17
-3.49135e-17
-5.95577e-17
-8.10031e-17
-8.55643e-17
-5.33256e-17
3.91572e-17
2.11936e-16
4.69357e-16
7.82258e-16
1.06671e-15
1.1646e-15
8.35739e-16
-2.24289e-16
-2.32252e-15
-5.64484e-15
-1.00576e-14
-1.48376e-14
-1.83626e-14
-1.78396e-14
-9.20608e-15
1.25911e-14
5.26746e-14
1.14376e-13
1.96179e-13
2.87355e-13
3.62524e-13
3.75909e-13
2.56918e-13
-9.02555e-14
-7.7896e-13
-1.91902e-12
-3.57595e-12
-5.70395e-12
-8.04802e-12
-1.00146e-11
-1.05186e-11
-7.8296e-12
5.40807e-13
1.7838e-11
4.78404e-11
9.42606e-11
1.59572e-10
2.43022e-10
3.37565e-10
4.25483e-10
4.72515e-10
4.20552e-10
1.79296e-10
-3.82121e-10
-1.44159e-09
-3.22525e-09
-5.99825e-09
-1.0037e-08
-1.55713e-08
-2.26808e-08
-3.11224e-08
-4.006e-08
-4.76576e-08
-5.04854e-08
-4.2677e-08
-1.4759e-08
4.79422e-08
1.67431e-07
3.75843e-07
7.19083e-07
1.26147e-06
2.09161e-06
3.3297e-06
5.13658e-06
7.72471e-06
1.13715e-05
1.64349e-05
2.33727e-05
3.27639e-05
4.53341e-05
6.19852e-05
8.38279e-05
0.00011222
0.000148805
0.000195564
0.000254859
0.000329492
0.000422762
0.000538524
0.000681259
0.000856133
0.00106907
0.00132683
0.00163704
0.00200831
0.00245025
0.00297356
0.00359004
0.00431267
0.00515561
0.00613424
0.00726514
0.0085661
0.0100561
0.0117551
0.0136844
0.015866
0.0183229
0.0210788
0.0241579
0.027585
0.0313851
0.0355829
0.0402034
0.0452708
0.0508087
0.05684
0.063386
0.070467
0.0781013
0.0863053
0.0950932
0.104477
0.114465
0.125065
0.136279
0.148107
0.160547
0.173592
0.187232
0.201453
0.21624
0.231571
0.247423
0.263771
0.280584
0.297829
0.315473
0.333478
0.351804
0.37041
0.389254
0.40829
0.427476
0.446764
0.466109
0.485467
0.50479
0.524036
0.54316
0.56212
0.580875
0.599387
0.617619
0.635534
0.653102
0.670292
0.687076
0.70343
0.719331
0.734761
0.749702
0.764142
0.778068
0.791473
0.804351
0.816697
0.828512
0.839796
0.850552
0.860787
0.870506
0.879719
0.888435
0.896667
0.904426
0.911726
0.918582
0.925007
0.931019
0.936631
0.94186
0.946722
0.951232
0.955404
0.959254
0.962796
0.966042
0.969005
0.971697
0.974126
0.976303
0.978234
0.979926
0.981383
0.982609
0.983603
0.984366
0.984895
0.985187
0.985235
0.985031
0.984567
0.983831
0.98281
0.98149
0.979855
0.977887
0.975569
0.97288
0.969802
0.966312
0.96239
0.958015
0.953165
0.947819
0.941959
0.935563
0.928615
0.921097
0.912996
0.904299
0.894994
0.885076
0.874537
0.863376
0.851594
0.839195
0.826185
0.812576
0.798381
0.783618
0.768307
0.752471
0.736139
0.719339
0.702104
0.68447
0.666474
0.648155
0.629555
0.610717
0.591684
0.572503
0.553218
0.533875
0.51452
0.495199
0.475955
0.456832
0.437873
0.419119
0.400608
0.382378
0.364462
0.346895
0.329706
0.312922
0.296569
0.280668
0.265238
0.250297
0.235857
0.221931
0.208526
0.195649
0.183304
0.171479
0.160245
0.149251
0.14013
0.12521
)
;

boundaryField
{
    sides
    {
        type            zeroGradient;
    }
    empty
    {
        type            empty;
    }
}


// ************************************************************************* //
