/*--------------------------------*- C++ -*----------------------------------*\
  =========                 |
  \\      /  F ield         | OpenFOAM: The Open Source CFD Toolbox
   \\    /   O peration     | Website:  https://openfoam.org
    \\  /    A nd           | Version:  7
     \\/     M anipulation  |
\*---------------------------------------------------------------------------*/
FoamFile
{
    version     2.0;
    format      ascii;
    class       volScalarField;
    location    "0.07";
    object      T;
}
// * * * * * * * * * * * * * * * * * * * * * * * * * * * * * * * * * * * * * //

dimensions      [0 0 0 1 0 0 0];

internalField   nonuniform List<scalar> 
1000
(
0
0
0
0
0
0
0
0
0
0
0
0
0
0
0
0
0
0
0
0
0
0
0
0
0
0
0
0
0
0
0
0
0
0
0
0
0
0
0
0
0
0
0
0
0
0
0
0
0
0
0
0
0
0
0
0
0
0
0
0
0
0
0
0
0
0
0
0
0
0
0
0
0
0
0
0
0
0
0
0
0
0
0
0
0
0
0
0
0
0
0
0
0
0
0
0
0
0
0
0
0
0
0
0
0
0
0
0
0
0
0
0
0
0
0
0
0
0
0
0
0
0
0
0
0
0
0
0
0
0
0
0
0
0
0
0
0
0
0
0
0
0
0
0
0
0
0
0
0
0
0
0
0
0
0
0
0
0
0
0
0
0
0
0
0
0
0
0
0
0
0
0
0
0
0
0
0
0
0
0
0
0
0
0
0
0
0
0
0
0
0
0
0
0
0
0
0
0
0
0
0
0
0
0
0
0
0
0
0
0
0
0
0
0
0
0
0
0
0
0
0
0
0
0
0
0
0
0
0
0
0
0
0
0
0
0
0
0
0
0
0
0
0
0
0
0
0
0
0
0
0
0
0
0
0
0
0
0
0
0
0
0
0
0
0
0
0
0
0
0
0
0
0
0
0
0
0
0
0
0
0
0
0
0
0
0
0
0
0
0
0
0
0
0
0
0
0
0
0
0
0
-4.94066e-324
-6.12641e-322
-1.17909e-319
-2.27795e-317
-4.3999e-315
-8.49592e-313
-1.64001e-310
-3.1648e-308
-6.10536e-306
-1.17744e-303
-2.26999e-301
-4.3749e-299
-8.42884e-297
-1.62338e-294
-3.12554e-292
-6.01558e-290
-1.15738e-287
-2.22598e-285
-4.27963e-283
-8.22489e-281
-1.58012e-278
-3.03449e-276
-5.82523e-274
-1.11781e-271
-2.14412e-269
-4.11104e-267
-7.87909e-265
-1.50944e-262
-2.89048e-260
-5.53268e-258
-1.05854e-255
-2.02434e-253
-3.86955e-251
-7.39323e-249
-1.41189e-246
-2.69499e-244
-5.14162e-242
-9.80448e-240
-1.86864e-237
-3.55961e-235
-6.77715e-233
-1.28961e-230
-2.4526e-228
-4.6618e-226
-8.85586e-224
-1.68133e-221
-3.1902e-219
-6.04947e-217
-1.14643e-214
-2.17121e-212
-4.10937e-210
-7.77252e-208
-1.46911e-205
-2.77491e-203
-5.23765e-201
-9.87897e-199
-1.86195e-196
-3.50668e-194
-6.59918e-192
-1.24091e-189
-2.33154e-187
-4.37711e-185
-8.21039e-183
-1.53874e-180
-2.88125e-178
-5.39017e-176
-1.00744e-173
-1.88114e-171
-3.50912e-169
-6.53942e-167
-1.21739e-164
-2.26394e-162
-4.20556e-160
-7.80367e-158
-1.44635e-155
-2.67755e-153
-4.95076e-151
-9.14246e-149
-1.68615e-146
-3.10564e-144
-5.71233e-142
-1.04921e-139
-1.92435e-137
-3.52413e-135
-6.44387e-133
-1.17638e-130
-2.14403e-128
-3.90096e-126
-7.08507e-124
-1.28446e-121
-2.3242e-119
-4.19734e-117
-7.56462e-115
-1.36044e-112
-2.44129e-110
-4.37085e-108
-7.80689e-106
-1.39096e-103
-2.47191e-101
-4.38108e-99
-7.74299e-97
-1.36447e-94
-2.39708e-92
-4.19766e-90
-7.32603e-88
-1.27408e-85
-2.20754e-83
-3.81002e-81
-6.54874e-79
-1.12074e-76
-1.90924e-74
-3.23675e-72
-5.45918e-70
-9.15749e-68
-1.52723e-65
-2.53134e-63
-4.168e-61
-6.81455e-59
-1.10574e-56
-1.77962e-54
-2.83911e-52
-4.48646e-50
-7.01676e-48
-1.08513e-45
-1.65759e-43
-2.49803e-41
-3.70881e-39
-5.41597e-37
-7.76399e-35
-1.0901e-32
-1.49497e-30
-1.99584e-28
-2.58317e-26
-3.22453e-24
-3.85632e-22
-4.37999e-20
-4.6688e-18
-4.59268e-16
-4.06564e-14
-3.1093e-12
-1.90492e-10
-7.80925e-09
-7.92789e-08
8.61676e-06
-0.000135318
0.00090976
-0.00253793
-0.00049122
0.0138322
0.000435612
-0.0471643
-0.0532836
0.0366177
0.196119
0.371717
0.530608
0.661257
0.762416
0.837298
0.890816
0.927999
0.953237
0.970034
0.981026
0.988113
0.992625
0.995464
0.997233
0.998324
0.998992
0.999397
0.999642
0.999788
0.999875
0.999927
0.999957
0.999975
0.999986
0.999992
0.999995
0.999997
0.999998
0.999999
1
1
1
1
1
1
1
1
1
1
1
1
1
1
1
1
1
1
1
1
1
1
1
1
1
1
1
1
1
1
1
1
1
1
1
1
1
1
1
1
1
1
1
1
1
1
1
1
1
1
1
1
1
1
1
1
1
1
1
1
0.999991
1.00014
0.99909
1.00254
1.00049
0.986168
0.999564
1.04716
1.05328
0.963382
0.803881
0.628283
0.469392
0.338743
0.237584
0.162702
0.109184
0.0720011
0.0467627
0.0299659
0.0189743
0.0118865
0.00737477
0.00453559
0.00276723
0.00167598
0.00100823
0.000602752
0.000358263
0.0002118
0.000124585
7.2939e-05
4.25145e-05
2.46781e-05
1.42688e-05
8.21981e-06
4.71865e-06
2.69983e-06
1.53989e-06
8.75688e-07
4.96562e-07
2.80816e-07
1.58397e-07
8.91254e-08
5.00298e-08
2.80204e-08
1.56595e-08
8.73327e-09
4.86081e-09
2.70026e-09
1.49727e-09
8.28748e-10
4.5793e-10
2.52614e-10
1.39131e-10
7.65101e-11
4.20114e-11
2.30351e-11
1.26127e-11
6.89667e-12
3.7662e-12
2.05408e-12
1.11892e-12
6.08779e-13
3.30842e-13
1.79594e-13
9.73845e-14
5.27505e-14
2.85441e-14
1.54301e-14
8.33292e-15
4.49586e-15
2.4234e-15
1.30511e-15
7.02239e-16
3.77529e-16
2.02793e-16
1.08843e-16
5.83718e-17
3.128e-17
1.67495e-17
8.96216e-18
4.79191e-18
2.56034e-18
1.36705e-18
7.2942e-19
3.8894e-19
2.07256e-19
1.10371e-19
5.87396e-20
3.12423e-20
1.66072e-20
8.82262e-21
4.68435e-21
2.48575e-21
1.31834e-21
6.98813e-22
3.70225e-22
1.96041e-22
1.03754e-22
5.48842e-23
2.90186e-23
1.53355e-23
8.1005e-24
4.27687e-24
2.25705e-24
1.19059e-24
6.27761e-25
3.30855e-25
1.74299e-25
9.17854e-26
4.8314e-26
2.54213e-26
1.33705e-26
7.02961e-27
3.69443e-27
1.94088e-27
1.01927e-27
5.35084e-28
2.808e-28
1.47306e-28
7.72485e-29
4.04959e-29
2.1222e-29
1.11177e-29
5.82242e-30
3.04825e-30
1.59537e-30
8.34706e-31
4.36589e-31
2.28286e-31
1.19332e-31
6.23596e-32
3.2578e-32
1.70146e-32
8.88372e-33
4.63711e-33
2.4198e-33
1.26239e-33
6.58402e-34
3.433e-34
1.78955e-34
9.32613e-35
4.85902e-35
2.53097e-35
1.31801e-35
6.86187e-36
3.5716e-36
1.85857e-36
9.66926e-37
5.02929e-37
2.6153e-37
1.35968e-37
7.06733e-38
3.67264e-38
1.90812e-38
9.91152e-39
5.14733e-39
2.67259e-39
1.38737e-39
7.20052e-40
3.73634e-40
1.9384e-40
1.00543e-40
5.21407e-41
2.70344e-41
1.40144e-41
7.26356e-42
3.76395e-42
1.9501e-42
1.01016e-42
5.23174e-43
2.70909e-43
1.40257e-43
7.26021e-44
3.7575e-44
1.94435e-44
1.00595e-44
5.2036e-45
2.69129e-45
1.3917e-45
7.19548e-46
3.71967e-46
1.92256e-46
9.93547e-47
5.13367e-47
2.65217e-47
1.36996e-47
7.07536e-48
3.65363e-48
1.88641e-48
9.73832e-49
5.02654e-49
2.59413e-49
1.33861e-49
6.90641e-50
3.5628e-50
1.83768e-50
9.47741e-51
4.88709e-51
2.51972e-51
1.29897e-51
6.69553e-52
3.45077e-52
1.77824e-52
9.16241e-53
4.72034e-53
2.43155e-53
1.25239e-53
6.4497e-54
3.32115e-54
1.70995e-54
8.80295e-55
4.53127e-55
2.33217e-55
1.20019e-55
6.17577e-56
3.17747e-56
1.63464e-56
8.40839e-57
4.3247e-57
2.22408e-57
1.14366e-57
5.88027e-58
3.02308e-58
1.55402e-58
7.98759e-59
4.10516e-59
2.10959e-59
1.08398e-59
5.56932e-60
2.86113e-60
1.4697e-60
7.54877e-61
3.87686e-61
1.99087e-61
1.02226e-61
5.24854e-62
2.69447e-62
1.38315e-62
7.09938e-63
3.64362e-63
1.86984e-63
9.59479e-64
4.92297e-64
2.52568e-64
1.29566e-64
6.64608e-65
3.4088e-65
1.74823e-65
8.96514e-66
4.59704e-66
2.35701e-66
1.2084e-66
6.19468e-67
3.17535e-67
1.62753e-67
8.34123e-68
4.2746e-68
2.19041e-68
1.12233e-68
5.75014e-69
2.9458e-69
1.50901e-69
7.72946e-70
3.95887e-70
2.02749e-70
1.03828e-70
5.31662e-71
2.72222e-71
1.39373e-71
7.13514e-72
3.65253e-72
1.86961e-72
9.56927e-73
4.8975e-73
2.50633e-73
1.28254e-73
6.56254e-74
3.35771e-74
1.71784e-74
8.78806e-75
4.49545e-75
2.29944e-75
1.1761e-75
6.01497e-76
3.07606e-76
1.57299e-76
8.04322e-77
4.11249e-77
2.10257e-77
1.0749e-77
5.49487e-78
2.80878e-78
1.43566e-78
7.33766e-79
3.75004e-79
1.91641e-79
9.7929e-80
5.0039e-80
2.55669e-80
1.30624e-80
6.67329e-81
3.40903e-81
1.74139e-81
8.89478e-82
4.54306e-82
2.32026e-82
1.18495e-82
6.05113e-83
3.08993e-83
1.57774e-83
8.0556e-84
4.11278e-84
2.09966e-84
1.07186e-84
5.47144e-85
2.79282e-85
1.42547e-85
7.27532e-86
3.71297e-86
1.89482e-86
9.66918e-87
4.93389e-87
2.51748e-87
1.28445e-87
6.55314e-88
3.34316e-88
1.70546e-88
8.69973e-89
4.43758e-89
2.26342e-89
1.15442e-89
5.88758e-90
3.00255e-90
1.53116e-90
7.80785e-91
3.98126e-91
2.02996e-91
1.03498e-91
5.27666e-92
2.69007e-92
1.37135e-92
6.99054e-93
3.56331e-93
1.81625e-93
9.25714e-94
4.71801e-94
2.40447e-94
1.22535e-94
6.2443e-95
3.18189e-95
1.62132e-95
8.26096e-96
4.20895e-96
2.14436e-96
1.09245e-96
5.56531e-97
2.83502e-97
1.44412e-97
7.35585e-98
3.74665e-98
1.90825e-98
9.71871e-99
4.94953e-99
2.52058e-99
1.28357e-99
6.53611e-100
3.32814e-100
1.69459e-100
8.62805e-101
4.3928e-101
2.23642e-101
1.13853e-101
5.79592e-102
2.9504e-102
1.50184e-102
7.64447e-103
3.89094e-103
1.98037e-103
1.0079e-103
5.1295e-104
2.61045e-104
1.32843e-104
6.75997e-105
3.43981e-105
1.75028e-105
8.90566e-106
4.53114e-106
2.30532e-106
1.17285e-106
5.9667e-107
3.03536e-107
1.54409e-107
7.85447e-108
3.99528e-108
2.03217e-108
1.03362e-108
5.25705e-109
2.67368e-109
1.35976e-109
6.91511e-110
3.51658e-110
1.78825e-110
9.09326e-111
4.62377e-111
2.35103e-111
1.19538e-111
6.07768e-112
3.08998e-112
1.57094e-112
7.98633e-113
4.05996e-113
2.06386e-113
1.04912e-113
5.33283e-114
2.71066e-114
1.37777e-114
7.00271e-115
3.55911e-115
1.80885e-115
9.19283e-116
4.67178e-116
2.37412e-116
1.20645e-116
6.13055e-117
3.11515e-117
1.58286e-117
8.04258e-118
4.08633e-118
2.07615e-118
1.0548e-118
5.35882e-119
2.72242e-119
1.38302e-119
7.02565e-120
3.56889e-120
1.81287e-120
9.20847e-121
4.6773e-121
2.3757e-121
1.20663e-121
6.12835e-122
3.11244e-122
1.58069e-122
8.02746e-123
4.0766e-123
2.07017e-123
1.05124e-123
5.33808e-124
2.71054e-124
1.37631e-124
6.98815e-125
3.54811e-125
1.80143e-125
9.10112e-126
)
;

boundaryField
{
    sides
    {
        type            zeroGradient;
    }
    empty
    {
        type            empty;
    }
}


// ************************************************************************* //
