/*--------------------------------*- C++ -*----------------------------------*\
  =========                 |
  \\      /  F ield         | OpenFOAM: The Open Source CFD Toolbox
   \\    /   O peration     | Website:  https://openfoam.org
    \\  /    A nd           | Version:  7
     \\/     M anipulation  |
\*---------------------------------------------------------------------------*/
FoamFile
{
    version     2.0;
    format      ascii;
    class       volScalarField;
    location    "3.51";
    object      T;
}
// * * * * * * * * * * * * * * * * * * * * * * * * * * * * * * * * * * * * * //

dimensions      [0 0 0 1 0 0 0];

internalField   nonuniform List<scalar> 
1000
(
4.17814e-55
5.14712e-55
7.30724e-55
1.11532e-54
1.75639e-54
2.80017e-54
4.4841e-54
7.19027e-54
1.15311e-53
1.84862e-53
2.96207e-53
4.74337e-53
7.59116e-53
1.2141e-52
1.94054e-52
3.09964e-52
4.94789e-52
7.89313e-52
1.25834e-51
2.00476e-51
3.19187e-51
5.07862e-51
8.07536e-51
1.2832e-50
2.0377e-50
3.23371e-50
5.12832e-50
8.1276e-50
1.28725e-49
2.03738e-49
3.22251e-49
5.09361e-49
8.04576e-49
1.27004e-48
2.00344e-48
3.15821e-48
4.97524e-48
7.83237e-48
1.23219e-47
1.93716e-47
3.0434e-47
4.77811e-47
7.49644e-47
1.17532e-46
1.84144e-46
2.88311e-46
4.51092e-46
7.05289e-46
1.10196e-45
1.72055e-45
2.68449e-45
4.18556e-45
6.52141e-45
1.01537e-44
1.5798e-44
2.45625e-44
3.81624e-44
5.92503e-44
9.19259e-44
1.4252e-43
2.20802e-43
3.41837e-43
5.28841e-43
8.17557e-43
1.26298e-42
1.94969e-42
3.00758e-42
4.63611e-42
7.14125e-42
1.09921e-41
1.6907e-41
2.59857e-41
3.99102e-41
6.12512e-41
9.39344e-41
1.43951e-40
2.20435e-40
3.37307e-40
5.15758e-40
7.8803e-40
1.20314e-39
1.83553e-39
2.79821e-39
4.26259e-39
6.4884e-39
9.86901e-39
1.49996e-38
2.27801e-38
3.45702e-38
5.24221e-38
7.9432e-38
1.20266e-37
1.81951e-37
2.75064e-37
4.15505e-37
6.27165e-37
9.45911e-37
1.42554e-36
2.1467e-36
3.23016e-36
4.85663e-36
7.29634e-36
1.0953e-35
1.64292e-35
2.4624e-35
3.6877e-35
5.51832e-35
8.2511e-35
1.23274e-34
1.84026e-34
2.745e-34
4.09123e-34
6.0928e-34
9.06625e-34
1.34799e-33
2.0026e-33
2.97267e-33
4.40905e-33
6.53414e-33
9.67556e-33
1.43155e-32
2.11631e-32
3.12604e-32
4.6137e-32
6.80368e-32
1.00248e-31
1.47588e-31
2.17099e-31
3.19083e-31
4.68582e-31
6.87545e-31
1.00798e-30
1.4765e-30
2.16097e-30
3.16005e-30
4.61712e-30
6.74027e-30
9.83133e-30
1.43276e-29
2.08624e-29
3.03515e-29
4.41185e-29
6.40747e-29
9.2977e-29
1.34799e-28
1.95263e-28
2.82601e-28
4.08647e-28
5.90393e-28
8.52222e-28
1.22908e-27
1.77103e-27
2.54969e-27
3.66744e-27
5.2705e-27
7.56753e-27
1.0856e-26
1.55594e-26
2.22807e-26
3.18767e-26
4.55645e-26
6.50709e-26
9.28441e-26
1.32351e-25
1.88497e-25
2.68217e-25
3.81304e-25
5.41575e-25
7.68504e-25
1.08952e-24
1.5432e-24
2.18378e-24
3.08739e-24
4.36086e-24
6.15386e-24
8.67598e-24
1.22203e-23
1.71965e-23
2.41763e-23
3.39571e-23
4.76499e-23
6.68008e-23
9.356e-23
1.30914e-22
1.83007e-22
2.55585e-22
3.56606e-22
4.97078e-22
6.92219e-22
9.63039e-22
1.33852e-21
1.8586e-21
2.57827e-21
3.57311e-21
4.947e-21
6.84249e-21
9.45499e-21
1.30522e-20
1.80002e-20
2.47996e-20
3.41338e-20
4.69347e-20
6.44723e-20
8.84751e-20
1.21293e-19
1.66119e-19
2.27283e-19
3.10657e-19
4.24188e-19
5.78626e-19
7.88498e-19
1.07341e-18
1.45978e-18
1.98322e-18
2.69161e-18
3.64931e-18
4.94271e-18
6.68769e-18
9.03943e-18
1.22056e-17
1.64638e-17
2.21847e-17
2.98626e-17
4.0156e-17
5.39415e-17
7.23841e-17
9.70309e-17
1.29934e-16
1.73813e-16
2.32265e-16
3.10048e-16
4.13444e-16
5.50739e-16
7.3285e-16
9.74145e-16
1.29351e-15
1.71576e-15
2.2734e-15
3.00908e-15
3.97855e-15
5.25473e-15
6.9328e-15
9.1369e-15
1.20287e-14
1.58187e-14
2.07803e-14
2.72684e-14
3.57433e-14
4.68012e-14
6.1213e-14
7.99752e-14
1.04374e-13
1.36066e-13
1.77185e-13
2.30477e-13
2.99466e-13
3.88675e-13
5.03899e-13
6.52556e-13
8.44127e-13
1.09072e-12
1.40777e-12
1.81496e-12
2.33728e-12
3.00655e-12
3.86311e-12
4.9581e-12
6.35627e-12
8.13949e-12
1.04112e-11
1.33017e-11
1.69755e-11
2.16391e-11
2.75526e-11
3.50418e-11
4.45157e-11
5.6486e-11
7.15927e-11
9.0635e-11
1.1461e-10
1.44759e-10
1.82627e-10
2.30134e-10
2.89662e-10
3.64163e-10
4.57293e-10
5.73569e-10
7.18568e-10
8.99169e-10
1.12384e-09
1.403e-09
1.74944e-09
2.17885e-09
2.71046e-09
3.36779e-09
4.17957e-09
5.18087e-09
6.41442e-09
7.93222e-09
9.79749e-09
1.20869e-08
1.48935e-08
1.83298e-08
2.2532e-08
2.76642e-08
3.39246e-08
4.15516e-08
5.0832e-08
6.211e-08
7.57985e-08
9.2392e-08
1.12481e-07
1.36773e-07
1.66108e-07
2.0149e-07
2.4411e-07
2.95385e-07
3.56993e-07
4.30924e-07
5.19527e-07
6.25582e-07
7.52361e-07
9.03721e-07
1.0842e-06
1.29911e-06
1.55471e-06
1.8583e-06
2.21842e-06
2.64507e-06
3.14985e-06
3.74633e-06
4.45023e-06
5.27981e-06
6.25626e-06
7.40407e-06
8.75156e-06
1.03314e-05
1.21812e-05
1.43442e-05
1.68703e-05
1.98164e-05
2.32478e-05
2.72393e-05
3.18761e-05
3.72554e-05
4.34879e-05
5.06992e-05
5.90321e-05
6.86481e-05
7.97301e-05
9.24844e-05
0.000107144
0.000123971
0.000143259
0.00016534
0.000190584
0.000219404
0.000252264
0.000289678
0.000332222
0.000380532
0.000435316
0.000497357
0.000567523
0.000646768
0.000736146
0.000836816
0.000950049
0.00107724
0.00121992
0.00137974
0.00155853
0.00175827
0.00198109
0.00222934
0.00250552
0.00281236
0.0031528
0.00352999
0.00394732
0.00440844
0.00491721
0.00547781
0.00609464
0.00677242
0.00751612
0.00833103
0.00922273
0.0101971
0.0112603
0.0124188
0.0136795
0.0150493
0.0165357
0.0181464
0.0198892
0.0217725
0.0238046
0.0259943
0.0283504
0.030882
0.0335985
0.0365091
0.0396235
0.042951
0.0465014
0.0502842
0.054309
0.0585851
0.0631219
0.0679284
0.0730134
0.0783856
0.084053
0.0900235
0.0963043
0.102902
0.109823
0.117073
0.124657
0.132578
0.14084
0.149445
0.158396
0.167692
0.177333
0.187317
0.197643
0.208306
0.219302
0.230625
0.242269
0.254224
0.266483
0.279034
0.291866
0.304968
0.318324
0.331922
0.345744
0.359776
0.373999
0.388396
0.402948
0.417635
0.432437
0.447334
0.462305
0.477328
0.492382
0.507445
0.522496
0.537512
0.552472
0.567354
0.582137
0.596801
0.611324
0.625688
0.639872
0.653858
0.667629
0.681166
0.694454
0.707478
0.720222
0.732674
0.74482
0.756649
0.768151
0.779315
0.790133
0.800597
0.8107
0.820436
0.829801
0.838791
0.847401
0.855629
0.863474
0.870934
0.878009
0.884699
0.891003
0.896923
0.90246
0.907616
0.912392
0.916789
0.920811
0.924459
0.927735
0.930642
0.93318
0.935352
0.93716
0.938604
0.939686
0.940407
0.940768
0.940768
0.940407
0.939686
0.938604
0.93716
0.935352
0.93318
0.930642
0.927735
0.924459
0.920811
0.916789
0.912392
0.907616
0.90246
0.896923
0.891003
0.884699
0.878009
0.870934
0.863474
0.855629
0.847401
0.838791
0.829801
0.820436
0.8107
0.800597
0.790133
0.779315
0.768151
0.756649
0.74482
0.732674
0.720222
0.707478
0.694454
0.681166
0.667629
0.653858
0.639872
0.625688
0.611324
0.596801
0.582137
0.567354
0.552472
0.537512
0.522496
0.507445
0.492382
0.477328
0.462305
0.447334
0.432437
0.417635
0.402948
0.388396
0.373999
0.359776
0.345744
0.331922
0.318324
0.304968
0.291866
0.279034
0.266483
0.254224
0.242269
0.230625
0.219302
0.208306
0.197643
0.187317
0.177333
0.167692
0.158396
0.149445
0.14084
0.132578
0.124657
0.117073
0.109823
0.102902
0.0963043
0.0900235
0.084053
0.0783856
0.0730134
0.0679284
0.0631219
0.0585851
0.054309
0.0502842
0.0465014
0.042951
0.0396235
0.0365091
0.0335985
0.030882
0.0283504
0.0259943
0.0238046
0.0217725
0.0198892
0.0181464
0.0165357
0.0150493
0.0136795
0.0124188
0.0112603
0.0101971
0.00922273
0.00833103
0.00751612
0.00677242
0.00609464
0.00547781
0.00491721
0.00440844
0.00394732
0.00352999
0.0031528
0.00281236
0.00250552
0.00222934
0.00198109
0.00175827
0.00155853
0.00137974
0.00121992
0.00107724
0.000950049
0.000836816
0.000736146
0.000646768
0.000567523
0.000497357
0.000435316
0.000380532
0.000332222
0.000289678
0.000252264
0.000219404
0.000190584
0.00016534
0.000143259
0.000123971
0.000107144
9.24844e-05
7.97301e-05
6.86481e-05
5.90321e-05
5.06992e-05
4.34879e-05
3.72554e-05
3.18761e-05
2.72393e-05
2.32478e-05
1.98164e-05
1.68703e-05
1.43442e-05
1.21812e-05
1.03314e-05
8.75156e-06
7.40407e-06
6.25626e-06
5.27981e-06
4.45023e-06
3.74633e-06
3.14985e-06
2.64507e-06
2.21842e-06
1.8583e-06
1.55471e-06
1.29911e-06
1.0842e-06
9.03721e-07
7.52361e-07
6.25582e-07
5.19527e-07
4.30924e-07
3.56993e-07
2.95385e-07
2.4411e-07
2.0149e-07
1.66108e-07
1.36773e-07
1.12481e-07
9.2392e-08
7.57985e-08
6.211e-08
5.0832e-08
4.15516e-08
3.39246e-08
2.76642e-08
2.2532e-08
1.83298e-08
1.48935e-08
1.20869e-08
9.79749e-09
7.93222e-09
6.41442e-09
5.18087e-09
4.17957e-09
3.36779e-09
2.71046e-09
2.17885e-09
1.74944e-09
1.403e-09
1.12384e-09
8.99169e-10
7.18568e-10
5.73569e-10
4.57293e-10
3.64163e-10
2.89662e-10
2.30134e-10
1.82627e-10
1.44759e-10
1.1461e-10
9.0635e-11
7.15927e-11
5.6486e-11
4.45157e-11
3.50418e-11
2.75526e-11
2.16391e-11
1.69755e-11
1.33017e-11
1.04112e-11
8.13949e-12
6.35627e-12
4.9581e-12
3.86311e-12
3.00655e-12
2.33728e-12
1.81496e-12
1.40777e-12
1.09072e-12
8.44127e-13
6.52556e-13
5.03899e-13
3.88675e-13
2.99466e-13
2.30477e-13
1.77185e-13
1.36066e-13
1.04374e-13
7.99752e-14
6.1213e-14
4.68012e-14
3.57433e-14
2.72684e-14
2.07803e-14
1.58187e-14
1.20287e-14
9.1369e-15
6.9328e-15
5.25473e-15
3.97855e-15
3.00908e-15
2.2734e-15
1.71576e-15
1.29351e-15
9.74145e-16
7.3285e-16
5.50739e-16
4.13444e-16
3.10048e-16
2.32265e-16
1.73813e-16
1.29934e-16
9.70309e-17
7.23841e-17
5.39415e-17
4.0156e-17
2.98626e-17
2.21847e-17
1.64638e-17
1.22056e-17
9.03943e-18
6.68769e-18
4.94271e-18
3.64931e-18
2.69161e-18
1.98322e-18
1.45978e-18
1.07341e-18
7.88498e-19
5.78626e-19
4.24188e-19
3.10657e-19
2.27283e-19
1.66119e-19
1.21293e-19
8.84751e-20
6.44723e-20
4.69347e-20
3.41338e-20
2.47996e-20
1.80002e-20
1.30522e-20
9.45499e-21
6.84249e-21
4.947e-21
3.57311e-21
2.57827e-21
1.8586e-21
1.33852e-21
9.63039e-22
6.92219e-22
4.97078e-22
3.56606e-22
2.55585e-22
1.83007e-22
1.30914e-22
9.356e-23
6.68008e-23
4.76499e-23
3.39571e-23
2.41763e-23
1.71965e-23
1.22203e-23
8.67598e-24
6.15386e-24
4.36086e-24
3.08739e-24
2.18378e-24
1.5432e-24
1.08952e-24
7.68504e-25
5.41575e-25
3.81304e-25
2.68217e-25
1.88497e-25
1.32351e-25
9.28441e-26
6.50709e-26
4.55645e-26
3.18767e-26
2.22807e-26
1.55594e-26
1.0856e-26
7.56753e-27
5.2705e-27
3.66744e-27
2.54969e-27
1.77103e-27
1.22908e-27
8.52222e-28
5.90393e-28
4.08647e-28
2.82601e-28
1.95263e-28
1.34799e-28
9.2977e-29
6.40747e-29
4.41185e-29
3.03515e-29
2.08624e-29
1.43276e-29
9.83133e-30
6.74027e-30
4.61712e-30
3.16005e-30
2.16097e-30
1.4765e-30
1.00798e-30
6.87545e-31
4.68582e-31
3.19083e-31
2.17099e-31
1.47588e-31
1.00248e-31
6.80368e-32
4.6137e-32
3.12604e-32
2.11631e-32
1.43155e-32
9.67556e-33
6.53414e-33
4.40905e-33
2.97267e-33
2.0026e-33
1.34799e-33
9.06625e-34
6.0928e-34
4.09123e-34
2.745e-34
1.84026e-34
1.23274e-34
8.2511e-35
5.51832e-35
3.6877e-35
2.4624e-35
1.64292e-35
1.0953e-35
7.29634e-36
4.85663e-36
3.23016e-36
2.1467e-36
1.42554e-36
9.45911e-37
6.27165e-37
4.15505e-37
2.75064e-37
1.81951e-37
1.20266e-37
7.9432e-38
5.24221e-38
3.45702e-38
2.27801e-38
1.49996e-38
9.86901e-39
6.4884e-39
4.26259e-39
2.79821e-39
1.83553e-39
1.20314e-39
7.8803e-40
5.15758e-40
3.37307e-40
2.20435e-40
1.43951e-40
9.39344e-41
6.12512e-41
3.99102e-41
2.59857e-41
1.6907e-41
1.09921e-41
7.14125e-42
4.63611e-42
3.00758e-42
1.94969e-42
1.26298e-42
8.17557e-43
5.28841e-43
3.41837e-43
2.20802e-43
1.4252e-43
9.19259e-44
5.92503e-44
3.81624e-44
2.45625e-44
1.5798e-44
1.01537e-44
6.52141e-45
4.18556e-45
2.68449e-45
1.72055e-45
1.10196e-45
7.05289e-46
4.51092e-46
2.88311e-46
1.84144e-46
1.17532e-46
7.49644e-47
4.77811e-47
3.0434e-47
1.93716e-47
1.23219e-47
7.83237e-48
4.97524e-48
3.15821e-48
2.00344e-48
1.27004e-48
8.04576e-49
5.09361e-49
3.22251e-49
2.03738e-49
1.28725e-49
8.1276e-50
5.12832e-50
3.23371e-50
2.0377e-50
1.2832e-50
8.07536e-51
5.07862e-51
3.19187e-51
2.00476e-51
1.25834e-51
7.89313e-52
4.94789e-52
3.09964e-52
1.94054e-52
1.2141e-52
7.59116e-53
4.74337e-53
2.96207e-53
1.84862e-53
1.15311e-53
7.19027e-54
4.4841e-54
2.80017e-54
1.75639e-54
1.11532e-54
7.30724e-55
5.14712e-55
4.17814e-55
)
;

boundaryField
{
    sides
    {
        type            zeroGradient;
    }
    empty
    {
        type            empty;
    }
}


// ************************************************************************* //
