/*--------------------------------*- C++ -*----------------------------------*\
  =========                 |
  \\      /  F ield         | OpenFOAM: The Open Source CFD Toolbox
   \\    /   O peration     | Website:  https://openfoam.org
    \\  /    A nd           | Version:  7
     \\/     M anipulation  |
\*---------------------------------------------------------------------------*/
FoamFile
{
    version     2.0;
    format      ascii;
    class       volScalarField;
    location    "3.88";
    object      T;
}
// * * * * * * * * * * * * * * * * * * * * * * * * * * * * * * * * * * * * * //

dimensions      [0 0 0 1 0 0 0];

internalField   nonuniform List<scalar> 
1000
(
0
0
0
0
0
0
0
0
0
0
0
0
0
0
0
0
0
0
0
0
0
0
0
0
0
0
0
0
0
0
0
0
0
0
0
0
0
0
0
0
0
0
0
0
0
0
0
0
0
0
0
0
0
0
0
0
0
0
0
0
0
0
1.19485e-302
-1.08055e-299
4.86141e-297
-1.45075e-294
3.23048e-292
-5.72528e-290
8.41184e-288
-1.05382e-285
1.14909e-283
-1.10784e-281
9.5611e-280
-7.46087e-278
5.30769e-276
-3.46624e-274
2.09028e-272
-1.16988e-270
6.10352e-269
-2.97986e-267
1.36605e-265
-5.8981e-264
2.40497e-262
-9.28366e-261
3.40015e-259
-1.18391e-257
3.92617e-256
-1.24216e-254
3.75498e-253
-1.0861e-251
3.00973e-250
-8.00021e-249
2.04208e-247
-5.01061e-246
1.18295e-244
-2.68963e-243
5.89416e-242
-1.24593e-240
2.54224e-239
-5.01055e-238
9.54491e-237
-1.75845e-235
3.1347e-234
-5.40992e-233
9.04319e-232
-1.4648e-230
2.30008e-229
-3.50248e-228
5.17407e-227
-7.41743e-226
1.03221e-224
-1.39474e-223
1.83036e-222
-2.33343e-221
2.89037e-220
-3.47925e-219
4.07059e-218
-4.62934e-217
5.11817e-216
-5.50143e-215
5.74937e-214
-5.84192e-213
5.77134e-212
-5.54325e-211
5.17591e-210
-4.69779e-209
4.14402e-208
-3.55211e-207
2.9579e-206
-2.39215e-205
1.87822e-204
-1.43112e-203
1.05771e-202
-7.57802e-202
5.25949e-201
-3.53321e-200
2.2951e-199
-1.43987e-198
8.71165e-198
-5.07407e-197
2.83868e-196
-1.52101e-195
7.77595e-195
-3.77343e-194
1.72526e-193
-7.34821e-193
2.86038e-192
-9.80595e-192
2.69974e-191
-3.94123e-191
-1.60667e-190
1.87171e-189
-1.11701e-188
5.06008e-188
-1.8171e-187
4.72792e-187
-4.127e-187
-4.57466e-186
3.73442e-185
-1.79038e-184
6.12038e-184
-1.28904e-183
-8.11488e-184
2.39448e-182
-1.36951e-181
4.96409e-181
-1.06223e-180
-6.11608e-181
1.82729e-179
-9.74789e-179
3.0979e-178
-4.41569e-178
-1.64663e-177
1.48184e-176
-5.8853e-176
1.24146e-175
9.32763e-176
-2.04585e-174
9.33858e-174
-2.20931e-173
-3.47121e-174
2.83961e-172
-1.34146e-171
3.08622e-171
1.08628e-171
-4.09373e-170
1.76851e-169
-3.4109e-169
-4.58458e-169
5.8551e-168
-2.06575e-167
2.53953e-167
1.15809e-166
-7.63805e-166
1.95582e-165
9.32193e-168
-2.05483e-164
8.26314e-164
-1.16898e-163
-3.84604e-163
2.67503e-162
-6.39064e-162
-2.42007e-162
7.20608e-161
-2.42439e-160
1.85889e-160
1.66015e-159
-7.68087e-159
1.13214e-158
3.26482e-158
-2.17255e-157
4.35673e-157
5.26637e-157
-5.69264e-156
1.38749e-155
5.96324e-156
-1.41797e-154
3.94714e-154
5.1932e-156
-3.42573e-153
1.0372e-152
-2.03059e-153
-8.14783e-152
2.55949e-151
-6.48493e-152
-1.92395e-150
5.97253e-150
-1.07566e-150
-4.51383e-149
1.31746e-148
2.99112e-150
-1.04538e-147
2.72734e-147
1.01892e-147
-2.36176e-146
5.21473e-146
4.84423e-146
-5.12748e-145
8.92648e-145
1.64765e-144
-1.05135e-143
1.27559e-143
4.66276e-143
-1.99379e-142
1.19747e-142
1.14839e-141
-3.39508e-141
-6.04e-142
2.49415e-140
-4.92005e-140
-6.72052e-140
4.75714e-139
-5.26092e-139
-2.12679e-138
7.79154e-138
-1.37672e-138
-4.86191e-137
1.03227e-136
1.1837e-136
-8.89959e-136
9.02018e-136
4.00515e-135
-1.29939e-134
-1.82211e-135
8.43436e-134
-1.36419e-133
-2.83716e-133
1.31918e-132
-4.97872e-133
-7.14052e-132
1.47119e-131
1.87345e-131
-1.17122e-130
7.46149e-131
5.68749e-130
-1.30798e-129
-1.29981e-129
9.45031e-129
-6.5468e-129
-4.39995e-128
1.00106e-127
1.04194e-127
-7.02282e-127
3.93278e-127
3.3207e-126
-6.60217e-126
-9.27022e-126
4.76778e-125
-1.1689e-125
-2.3898e-124
3.60679e-124
8.12118e-124
-2.8718e-123
-7.80289e-124
1.57494e-122
-1.43073e-122
-6.3956e-122
1.44734e-121
1.61467e-121
-9.02014e-121
1.68596e-121
4.28696e-120
-5.31287e-120
-1.55052e-119
4.15561e-119
3.35179e-119
-2.32668e-118
6.45979e-119
1.04401e-117
-1.28134e-117
-3.72407e-117
9.3508e-117
8.96923e-117
-5.0997e-116
2.68138e-117
2.30388e-115
-2.03423e-115
-8.73147e-115
1.61177e-114
2.625e-114
-9.17401e-114
-4.61375e-114
4.36493e-113
-1.17771e-113
-1.80748e-112
1.77822e-112
6.52073e-112
-1.19853e-111
-1.96968e-111
6.32957e-111
4.23103e-111
-2.9015e-110
1.48164e-112
1.19509e-109
-7.03551e-110
-4.47041e-109
5.34723e-109
1.51086e-108
-2.94936e-108
-4.49081e-108
1.39798e-107
1.07865e-107
-6.00649e-107
-1.37852e-107
2.39455e-106
-5.38667e-107
-8.95944e-106
5.85061e-106
3.16233e-105
-3.47511e-105
-1.05344e-104
1.69581e-104
3.29725e-104
-7.43811e-104
-9.5819e-104
3.03904e-103
2.51518e-103
-1.17799e-102
-5.55097e-103
4.37942e-102
7.70459e-103
-1.57297e-101
1.27949e-102
5.48713e-101
-1.72295e-101
-1.86675e-100
9.89698e-101
6.21497e-100
-4.56634e-100
-2.03111e-99
1.88937e-99
6.53436e-99
-7.30058e-99
-2.07507e-98
2.68675e-98
6.52207e-98
-9.52241e-98
-2.03425e-97
3.27262e-97
6.31224e-97
-1.09552e-96
-1.95314e-96
3.58264e-96
6.03834e-96
-1.14679e-95
-1.868e-95
3.59701e-95
5.7873e-95
-1.10602e-94
-1.79584e-94
3.33314e-94
5.57804e-94
-9.83616e-94
-1.73205e-93
2.83763e-93
5.36682e-93
-7.9817e-93
-1.65575e-92
2.18019e-92
5.07385e-92
-5.74741e-92
-1.54043e-91
1.4479e-91
4.62139e-91
-3.42648e-91
-1.3664e-90
7.36248e-91
3.97067e-90
-1.31839e-90
-1.13072e-89
1.3497e-90
3.14499e-89
3.23145e-90
-8.51077e-89
-2.89691e-89
2.22977e-88
1.34554e-88
-5.61804e-88
-5.10491e-88
1.34786e-87
1.73408e-87
-3.02966e-87
-5.45232e-87
6.18807e-87
1.60973e-86
-1.06854e-86
-4.48849e-86
1.1885e-86
1.18263e-85
1.23911e-86
-2.93262e-85
-1.40965e-85
6.77699e-85
6.14636e-85
-1.43037e-84
-2.09288e-84
2.63719e-84
6.21325e-84
-3.73335e-84
-1.66384e-83
1.58284e-84
4.05389e-83
1.48598e-83
-8.92072e-83
-7.74316e-83
1.7233e-82
2.65569e-82
-2.69353e-82
-7.51746e-82
2.36786e-82
1.85064e-81
4.33497e-82
-3.98366e-81
-3.14112e-81
7.26897e-81
1.1105e-80
-1.00064e-80
-3.04565e-80
4.58315e-81
6.99517e-80
3.13931e-80
-1.34323e-79
-1.50018e-79
1.99387e-79
4.48218e-79
-1.47224e-79
-1.05418e-78
-3.63933e-79
2.00334e-78
2.08729e-78
-2.83385e-78
-6.28327e-78
1.65598e-78
1.42103e-77
6.4162e-78
-2.48337e-77
-3.07472e-77
2.88718e-77
8.35009e-77
2.19076e-78
-1.67234e-76
-1.28543e-76
2.39147e-76
4.3768e-76
-1.41859e-76
-9.76847e-76
-4.79107e-76
1.54556e-75
2.16139e-75
-1.2914e-75
-5.24173e-75
-1.75502e-75
8.67644e-75
1.0539e-74
-7.83886e-75
-2.66899e-74
-7.69585e-75
4.39798e-74
5.23658e-74
-3.72708e-74
-1.30693e-73
-4.55886e-74
2.02632e-73
2.65867e-73
-1.34531e-73
-6.11707e-73
-3.1333e-73
8.29386e-73
1.3419e-72
-2.49817e-73
-2.66484e-72
-2.08132e-72
2.80083e-72
6.43127e-72
1.23842e-72
-1.02466e-71
-1.22886e-71
5.95801e-72
2.76407e-71
1.73014e-71
-3.09903e-71
-6.18525e-71
-9.39289e-72
9.78997e-71
1.18084e-70
-4.57735e-71
-2.51948e-70
-1.88406e-70
2.31278e-70
5.70904e-70
2.22335e-70
-7.30304e-70
-1.17721e-69
-5.94072e-71
1.92416e-69
2.24647e-69
-7.16286e-70
-4.58004e-69
-4.00335e-69
3.0793e-69
1.02171e-68
6.69263e-69
-9.18219e-69
-2.18392e-68
-1.05189e-68
2.36033e-68
4.54426e-68
1.55992e-68
-5.58275e-68
-9.31932e-68
-2.21666e-68
1.25092e-67
1.90229e-67
3.18901e-68
-2.69595e-67
-3.89314e-67
-5.29812e-68
5.6324e-67
8.02239e-67
1.16588e-67
-1.14382e-66
-1.66603e-66
-3.24119e-67
2.25399e-66
3.47835e-66
9.73806e-67
-4.28085e-66
-7.26156e-66
-2.878e-66
7.7271e-66
1.50402e-65
8.1105e-66
-1.2894e-65
-3.05988e-65
-2.16514e-65
1.86756e-65
6.03819e-65
5.47208e-65
-1.90161e-65
-1.1362e-64
-1.30803e-64
-6.06577e-66
1.9853e-64
2.94608e-64
1.10548e-64
-3.06059e-64
-6.19978e-64
-4.21552e-64
3.61794e-64
1.19916e-63
1.20195e-63
-1.09422e-64
-2.06184e-63
-2.91449e-63
-1.12546e-63
2.90359e-63
6.17733e-63
4.81344e-63
-2.40203e-63
-1.12833e-62
-1.35739e-62
-3.15475e-63
1.65433e-62
3.07353e-62
2.18933e-62
-1.42184e-62
-5.69695e-62
-6.75278e-62
-1.70207e-62
7.9664e-62
1.54111e-61
1.2095e-61
-4.92997e-62
-2.70912e-61
-3.60581e-61
-1.56888e-61
3.15271e-61
7.64119e-61
7.54262e-61
3.05502e-62
-1.14549e-60
-1.94654e-60
-1.41821e-60
7.24737e-61
3.46443e-60
4.66257e-60
2.34326e-60
-3.45598e-60
-9.58058e-60
-1.07774e-59
-3.11385e-60
1.18421e-59
2.52613e-59
2.45539e-59
2.05146e-60
-3.56294e-59
-6.5066e-59
-5.62612e-59
5.83919e-60
1.00157e-58
1.6633e-58
1.32263e-58
-3.30489e-59
-2.70325e-58
-4.26385e-58
-3.24616e-58
1.05418e-58
7.09556e-58
1.10233e-57
8.40408e-58
-2.58517e-58
-1.81902e-57
-2.87766e-57
-2.29411e-57
4.62446e-58
4.54289e-57
7.56274e-57
6.53251e-57
-2.09052e-58
-1.09427e-56
-1.98715e-56
-1.90821e-56
-3.23888e-57
2.48865e-56
5.16481e-56
5.61558e-56
2.13709e-56
-5.10595e-56
-1.30795e-55
-1.63659e-55
-9.65866e-56
8.33955e-56
3.1562e-55
4.64639e-55
3.714e-55
-4.82727e-56
-6.98716e-55
-1.26214e-54
-1.28554e-54
-4.13721e-55
1.30445e-54
3.20207e-54
4.07323e-54
2.66718e-54
-1.48682e-54
-7.2787e-54
-1.17905e-53
-1.11404e-53
-2.48489e-54
1.34394e-53
3.05779e-53
3.8248e-53
2.52823e-53
-1.2953e-53
-6.74439e-53
-1.12827e-52
-1.13533e-52
-4.02834e-53
1.07162e-52
2.81523e-52
3.88036e-52
3.14416e-52
-9.44172e-54
-5.4064e-52
-1.07822e-51
-1.28762e-51
-8.22836e-52
4.67215e-52
2.32104e-51
3.96021e-51
4.232e-51
2.06857e-51
-2.8128e-51
-9.23308e-51
-1.43141e-50
-1.40974e-50
-5.19753e-51
1.28217e-50
3.52737e-50
5.17658e-50
4.85561e-50
1.43669e-50
-5.14658e-50
-1.31659e-49
-1.89152e-49
-1.75339e-49
-5.01918e-50
1.89363e-49
4.8333e-49
7.00779e-49
6.66345e-49
2.28739e-49
-6.39136e-49
-1.74268e-48
-2.62544e-48
-2.64544e-48
-1.2026e-48
1.90634e-48
6.11206e-48
9.86272e-48
1.07999e-47
6.48054e-48
-4.37579e-48
-2.04235e-47
-3.66317e-47
-4.44467e-47
-3.39004e-47
2.13633e-48
6.23157e-47
1.31755e-46
1.80518e-46
1.68762e-46
6.03932e-47
-1.55965e-46
-4.44287e-46
-7.06931e-46
-7.916e-46
-5.30264e-46
1.87672e-46
1.3208e-45
2.59148e-45
3.45999e-45
3.2088e-45
1.17097e-45
-2.90952e-45
-8.46856e-45
-1.38253e-44
-1.62157e-44
-1.23645e-44
3.05811e-46
2.19618e-44
4.8596e-44
7.09982e-44
7.54421e-44
4.69443e-44
-2.46329e-44
-1.36468e-43
-2.64965e-43
-3.61987e-43
-3.59617e-43
-1.87222e-43
1.98343e-43
7.73725e-43
1.41248e-42
1.86876e-42
1.80248e-42
8.63924e-43
-1.15794e-42
-4.14325e-42
-7.45792e-42
-9.86426e-42
-9.62962e-42
-4.92551e-42
5.44929e-42
2.11004e-41
3.90607e-41
5.32094e-41
5.46083e-41
3.3263e-41
-1.84161e-41
-1.00683e-40
-2.01043e-40
-2.90241e-40
-3.22263e-40
-2.41232e-40
2.72771e-42
4.28656e-40
9.94519e-40
1.56982e-39
1.924e-39
1.7464e-39
7.12695e-40
-1.39525e-39
-4.52463e-39
-8.17399e-39
-1.12622e-38
-1.21282e-38
-8.75639e-39
6.9785e-40
1.70641e-38
3.90867e-38
6.23697e-38
7.8743e-38
7.65959e-38
4.27506e-38
-3.37002e-38
-1.55588e-37
-3.10604e-37
-4.64651e-37
-5.58343e-37
-5.10225e-37
-2.30448e-37
3.52406e-37
1.25135e-36
2.37255e-36
3.46949e-36
4.11779e-36
3.73494e-36
1.67072e-36
-2.61109e-36
-9.25603e-36
-1.76732e-35
-2.6189e-35
-3.18189e-35
-3.03227e-35
-1.67343e-35
1.34639e-35
6.24393e-35
1.27483e-34
1.98239e-34
2.54437e-34
2.65242e-34
1.91664e-34
-6.52446e-36
-3.58228e-34
-8.62745e-34
-1.46741e-33
-2.04535e-33
-2.3806e-33
-2.17079e-33
-1.05992e-33
1.28697e-33
5.0591e-33
1.0127e-32
1.58394e-32
2.083e-32
2.29024e-32
1.90875e-32
5.98432e-33
-1.9504e-32
-5.89662e-32
-1.10823e-31
-1.68367e-31
-2.17864e-31
-2.37332e-31
-1.96874e-31
-6.16485e-32
2.01402e-31
6.1218e-31
1.16122e-30
1.78968e-30
2.36835e-30
2.68122e-30
2.42148e-30
1.21089e-30
-1.34543e-30
-5.55681e-30
-1.14905e-29
-1.87626e-29
-2.62947e-29
-3.2078e-29
-3.30148e-29
-2.49417e-29
-2.96708e-30
3.77277e-29
1.00483e-28
1.85066e-28
2.84918e-28
3.83972e-28
4.53558e-28
4.50279e-28
3.1617e-28
-1.71277e-29
-6.18175e-28
-1.5375e-27
-2.7798e-27
-4.26633e-27
-5.78945e-27
-6.96491e-27
-7.19204e-27
-5.63825e-27
-1.27048e-27
7.03759e-27
2.02903e-26
3.90155e-26
6.27497e-26
8.93632e-26
1.14265e-25
1.29587e-25
1.23525e-25
8.01207e-26
-2.0118e-26
-1.98251e-25
-4.73005e-25
-8.54324e-25
-1.3339e-24
-1.87251e-24
-2.38452e-24
-2.72103e-24
-2.65431e-24
-1.86814e-24
3.89934e-26
3.5287e-24
9.06344e-24
1.69998e-23
2.74207e-23
3.9894e-23
5.31553e-23
6.472e-23
7.04569e-23
6.41829e-23
3.73821e-23
-2.07891e-23
-1.22989e-22
-2.82372e-22
-5.101e-22
-8.11287e-22
-1.17895e-21
-1.58565e-21
-1.97273e-21
-2.23734e-21
-2.2183e-21
-1.68247e-21
-3.15133e-22
2.28085e-21
6.56971e-21
1.30414e-20
2.21316e-20
3.40879e-20
4.87645e-20
6.53292e-20
8.18673e-20
9.48764e-20
9.86603e-20
8.46556e-20
4.07631e-20
-4.91863e-20
-2.05626e-19
-4.52796e-19
-8.17198e-19
-1.32437e-18
-1.99319e-18
-2.8268e-18
-3.79899e-18
-4.83484e-18
-5.78439e-18
-6.38847e-18
-6.23576e-18
-4.71331e-18
-9.48562e-19
6.24023e-18
1.84058e-17
3.74543e-17
6.57131e-17
1.05592e-16
1.59877e-16
2.30048e-16
3.18339e-16
4.20484e-16
5.36989e-16
6.4442e-16
7.4256e-16
7.60642e-16
6.88805e-16
4.18983e-16
-2.91354e-16
-9.53037e-16
-4.02309e-15
-3.4424e-15
-1.58804e-14
)
;

boundaryField
{
    sides
    {
        type            zeroGradient;
    }
    empty
    {
        type            empty;
    }
}


// ************************************************************************* //
