/*--------------------------------*- C++ -*----------------------------------*\
  =========                 |
  \\      /  F ield         | OpenFOAM: The Open Source CFD Toolbox
   \\    /   O peration     | Website:  https://openfoam.org
    \\  /    A nd           | Version:  7
     \\/     M anipulation  |
\*---------------------------------------------------------------------------*/
FoamFile
{
    version     2.0;
    format      ascii;
    class       volScalarField;
    location    "1.03";
    object      T;
}
// * * * * * * * * * * * * * * * * * * * * * * * * * * * * * * * * * * * * * //

dimensions      [0 0 0 1 0 0 0];

internalField   nonuniform List<scalar> 
1000
(
0
0
0
0
0
0
0
0
0
0
0
0
0
0
0
0
0
0
0
0
0
0
0
0
0
0
0
0
0
0
0
0
0
0
0
0
0
0
0
0
0
0
0
0
0
0
0
0
0
0
0
0
0
0
0
0
0
0
0
0
0
0
0
0
0
0
0
0
0
0
0
0
0
0
0
0
0
0
0
0
0
0
0
0
0
0
0
0
0
0
0
0
0
0
0
0
0
0
0
0
0
0
0
0
0
0
0
0
0
0
0
0
0
0
0
0
0
0
0
0
0
0
0
0
0
0
0
0
0
0
0
0
0
0
0
0
0
0
0
0
0
0
0
0
0
0
0
0
0
0
0
0
0
0
0
0
0
0
0
0
0
0
0
0
0
0
0
0
0
0
0
0
0
0
0
0
0
0
0
0
0
0
0
0
0
0
0
0
0
0
0
0
0
0
0
0
0
0
0
0
0
0
0
0
0
0
0
0
0
0
0
0
0
0
0
0
0
0
0
0
0
0
0
0
0
0
0
0
0
0
0
0
0
0
0
0
0
0
0
0
0
0
0
0
0
0
0
0
0
0
0
0
0
0
0
0
0
0
0
0
0
0
0
0
0
0
0
0
0
0
0
0
0
0
0
0
0
0
0
0
0
0
0
0
0
0
0
0
0
0
0
0
0
0
0
0
0
0
0
0
0
0
0
0
0
0
0
0
0
0
0
0
0
0
0
0
0
0
0
0
0
0
0
0
0
0
0
0
0
0
0
0
0
0
0
0
0
0
0
0
0
0
0
0
0
0
0
0
0
0
0
0
0
0
0
8.89318e-323
4.67243e-319
2.24138e-315
1.06918e-311
5.07135e-308
2.39164e-304
1.12131e-300
5.22598e-297
2.42094e-293
1.11463e-289
5.09985e-286
2.31858e-282
1.04731e-278
4.6997e-275
2.09485e-271
9.27416e-268
4.07738e-264
1.77999e-260
7.71484e-257
3.31934e-253
1.41753e-249
6.00771e-246
2.52648e-242
1.05411e-238
4.36274e-235
1.79085e-231
7.28981e-228
2.9421e-224
1.17708e-220
4.66746e-217
1.83402e-213
7.13983e-210
2.75326e-206
1.05146e-202
3.97583e-199
1.48819e-195
5.51293e-192
2.02068e-188
7.32644e-185
2.62699e-181
9.31276e-178
3.26309e-174
1.12976e-170
3.86385e-167
1.30494e-163
4.35069e-160
1.43144e-156
4.64602e-153
1.48703e-149
4.69159e-146
1.4585e-142
4.4657e-139
1.3461e-135
3.99271e-132
1.16478e-128
3.34027e-125
9.41115e-122
2.60362e-118
7.06843e-115
1.88192e-111
4.91036e-108
1.25473e-104
3.13749e-101
7.67102e-98
1.83227e-94
4.2716e-91
9.71024e-88
2.15005e-84
4.63186e-81
9.69666e-78
1.97006e-74
3.8789e-71
7.38999e-68
1.36006e-64
2.41353e-61
4.12158e-58
6.75821e-55
1.06145e-51
1.59254e-48
2.27559e-45
3.08628e-42
3.95772e-39
4.77775e-36
5.40233e-33
5.68817e-30
5.5387e-27
4.94672e-24
4.01211e-21
2.9189e-18
1.87525e-15
1.04227e-12
4.87306e-10
1.84021e-07
5.2633e-05
0.0101412
0.989859
0.999947
1
1
1
1
1
1
1
1
1
1
1
1
1
1
1
1
1
1
1
1
1
1
1
1
1
1
1
1
1
1
1
1
1
1
1
1
1
1
1
1
1
1
1
1
1
1
1
1
1
1
1
1
1
1
1
1
1
1
1
1
1
1
1
1
1
1
1
1
1
1
1
1
1
1
1
1
1
1
1
1
1
1
1
1
1
1
1
1
1
1
1
1
1
1
1
1
0.999947
0.989859
0.0101412
5.2633e-05
1.84021e-07
4.87306e-10
1.04227e-12
1.87525e-15
2.9189e-18
4.01211e-21
4.94672e-24
5.5387e-27
5.68817e-30
5.40233e-33
4.77775e-36
3.95772e-39
3.08628e-42
2.27559e-45
1.59254e-48
1.06145e-51
6.75821e-55
4.12158e-58
2.41353e-61
1.36006e-64
7.38999e-68
3.8789e-71
1.97006e-74
9.69666e-78
4.63186e-81
2.15005e-84
9.71024e-88
4.2716e-91
1.83227e-94
7.67102e-98
3.13749e-101
1.25473e-104
4.91036e-108
1.88192e-111
7.06843e-115
2.60362e-118
9.41115e-122
3.34027e-125
1.16478e-128
3.99271e-132
1.3461e-135
4.4657e-139
1.4585e-142
4.69159e-146
1.48703e-149
4.64602e-153
1.43144e-156
4.35069e-160
1.30494e-163
3.86385e-167
1.12976e-170
3.26309e-174
9.31276e-178
2.62699e-181
7.32644e-185
2.02068e-188
5.51293e-192
1.48819e-195
3.97583e-199
1.05146e-202
2.75326e-206
7.13983e-210
1.83402e-213
4.66746e-217
1.17708e-220
2.9421e-224
7.28981e-228
1.79085e-231
4.36274e-235
1.05411e-238
2.52648e-242
6.00771e-246
1.41753e-249
3.31934e-253
7.71484e-257
1.77999e-260
4.07738e-264
9.27416e-268
2.09485e-271
4.6997e-275
1.04731e-278
2.31858e-282
5.09985e-286
1.11463e-289
2.42094e-293
5.22598e-297
1.12131e-300
2.39164e-304
5.07135e-308
1.06918e-311
2.24138e-315
4.67243e-319
8.89318e-323
0
0
0
0
0
0
0
0
0
0
0
0
0
0
0
0
0
0
0
0
0
0
0
0
0
0
0
0
0
0
0
0
0
0
0
0
0
0
0
0
0
0
0
0
0
0
0
0
0
0
0
0
0
0
0
0
0
0
0
0
0
0
0
0
0
0
0
0
0
0
0
0
0
0
0
0
0
0
0
0
0
0
0
0
0
0
0
0
0
0
0
0
0
0
0
0
0
0
0
0
0
0
0
0
0
0
0
0
0
0
0
0
0
0
0
0
0
0
0
0
0
0
0
0
0
0
0
0
0
0
0
0
0
0
0
0
0
0
0
0
0
0
0
0
0
0
0
0
0
0
0
0
0
0
0
0
0
0
0
0
0
0
0
0
0
0
0
0
0
0
0
0
0
0
0
0
0
0
0
0
0
0
0
0
0
0
0
0
0
0
0
0
0
0
0
0
0
0
0
0
0
0
0
0
0
0
0
0
0
0
0
0
0
0
0
0
0
0
0
0
0
0
0
0
0
0
0
0
0
0
0
0
0
0
0
0
0
0
0
0
0
0
0
0
0
0
0
0
0
0
0
0
0
0
0
0
0
0
0
0
0
0
0
0
0
0
0
0
0
0
0
0
0
0
0
0
0
0
0
0
0
0
0
0
0
0
0
0
0
0
0
0
0
0
0
0
0
0
0
0
0
0
0
0
0
0
0
0
0
0
0
0
0
0
0
0
0
0
0
0
0
0
0
0
0
0
0
0
0
0
0
0
0
0
0
0
0
0
0
0
0
0
0
0
0
0
0
0
0
0
0
0
0
0
0
)
;

boundaryField
{
    sides
    {
        type            zeroGradient;
    }
    empty
    {
        type            empty;
    }
}


// ************************************************************************* //
