/*--------------------------------*- C++ -*----------------------------------*\
  =========                 |
  \\      /  F ield         | OpenFOAM: The Open Source CFD Toolbox
   \\    /   O peration     | Website:  https://openfoam.org
    \\  /    A nd           | Version:  7
     \\/     M anipulation  |
\*---------------------------------------------------------------------------*/
FoamFile
{
    version     2.0;
    format      ascii;
    class       volScalarField;
    location    "1.92";
    object      T;
}
// * * * * * * * * * * * * * * * * * * * * * * * * * * * * * * * * * * * * * //

dimensions      [0 0 0 1 0 0 0];

internalField   nonuniform List<scalar> 
1000
(
1.4188e-185
1.63854e-185
2.4546e-185
4.85705e-185
1.15084e-184
2.9571e-184
7.83022e-184
2.0946e-183
5.62102e-183
1.50971e-182
4.05502e-182
1.08893e-181
2.92333e-181
7.84534e-181
2.10474e-180
5.64463e-180
1.51329e-179
4.05562e-179
1.08653e-178
2.90986e-178
7.79025e-178
2.08486e-177
5.57764e-177
1.49166e-176
3.9878e-176
1.06572e-175
2.84706e-175
7.60316e-175
2.02972e-174
5.41652e-174
1.44493e-173
3.85316e-173
1.02714e-172
2.73703e-172
7.29075e-172
1.94135e-171
5.16746e-171
1.37495e-170
3.65711e-170
9.72357e-170
2.58435e-169
6.86615e-169
1.82353e-168
4.84113e-168
1.28474e-167
3.40817e-167
9.03775e-167
2.39571e-166
6.34804e-166
1.68143e-165
4.45194e-165
1.17829e-164
3.11735e-164
8.24422e-164
2.17943e-163
5.75926e-163
1.52131e-162
4.01698e-162
1.06025e-161
2.79732e-161
7.37741e-161
1.94487e-160
5.12512e-160
1.35002e-159
3.5547e-159
9.35596e-159
2.46148e-158
6.47332e-158
1.70169e-157
4.47149e-157
1.17448e-156
3.08362e-156
8.09271e-156
2.12298e-155
5.56693e-155
1.45916e-154
3.82303e-154
1.00122e-153
2.62099e-153
6.85829e-153
1.79383e-152
4.68986e-152
1.22561e-151
3.20152e-151
8.35935e-151
2.18172e-150
5.69164e-150
1.48417e-149
3.86848e-149
1.00787e-148
2.62469e-148
6.83214e-148
1.77763e-147
4.6231e-147
1.20179e-146
3.1227e-146
8.11024e-146
2.10543e-145
5.46323e-145
1.41697e-144
3.67342e-144
9.5188e-144
2.46543e-143
6.38265e-143
1.65161e-142
4.27181e-142
1.10436e-141
2.85369e-141
7.37052e-141
1.90275e-140
4.90976e-140
1.26628e-139
3.26433e-139
8.41099e-139
2.16616e-138
5.57601e-138
1.43465e-137
3.6894e-137
9.48314e-137
2.43633e-136
6.25611e-136
1.60568e-135
4.11903e-135
1.05613e-134
2.70656e-134
6.9327e-134
1.77487e-133
4.54164e-133
1.16154e-132
2.96919e-132
7.58607e-132
1.93719e-131
4.94428e-131
1.26127e-130
3.21579e-130
8.19485e-130
2.08721e-129
5.31326e-129
1.35185e-128
3.43766e-128
8.73708e-128
2.21941e-127
5.63477e-127
1.42982e-126
3.62618e-126
9.1914e-126
2.32851e-125
5.89569e-125
1.49195e-124
3.7734e-124
9.5383e-124
2.40972e-123
6.08445e-123
1.53543e-122
3.87254e-122
9.76149e-122
2.45917e-121
6.19176e-121
1.55808e-120
3.91848e-120
9.84904e-120
2.47411e-119
6.21141e-119
1.5585e-118
3.90815e-118
9.79441e-118
2.45317e-117
6.14074e-117
1.53622e-116
3.84085e-116
9.59707e-116
2.39656e-115
5.98101e-115
1.49175e-114
3.71836e-114
9.26277e-114
2.30602e-113
5.73739e-113
1.42658e-112
3.54493e-112
8.80331e-112
2.18479e-111
5.41877e-111
1.34312e-110
3.32699e-110
8.23588e-110
2.03746e-109
5.03718e-109
1.24452e-108
3.07282e-108
7.58202e-108
1.8696e-107
4.60706e-107
1.13452e-106
2.79197e-106
6.86623e-106
1.68746e-105
4.14435e-105
1.01715e-104
2.49469e-104
6.11437e-104
1.49757e-103
3.66542e-103
8.96519e-103
2.19125e-102
5.35206e-102
1.3063e-101
3.18611e-101
7.7655e-101
1.89133e-100
4.60317e-100
1.11952e-99
2.72079e-99
6.60757e-99
1.60351e-98
3.88852e-98
9.42274e-98
2.28165e-97
5.52075e-97
1.33482e-96
3.22495e-96
7.78566e-96
1.87819e-95
4.52745e-95
1.09052e-94
2.62473e-94
6.31245e-94
1.51697e-93
3.64263e-93
8.74008e-93
2.09543e-92
5.01984e-92
1.2016e-91
2.874e-91
6.86853e-91
1.64018e-90
3.91352e-90
9.33021e-90
2.22259e-89
5.29021e-89
1.25813e-88
2.98966e-88
7.0983e-88
1.68393e-87
3.99142e-87
9.4529e-87
2.23683e-86
5.28848e-86
1.24927e-85
2.94854e-85
6.95314e-85
1.63824e-84
3.8565e-84
9.07042e-84
2.13146e-83
5.00428e-83
1.17387e-82
2.75109e-82
6.4417e-82
1.50696e-81
3.52214e-81
8.22459e-81
1.91877e-80
4.47227e-80
1.04143e-79
2.42284e-79
5.63134e-79
1.30764e-78
3.03356e-78
7.03076e-78
1.62793e-77
3.76573e-77
8.70244e-77
2.00914e-76
4.63397e-76
1.06775e-75
2.45783e-75
5.65203e-75
1.29844e-74
2.9799e-74
6.83191e-74
1.56473e-73
3.58009e-73
8.18279e-73
1.86835e-72
4.26153e-72
9.70996e-72
2.2101e-71
5.02515e-71
1.14136e-70
2.58961e-70
5.86919e-70
1.32878e-69
3.00507e-69
6.78864e-69
1.53191e-68
3.45306e-68
7.77486e-68
1.74862e-67
3.92835e-67
8.81524e-67
1.9759e-66
4.42384e-66
9.89314e-66
2.20987e-65
4.93055e-65
1.09879e-64
2.44583e-64
5.43778e-64
1.20754e-63
2.67831e-63
5.93333e-63
1.31284e-62
2.90131e-62
6.40391e-62
1.41176e-61
3.10843e-61
6.83562e-61
1.50131e-60
3.29319e-60
7.2146e-60
1.57853e-59
3.44935e-59
7.52767e-59
1.64067e-58
3.57118e-58
7.76308e-58
1.68532e-57
3.65385e-57
7.91116e-57
1.71058e-56
3.69369e-56
7.965e-56
1.7152e-55
3.68847e-55
7.9209e-55
1.69862e-54
3.63756e-54
7.77873e-54
1.66108e-53
3.54202e-53
7.54201e-53
1.60359e-52
3.40462e-52
7.21782e-52
1.52793e-51
3.22966e-51
6.81649e-51
1.43652e-50
3.02279e-50
6.35101e-50
1.33233e-49
2.7907e-49
5.83635e-49
1.21869e-48
2.54074e-48
5.28863e-48
1.0991e-47
2.28052e-47
4.72424e-47
9.77073e-47
2.0175e-46
4.159e-46
8.55946e-46
1.75866e-45
3.60739e-45
7.38707e-45
1.51014e-44
3.08191e-44
6.27882e-44
1.27699e-43
2.59264e-43
5.25457e-43
1.06309e-42
2.14699e-42
4.32831e-42
8.71019e-42
1.74966e-41
3.50823e-41
7.02151e-41
1.40273e-40
2.79712e-40
5.56723e-40
1.10599e-39
2.19304e-39
4.34025e-39
8.57338e-39
1.69026e-38
3.32593e-38
6.53171e-38
1.28023e-37
2.50432e-37
4.88912e-37
9.52579e-37
1.85224e-36
3.5943e-36
6.96056e-36
1.34519e-35
2.59433e-35
4.99304e-35
9.58948e-35
1.83786e-34
3.51485e-34
6.70775e-34
1.27736e-33
2.42725e-33
4.60226e-33
8.70718e-33
1.64372e-32
3.09611e-32
5.81886e-32
1.09115e-31
2.04151e-31
3.81095e-31
7.09778e-31
1.3189e-30
2.44512e-30
4.52247e-30
8.34516e-30
1.53628e-29
2.82148e-29
5.1695e-29
9.44884e-29
1.7229e-28
3.13392e-28
5.68663e-28
1.02933e-27
1.85859e-27
3.34759e-27
6.01444e-27
1.07787e-26
1.92681e-26
3.43564e-26
6.11035e-26
1.08395e-25
1.9179e-25
3.38466e-25
5.95756e-25
1.04588e-24
1.83124e-24
3.19782e-24
5.56934e-24
9.67357e-24
1.67571e-23
2.89488e-23
4.98745e-23
8.56911e-23
1.46824e-22
2.50874e-22
4.27469e-22
7.26342e-22
1.23071e-21
2.07945e-21
3.50354e-21
5.88611e-21
9.8607e-21
1.64717e-20
2.74357e-20
4.55654e-20
7.54552e-20
1.24587e-19
2.05108e-19
3.36677e-19
5.51008e-19
8.9911e-19
1.46276e-18
2.37264e-18
3.83697e-18
6.18636e-18
9.94418e-18
1.59362e-17
2.54611e-17
4.0555e-17
6.43993e-17
1.01949e-16
1.60896e-16
2.53144e-16
3.97048e-16
6.20825e-16
9.67703e-16
1.50369e-15
2.32925e-15
3.59676e-15
5.53658e-15
8.49579e-15
1.29956e-14
1.98159e-14
3.012e-14
4.56373e-14
6.89294e-14
1.03779e-13
1.55749e-13
2.33002e-13
3.47462e-13
5.16494e-13
7.65305e-13
1.13035e-12
1.66418e-12
2.44228e-12
3.5727e-12
5.20962e-12
7.57218e-12
1.09709e-11
1.58442e-11
2.28089e-11
3.27299e-11
4.68158e-11
6.67495e-11
9.48663e-11
1.34396e-10
1.89788e-10
2.67156e-10
3.74865e-10
5.24323e-10
7.31036e-10
1.01601e-09
1.40759e-09
1.94391e-09
2.6761e-09
3.67244e-09
5.02385e-09
6.85094e-09
9.31322e-09
1.26208e-08
1.70496e-08
2.29609e-08
3.08254e-08
4.12553e-08
5.50436e-08
7.32136e-08
9.70822e-08
1.28338e-07
1.69137e-07
2.22228e-07
2.91096e-07
3.80154e-07
4.9496e-07
6.425e-07
8.31523e-07
1.07295e-06
1.38035e-06
1.77057e-06
2.26441e-06
2.88748e-06
3.67123e-06
4.65413e-06
5.88308e-06
7.41509e-06
9.31919e-06
1.16788e-05
1.45941e-05
1.81856e-05
2.2597e-05
2.79997e-05
3.45975e-05
4.26312e-05
5.23854e-05
6.41944e-05
7.84507e-05
9.56124e-05
0.000116214
0.000140874
0.000170311
0.000205352
0.000246948
0.00029619
0.000354325
0.00042277
0.000503135
0.000597244
0.000707149
0.00083516
0.000983865
0.00115615
0.00135524
0.00158469
0.00184845
0.00215087
0.00249673
0.00289125
0.00334013
0.00384958
0.00442632
0.00507761
0.00581125
0.00663562
0.00755967
0.00859292
0.00974547
0.011028
0.0124518
0.0140285
0.0157706
0.0176907
0.0198022
0.0221188
0.0246544
0.0274233
0.0304402
0.0337198
0.0372769
0.0411263
0.0452828
0.0497609
0.0545748
0.0597384
0.065265
0.0711674
0.0774575
0.0841465
0.0912446
0.0987609
0.106703
0.115078
0.123892
0.133147
0.142846
0.15299
0.163578
0.174606
0.186071
0.197966
0.210282
0.22301
0.236138
0.249652
0.263536
0.277775
0.292348
0.307235
0.322416
0.337866
0.353561
0.369476
0.385585
0.401859
0.418271
0.434793
0.451395
0.468049
0.484724
0.501392
0.518023
0.534589
0.551062
0.567414
0.583618
0.599649
0.615481
0.631091
0.646456
0.661555
0.676369
0.690878
0.705066
0.718917
0.732417
0.745554
0.758316
0.770695
0.782682
0.794271
0.805456
0.816235
0.826603
0.836561
0.846108
0.855245
0.863974
0.872297
0.880219
0.887742
0.894873
0.901617
0.907978
0.913962
0.919577
0.924827
0.929718
0.934257
0.938448
0.942298
0.94581
0.948989
0.951838
0.954362
0.956561
0.958438
0.959993
0.961227
0.962138
0.962726
0.962988
0.96292
0.962519
0.961779
0.960696
0.959263
0.957473
0.95532
0.952794
0.949889
0.946596
0.942906
0.938811
0.934302
0.92937
0.924009
0.91821
0.911966
0.905271
0.898119
0.890506
0.882428
0.873882
0.864868
0.855386
0.845436
0.835023
0.824151
0.812827
0.801057
0.788853
0.776225
0.763186
0.749751
0.735937
0.721761
0.707244
0.692405
0.677269
0.661857
0.646196
0.630311
0.614229
0.597978
0.581586
0.565082
0.548495
0.531856
0.515192
0.498535
0.481913
0.465354
0.448888
0.432541
0.416341
0.400314
0.384484
0.368875
0.35351
0.33841
0.323594
0.309081
0.294889
0.281031
0.267523
0.254375
0.241599
0.229204
0.217197
0.205585
0.19437
0.183557
0.173148
0.163141
0.153536
0.144331
0.135522
0.127105
0.119073
0.111422
0.104142
0.0972268
0.0906667
0.0844526
0.0785745
0.0730222
0.0677849
0.0628518
0.0582115
0.0538526
0.0497638
0.0459336
0.0423504
0.0390028
0.0358795
0.0329695
0.0302616
0.0277452
0.0254098
0.0232453
0.0212416
0.0193893
0.017679
0.016102
0.0146496
0.0133138
0.0120866
0.0109607
0.00992891
0.00898462
0.00812143
0.00733333
0.00661467
0.00596012
0.00536467
0.00482362
0.0043326
0.00388749
0.00348448
0.00312002
0.00279078
0.00249372
0.002226
0.00198499
0.00176827
0.00157361
0.00139897
0.00124247
0.00110236
0.000977078
0.000865173
0.000765326
0.000676335
0.000597104
0.00052664
0.000464038
0.000408482
0.000359229
0.000315611
0.000277024
0.000242922
0.000212816
0.000186264
0.000162872
0.000142283
0.000124181
0.000108281
9.43297e-05
8.20998e-05
7.13899e-05
6.20203e-05
5.38313e-05
4.66811e-05
4.04441e-05
3.50088e-05
3.02769e-05
2.61612e-05
2.25848e-05
1.94801e-05
1.67874e-05
1.44543e-05
1.24345e-05
1.06876e-05
9.17823e-06
7.8752e-06
6.75136e-06
5.78295e-06
4.94923e-06
4.23212e-06
3.61585e-06
3.08673e-06
2.63283e-06
2.2438e-06
1.91067e-06
1.62565e-06
1.38201e-06
1.17393e-06
9.96357e-07
8.4496e-07
7.15988e-07
6.06214e-07
5.12858e-07
4.33532e-07
3.66184e-07
3.09054e-07
2.60631e-07
2.19622e-07
1.84921e-07
1.55582e-07
1.30796e-07
1.09874e-07
9.22277e-08
7.73561e-08
6.48331e-08
5.42962e-08
4.54374e-08
3.79953e-08
3.17483e-08
2.65086e-08
2.21173e-08
1.84397e-08
1.53623e-08
1.2789e-08
1.0639e-08
8.84405e-09
7.34658e-09
6.09825e-09
5.05839e-09
4.19285e-09
3.47293e-09
2.87458e-09
2.37763e-09
1.96521e-09
1.62319e-09
1.33976e-09
1.10505e-09
9.10822e-10
7.50217e-10
6.17507e-10
5.07925e-10
4.17504e-10
3.42947e-10
2.81514e-10
2.3093e-10
1.89308e-10
1.55084e-10
1.26963e-10
1.03872e-10
8.49248e-11
6.93879e-11
5.66564e-11
4.62308e-11
3.76991e-11
3.0722e-11
2.50201e-11
2.03634e-11
1.65627e-11
1.34629e-11
1.09363e-11
8.87821e-12
7.20292e-12
5.84009e-12
4.73216e-12
3.83204e-12
3.1012e-12
2.50821e-12
2.02735e-12
1.63768e-12
1.3221e-12
1.06669e-12
8.60094e-13
6.93096e-13
5.58187e-13
4.49269e-13
3.61389e-13
2.90526e-13
2.33421e-13
1.87429e-13
1.50411e-13
1.20634e-13
9.66958e-14
7.74627e-14
6.20193e-14
4.96263e-14
3.96869e-14
3.17201e-14
2.53382e-14
2.02288e-14
1.61406e-14
1.28713e-14
1.02585e-14
8.17154e-15
6.50552e-15
5.17629e-15
4.11639e-15
3.27171e-15
2.59893e-15
2.06338e-15
1.63729e-15
1.29849e-15
1.02924e-15
8.15381e-16
6.45612e-16
5.10918e-16
4.04111e-16
3.19462e-16
2.52411e-16
1.99328e-16
1.57327e-16
1.24111e-16
9.78565e-17
7.71161e-17
6.07402e-17
4.78172e-17
3.76243e-17
2.95891e-17
2.32581e-17
1.82724e-17
1.43482e-17
1.12611e-17
8.83387e-18
6.92644e-18
5.42852e-18
4.25349e-18
3.33424e-18
2.62138e-18
2.08622e-18
1.73596e-18
)
;

boundaryField
{
    sides
    {
        type            zeroGradient;
    }
    empty
    {
        type            empty;
    }
}


// ************************************************************************* //
