/*--------------------------------*- C++ -*----------------------------------*\
  =========                 |
  \\      /  F ield         | OpenFOAM: The Open Source CFD Toolbox
   \\    /   O peration     | Website:  https://openfoam.org
    \\  /    A nd           | Version:  7
     \\/     M anipulation  |
\*---------------------------------------------------------------------------*/
FoamFile
{
    version     2.0;
    format      ascii;
    class       volScalarField;
    location    "2.8";
    object      T;
}
// * * * * * * * * * * * * * * * * * * * * * * * * * * * * * * * * * * * * * //

dimensions      [0 0 0 1 0 0 0];

internalField   nonuniform List<scalar> 
1000
(
0
0
0
0
0
0
0
0
0
0
0
0
0
0
0
0
0
0
0
0
0
0
0
0
0
0
0
0
0
0
0
0
0
0
0
0
0
0
0
0
0
0
0
0
0
0
0
0
0
0
0
0
0
0
0
0
0
0
0
0
0
0
0
0
0
0
0
0
0
0
0
0
0
0
0
0
0
0
0
0
0
0
0
0
0
0
0
0
0
0
0
0
0
0
0
0
0
0
0
0
0
0
0
0
0
0
0
0
0
0
0
0
0
0
0
0
0
0
0
0
0
0
0
0
0
0
0
0
0
0
0
0
0
0
0
0
0
0
0
0
0
0
0
0
0
0
0
0
0
0
0
0
0
0
0
0
0
0
0
0
0
0
0
0
0
0
0
0
0
0
1.36397e-253
-1.71723e-250
1.07589e-247
-4.47246e-245
1.38773e-242
-3.42813e-240
7.02297e-238
-1.2272e-235
1.86717e-233
-2.51277e-231
3.02831e-229
-3.30126e-227
3.2823e-225
-2.99717e-223
2.52835e-221
-1.98046e-219
1.44683e-217
-9.89628e-216
6.35948e-214
-3.85117e-212
2.20381e-210
-1.19463e-208
6.14816e-207
-3.01014e-205
1.40463e-203
-6.25761e-202
2.66566e-200
-1.08736e-198
4.25298e-197
-1.59698e-195
5.76353e-194
-2.00135e-192
6.69326e-191
-2.15791e-189
6.71257e-188
-2.01632e-186
5.85296e-185
-1.64306e-183
4.46359e-182
-1.17422e-180
2.993e-179
-7.39615e-178
1.77288e-176
-4.1243e-175
9.3159e-174
-2.0441e-172
4.35883e-171
-9.0366e-170
1.82212e-168
-3.57472e-167
6.8258e-166
-1.26898e-164
2.29763e-163
-4.05284e-162
6.96648e-161
-1.16723e-159
1.90677e-158
-3.03768e-157
4.72043e-156
-7.15666e-155
1.0588e-153
-1.52888e-152
2.15507e-151
-2.96585e-150
3.98568e-149
-5.23097e-148
6.70568e-147
-8.39724e-146
1.02733e-144
-1.22801e-143
1.43433e-142
-1.63715e-141
1.82619e-140
-1.99088e-139
2.1213e-138
-2.20919e-137
2.24877e-136
-2.23739e-135
2.17583e-134
-2.06817e-133
1.92137e-132
-1.74456e-131
1.54805e-130
-1.34238e-129
1.13744e-128
-9.41654e-128
7.61585e-127
-6.01658e-126
4.64212e-125
-3.49737e-124
2.5724e-123
-1.84674e-122
1.29371e-121
-8.84108e-121
5.89211e-120
-3.82804e-119
2.42351e-118
-1.49445e-117
8.97132e-117
-5.23987e-116
2.97566e-115
-1.64178e-114
8.79302e-114
-4.56678e-113
2.2973e-112
-1.11776e-111
5.25139e-111
-2.3774e-110
1.03449e-109
-4.31248e-109
1.71493e-108
-6.46753e-108
2.2936e-107
-7.54853e-107
2.25365e-106
-5.82697e-106
1.14817e-105
-7.26266e-106
-7.79801e-105
5.33311e-104
-2.27452e-103
7.48273e-103
-1.88887e-102
2.92146e-102
2.86871e-102
-4.40655e-101
2.04453e-100
-6.37434e-100
1.31097e-99
-5.85841e-100
-9.35201e-99
5.11397e-98
-1.60448e-97
2.96341e-97
5.94025e-98
-2.91429e-96
1.26813e-95
-3.11114e-95
2.68915e-95
1.50618e-94
-8.70942e-94
2.38848e-93
-2.60711e-93
-9.1414e-93
5.80459e-92
-1.55039e-91
1.35759e-91
7.17204e-91
-3.77946e-90
8.41656e-90
-1.41374e-90
-5.97445e-89
2.2264e-88
-3.24955e-88
-5.54095e-88
4.29263e-87
-1.02097e-86
2.07517e-87
6.73496e-86
-2.28846e-85
2.35125e-85
8.94919e-85
-4.35829e-84
6.76033e-84
1.02431e-83
-7.57872e-83
1.45548e-82
1.03724e-82
-1.2563e-81
2.70615e-81
1.06283e-81
-2.04065e-80
4.55472e-80
1.58025e-80
-3.28948e-79
7.03221e-79
3.72219e-79
-5.24601e-78
9.86346e-78
9.61986e-78
-8.13751e-77
1.20942e-76
2.25083e-76
-1.19437e-75
1.16276e-75
4.59655e-75
-1.59645e-74
5.02027e-75
8.14131e-74
-1.82924e-73
-1.17201e-73
1.23487e-72
-1.5626e-72
-4.04516e-72
1.54938e-71
-4.23639e-72
-7.63165e-71
1.46305e-70
1.72182e-70
-1.03748e-69
6.80146e-70
4.36644e-69
-9.87002e-69
-8.23543e-69
6.15856e-68
-4.25519e-68
-2.51359e-67
5.39102e-67
5.53293e-67
-3.32885e-66
1.35103e-66
1.44772e-65
-2.32157e-65
-4.27863e-65
1.56824e-64
3.31101e-65
-7.66134e-64
6.24012e-64
2.90939e-63
-5.6447e-63
-7.94042e-63
3.26435e-62
6.84804e-63
-1.51037e-61
9.46482e-62
5.87004e-61
-8.67716e-61
-1.89121e-60
5.10276e-60
4.51216e-60
-2.47046e-59
-2.97262e-60
1.05357e-58
-5.09594e-59
-4.06242e-58
4.34041e-58
1.42831e-57
-2.48262e-57
-4.55699e-57
1.20316e-56
1.28768e-56
-5.2877e-56
-2.99042e-56
2.17358e-55
4.07501e-56
-8.50734e-55
1.00774e-55
3.20893e-54
-1.21014e-54
-1.17721e-53
7.0561e-54
4.23217e-53
-3.33584e-53
-1.50072e-52
1.41285e-52
5.27794e-52
-5.56269e-52
-1.84922e-51
2.07035e-51
6.47442e-51
-7.33808e-51
-2.26836e-50
2.48044e-50
7.94982e-50
-7.96485e-50
-2.78108e-49
2.40298e-49
9.6763e-49
-6.65026e-49
-3.3324e-48
1.59504e-48
1.12942e-47
-2.74521e-48
-3.74196e-47
-6.88879e-49
1.20247e-46
3.7314e-47
-3.711e-46
-2.3967e-46
1.08502e-45
1.14377e-45
-2.94157e-45
-4.70982e-45
7.09926e-45
1.74855e-44
-1.3758e-44
-5.93612e-44
1.27559e-44
1.84199e-43
5.71541e-44
-5.15454e-43
-4.51875e-43
1.25582e-42
2.04985e-42
-2.41724e-42
-7.40491e-42
2.27034e-42
2.26301e-41
8.54855e-42
-5.82136e-41
-6.44961e-41
1.17221e-40
2.64819e-40
-1.28701e-40
-8.2814e-40
-2.86141e-40
2.03765e-39
2.414e-39
-3.54039e-39
-9.45198e-39
1.47586e-39
2.64965e-38
1.93417e-38
-5.2788e-38
-9.88087e-38
4.71832e-38
3.01909e-37
1.64705e-37
-6.21377e-37
-1.03301e-36
5.64858e-37
3.20563e-36
1.84478e-36
-6.19614e-36
-1.11625e-35
3.65107e-36
3.18308e-35
2.5721e-35
-5.04039e-35
-1.20003e-34
-1.22717e-35
2.798e-34
3.55163e-34
-2.62343e-34
-1.17196e-33
-7.77088e-34
1.87117e-33
4.16197e-33
7.09873e-34
-9.00257e-33
-1.31126e-32
4.43108e-33
3.65936e-32
3.7516e-32
-3.59174e-32
-1.35344e-31
-9.90628e-32
1.78425e-31
4.73681e-31
2.4642e-31
-7.41358e-31
-1.61019e-30
-6.04094e-31
2.79149e-30
5.41625e-30
1.61135e-30
-9.83084e-30
-1.82418e-29
-5.31566e-30
3.27504e-29
6.17686e-29
2.2039e-29
-1.02942e-28
-2.09435e-28
-1.0202e-28
2.99789e-28
7.02918e-28
4.73114e-28
-7.71782e-28
-2.293e-27
-2.08776e-27
1.53031e-27
7.08345e-27
8.57861e-27
-8.12396e-28
-1.98976e-26
-3.23492e-26
-1.30189e-26
4.68388e-26
1.09775e-25
9.2903e-26
-7.00202e-26
-3.22917e-25
-4.2984e-25
-8.87311e-26
7.51742e-25
1.56095e-24
1.27564e-24
-9.43991e-25
-4.44939e-24
-6.32777e-24
-2.52387e-24
8.54531e-24
2.15595e-23
2.32888e-23
-4.41928e-25
-4.96653e-23
-9.56386e-23
-8.30551e-23
3.66686e-23
2.45874e-22
4.11759e-22
3.09323e-22
-2.37157e-22
-1.12212e-21
-1.78079e-21
-1.29437e-21
1.05014e-21
4.84705e-21
7.83832e-21
6.22544e-21
-3.25669e-21
-1.97227e-20
-3.47921e-20
-3.27908e-20
2.28233e-21
7.26784e-20
1.51142e-19
1.75389e-19
6.7258e-20
-2.16023e-19
-6.10279e-19
-8.91707e-19
-7.03443e-19
2.84666e-19
2.08259e-18
4.0543e-18
4.7788e-18
2.37958e-18
-4.48176e-18
-1.50546e-17
-2.49953e-17
-2.60357e-17
-8.16053e-18
3.48714e-17
9.73372e-17
1.53771e-16
1.57214e-16
5.03027e-17
-2.06037e-16
-5.88342e-16
-9.64462e-16
-1.07271e-15
-5.6291e-16
8.67973e-16
3.23902e-15
5.99371e-15
7.77301e-15
6.44476e-15
-3.88784e-16
-1.42446e-14
-3.40123e-14
-5.40005e-14
-6.26308e-14
-4.3072e-14
2.27136e-14
1.45416e-13
3.15445e-13
4.87988e-13
5.71488e-13
4.28265e-13
-1.01764e-13
-1.14394e-12
-2.69349e-12
-4.48963e-12
-5.88655e-12
-5.77471e-12
-2.63251e-12
5.19302e-12
1.88812e-11
3.81553e-11
5.9965e-11
7.70434e-11
7.67735e-11
4.10775e-11
-5.16911e-11
-2.217e-10
-4.78335e-10
-8.05973e-10
-1.14518e-09
-1.37138e-09
-1.27578e-09
-5.5641e-10
1.16833e-09
4.30762e-09
9.18792e-09
1.58639e-08
2.38326e-08
3.16424e-08
3.64078e-08
3.32712e-08
1.49022e-08
-2.88072e-08
-1.10604e-07
-2.44931e-07
-4.45661e-07
-7.21862e-07
-1.07071e-06
-1.46648e-06
-1.84444e-06
-2.07794e-06
-1.94741e-06
-1.09905e-06
1.00834e-06
5.17049e-06
1.25204e-05
2.46287e-05
4.3622e-05
7.23212e-05
0.0001144
0.000174559
0.000258724
0.000374255
0.000530162
0.000737342
0.0010088
0.00135989
0.00180851
0.0023753
0.00308379
0.00396055
0.00503526
0.00634068
0.00791268
0.00979003
0.0120143
0.0146294
0.0176816
0.0212187
0.0252895
0.0299435
0.0352301
0.0411979
0.0478939
0.0553626
0.0636454
0.0727799
0.0827988
0.0937293
0.105593
0.118403
0.132168
0.146886
0.16255
0.179143
0.196639
0.215007
0.234204
0.254183
0.274887
0.296256
0.31822
0.340706
0.363637
0.386931
0.410506
0.434274
0.458151
0.482049
0.505886
0.529577
0.553042
0.576205
0.598994
0.621341
0.643183
0.664464
0.685132
0.705143
0.724459
0.743046
0.76088
0.77794
0.794212
0.809688
0.824366
0.838248
0.85134
0.863654
0.875205
0.88601
0.896092
0.905475
0.914185
0.922248
0.929695
0.936556
0.94286
0.94864
0.953925
0.958748
0.963137
0.967123
0.970735
0.973999
0.976943
0.979593
0.981972
0.984103
0.986009
0.987709
0.989221
0.990564
0.991753
0.992803
0.993726
0.994534
0.995235
0.995839
0.996351
0.996774
0.997113
0.997365
0.997528
0.997598
0.997567
0.997423
0.997154
0.996741
0.996165
0.995402
0.994424
0.993202
0.991701
0.989884
0.987711
0.98514
0.982125
0.978619
0.974575
0.969943
0.964675
0.958723
0.95204
0.944583
0.936309
0.927183
0.91717
0.906245
0.894386
0.88158
0.867818
0.853102
0.83744
0.820849
0.803354
0.784988
0.765792
0.745814
0.72511
0.703742
0.681778
0.659292
0.636362
0.613068
0.589494
0.565725
0.541849
0.51795
0.494114
0.470423
0.446958
0.423794
0.401006
0.378659
0.356817
0.335536
0.314868
0.294857
0.275541
0.256954
0.23912
0.22206
0.205788
0.190311
0.175634
0.161752
0.14866
0.136346
0.124795
0.11399
0.103908
0.0945248
0.0858155
0.0777519
0.0703048
0.0634444
0.0571398
0.0513602
0.0460745
0.0412521
0.0368627
0.0328768
0.0292656
0.0260013
0.0230573
0.020408
0.0180293
0.0158982
0.013993
0.0122935
0.0107807
0.0094368
0.00824555
0.00719176
0.00626147
0.00544186
0.00472123
0.00408886
0.00353506
0.00305099
0.0026287
0.002261
0.00194145
0.00166427
0.00142428
0.00121688
0.00103797
0.000883919
0.000751509
0.000637904
0.000540606
0.00045742
0.000386423
0.000325933
0.000274484
0.000230798
0.000193767
0.000162428
0.000135952
0.00011362
9.4814e-05
7.90031e-05
6.57315e-05
5.46091e-05
4.53026e-05
3.75277e-05
3.10424e-05
2.56412e-05
2.11497e-05
1.74203e-05
1.43284e-05
1.17689e-05
9.65326e-06
7.90704e-06
6.46785e-06
5.28344e-06
4.31011e-06
3.51137e-06
2.85685e-06
2.32126e-06
1.8836e-06
1.52646e-06
1.23544e-06
9.98606e-07
8.06142e-07
6.49943e-07
5.23347e-07
4.20879e-07
3.38051e-07
2.71186e-07
2.17279e-07
1.73873e-07
1.3897e-07
1.10938e-07
8.84538e-08
7.04423e-08
5.60316e-08
4.45164e-08
3.53261e-08
2.80003e-08
2.2168e-08
1.75303e-08
1.38469e-08
1.09249e-08
8.60981e-09
6.77765e-09
5.32938e-09
4.18592e-09
3.28416e-09
2.57382e-09
2.01492e-09
1.57566e-09
1.23083e-09
9.60431e-10
7.48634e-10
5.82922e-10
4.53411e-10
3.52303e-10
2.73455e-10
2.12033e-10
1.64238e-10
1.27085e-10
9.82366e-11
7.58594e-11
5.85202e-11
4.50989e-11
3.47209e-11
2.67045e-11
2.05186e-11
1.57501e-11
1.2078e-11
9.25297e-12
7.08188e-12
5.41499e-12
4.13647e-12
3.15682e-12
2.40689e-12
1.83339e-12
1.39523e-12
1.0608e-12
8.05776e-13
6.115e-13
4.63639e-13
3.51209e-13
2.65802e-13
2.00982e-13
1.51833e-13
1.14601e-13
8.64212e-14
6.51133e-14
4.90158e-14
3.68657e-14
2.77032e-14
2.07999e-14
1.56032e-14
1.16959e-14
8.75083e-15
6.6073e-15
4.49889e-15
)
;

boundaryField
{
    sides
    {
        type            zeroGradient;
    }
    empty
    {
        type            empty;
    }
}


// ************************************************************************* //
