/*--------------------------------*- C++ -*----------------------------------*\
  =========                 |
  \\      /  F ield         | OpenFOAM: The Open Source CFD Toolbox
   \\    /   O peration     | Website:  https://openfoam.org
    \\  /    A nd           | Version:  7
     \\/     M anipulation  |
\*---------------------------------------------------------------------------*/
FoamFile
{
    version     2.0;
    format      ascii;
    class       volScalarField;
    location    "0.37";
    object      T;
}
// * * * * * * * * * * * * * * * * * * * * * * * * * * * * * * * * * * * * * //

dimensions      [0 0 0 1 0 0 0];

internalField   nonuniform List<scalar> 
1000
(
0
0
0
0
0
0
0
0
0
0
0
0
0
0
0
0
0
0
0
0
0
0
0
0
0
0
0
0
0
0
0
0
0
0
0
0
0
0
0
0
0
0
0
0
0
0
0
0
0
0
0
0
0
0
0
0
0
0
0
0
0
0
0
0
0
0
0
0
0
0
0
0
0
0
0
0
0
0
0
0
0
0
0
0
0
0
0
0
0
0
0
0
0
0
0
0
0
0
0
0
0
0
0
0
0
0
0
0
0
0
0
0
0
0
0
0
0
0
0
0
0
0
0
0
0
0
0
0
0
0
0
0
0
0
0
0
0
0
0
0
0
0
0
0
0
0
0
0
0
0
0
0
0
0
0
0
0
0
0
0
0
0
0
0
0
0
0
0
0
0
0
0
0
0
0
0
0
0
0
0
0
0
0
0
0
0
0
0
0
0
0
0
0
0
0
0
0
0
0
0
0
0
0
0
0
0
0
0
0
0
0
0
0
0
0
0
0
0
0
0
0
0
0
0
0
0
0
0
0
0
0
0
0
0
0
0
0
0
0
0
0
0
0
0
0
0
0
0
0
0
0
0
0
0
0
0
0
0
0
0
0
0
0
0
0
0
0
0
0
0
0
0
0
0
0
0
0
0
0
0
0
0
0
0
0
0
0
0
0
0
0
0
0
0
0
0
0
0
0
0
0
0
0
0
0
0
0
0
0
0
0
0
0
0
0
0
0
0
0
0
0
0
0
0
0
0
0
0
0
0
0
0
0
0
0
0
0
0
0
0
0
0
0
0
0
0
0
0
0
0
0
0
0
0
0
0
0
0
0
0
0
0
0
0
0
0
0
0
0
0
0
0
0
0
0
0
0
0
0
0
0
0
0
0
0
0
0
0
0
0
0
0
0
0
0
0
0
0
0
0
0
0
0
0
0
0
0
0
0
0
0
0
0
-1.17569e-40
3.7583e-38
-5.82679e-36
5.8356e-34
-4.24244e-32
2.38512e-30
-1.07873e-28
4.03109e-27
-1.2685e-25
3.40867e-24
-7.904e-23
1.59398e-21
-2.81203e-20
4.35775e-19
-5.94809e-18
7.16066e-17
-7.60307e-16
7.10976e-15
-5.83695e-14
4.18481e-13
-2.59839e-12
1.37921e-11
-6.12747e-11
2.19422e-10
-5.83875e-10
8.8103e-10
7.80249e-10
-8.55038e-09
1.99722e-08
1.66596e-09
-1.1853e-07
2.00938e-07
3.29344e-07
-1.36806e-06
-4.34542e-07
6.43129e-06
1.02866e-07
-2.66459e-05
-6.17005e-06
9.86759e-05
8.79936e-05
-0.000270089
-0.000587297
0.000139736
0.00205562
0.00291528
-0.000858917
-0.0101085
-0.0190596
-0.0155524
0.0139494
0.0777956
0.175202
0.29681
0.428629
0.556772
0.670845
0.765232
0.838642
0.892786
0.930923
0.956727
0.973577
0.984239
0.990798
0.994732
0.997039
0.998363
0.999109
0.999522
0.999747
0.999868
0.999932
0.999965
0.999982
0.999991
0.999996
0.999998
0.999999
0.999999
1
1
1
1
1
1
1
1
1
1
1
1
1
1
1
1
1
1
1
1
1
1
1
1
1
1
1
1
1
1
1
1
1
1
1
1
1
1
1
1
1
1
1
1
1
1
1
1
1
1
1
1
1
1
1
0.999994
1
1.00003
1.00001
0.999901
0.999912
1.00027
1.00059
0.99986
0.997944
0.997085
1.00086
1.01011
1.01906
1.01555
0.986051
0.922204
0.824798
0.70319
0.571371
0.443228
0.329155
0.234768
0.161358
0.107214
0.0690767
0.0432733
0.0264234
0.0157614
0.00920222
0.00526792
0.00296148
0.0016372
0.000891152
0.000478124
0.000253103
0.000132314
6.83625e-05
3.49339e-05
1.76677e-05
8.84864e-06
4.39111e-06
2.16018e-06
1.05396e-06
5.10223e-07
2.45168e-07
1.16975e-07
5.5436e-08
2.61032e-08
1.22158e-08
5.68319e-09
2.62914e-09
1.20972e-09
5.53736e-10
2.52205e-10
1.14319e-10
5.15798e-11
2.3169e-11
1.03626e-11
4.61567e-12
2.04768e-12
9.04919e-13
3.98413e-13
1.74778e-13
7.64039e-14
3.32866e-14
1.44542e-14
6.25648e-15
2.69972e-15
1.16145e-15
4.98204e-16
2.13098e-16
9.08968e-17
3.86676e-17
1.64061e-17
6.94311e-18
2.93103e-18
1.23433e-18
5.1858e-19
2.17368e-19
9.09066e-20
3.79349e-20
1.57961e-20
6.56365e-21
2.72176e-21
1.12637e-21
4.65223e-22
1.91781e-22
7.89104e-23
3.24088e-23
1.32865e-23
5.43736e-24
2.22135e-24
9.0596e-25
3.68876e-25
1.49949e-25
6.08574e-26
2.46605e-26
9.97757e-27
4.0308e-27
1.62598e-27
6.5495e-28
2.63439e-28
1.05814e-28
4.24434e-29
1.70015e-29
6.80124e-30
2.71719e-30
1.08416e-30
4.32037e-31
1.71952e-31
6.83536e-32
2.7139e-32
1.07625e-32
4.2631e-33
1.68671e-33
6.666e-34
2.63153e-34
1.03771e-34
4.08765e-35
1.60847e-35
6.32261e-36
2.48275e-36
9.73934e-37
3.81672e-37
1.49425e-37
5.84433e-38
2.28365e-38
8.91483e-39
3.4769e-39
1.35479e-39
5.27422e-40
2.05143e-40
7.97205e-41
3.09532e-41
1.20079e-41
4.65439e-42
1.80258e-42
6.97534e-43
2.69701e-43
1.04196e-43
4.02227e-44
1.5515e-44
5.97993e-45
2.30307e-45
8.86315e-46
3.40836e-46
1.30973e-46
5.02921e-47
1.92977e-47
7.39947e-48
2.83524e-48
1.08562e-48
4.15398e-49
1.58839e-49
6.06955e-50
2.31775e-50
8.84487e-51
3.37313e-51
1.28557e-51
4.89645e-52
1.86378e-52
7.08983e-53
2.69532e-53
1.02404e-53
3.88835e-54
1.47555e-54
5.5961e-55
2.12111e-55
8.03505e-56
3.04205e-56
1.15106e-56
4.35296e-57
1.64525e-57
6.21496e-58
2.34644e-58
8.85414e-59
3.33927e-59
1.25871e-59
4.74215e-60
1.78566e-60
6.72045e-61
2.528e-61
9.50469e-62
3.57176e-62
1.34156e-62
5.03648e-63
1.88987e-63
7.0881e-64
2.65717e-64
9.95646e-65
3.72895e-65
1.39594e-65
5.22335e-66
1.95359e-66
7.30332e-67
2.72906e-67
1.01933e-67
3.80561e-68
1.42019e-68
5.29759e-69
1.97527e-69
7.36189e-70
2.74264e-70
1.02134e-70
3.80178e-71
1.41458e-71
5.2613e-72
1.95606e-72
7.26938e-73
2.70048e-73
1.00279e-73
3.72233e-74
1.38117e-74
5.1229e-75
1.8994e-75
7.03971e-76
2.60813e-76
9.65923e-77
3.57598e-77
1.32339e-77
4.89581e-78
1.81052e-78
6.69309e-79
2.47341e-79
9.13718e-80
3.37424e-80
1.24563e-80
4.59678e-81
1.69578e-81
6.25371e-82
2.30547e-82
8.49642e-83
3.13017e-83
1.15281e-83
4.24429e-84
1.56211e-84
5.74749e-85
2.114e-85
7.77311e-86
2.85724e-86
1.04994e-86
3.85696e-87
1.41642e-87
5.20004e-88
1.90848e-88
7.00227e-89
2.56838e-89
9.41781e-90
3.45233e-90
1.26516e-90
4.63505e-91
1.6976e-91
6.21574e-92
2.27523e-92
8.32595e-93
3.04593e-93
1.114e-93
4.07312e-94
1.48885e-94
5.4407e-95
1.98765e-95
7.25951e-96
2.65068e-96
9.6759e-97
3.5311e-97
1.28829e-97
4.69897e-98
1.71348e-98
6.24658e-99
2.27664e-99
8.29534e-100
3.02179e-100
1.10048e-100
4.00678e-101
1.45847e-101
5.30753e-102
1.93099e-102
7.02362e-103
2.55409e-103
9.28552e-104
3.37498e-104
1.2264e-104
4.45545e-105
1.61826e-105
5.87627e-106
2.13331e-106
7.74294e-107
2.80968e-107
1.01932e-107
3.6971e-108
1.34065e-108
4.86041e-109
1.7617e-109
6.38402e-110
2.31292e-110
8.37783e-111
3.03394e-111
1.09847e-111
3.97627e-112
1.43903e-112
5.20679e-113
1.88356e-113
6.81232e-114
2.46332e-114
8.90542e-115
3.21884e-115
1.1632e-115
4.2026e-116
1.51808e-116
5.48254e-117
1.97962e-117
7.14652e-118
2.57941e-118
9.30807e-119
3.35825e-119
1.21138e-119
4.36882e-120
1.5753e-120
5.67906e-121
2.04695e-121
7.37656e-122
2.65778e-122
9.57417e-123
3.44827e-123
1.24171e-123
4.47052e-124
1.60922e-124
5.79151e-125
2.08396e-125
7.49734e-126
2.69678e-126
9.69854e-127
3.4873e-127
1.2537e-127
4.5063e-128
1.61946e-128
5.81895e-129
2.09046e-129
7.50868e-130
2.69656e-130
9.68235e-131
3.47598e-131
1.24767e-131
4.47763e-132
1.60666e-132
5.76401e-133
2.06754e-133
7.41498e-134
2.65885e-134
9.5325e-135
3.41702e-135
1.22467e-135
4.38851e-136
1.57234e-136
5.63255e-137
2.01741e-137
7.22461e-138
2.58681e-138
9.26077e-139
3.31483e-139
1.18633e-139
4.24507e-140
1.51878e-140
5.43299e-141
1.94319e-141
6.94906e-142
2.48468e-142
8.88277e-143
3.17513e-143
1.13477e-143
4.055e-144
1.4488e-144
5.17563e-145
1.84864e-145
6.60204e-146
2.35744e-146
8.41666e-147
3.00453e-147
1.07238e-147
3.82702e-148
1.36556e-148
4.8719e-149
1.7379e-149
6.19853e-150
2.21051e-150
7.882e-151
2.81008e-151
1.00171e-151
3.5703e-152
1.27235e-152
4.53369e-153
1.61524e-153
5.75391e-154
2.04942e-154
7.2986e-155
2.59891e-155
9.25303e-156
3.29397e-156
1.17246e-156
4.17272e-157
1.48485e-157
5.28314e-158
1.87951e-158
6.68558e-159
2.37782e-159
8.45595e-160
3.00671e-160
1.06897e-160
3.8e-161
1.35066e-161
4.80017e-162
1.70573e-162
6.06056e-163
2.15308e-163
7.6481e-164
2.7164e-164
9.64676e-165
3.42543e-165
1.21618e-165
4.31744e-166
1.53251e-166
5.43911e-167
1.93019e-167
6.84893e-168
2.42992e-168
8.62008e-169
3.05759e-169
1.08442e-169
3.84558e-170
1.36357e-170
4.83441e-171
1.7138e-171
6.07471e-172
2.15299e-172
7.62972e-173
2.7035e-173
9.57844e-174
3.39324e-174
1.20195e-174
4.25705e-175
1.50759e-175
5.33838e-176
1.89012e-176
6.69143e-177
2.36866e-177
8.38375e-178
2.96707e-178
1.04995e-178
3.71504e-179
1.31478e-179
4.42627e-180
)
;

boundaryField
{
    sides
    {
        type            zeroGradient;
    }
    empty
    {
        type            empty;
    }
}


// ************************************************************************* //
