/*--------------------------------*- C++ -*----------------------------------*\
  =========                 |
  \\      /  F ield         | OpenFOAM: The Open Source CFD Toolbox
   \\    /   O peration     | Website:  https://openfoam.org
    \\  /    A nd           | Version:  7
     \\/     M anipulation  |
\*---------------------------------------------------------------------------*/
FoamFile
{
    version     2.0;
    format      ascii;
    class       volScalarField;
    location    "0.46";
    object      T;
}
// * * * * * * * * * * * * * * * * * * * * * * * * * * * * * * * * * * * * * //

dimensions      [0 0 0 1 0 0 0];

internalField   nonuniform List<scalar> 
1000
(
0
0
0
0
0
0
0
0
0
0
0
0
0
0
0
0
0
0
0
0
0
0
0
0
0
0
0
0
0
0
0
0
0
0
0
0
0
0
0
0
0
0
0
0
0
0
0
0
0
0
0
0
0
0
0
0
0
0
0
0
0
0
0
0
0
0
0
0
0
0
0
0
0
0
0
0
0
0
0
0
0
0
0
0
0
0
0
0
0
0
0
0
0
0
0
0
0
0
0
0
0
0
0
0
0
0
0
0
0
0
0
0
0
0
0
0
0
0
0
0
0
0
0
0
0
0
0
0
0
0
0
0
0
0
0
0
0
0
0
0
0
0
0
0
0
0
0
0
0
0
0
0
0
0
0
0
0
0
0
0
0
0
0
0
0
0
0
0
0
0
0
0
0
0
0
0
0
0
0
0
0
0
0
0
0
0
0
0
0
0
0
0
0
0
0
0
0
0
0
0
0
0
0
0
0
0
0
0
0
0
0
0
0
0
0
0
0
0
0
0
0
0
0
0
0
0
0
0
0
0
0
0
0
0
0
0
0
0
0
0
0
0
0
0
0
0
0
0
0
0
0
0
0
0
0
0
0
0
0
0
0
0
0
0
0
0
0
0
0
0
0
0
0
0
0
0
0
0
0
0
0
0
0
0
0
0
0
0
0
0
0
0
0
0
0
0
0
0
0
0
0
0
0
0
0
0
0
0
0
0
0
0
0
0
0
0
0
0
0
0
0
0
0
0
0
0
0
0
0
0
0
0
0
0
0
0
0
0
0
0
0
0
0
0
0
0
0
0
0
0
0
0
0
0
0
0
0
0
0
0
0
9.81708e-321
6.52684e-317
4.31938e-313
2.84743e-309
1.86968e-305
1.22273e-301
7.96356e-298
5.16491e-294
3.33549e-290
2.14468e-286
1.37287e-282
8.74825e-279
5.54878e-275
3.50281e-271
2.20055e-267
1.37562e-263
8.556e-260
5.29418e-256
3.25861e-252
1.99489e-248
1.21453e-244
7.35257e-241
4.42544e-237
2.64789e-233
1.57474e-229
9.30716e-226
5.46585e-222
3.18905e-218
1.84823e-214
1.06382e-210
6.0802e-207
3.45004e-203
1.94313e-199
1.08609e-195
6.02308e-192
3.31336e-188
1.80765e-184
9.77804e-181
5.24289e-177
2.78585e-173
1.46653e-169
7.64623e-166
3.94724e-162
2.01693e-158
1.01975e-154
5.0998e-151
2.52176e-147
1.23247e-143
5.95107e-140
2.83771e-136
1.33567e-132
6.20256e-129
2.8403e-125
1.28186e-121
5.69832e-118
2.49352e-114
1.07338e-110
4.54215e-107
1.88803e-103
7.70276e-100
3.08174e-96
1.20796e-92
4.6342e-89
1.73818e-85
6.3665e-82
2.27422e-78
7.91197e-75
2.67666e-71
8.79089e-68
2.79769e-64
8.61008e-61
2.55666e-57
7.3063e-54
2.00377e-50
5.25693e-47
1.31452e-43
3.11989e-40
6.99443e-37
1.47285e-33
2.89377e-30
5.26268e-27
8.77332e-24
1.32462e-20
1.78365e-17
2.09905e-14
2.09979e-11
1.71484e-08
1.0724e-05
0.00456774
0.995432
0.999989
1
1
1
1
1
1
1
1
1
1
1
1
1
1
1
1
1
1
1
1
1
1
1
1
1
1
1
1
1
1
1
1
1
1
1
1
1
1
1
1
1
1
1
1
1
1
1
1
1
1
1
1
1
1
1
1
1
1
1
1
1
1
1
1
1
1
1
1
1
1
1
1
1
1
1
1
1
1
1
1
1
1
1
1
1
1
1
1
1
1
1
1
1
1
1
1
0.999989
0.995432
0.00456774
1.0724e-05
1.71484e-08
2.09979e-11
2.09905e-14
1.78365e-17
1.32462e-20
8.77332e-24
5.26268e-27
2.89377e-30
1.47285e-33
6.99443e-37
3.11989e-40
1.31452e-43
5.25693e-47
2.00377e-50
7.3063e-54
2.55666e-57
8.61008e-61
2.79769e-64
8.79089e-68
2.67666e-71
7.91197e-75
2.27422e-78
6.3665e-82
1.73818e-85
4.6342e-89
1.20796e-92
3.08174e-96
7.70276e-100
1.88803e-103
4.54215e-107
1.07338e-110
2.49352e-114
5.69832e-118
1.28186e-121
2.8403e-125
6.20256e-129
1.33567e-132
2.83771e-136
5.95107e-140
1.23247e-143
2.52176e-147
5.0998e-151
1.01975e-154
2.01693e-158
3.94724e-162
7.64623e-166
1.46653e-169
2.78585e-173
5.24289e-177
9.77804e-181
1.80765e-184
3.31336e-188
6.02308e-192
1.08609e-195
1.94313e-199
3.45004e-203
6.0802e-207
1.06382e-210
1.84823e-214
3.18905e-218
5.46585e-222
9.30716e-226
1.57474e-229
2.64789e-233
4.42544e-237
7.35257e-241
1.21453e-244
1.99489e-248
3.25861e-252
5.29418e-256
8.556e-260
1.37562e-263
2.20055e-267
3.50281e-271
5.54878e-275
8.74825e-279
1.37287e-282
2.14468e-286
3.33549e-290
5.16491e-294
7.96356e-298
1.22273e-301
1.86968e-305
2.84743e-309
4.31938e-313
6.52684e-317
9.81708e-321
0
0
0
0
0
0
0
0
0
0
0
0
0
0
0
0
0
0
0
0
0
0
0
0
0
0
0
0
0
0
0
0
0
0
0
0
0
0
0
0
0
0
0
0
0
0
0
0
0
0
0
0
0
0
0
0
0
0
0
0
0
0
0
0
0
0
0
0
0
0
0
0
0
0
0
0
0
0
0
0
0
0
0
0
0
0
0
0
0
0
0
0
0
0
0
0
0
0
0
0
0
0
0
0
0
0
0
0
0
0
0
0
0
0
0
0
0
0
0
0
0
0
0
0
0
0
0
0
0
0
0
0
0
0
0
0
0
0
0
0
0
0
0
0
0
0
0
0
0
0
0
0
0
0
0
0
0
0
0
0
0
0
0
0
0
0
0
0
0
0
0
0
0
0
0
0
0
0
0
0
0
0
0
0
0
0
0
0
0
0
0
0
0
0
0
0
0
0
0
0
0
0
0
0
0
0
0
0
0
0
0
0
0
0
0
0
0
0
0
0
0
0
0
0
0
0
0
0
0
0
0
0
0
0
0
0
0
0
0
0
0
0
0
0
0
0
0
0
0
0
0
0
0
0
0
0
0
0
0
0
0
0
0
0
0
0
0
0
0
0
0
0
0
0
0
0
0
0
0
0
0
0
0
0
0
0
0
0
0
0
0
0
0
0
0
0
0
0
0
0
0
0
0
0
0
0
0
0
0
0
0
0
0
0
0
0
0
0
0
0
0
0
0
0
0
0
0
0
0
0
0
0
0
0
0
0
0
0
0
0
0
0
0
0
0
0
0
0
0
0
0
0
0
0
0
0
0
0
0
0
0
)
;

boundaryField
{
    sides
    {
        type            zeroGradient;
    }
    empty
    {
        type            empty;
    }
}


// ************************************************************************* //
