/*--------------------------------*- C++ -*----------------------------------*\
  =========                 |
  \\      /  F ield         | OpenFOAM: The Open Source CFD Toolbox
   \\    /   O peration     | Website:  https://openfoam.org
    \\  /    A nd           | Version:  7
     \\/     M anipulation  |
\*---------------------------------------------------------------------------*/
FoamFile
{
    version     2.0;
    format      ascii;
    class       volScalarField;
    location    "3.28";
    object      T;
}
// * * * * * * * * * * * * * * * * * * * * * * * * * * * * * * * * * * * * * //

dimensions      [0 0 0 1 0 0 0];

internalField   nonuniform List<scalar> 
1000
(
0
0
0
0
0
0
0
0
0
0
0
0
0
0
0
0
0
0
0
0
0
0
0
0
0
0
0
0
0
0
0
0
0
0
0
0
0
0
0
0
0
0
0
0
0
0
0
0
0
0
0
0
0
0
0
0
0
0
0
0
0
0
0
0
0
0
0
0
0
0
0
0
0
0
0
0
0
0
0
0
0
0
0
0
0
0
0
0
0
0
0
0
0
0
0
0
0
0
0
0
0
0
0
0
0
0
0
0
0
0
0
0
0
0
0
0
0
0
0
0
0
0
6.11624e-297
-9.02145e-294
6.62649e-291
-3.23173e-288
1.17727e-285
-3.41683e-283
8.22997e-281
-1.69209e-278
3.03143e-276
-4.80725e-274
6.83216e-272
-8.78993e-270
1.03222e-267
-1.11413e-265
1.11184e-263
-1.03111e-261
8.92574e-260
-7.24019e-258
5.52226e-256
-3.97261e-254
2.70284e-252
-1.74352e-250
1.06873e-248
-6.23778e-247
3.47316e-245
-1.84796e-243
9.41063e-242
-4.59337e-240
2.15186e-238
-9.68747e-237
4.19587e-235
-1.75032e-233
7.03943e-232
-2.73207e-230
1.02415e-228
-3.71124e-227
1.30105e-225
-4.41582e-224
1.45202e-222
-4.62873e-221
1.43137e-219
-4.29633e-218
1.2524e-216
-3.54743e-215
9.76858e-214
-2.6164e-212
6.8191e-211
-1.73018e-209
4.27534e-208
-1.02929e-206
2.41524e-205
-5.52567e-204
1.233e-202
-2.68434e-201
5.70348e-200
-1.18304e-198
2.3963e-197
-4.74112e-196
9.16493e-195
-1.73139e-193
3.19726e-192
-5.7727e-191
1.01927e-189
-1.76034e-188
2.97432e-187
-4.91748e-186
7.95679e-185
-1.26022e-183
1.95406e-182
-2.96674e-181
4.41096e-180
-6.42329e-179
9.16239e-178
-1.28038e-176
1.75308e-175
-2.35201e-174
3.09241e-173
-3.9849e-172
5.03309e-171
-6.23142e-170
7.56318e-169
-8.99946e-168
1.0499e-166
-1.20095e-165
1.347e-164
-1.48147e-163
1.59777e-162
-1.68983e-161
1.75263e-160
-1.78262e-159
1.77808e-158
-1.73928e-157
1.66842e-156
-1.56948e-155
1.44779e-154
-1.30961e-153
1.16157e-152
-1.01017e-151
8.61317e-151
-7.19977e-150
5.89963e-149
-4.73852e-148
3.73014e-147
-2.87754e-146
2.17507e-145
-1.61071e-144
1.16837e-143
-8.30022e-143
5.77368e-142
-3.93165e-141
2.6203e-140
-1.7087e-139
1.0899e-138
-6.7978e-138
4.14436e-137
-2.46873e-136
1.43621e-135
-8.15595e-135
4.51847e-134
-2.44055e-133
1.28423e-132
-6.57803e-132
3.27658e-131
-1.58536e-130
7.44108e-130
-3.38261e-129
1.4864e-128
-6.29853e-128
2.5659e-127
-1.00092e-126
3.71834e-126
-1.30526e-125
4.27787e-125
-1.28254e-124
3.37831e-124
-7.04215e-124
6.78528e-124
3.40895e-123
-2.75243e-122
1.26459e-121
-4.49611e-121
1.27925e-120
-2.66099e-120
1.94404e-120
1.59483e-119
-1.06237e-118
4.14328e-118
-1.16214e-117
2.07785e-117
4.11559e-118
-2.18932e-116
1.065e-115
-3.25017e-115
6.07658e-115
4.68508e-116
-5.77606e-114
2.68741e-113
-7.34633e-113
9.87386e-113
2.00783e-112
-1.7672e-111
6.08092e-111
-1.13331e-110
-3.16601e-111
1.0979e-109
-4.35017e-109
8.87374e-109
-2.5202e-110
-7.20609e-108
2.89695e-107
-5.56937e-107
-1.65701e-107
5.08365e-106
-1.79411e-105
2.70768e-105
4.01736e-105
-3.56045e-104
9.70176e-104
-7.21717e-104
-4.8259e-103
2.20869e-102
-3.92031e-102
-3.19321e-102
3.94303e-101
-1.05677e-100
5.51909e-101
5.84984e-100
-2.23203e-99
2.76551e-99
7.272e-99
-4.12703e-98
7.22184e-98
7.28188e-98
-7.0521e-97
1.51648e-96
4.96409e-97
-1.15465e-95
2.82744e-95
1.18864e-97
-1.86027e-94
4.86793e-94
-5.25281e-95
-2.99847e-93
7.86239e-93
-4.18292e-94
-4.85506e-92
1.19265e-91
1.96631e-92
-7.82789e-91
1.67812e-90
9.73891e-91
-1.23355e-89
2.12319e-89
2.78087e-89
-1.85308e-88
2.24593e-88
6.22307e-88
-2.57278e-87
1.54797e-87
1.17391e-86
-3.1593e-86
-6.35492e-87
1.90042e-85
-3.15232e-85
-4.85399e-85
2.61047e-84
-1.91704e-84
-1.09462e-83
2.89878e-83
1.06572e-83
-1.72835e-82
2.21805e-82
5.63547e-82
-2.04334e-81
1.75971e-82
1.03518e-80
-1.61574e-80
-2.97587e-80
1.24641e-79
-2.27119e-80
-5.96967e-79
9.13623e-79
1.77104e-78
-6.80156e-78
-1.22484e-79
3.33998e-77
-3.98837e-77
-1.13985e-76
3.23962e-76
1.7552e-76
-1.73244e-75
1.0585e-75
6.99605e-75
-1.22161e-74
-1.99936e-74
7.6145e-74
1.76886e-74
-3.63475e-73
2.55807e-73
1.40541e-72
-2.37944e-72
-4.21598e-72
1.40406e-71
7.14963e-72
-6.70465e-71
2.03725e-71
2.74689e-70
-2.86522e-70
-9.72882e-70
1.88097e-69
2.87008e-69
-9.74106e-69
-5.97071e-69
4.40565e-68
-7.53762e-70
-1.80664e-67
1.00013e-67
6.82748e-67
-7.4319e-67
-2.39081e-66
4.06337e-66
7.73114e-66
-1.9298e-65
-2.27255e-65
8.41047e-65
5.81643e-65
-3.45295e-64
-1.12745e-64
1.3561e-63
4.36341e-65
-5.14802e-63
1.10944e-63
1.90379e-62
-8.15108e-63
-6.90206e-62
4.21327e-62
2.46631e-61
-1.8811e-61
-8.72619e-61
7.70177e-61
3.06887e-60
-2.96534e-60
-1.07595e-59
1.0865e-59
3.76781e-59
-3.80743e-59
-1.31879e-58
1.27635e-58
4.61117e-58
-4.07443e-58
-1.60784e-57
1.22477e-57
5.57524e-57
-3.38541e-57
-1.9155e-56
8.13616e-57
6.49224e-56
-1.41292e-56
-2.15963e-55
-2.89913e-57
7.00849e-55
1.90298e-55
-2.20258e-54
-1.24575e-54
6.63852e-54
6.07106e-54
-1.89171e-53
-2.56825e-53
4.97626e-53
9.87876e-53
-1.1511e-52
-3.51548e-52
2.04048e-52
1.16279e-51
-9.31892e-53
-3.56089e-51
-1.4359e-51
9.95985e-51
9.37027e-51
-2.46619e-50
-4.09974e-50
4.99081e-50
1.48429e-49
-5.93242e-50
-4.66332e-49
-1.12412e-49
1.2723e-48
1.13176e-48
-2.89463e-48
-5.13607e-48
4.71019e-48
1.77186e-47
-7.35515e-49
-5.00075e-47
-3.44941e-47
1.12811e-46
1.80528e-46
-1.70725e-46
-6.2741e-46
-3.47111e-47
1.67359e-45
1.46993e-45
-3.27479e-45
-6.71564e-45
2.95914e-45
2.04363e-44
1.02749e-44
-4.46627e-44
-6.76971e-44
5.43348e-44
2.27357e-43
7.46136e-44
-5.16486e-43
-6.95131e-43
6.40952e-43
2.41808e-42
8.09248e-43
-5.31358e-42
-7.54503e-42
5.50042e-42
2.47791e-41
1.27598e-41
-4.80037e-41
-8.42626e-41
2.57048e-41
2.36794e-40
2.04318e-40
-3.47465e-40
-9.00197e-40
-2.0225e-40
1.94805e-39
2.80435e-39
-1.33567e-39
-8.36297e-39
-7.02338e-39
1.13217e-38
3.08383e-38
1.18638e-38
-5.79981e-38
-1.02226e-37
4.62169e-39
2.46029e-37
3.12236e-37
-1.60894e-37
-9.41724e-37
-8.94353e-37
9.66364e-37
3.38738e-36
2.44669e-36
-4.37891e-36
-1.17402e-35
-6.56971e-36
1.74127e-35
3.98972e-35
1.81251e-35
-6.39016e-35
-1.34561e-34
-5.47298e-35
2.20955e-34
4.53515e-34
1.8962e-34
-7.24205e-34
-1.52937e-33
-7.44659e-34
2.23741e-33
5.13788e-33
3.12633e-33
-6.38277e-33
-1.70298e-32
-1.325e-32
1.59704e-32
5.48719e-32
5.46455e-32
-2.98903e-32
-1.68242e-31
-2.14603e-31
6.08717e-33
4.74746e-31
7.89729e-31
3.1906e-31
-1.15539e-30
-2.67431e-30
-2.14619e-30
2.0007e-30
8.09706e-30
9.96792e-30
3.41634e-31
-2.0652e-29
-3.76581e-29
-2.37656e-29
3.70624e-29
1.17763e-28
1.36485e-28
1.1857e-30
-2.8645e-28
-5.33606e-28
-3.89822e-28
3.94883e-28
1.56401e-27
2.12671e-27
7.53637e-28
-3.02698e-27
-7.38758e-27
-7.89287e-27
1.89544e-28
1.68855e-26
3.26002e-26
2.87158e-26
-1.14372e-26
-8.25615e-26
-1.40411e-25
-1.08569e-25
7.44408e-26
3.75939e-25
6.06211e-25
4.511e-25
-3.3818e-25
-1.62968e-24
-2.65309e-24
-2.10446e-24
1.13135e-24
6.7174e-24
1.17114e-23
1.06961e-23
-1.67514e-24
-2.56689e-23
-5.10926e-23
-5.59585e-23
-1.42882e-23
8.48597e-23
2.12629e-22
2.85401e-22
1.81698e-22
-1.92336e-22
-7.96015e-22
-1.35303e-21
-1.34349e-21
-1.85113e-22
2.35773e-21
5.63796e-21
7.75566e-21
5.79648e-21
-2.91802e-21
-1.85348e-20
-3.60284e-20
-4.38195e-20
-2.58619e-20
3.09833e-20
1.24461e-19
2.23194e-19
2.60065e-19
1.44011e-19
-2.00175e-19
-7.64026e-19
-1.37786e-18
-1.66502e-18
-1.08797e-18
8.56053e-19
4.27115e-18
8.39856e-18
1.12438e-17
9.61045e-18
-9.45269e-20
-2.00297e-17
-4.81707e-17
-7.53739e-17
-8.37658e-17
-4.8633e-17
5.39304e-17
2.32399e-16
4.59622e-16
6.52712e-16
6.63841e-16
2.97144e-16
-6.32356e-16
-2.18833e-15
-4.15854e-15
-5.89179e-15
-6.19895e-15
-3.42713e-15
4.16508e-15
1.7625e-14
3.60976e-14
5.53478e-14
6.64324e-14
5.52603e-14
4.074e-15
-1.03983e-13
-2.76265e-13
-4.97838e-13
-7.15909e-13
-8.25254e-13
-6.61507e-13
-1.23789e-14
1.34071e-12
3.53812e-12
6.50649e-12
9.77507e-12
1.22666e-11
1.21147e-11
6.59721e-12
-7.68058e-12
-3.41843e-11
-7.52403e-11
-1.30051e-10
-1.91863e-10
-2.44398e-10
-2.57995e-10
-1.86377e-10
3.43887e-11
4.82377e-10
1.23855e-09
2.36371e-09
3.85932e-09
5.60765e-09
7.28856e-09
8.27267e-09
7.49687e-09
3.33676e-09
-6.4955e-09
-2.49802e-08
-5.56717e-08
-1.02325e-07
-1.68116e-07
-2.5425e-07
-3.57692e-07
-4.67684e-07
-5.60621e-07
-5.92791e-07
-4.90364e-07
-1.35968e-07
6.48958e-07
2.12685e-06
4.67268e-06
8.80949e-06
1.52519e-05
2.4958e-05
3.91915e-05
5.95935e-05
8.82652e-05
0.000127862
0.000181697
0.000253859
0.000349334
0.00047414
0.000635466
0.000841816
0.00110315
0.00143104
0.00183879
0.00234156
0.00295649
0.0037028
0.00460182
0.00567707
0.00695423
0.00846114
0.0102277
0.0122856
0.0146686
0.0174118
0.0205515
0.0241253
0.028171
0.0327268
0.0378308
0.0435202
0.0498309
0.0567975
0.0644518
0.0728233
0.081938
0.0918182
0.102482
0.113943
0.126209
0.139284
0.153164
0.167843
0.183305
0.199531
0.216495
0.234166
0.252505
0.271472
0.291018
0.311093
0.331639
0.352599
0.37391
0.395507
0.417325
0.439295
0.461351
0.483424
0.505448
0.527356
0.549086
0.570576
0.591767
0.612604
0.633036
0.653015
0.672498
0.691445
0.709822
0.7276
0.744752
0.761259
0.777103
0.792273
0.806762
0.820566
0.833686
0.846124
0.857889
0.86899
0.879441
0.889256
0.898454
0.907053
0.915075
0.922542
0.929476
0.935902
0.941845
0.947328
0.952376
0.957015
0.961269
0.965161
0.968714
0.971952
0.974895
0.977566
0.979982
0.982163
0.984125
0.985885
0.987457
0.988854
0.990086
0.991164
0.992095
0.992884
0.993535
0.99405
0.994428
0.994665
0.994756
0.994693
0.994465
0.994059
0.993457
0.992643
0.991594
0.990286
0.988692
0.986785
0.984533
0.981903
0.978861
0.975373
0.9714
0.966907
0.961857
0.956215
0.949944
0.943011
0.935386
0.92704
0.917946
0.908084
0.897436
0.885988
0.873733
0.860668
0.846795
0.832123
0.816666
0.800445
0.783485
0.765818
0.747481
0.728517
0.708972
0.688899
0.668354
0.647395
0.626086
0.604489
0.582672
0.560702
0.538647
0.516574
0.494551
0.472643
0.450913
0.429424
0.408233
0.387396
0.366964
0.346985
0.327502
0.308555
0.290177
0.2724
0.255248
0.238741
0.222897
0.207727
0.193238
0.179434
0.166314
0.153876
0.142111
0.13101
0.120559
0.110744
0.101546
0.0929468
0.0849249
0.0774584
0.0705241
0.064098
0.0581558
0.0526728
0.0476242
0.0429853
0.0387318
0.0348395
0.0312852
0.028046
0.0250999
0.0224257
0.020003
0.0178125
0.0158357
0.0140552
0.0124546
0.0110183
0.00973201
0.00858205
0.0075559
0.0066419
0.00582924
0.005108
0.00446901
0.00390389
0.00340498
0.00296527
0.00257841
0.00223862
0.00194068
0.00167988
0.00145196
0.0012531
0.00107989
0.000929256
0.000798473
0.000685104
0.000586986
0.000502201
0.000429052
0.00036604
0.000311844
0.000265301
0.000225392
0.000191222
0.000162009
0.000137073
0.000115817
9.77256e-05
8.23497e-05
6.93006e-05
5.82421e-05
4.88837e-05
4.09754e-05
3.43017e-05
2.86779e-05
2.39452e-05
1.99681e-05
1.66303e-05
1.38329e-05
1.14917e-05
9.53475e-06
7.90123e-06
6.53949e-06
5.40579e-06
4.46317e-06
3.68045e-06
3.03133e-06
2.49369e-06
2.04897e-06
1.68155e-06
1.37839e-06
1.12856e-06
9.22936e-07
7.53898e-07
6.15109e-07
5.01294e-07
4.08072e-07
3.31809e-07
2.69494e-07
2.18636e-07
1.77177e-07
1.43421e-07
1.15968e-07
9.36665e-08
7.55712e-08
6.09055e-08
4.90328e-08
3.94322e-08
3.16768e-08
2.54242e-08
2.03543e-08
1.64693e-08
1.20976e-08
)
;

boundaryField
{
    sides
    {
        type            zeroGradient;
    }
    empty
    {
        type            empty;
    }
}


// ************************************************************************* //
