/*--------------------------------*- C++ -*----------------------------------*\
  =========                 |
  \\      /  F ield         | OpenFOAM: The Open Source CFD Toolbox
   \\    /   O peration     | Website:  https://openfoam.org
    \\  /    A nd           | Version:  7
     \\/     M anipulation  |
\*---------------------------------------------------------------------------*/
FoamFile
{
    version     2.0;
    format      ascii;
    class       volScalarField;
    location    "2.82";
    object      T;
}
// * * * * * * * * * * * * * * * * * * * * * * * * * * * * * * * * * * * * * //

dimensions      [0 0 0 1 0 0 0];

internalField   nonuniform List<scalar> 
1000
(
0.0374846
0.0374868
0.0374912
0.0374978
0.0375066
0.0375176
0.0375308
0.0375463
0.0375639
0.0375837
0.0376057
0.03763
0.0376564
0.037685
0.0377159
0.0377489
0.0377841
0.0378216
0.0378612
0.037903
0.037947
0.0379932
0.0380416
0.0380922
0.038145
0.0382
0.0382571
0.0383165
0.038378
0.0384418
0.0385077
0.0385757
0.038646
0.0387185
0.0387931
0.0388699
0.0389489
0.03903
0.0391133
0.0391988
0.0392865
0.0393763
0.0394683
0.0395625
0.0396588
0.0397572
0.0398578
0.0399606
0.0400656
0.0401726
0.0402818
0.0403932
0.0405067
0.0406224
0.0407402
0.0408601
0.0409821
0.0411063
0.0412326
0.041361
0.0414916
0.0416242
0.041759
0.0418959
0.0420349
0.042176
0.0423192
0.0424645
0.0426119
0.0427614
0.042913
0.0430667
0.0432224
0.0433803
0.0435402
0.0437021
0.0438662
0.0440323
0.0442004
0.0443707
0.0445429
0.0447173
0.0448936
0.045072
0.0452525
0.0454349
0.0456194
0.0458059
0.0459945
0.046185
0.0463776
0.0465722
0.0467687
0.0469673
0.0471678
0.0473704
0.0475749
0.0477814
0.0479898
0.0482002
0.0484126
0.048627
0.0488433
0.0490615
0.0492817
0.0495038
0.0497278
0.0499538
0.0501816
0.0504114
0.0506431
0.0508767
0.0511121
0.0513495
0.0515888
0.0518299
0.0520729
0.0523177
0.0525644
0.052813
0.0530634
0.0533156
0.0535697
0.0538255
0.0540832
0.0543427
0.0546041
0.0548672
0.0551321
0.0553987
0.0556672
0.0559374
0.0562094
0.0564831
0.0567586
0.0570358
0.0573147
0.0575954
0.0578777
0.0581618
0.0584476
0.058735
0.0590242
0.059315
0.0596075
0.0599016
0.0601974
0.0604948
0.0607939
0.0610946
0.0613969
0.0617008
0.0620063
0.0623134
0.062622
0.0629323
0.0632441
0.0635574
0.0638723
0.0641887
0.0645067
0.0648261
0.0651471
0.0654695
0.0657935
0.0661189
0.0664458
0.0667741
0.0671039
0.0674351
0.0677677
0.0681018
0.0684372
0.0687741
0.0691123
0.0694519
0.0697929
0.0701352
0.0704789
0.0708239
0.0711702
0.0715178
0.0718667
0.0722169
0.0725683
0.0729211
0.073275
0.0736302
0.0739867
0.0743443
0.0747032
0.0750633
0.0754245
0.0757869
0.0761505
0.0765152
0.076881
0.0772479
0.077616
0.0779852
0.0783554
0.0787267
0.0790991
0.0794725
0.0798469
0.0802224
0.0805988
0.0809763
0.0813547
0.0817341
0.0821144
0.0824957
0.0828779
0.0832611
0.0836451
0.08403
0.0844158
0.0848024
0.0851899
0.0855782
0.0859673
0.0863573
0.086748
0.0871395
0.0875317
0.0879247
0.0883184
0.0887129
0.089108
0.0895038
0.0899003
0.0902975
0.0906953
0.0910937
0.0914927
0.0918923
0.0922926
0.0926933
0.0930947
0.0934965
0.0938989
0.0943018
0.0947052
0.095109
0.0955134
0.0959181
0.0963233
0.0967289
0.0971349
0.0975413
0.097948
0.0983551
0.0987625
0.0991703
0.0995783
0.0999866
0.100395
0.100804
0.101213
0.101622
0.102032
0.102442
0.102851
0.103261
0.103672
0.104082
0.104492
0.104903
0.105313
0.105724
0.106134
0.106545
0.106955
0.107366
0.107777
0.108187
0.108598
0.109008
0.109418
0.109828
0.110238
0.110648
0.111058
0.111467
0.111877
0.112286
0.112694
0.113103
0.113511
0.113919
0.114327
0.114734
0.115141
0.115548
0.115954
0.11636
0.116765
0.11717
0.117575
0.117979
0.118382
0.118785
0.119188
0.11959
0.119991
0.120392
0.120792
0.121192
0.121591
0.121989
0.122387
0.122784
0.12318
0.123576
0.12397
0.124365
0.124758
0.12515
0.125542
0.125933
0.126323
0.126712
0.1271
0.127487
0.127874
0.128259
0.128644
0.129027
0.12941
0.129791
0.130172
0.130551
0.13093
0.131307
0.131683
0.132058
0.132432
0.132805
0.133177
0.133547
0.133916
0.134284
0.134651
0.135017
0.135381
0.135744
0.136105
0.136466
0.136825
0.137182
0.137538
0.137893
0.138247
0.138599
0.138949
0.139298
0.139646
0.139992
0.140336
0.140679
0.141021
0.141361
0.141699
0.142036
0.142371
0.142704
0.143036
0.143366
0.143695
0.144021
0.144346
0.14467
0.144991
0.145311
0.145629
0.145945
0.146259
0.146572
0.146883
0.147192
0.147499
0.147804
0.148107
0.148408
0.148707
0.149005
0.1493
0.149593
0.149885
0.150174
0.150462
0.150747
0.15103
0.151311
0.151591
0.151868
0.152142
0.152415
0.152686
0.152954
0.153221
0.153485
0.153747
0.154006
0.154264
0.154519
0.154772
0.155023
0.155271
0.155517
0.155761
0.156003
0.156242
0.156479
0.156713
0.156945
0.157175
0.157403
0.157628
0.15785
0.15807
0.158288
0.158503
0.158716
0.158926
0.159134
0.159339
0.159542
0.159743
0.15994
0.160136
0.160328
0.160519
0.160706
0.160891
0.161074
0.161253
0.161431
0.161605
0.161777
0.161947
0.162113
0.162277
0.162439
0.162597
0.162753
0.162907
0.163058
0.163205
0.163351
0.163493
0.163633
0.16377
0.163905
0.164036
0.164165
0.164291
0.164414
0.164535
0.164653
0.164768
0.16488
0.164989
0.165096
0.165199
0.1653
0.165399
0.165494
0.165586
0.165676
0.165763
0.165847
0.165928
0.166006
0.166081
0.166154
0.166223
0.16629
0.166354
0.166415
0.166473
0.166528
0.166581
0.16663
0.166677
0.16672
0.166761
0.166799
0.166834
0.166866
0.166895
0.166921
0.166945
0.166965
0.166982
0.166997
0.167009
0.167017
0.167023
0.167026
0.167026
0.167023
0.167017
0.167009
0.166997
0.166982
0.166965
0.166945
0.166921
0.166895
0.166866
0.166834
0.166799
0.166761
0.16672
0.166677
0.16663
0.166581
0.166528
0.166473
0.166415
0.166354
0.16629
0.166223
0.166154
0.166081
0.166006
0.165928
0.165847
0.165763
0.165676
0.165586
0.165494
0.165399
0.1653
0.165199
0.165096
0.164989
0.16488
0.164768
0.164653
0.164535
0.164414
0.164291
0.164165
0.164036
0.163905
0.16377
0.163633
0.163493
0.163351
0.163205
0.163058
0.162907
0.162753
0.162597
0.162439
0.162277
0.162113
0.161947
0.161777
0.161605
0.161431
0.161253
0.161074
0.160891
0.160706
0.160519
0.160328
0.160136
0.15994
0.159743
0.159542
0.159339
0.159134
0.158926
0.158716
0.158503
0.158288
0.15807
0.15785
0.157628
0.157403
0.157175
0.156945
0.156713
0.156479
0.156242
0.156003
0.155761
0.155517
0.155271
0.155023
0.154772
0.154519
0.154264
0.154006
0.153747
0.153485
0.153221
0.152954
0.152686
0.152415
0.152142
0.151868
0.151591
0.151311
0.15103
0.150747
0.150462
0.150174
0.149885
0.149593
0.1493
0.149005
0.148707
0.148408
0.148107
0.147804
0.147499
0.147192
0.146883
0.146572
0.146259
0.145945
0.145629
0.145311
0.144991
0.14467
0.144346
0.144021
0.143695
0.143366
0.143036
0.142704
0.142371
0.142036
0.141699
0.141361
0.141021
0.140679
0.140336
0.139992
0.139646
0.139298
0.138949
0.138599
0.138247
0.137893
0.137538
0.137182
0.136825
0.136466
0.136105
0.135744
0.135381
0.135017
0.134651
0.134284
0.133916
0.133547
0.133177
0.132805
0.132432
0.132058
0.131683
0.131307
0.13093
0.130551
0.130172
0.129791
0.12941
0.129027
0.128644
0.128259
0.127874
0.127487
0.1271
0.126712
0.126323
0.125933
0.125542
0.12515
0.124758
0.124365
0.12397
0.123576
0.12318
0.122784
0.122387
0.121989
0.121591
0.121192
0.120792
0.120392
0.119991
0.11959
0.119188
0.118785
0.118382
0.117979
0.117575
0.11717
0.116765
0.11636
0.115954
0.115548
0.115141
0.114734
0.114327
0.113919
0.113511
0.113103
0.112694
0.112286
0.111877
0.111467
0.111058
0.110648
0.110238
0.109828
0.109418
0.109008
0.108598
0.108187
0.107777
0.107366
0.106955
0.106545
0.106134
0.105724
0.105313
0.104903
0.104492
0.104082
0.103672
0.103261
0.102851
0.102442
0.102032
0.101622
0.101213
0.100804
0.100395
0.0999866
0.0995783
0.0991703
0.0987625
0.0983551
0.097948
0.0975413
0.0971349
0.0967289
0.0963233
0.0959181
0.0955134
0.095109
0.0947052
0.0943018
0.0938989
0.0934965
0.0930947
0.0926933
0.0922926
0.0918923
0.0914927
0.0910937
0.0906953
0.0902975
0.0899003
0.0895038
0.089108
0.0887129
0.0883184
0.0879247
0.0875317
0.0871395
0.086748
0.0863573
0.0859673
0.0855782
0.0851899
0.0848024
0.0844158
0.08403
0.0836451
0.0832611
0.0828779
0.0824957
0.0821144
0.0817341
0.0813547
0.0809763
0.0805988
0.0802224
0.0798469
0.0794725
0.0790991
0.0787267
0.0783554
0.0779852
0.077616
0.0772479
0.076881
0.0765152
0.0761505
0.0757869
0.0754245
0.0750633
0.0747032
0.0743443
0.0739867
0.0736302
0.073275
0.0729211
0.0725683
0.0722169
0.0718667
0.0715178
0.0711702
0.0708239
0.0704789
0.0701352
0.0697929
0.0694519
0.0691123
0.0687741
0.0684372
0.0681018
0.0677677
0.0674351
0.0671039
0.0667741
0.0664458
0.0661189
0.0657935
0.0654695
0.0651471
0.0648261
0.0645067
0.0641887
0.0638723
0.0635574
0.0632441
0.0629323
0.062622
0.0623134
0.0620063
0.0617008
0.0613969
0.0610946
0.0607939
0.0604948
0.0601974
0.0599016
0.0596075
0.059315
0.0590242
0.058735
0.0584476
0.0581618
0.0578777
0.0575954
0.0573147
0.0570358
0.0567586
0.0564831
0.0562094
0.0559374
0.0556672
0.0553987
0.0551321
0.0548672
0.0546041
0.0543427
0.0540832
0.0538255
0.0535697
0.0533156
0.0530634
0.052813
0.0525644
0.0523177
0.0520729
0.0518299
0.0515888
0.0513495
0.0511121
0.0508767
0.0506431
0.0504114
0.0501816
0.0499538
0.0497278
0.0495038
0.0492817
0.0490615
0.0488433
0.048627
0.0484126
0.0482002
0.0479898
0.0477814
0.0475749
0.0473704
0.0471678
0.0469673
0.0467687
0.0465722
0.0463776
0.046185
0.0459945
0.0458059
0.0456194
0.0454349
0.0452525
0.045072
0.0448936
0.0447173
0.0445429
0.0443707
0.0442004
0.0440323
0.0438662
0.0437021
0.0435402
0.0433803
0.0432224
0.0430667
0.042913
0.0427614
0.0426119
0.0424645
0.0423192
0.042176
0.0420349
0.0418959
0.041759
0.0416242
0.0414916
0.041361
0.0412326
0.0411063
0.0409821
0.0408601
0.0407402
0.0406224
0.0405067
0.0403932
0.0402818
0.0401726
0.0400656
0.0399606
0.0398578
0.0397572
0.0396588
0.0395625
0.0394683
0.0393763
0.0392865
0.0391988
0.0391133
0.03903
0.0389489
0.0388699
0.0387931
0.0387185
0.038646
0.0385757
0.0385077
0.0384418
0.038378
0.0383165
0.0382571
0.0382
0.038145
0.0380922
0.0380416
0.0379932
0.037947
0.037903
0.0378612
0.0378216
0.0377841
0.0377489
0.0377159
0.037685
0.0376564
0.03763
0.0376057
0.0375837
0.0375639
0.0375463
0.0375308
0.0375176
0.0375066
0.0374978
0.0374912
0.0374868
0.0374846
)
;

boundaryField
{
    sides
    {
        type            zeroGradient;
    }
    empty
    {
        type            empty;
    }
}


// ************************************************************************* //
