/*--------------------------------*- C++ -*----------------------------------*\
  =========                 |
  \\      /  F ield         | OpenFOAM: The Open Source CFD Toolbox
   \\    /   O peration     | Website:  https://openfoam.org
    \\  /    A nd           | Version:  7
     \\/     M anipulation  |
\*---------------------------------------------------------------------------*/
FoamFile
{
    version     2.0;
    format      ascii;
    class       volScalarField;
    location    "1.62";
    object      T;
}
// * * * * * * * * * * * * * * * * * * * * * * * * * * * * * * * * * * * * * //

dimensions      [0 0 0 1 0 0 0];

internalField   nonuniform List<scalar> 
1000
(
0
0
0
0
0
0
0
0
0
0
0
0
0
0
0
0
0
0
0
0
0
0
0
0
0
0
0
0
0
0
0
0
0
0
0
0
0
0
0
0
0
0
0
0
0
0
0
0
0
0
0
0
0
0
0
0
0
0
0
0
0
0
0
0
0
0
0
0
0
0
0
0
0
0
0
0
0
0
0
0
0
0
0
0
0
0
0
0
0
0
0
0
0
0
0
0
0
0
0
0
0
0
0
0
0
0
0
0
0
0
0
0
0
0
0
0
0
0
0
0
0
0
0
0
0
0
0
0
0
0
0
0
0
0
0
0
0
0
0
0
0
0
0
0
0
0
0
0
0
0
0
0
0
0
0
0
0
0
0
0
0
0
0
0
0
0
0
0
0
0
0
0
0
0
0
0
0
0
0
0
0
0
0
0
0
0
0
0
0
0
0
0
0
0
0
0
0
0
0
0
0
0
0
0
0
0
0
0
0
0
0
0
0
0
0
0
0
0
0
0
0
0
0
0
0
0
0
0
0
0
0
0
0
0
0
0
0
0
0
0
0
0
0
0
0
0
0
0
0
0
0
0
0
0
0
0
0
0
0
0
0
0
0
0
0
0
0
0
0
0
0
0
0
0
0
0
0
0
0
0
0
0
0
0
0
0
0
0
5.00521e-147
-3.64379e-144
1.3155e-141
-3.14002e-139
5.57436e-137
-7.84994e-135
9.13343e-133
-9.03007e-131
7.74371e-129
-5.85064e-127
3.94279e-125
-2.39369e-123
1.31994e-121
-6.65632e-120
3.08773e-118
-1.32415e-116
5.27239e-115
-1.95657e-113
6.78964e-112
-2.20976e-110
6.76294e-109
-1.95092e-107
5.31591e-106
-1.37082e-104
3.35117e-103
-7.77873e-102
1.71687e-100
-3.6078e-99
7.22671e-98
-1.38134e-96
2.522e-95
-4.40217e-94
7.35224e-93
-1.17578e-91
1.80166e-90
-2.64684e-89
3.73015e-88
-5.04519e-87
6.5519e-86
-8.17254e-85
9.79456e-84
-1.12815e-82
1.24909e-81
-1.32964e-80
1.36092e-79
-1.33941e-78
1.26756e-77
-1.15338e-76
1.00892e-75
-8.48278e-75
6.85317e-74
-5.31809e-73
3.96213e-72
-2.83243e-71
1.94152e-70
-1.27499e-69
8.01314e-69
-4.81377e-68
2.75988e-67
-1.5073e-66
7.82342e-66
-3.84762e-65
1.78613e-64
-7.78628e-64
3.16468e-63
-1.18666e-62
4.03635e-62
-1.20806e-61
2.97405e-61
-4.80251e-61
-3.12966e-61
6.58957e-60
-3.26083e-59
1.07909e-58
-2.42478e-58
1.98127e-58
1.27961e-57
-7.89023e-57
2.50809e-56
-4.36044e-56
-2.59386e-56
4.83411e-55
-1.79836e-54
3.30679e-54
1.56344e-54
-3.25445e-53
1.09768e-52
-1.4789e-52
-3.14998e-52
2.20697e-51
-5.0954e-51
5.39697e-52
3.50741e-50
-1.12744e-49
9.44458e-50
5.02322e-49
-2.07859e-48
2.39384e-48
7.32062e-48
-3.48443e-47
4.15383e-47
1.18885e-46
-5.46093e-46
5.36751e-46
2.12152e-45
-7.88681e-45
4.1515e-45
3.77319e-44
-9.93541e-44
-2.37169e-44
6.05074e-43
-9.62552e-43
-1.64461e-42
8.00704e-42
-4.24819e-42
-3.57111e-41
7.64555e-41
7.25485e-41
-4.92285e-40
3.01897e-40
2.05706e-39
-4.05916e-39
-5.12069e-39
2.53766e-38
-3.65361e-39
-1.15096e-37
1.32544e-37
3.99963e-37
-9.63983e-37
-9.54616e-37
5.04369e-36
2.60149e-37
-2.19769e-35
1.40156e-35
8.3744e-35
-1.09057e-34
-2.84411e-34
5.93408e-34
8.62927e-34
-2.74969e-33
-2.3036e-33
1.15755e-32
5.14582e-33
-4.57158e-32
-8.06844e-33
1.72722e-31
-4.89709e-34
-6.32454e-31
6.76213e-32
2.26328e-30
-3.17353e-31
-7.94918e-30
8.3197e-31
2.74085e-29
-6.84968e-32
-9.24261e-29
-1.51315e-29
3.0247e-28
1.19109e-28
-9.48975e-28
-6.59903e-28
2.80232e-27
3.06871e-27
-7.55761e-27
-1.26046e-26
1.75293e-26
4.64876e-26
-2.93076e-26
-1.5386e-25
3.98801e-28
4.49776e-25
2.75526e-25
-1.11382e-24
-1.53051e-24
2.07399e-24
5.78246e-24
-1.40644e-24
-1.69925e-23
-9.82851e-24
3.7794e-23
5.87187e-23
-4.87963e-23
-1.99289e-22
-5.80151e-23
4.62477e-22
6.04039e-22
-5.75781e-22
-2.12933e-21
-7.95866e-22
4.47504e-21
6.92163e-21
-3.24852e-21
-2.07279e-20
-1.64416e-20
3.04962e-20
7.68291e-20
2.27049e-20
-1.53841e-19
-2.5217e-19
3.02773e-20
6.29422e-19
7.84252e-19
-3.71891e-19
-2.32349e-18
-2.45771e-18
1.73295e-18
8.10561e-18
8.15969e-18
-5.8606e-18
-2.71904e-17
-2.91637e-17
1.43376e-17
8.71576e-17
1.09171e-16
-1.23229e-17
-2.58467e-16
-4.06115e-16
-1.28455e-16
6.56633e-16
1.41548e-15
1.07351e-15
-1.12589e-15
-4.31051e-15
-5.41371e-15
-7.56212e-16
1.0076e-14
2.04306e-14
1.72957e-14
-1.00753e-14
-5.57608e-14
-8.71716e-14
-5.40442e-14
7.55051e-14
2.63696e-13
3.7352e-13
2.09124e-13
-3.49338e-13
-1.15689e-12
-1.68425e-12
-1.13515e-12
1.09151e-12
4.68312e-12
7.80927e-12
7.22274e-12
-3.97866e-13
-1.5822e-11
-3.42309e-11
-4.36612e-11
-2.7336e-11
2.84075e-11
1.21233e-10
2.19362e-10
2.55919e-10
1.41337e-10
-1.98486e-10
-7.59527e-10
-1.38877e-09
-1.73904e-09
-1.29669e-09
4.71414e-10
3.82922e-09
8.37101e-09
1.26164e-08
1.3795e-08
8.08025e-09
-8.45923e-09
-3.80182e-08
-7.83784e-08
-1.19824e-07
-1.42551e-07
-1.15997e-07
-1.8978e-09
2.36973e-07
6.20826e-07
1.1291e-06
1.67034e-06
2.04978e-06
1.9424e-06
8.83306e-07
-1.70833e-06
-6.45174e-06
-1.38501e-05
-2.40353e-05
-3.63873e-05
-4.9011e-05
-5.80554e-05
-5.68742e-05
-3.50381e-05
2.27787e-05
0.000137994
0.000339345
0.000664071
0.00115898
0.00188132
0.00289933
0.00429246
0.00615111
0.00857593
0.0116765
0.0155697
0.0203771
0.0262226
0.0332292
0.0415153
0.0511916
0.0623573
0.0750969
0.0894767
0.105542
0.123316
0.142796
0.163955
0.186738
0.211066
0.236837
0.263923
0.292178
0.321439
0.351528
0.382258
0.413435
0.444859
0.476336
0.507673
0.538684
0.569196
0.599047
0.628089
0.656193
0.683246
0.709154
0.733839
0.757244
0.779329
0.800069
0.819457
0.837499
0.854213
0.869631
0.883792
0.896743
0.908541
0.919244
0.928915
0.93762
0.945425
0.952397
0.958603
0.964106
0.968968
0.973249
0.977006
0.980291
0.983154
0.985641
0.987795
0.989654
0.991253
0.992625
0.993798
0.994798
0.995648
0.996368
0.996977
0.99749
0.997921
0.998282
0.998584
0.998836
0.999045
0.999219
0.999362
0.99948
0.999577
0.999656
0.999721
0.999774
0.999818
0.999854
0.999885
0.999913
0.999939
0.999965
0.999989
1.00001
1.00003
1.00003
1.00002
0.999963
0.999851
0.999652
0.999329
0.998836
0.998114
0.997097
0.995705
0.993847
0.991423
0.988322
0.984429
0.979622
0.973777
0.96677
0.958484
0.948808
0.937643
0.924903
0.910523
0.894458
0.876684
0.857204
0.836045
0.813262
0.788934
0.763163
0.736077
0.707822
0.678561
0.648472
0.617742
0.586565
0.555141
0.523664
0.492327
0.461316
0.430804
0.400953
0.371911
0.343807
0.316754
0.290846
0.266161
0.242756
0.220671
0.199931
0.180543
0.162501
0.145787
0.130369
0.116208
0.103257
0.0914592
0.0807565
0.0710854
0.0623805
0.0545752
0.0476027
0.0413972
0.0358944
0.0310321
0.0267509
0.0229942
0.0197091
0.016846
0.0143588
0.0122052
0.0103465
0.00874719
0.00737546
0.00620247
0.00520246
0.00435244
0.00363202
0.00302321
0.00251017
0.00207905
0.00171777
0.00141585
0.0011642
0.000955016
0.000781586
0.00063817
0.000519877
0.000422551
0.000342675
0.000277282
0.000223875
0.000180361
0.000144993
0.000116312
9.31078e-05
7.43774e-05
5.92922e-05
4.717e-05
3.74503e-05
2.96738e-05
2.34654e-05
1.85196e-05
1.45877e-05
1.14685e-05
8.9991e-06
7.04806e-06
5.5097e-06
4.29914e-06
3.3484e-06
2.60318e-06
2.02018e-06
1.56495e-06
1.21016e-06
9.34171e-07
7.19874e-07
5.53785e-07
4.25291e-07
3.26061e-07
2.49567e-07
1.90702e-07
1.45483e-07
1.10806e-07
8.42582e-08
6.3969e-08
4.84885e-08
3.66968e-08
2.77294e-08
2.09211e-08
1.57604e-08
1.18547e-08
8.90349e-09
6.67705e-09
4.99998e-09
3.73867e-09
2.79148e-09
2.08127e-09
1.54954e-09
1.15203e-09
8.55289e-10
6.34102e-10
4.69468e-10
3.47103e-10
2.56284e-10
1.88973e-10
1.39155e-10
1.02334e-10
7.51576e-11
5.51263e-11
4.03816e-11
2.95427e-11
2.15856e-11
1.57518e-11
1.14802e-11
8.35665e-12
6.07543e-12
4.41154e-12
3.19945e-12
2.31759e-12
1.67679e-12
1.21173e-12
8.74619e-13
6.30557e-13
4.54073e-13
3.26608e-13
2.34655e-13
1.68399e-13
1.20715e-13
8.64359e-14
6.18224e-14
4.4169e-14
3.1522e-14
2.24718e-14
1.60027e-14
1.13837e-14
8.08928e-15
5.74219e-15
4.07183e-15
2.88435e-15
2.04107e-15
1.44285e-15
1.01892e-15
7.1882e-16
5.06596e-16
3.56672e-16
2.50868e-16
1.76276e-16
1.23741e-16
8.67786e-17
6.07983e-17
4.25552e-17
2.97577e-17
2.07891e-17
1.45098e-17
1.01177e-17
7.0485e-18
4.90582e-18
3.41136e-18
2.37e-18
1.64503e-18
1.1408e-18
7.9042e-19
5.47167e-19
3.7844e-19
2.61513e-19
1.80556e-19
1.24553e-19
8.58462e-20
5.91176e-20
4.06764e-20
2.79642e-20
1.92086e-20
1.31834e-20
9.04062e-21
6.19456e-21
4.24099e-21
2.90114e-21
1.98298e-21
1.35432e-21
9.24214e-22
6.30202e-22
4.29381e-22
2.92324e-22
1.9886e-22
1.35173e-22
9.18121e-23
6.23124e-23
4.22589e-23
2.86372e-23
1.93917e-23
1.31213e-23
8.87178e-24
5.99409e-24
4.04683e-24
2.73016e-24
1.84053e-24
1.23989e-24
8.34664e-25
5.61471e-25
3.77427e-25
2.5353e-25
1.70185e-25
1.14158e-25
7.65224e-26
5.12589e-26
3.43123e-26
2.29526e-26
1.53433e-26
1.02497e-26
6.84237e-27
4.56469e-27
3.04317e-27
2.02746e-27
1.34986e-27
8.98138e-28
5.97188e-28
3.96823e-28
2.63512e-28
1.74874e-28
1.15977e-28
7.68669e-29
5.09134e-29
3.37017e-29
2.22945e-29
1.47392e-29
9.73817e-30
6.43004e-30
4.24309e-30
2.79825e-30
1.84427e-30
1.21479e-30
7.99675e-31
5.26097e-31
3.45907e-31
2.27298e-31
1.49271e-31
9.7971e-32
6.42638e-32
4.21291e-32
2.76024e-32
1.80743e-32
1.18284e-32
7.73645e-33
5.05722e-33
3.30397e-33
2.15732e-33
1.40783e-33
9.18216e-34
5.98546e-34
3.89951e-34
2.53913e-34
1.65242e-34
1.07478e-34
6.98692e-35
4.53958e-35
2.9479e-35
1.91328e-35
1.24111e-35
8.04666e-36
5.21424e-36
3.37705e-36
2.18604e-36
1.41434e-36
9.14581e-37
5.9111e-37
3.81849e-37
2.46543e-37
1.59101e-37
1.02621e-37
6.61573e-38
4.26288e-38
2.74543e-38
1.76727e-38
1.13705e-38
7.31212e-39
4.69996e-39
3.01948e-39
1.93892e-39
1.24445e-39
7.98334e-40
5.11899e-40
3.28078e-40
2.10166e-40
1.3457e-40
8.61025e-41
5.53307e-41
3.2418e-41
)
;

boundaryField
{
    sides
    {
        type            zeroGradient;
    }
    empty
    {
        type            empty;
    }
}


// ************************************************************************* //
