/*--------------------------------*- C++ -*----------------------------------*\
  =========                 |
  \\      /  F ield         | OpenFOAM: The Open Source CFD Toolbox
   \\    /   O peration     | Website:  https://openfoam.org
    \\  /    A nd           | Version:  7
     \\/     M anipulation  |
\*---------------------------------------------------------------------------*/
FoamFile
{
    version     2.0;
    format      ascii;
    class       volScalarField;
    location    "0.57";
    object      T;
}
// * * * * * * * * * * * * * * * * * * * * * * * * * * * * * * * * * * * * * //

dimensions      [0 0 0 1 0 0 0];

internalField   nonuniform List<scalar> 
1000
(
0
0
0
0
0
0
0
0
0
0
0
0
0
0
0
0
0
0
0
0
0
0
0
0
0
0
0
0
0
0
0
0
0
0
0
0
0
0
0
0
0
0
0
0
0
0
0
0
0
0
0
0
0
0
0
0
0
0
0
0
0
0
0
0
0
0
0
0
0
0
0
0
0
0
0
0
0
0
0
0
0
0
0
0
0
0
0
0
0
0
0
0
0
0
0
0
0
0
0
0
0
0
0
0
0
0
0
0
0
0
0
0
0
0
0
0
0
0
0
0
0
0
0
0
0
0
0
0
0
0
0
0
0
0
0
0
0
0
0
0
0
0
0
0
0
0
0
0
0
0
0
0
0
0
0
0
0
0
0
0
0
0
0
0
0
0
0
0
0
0
0
0
0
0
0
0
0
0
0
0
0
0
0
0
0
0
0
0
0
0
0
0
0
0
0
0
0
0
0
0
0
0
0
0
0
0
0
0
0
0
0
0
0
0
0
0
0
0
0
0
0
0
0
0
0
0
0
0
0
0
0
0
0
0
0
0
0
0
0
0
0
0
0
0
0
0
0
0
0
0
0
0
0
0
0
0
0
0
0
0
0
0
0
0
0
0
0
0
0
0
0
0
0
0
0
0
0
0
0
0
0
0
0
0
0
0
0
0
0
0
0
0
0
0
0
0
0
0
0
0
0
0
0
0
0
0
0
0
0
0
0
0
0
0
0
0
0
0
0
0
0
0
0
0
0
0
0
0
0
0
0
0
0
0
0
0
0
0
0
0
0
0
0
0
0
0
0
0
0
0
0
0
0
0
0
0
0
0
0
0
0
0
0
0
0
0
0
0
0
0
0
0
0
0
0
0
0
0
0
0
0
0
0
0
0
0
0
0
0
0
0
0
0
-4.41956e-45
5.83382e-43
-3.71758e-41
1.52168e-39
-4.48977e-38
1.01566e-36
-1.82863e-35
2.684e-34
-3.26142e-33
3.31072e-32
-2.81719e-31
2.00408e-30
-1.17854e-29
5.57871e-29
-1.99288e-28
4.33131e-28
2.40457e-28
-6.76948e-27
2.9552e-26
-5.42432e-26
-9.13073e-26
8.75888e-25
-2.14141e-24
-1.00532e-24
2.08979e-23
-4.79516e-23
-4.01791e-23
4.37971e-22
-6.39896e-22
-1.652e-21
6.94824e-21
-1.30275e-21
-3.81693e-20
5.87628e-20
1.30515e-19
-4.44608e-19
-1.94398e-19
2.26882e-18
-9.27012e-19
-9.25046e-18
9.56039e-18
3.2453e-17
-5.17546e-17
-1.03455e-16
2.18211e-16
3.16255e-16
-7.8688e-16
-9.75124e-16
2.50871e-15
3.11321e-15
-7.10198e-15
-1.01388e-14
1.74572e-14
3.22219e-14
-3.47423e-14
-9.50139e-14
4.34205e-14
2.47458e-13
3.33151e-14
-5.35626e-13
-4.13488e-13
8.52808e-13
1.47524e-12
-5.67805e-13
-3.35292e-12
-1.82225e-12
4.58572e-12
7.70412e-12
-4.60145e-13
-1.39358e-11
-1.44031e-11
7.13906e-12
3.23152e-11
2.7848e-11
-1.69828e-11
-6.68908e-11
-6.36514e-11
1.66874e-11
1.24187e-10
1.57947e-10
4.60448e-11
-1.75519e-10
-3.53527e-10
-3.0408e-10
4.71345e-11
5.61488e-10
9.06246e-10
7.19077e-10
-1.46334e-10
-1.42525e-09
-2.43479e-09
-2.32308e-09
-5.21168e-10
2.78036e-09
6.37698e-09
8.23445e-09
6.19002e-09
-9.63996e-10
-1.23668e-08
-2.44379e-08
-3.11685e-08
-2.56359e-08
-2.65632e-09
3.79684e-08
8.85813e-08
1.32406e-07
1.45075e-07
9.97372e-08
-2.42648e-08
-2.30193e-07
-4.92409e-07
-7.47797e-07
-8.93983e-07
-7.98161e-07
-3.19517e-07
6.53599e-07
2.15317e-06
4.0725e-06
6.10714e-06
7.7079e-06
8.06122e-06
6.1143e-06
6.63343e-07
-9.47794e-06
-2.52148e-05
-4.68028e-05
-7.33708e-05
-0.000102339
-0.000128742
-0.000144484
-0.000137547
-9.11889e-05
1.68187e-05
0.000214881
0.000538148
0.00102891
0.0017368
0.00271876
0.00403871
0.00576703
0.00797968
0.0107571
0.0141829
0.0183422
0.0233202
0.0291998
0.0360605
0.0439758
0.0530117
0.0632249
0.0746616
0.0873555
0.101327
0.116584
0.133117
0.150904
0.169908
0.190079
0.21135
0.233647
0.256879
0.28095
0.305753
0.331175
0.357098
0.383402
0.409964
0.436661
0.463373
0.489983
0.516379
0.542453
0.568107
0.593247
0.61779
0.64166
0.664792
0.687129
0.708624
0.729239
0.748944
0.767719
0.785551
0.802435
0.818374
0.833376
0.847455
0.860631
0.872927
0.884371
0.894993
0.904827
0.913907
0.922271
0.929956
0.937
0.943441
0.949317
0.954665
0.959522
0.963922
0.967901
0.97149
0.974722
0.977625
0.980228
0.982557
0.984637
0.986491
0.988141
0.989605
0.990903
0.992052
0.993065
0.993958
0.994744
0.995433
0.996037
0.996565
0.997027
0.997431
0.997786
0.998098
0.998374
0.998621
0.998842
0.999041
0.99922
0.999375
0.999501
0.999589
0.999624
0.999586
0.999448
0.999176
0.998729
0.998059
0.997108
0.995815
0.99411
0.991917
0.989156
0.985744
0.981596
0.976628
0.970757
0.963903
0.955994
0.946963
0.936754
0.925321
0.91263
0.898661
0.883406
0.866875
0.849089
0.830086
0.809917
0.788646
0.76635
0.743118
0.719048
0.694245
0.668823
0.6429
0.616597
0.590036
0.563339
0.536627
0.510016
0.483621
0.457546
0.431893
0.406753
0.38221
0.35834
0.335208
0.312871
0.291376
0.270761
0.251056
0.232281
0.214449
0.197565
0.181626
0.166624
0.152545
0.139369
0.127073
0.115629
0.105007
0.0951733
0.0860926
0.0777285
0.0700436
0.0629997
0.0565587
0.0506829
0.0453349
0.0404783
0.0360778
0.0320992
0.0285097
0.0252782
0.0223749
0.0197718
0.0174426
0.0153626
0.0135087
0.0118595
0.0103952
0.00909741
0.00794934
0.00693553
0.00604187
0.00525549
0.00456472
0.00395895
0.00342861
0.00296508
0.00256059
0.0022082
0.00190167
0.00163546
0.00140462
0.00120475
0.00103196
0.000882796
0.000754218
0.000643543
0.000548416
0.000466765
0.00039678
0.000336876
0.00028567
0.000241957
0.00020469
0.00017296
0.000145979
0.000123065
0.000103631
8.71668e-05
7.3237e-05
6.14655e-05
5.15297e-05
4.31534e-05
3.61001e-05
3.01677e-05
2.51837e-05
2.10013e-05
1.74955e-05
1.45602e-05
1.21051e-05
1.00539e-05
8.34206e-06
6.91491e-06
5.72636e-06
4.73755e-06
3.91576e-06
3.23347e-06
2.66757e-06
2.19868e-06
1.81055e-06
1.48958e-06
1.22441e-06
1.00555e-06
8.25083e-07
6.76411e-07
5.54047e-07
4.5343e-07
3.70769e-07
3.02922e-07
2.47283e-07
2.01696e-07
1.64378e-07
1.33855e-07
1.08913e-07
8.85466e-08
7.19319e-08
5.83887e-08
4.73585e-08
3.83822e-08
3.10835e-08
2.51535e-08
2.03395e-08
1.64345e-08
1.32694e-08
1.0706e-08
8.63147e-09
6.9539e-09
5.59836e-09
4.50385e-09
3.62076e-09
2.90879e-09
2.33519e-09
1.87341e-09
1.50192e-09
1.20328e-09
9.63367e-10
7.70777e-10
6.16279e-10
4.92425e-10
3.93206e-10
3.13775e-10
2.50229e-10
1.99426e-10
1.58836e-10
1.26428e-10
1.0057e-10
7.99511e-11
6.35204e-11
5.04357e-11
4.00221e-11
3.17396e-11
2.51561e-11
1.99264e-11
1.57746e-11
1.24806e-11
9.86874e-12
7.79898e-12
6.1598e-12
4.86238e-12
3.83607e-12
3.0247e-12
2.38362e-12
1.87738e-12
1.47785e-12
1.16272e-12
9.14286e-13
7.18551e-13
5.6442e-13
4.43117e-13
3.47701e-13
2.72689e-13
2.13749e-13
1.67463e-13
1.31133e-13
1.02632e-13
8.02853e-14
6.27729e-14
4.9056e-14
3.83176e-14
2.99152e-14
2.33439e-14
1.82072e-14
1.41941e-14
1.10602e-14
8.61412e-15
6.70587e-15
5.21791e-15
4.05821e-15
3.15481e-15
2.45138e-15
1.90393e-15
1.47807e-15
1.14694e-15
8.89599e-16
6.89689e-16
5.34467e-16
4.13996e-16
3.20541e-16
2.48074e-16
1.91907e-16
1.48394e-16
1.14697e-16
8.86153e-17
6.84353e-17
5.28288e-17
4.07643e-17
3.14419e-17
2.42415e-17
1.86825e-17
1.43923e-17
1.10829e-17
8.531e-18
6.56408e-18
5.04865e-18
3.88156e-18
2.98309e-18
2.29169e-18
1.75986e-18
1.35093e-18
1.03663e-18
7.95143e-19
6.09682e-19
4.67303e-19
3.58039e-19
2.74221e-19
2.09947e-19
1.60679e-19
1.22928e-19
9.40121e-20
7.18719e-20
5.4926e-20
4.19605e-20
3.20442e-20
2.44627e-20
1.86684e-20
1.42415e-20
1.08606e-20
8.27948e-21
6.30959e-21
4.80674e-21
3.6606e-21
2.7868e-21
2.12087e-21
1.61353e-21
1.22714e-21
9.32967e-22
7.09081e-22
5.38745e-22
4.09193e-22
3.10694e-22
2.35828e-22
1.78945e-22
1.35739e-22
1.02932e-22
7.80299e-23
5.91335e-23
4.47992e-23
3.3929e-23
2.56884e-23
1.94433e-23
1.47119e-23
1.11285e-23
8.41531e-24
6.3617e-24
4.80779e-24
3.63235e-24
2.74348e-24
2.0715e-24
1.56366e-24
1.17997e-24
8.90171e-25
6.7135e-25
5.06174e-25
3.81527e-25
2.87492e-25
2.16573e-25
1.63102e-25
1.22798e-25
9.24272e-26
6.95486e-26
5.23186e-26
3.93463e-26
2.95823e-26
2.22352e-26
1.67083e-26
1.25518e-26
9.4267e-27
7.0778e-27
5.31277e-27
3.98683e-27
2.99102e-27
2.24334e-27
1.68213e-27
1.26098e-27
9.45027e-28
7.08057e-28
5.30371e-28
3.97174e-28
2.97351e-28
2.22561e-28
1.6654e-28
1.24588e-28
9.31812e-29
6.9674e-29
5.20841e-29
3.89253e-29
2.90838e-29
2.17253e-29
1.62246e-29
1.21136e-29
9.04215e-30
6.74782e-30
5.03445e-30
3.75523e-30
2.80038e-30
2.08783e-30
1.55622e-30
1.1597e-30
8.64011e-31
6.43563e-31
4.7925e-31
3.56807e-31
2.65586e-31
1.97641e-31
1.47045e-31
1.09377e-31
8.13399e-32
6.0476e-32
4.49537e-32
3.34081e-32
2.48222e-32
1.84389e-32
1.36941e-32
1.0168e-32
7.54822e-33
5.6022e-33
4.15699e-33
3.08394e-33
2.28739e-33
1.69621e-33
1.25757e-33
9.32071e-34
6.92066e-34
4.91726e-34
)
;

boundaryField
{
    sides
    {
        type            zeroGradient;
    }
    empty
    {
        type            empty;
    }
}


// ************************************************************************* //
