/*--------------------------------*- C++ -*----------------------------------*\
  =========                 |
  \\      /  F ield         | OpenFOAM: The Open Source CFD Toolbox
   \\    /   O peration     | Website:  https://openfoam.org
    \\  /    A nd           | Version:  7
     \\/     M anipulation  |
\*---------------------------------------------------------------------------*/
FoamFile
{
    version     2.0;
    format      ascii;
    class       volScalarField;
    location    "0.63";
    object      T;
}
// * * * * * * * * * * * * * * * * * * * * * * * * * * * * * * * * * * * * * //

dimensions      [0 0 0 1 0 0 0];

internalField   nonuniform List<scalar> 
1000
(
0
0
0
0
0
0
0
0
0
0
0
0
0
0
0
0
0
0
0
0
0
0
0
0
0
0
0
0
0
0
0
0
0
0
0
0
0
0
0
0
0
0
0
0
0
0
0
0
0
0
0
0
0
0
0
0
0
0
0
0
0
0
0
0
0
0
0
0
0
0
0
0
0
0
0
0
0
0
0
0
0
0
0
0
0
0
0
0
0
0
0
0
0
0
0
0
0
0
0
0
0
0
0
0
0
0
0
0
0
0
0
0
0
0
0
0
0
0
0
0
0
0
0
0
0
0
0
0
0
0
0
0
0
0
0
0
0
0
0
0
0
0
0
0
0
0
0
0
0
0
0
0
0
0
0
0
0
0
0
0
0
0
0
0
0
0
0
0
0
0
0
0
0
0
0
0
0
0
0
0
0
0
0
0
0
0
0
0
0
0
0
0
0
0
0
0
0
0
0
0
0
0
0
0
0
0
0
0
0
0
0
0
0
0
0
0
0
0
0
0
0
0
0
0
0
0
0
0
0
0
0
0
0
0
0
0
0
0
0
0
0
0
0
0
0
0
0
0
0
0
0
0
0
0
0
0
0
0
0
0
0
0
0
0
0
0
0
0
0
0
0
0
0
0
0
0
0
0
0
0
0
0
0
0
0
0
0
0
0
0
0
0
0
0
0
0
0
0
0
0
0
0
0
0
0
0
0
0
0
0
0
0
0
0
0
0
0
-3.08791e-320
-3.27455e-316
-3.44916e-312
-3.60795e-308
-3.74735e-304
-3.86398e-300
-3.95474e-296
-4.01697e-292
-4.04853e-288
-4.04793e-284
-4.01439e-280
-3.94793e-276
-3.84938e-272
-3.72039e-268
-3.5634e-264
-3.38153e-260
-3.17855e-256
-2.95869e-252
-2.72651e-248
-2.48674e-244
-2.24409e-240
-2.00311e-236
-1.76801e-232
-1.54253e-228
-1.32984e-224
-1.13245e-220
-9.52199e-217
-7.90214e-213
-6.46972e-209
-5.22339e-205
-4.15662e-201
-3.2586e-197
-2.51531e-193
-1.91065e-189
-1.42738e-185
-1.04807e-181
-7.55873e-178
-5.35055e-174
-3.7146e-170
-2.52718e-166
-1.68342e-162
-1.09693e-158
-6.98488e-155
-4.34178e-151
-2.63148e-147
-1.55313e-143
-8.91467e-140
-4.96872e-136
-2.68488e-132
-1.40403e-128
-7.09174e-125
-3.4524e-121
-1.61602e-117
-7.25394e-114
-3.11321e-110
-1.27318e-106
-4.9426e-103
-1.81345e-99
-6.25666e-96
-2.01786e-92
-6.041e-89
-1.66469e-85
-4.17912e-82
-9.43524e-79
-1.88411e-75
-3.25439e-72
-4.71206e-69
-5.45269e-66
-4.64614e-63
-2.44081e-60
-3.66353e-58
2.23249e-55
-3.6882e-53
3.61108e-51
-2.50475e-49
1.33582e-47
-5.74322e-46
2.05308e-44
-6.23612e-43
1.63534e-41
-3.74757e-40
7.5758e-39
-1.36099e-37
2.18557e-36
-3.15173e-35
4.09581e-34
-4.80913e-33
5.11083e-32
-4.92054e-31
4.29198e-30
-3.38876e-29
2.41703e-28
-1.55194e-27
8.92154e-27
-4.55281e-26
2.03467e-25
-7.78024e-25
2.43257e-24
-5.54306e-24
5.0668e-24
2.68091e-23
-1.65543e-22
4.68868e-22
-4.92664e-22
-1.8717e-21
1.01486e-20
-1.88666e-20
-1.49302e-20
1.69167e-19
-3.38973e-19
-2.55974e-19
2.63379e-18
-3.87991e-18
-7.70861e-18
3.47435e-17
-1.37371e-17
-1.60113e-16
2.77572e-16
4.53669e-16
-1.78508e-15
-4.25358e-16
8.2832e-15
-3.93907e-15
-3.24434e-14
3.17922e-14
1.16499e-13
-1.55983e-13
-4.07617e-13
6.10786e-13
1.44463e-12
-2.00916e-12
-5.20432e-12
5.36814e-12
1.84557e-11
-9.50546e-12
-6.10498e-11
-4.9192e-12
1.75567e-10
1.34959e-10
-3.89284e-10
-6.90723e-10
4.30411e-10
2.22858e-09
1.1565e-09
-4.39923e-09
-7.89598e-09
1.29132e-09
2.06426e-08
2.41177e-08
-1.51322e-08
-7.72567e-08
-8.02223e-08
5.04784e-08
2.59011e-07
3.14574e-07
-3.26675e-08
-7.39182e-07
-1.25754e-06
-7.38984e-07
1.27708e-06
4.04411e-06
5.34151e-06
2.35054e-06
-6.32568e-06
-1.83418e-05
-2.64652e-05
-2.00587e-05
1.02077e-05
6.52692e-05
0.000130597
0.000172525
0.000141322
-1.68006e-05
-0.00033864
-0.000816202
-0.00136656
-0.00180502
-0.00182737
-0.00100573
0.00119941
0.00541097
0.0122935
0.0225022
0.0366292
0.0551524
0.0783923
0.106483
0.139357
0.176745
0.218194
0.263093
0.310714
0.360247
0.41085
0.461688
0.511969
0.560975
0.608081
0.652774
0.694659
0.733453
0.768988
0.801193
0.830086
0.855758
0.878358
0.898077
0.915137
0.929775
0.942236
0.952764
0.961594
0.968948
0.97503
0.980027
0.984108
0.987419
0.990089
0.99223
0.993938
0.995292
0.99636
0.997198
0.997852
0.998361
0.998754
0.999057
0.999289
0.999466
0.9996
0.999702
0.999779
0.999836
0.999879
0.999911
0.999935
0.999953
0.999965
0.999975
0.999982
0.999987
0.999991
0.999993
0.999995
0.999997
0.999998
0.999998
0.999999
0.999999
0.999999
1
1
1
1
1
1
1
1
1
0.999999
0.999996
0.999995
0.999998
1.00001
1.00002
1.00003
1.00002
0.99999
0.999935
0.999869
0.999827
0.999859
1.00002
1.00034
1.00082
1.00137
1.00181
1.00183
1.00101
0.998801
0.994589
0.987707
0.977498
0.963371
0.944848
0.921608
0.893517
0.860643
0.823255
0.781806
0.736907
0.689286
0.639753
0.58915
0.538312
0.488031
0.439025
0.391919
0.347226
0.305341
0.266547
0.231012
0.198807
0.169914
0.144242
0.121642
0.101923
0.0848634
0.0702255
0.0577641
0.0472359
0.0384059
0.0310524
0.0249701
0.0199725
0.0158922
0.0125815
0.00991113
0.00776982
0.00606238
0.00470834
0.00364024
0.00280203
0.00214755
0.001639
0.00124572
0.000942995
0.00071102
0.000534041
0.000399598
0.000297895
0.000221272
0.000163774
0.000120796
8.87922e-05
6.50498e-05
4.75e-05
3.45735e-05
2.50856e-05
1.81452e-05
1.30852e-05
9.40822e-06
6.74471e-06
4.8214e-06
3.43684e-06
2.44312e-06
1.732e-06
1.22459e-06
8.6357e-07
6.07411e-07
4.26154e-07
2.98242e-07
2.08213e-07
1.45011e-07
1.00754e-07
6.98414e-08
4.83023e-08
3.33305e-08
2.29484e-08
1.57657e-08
1.08078e-08
7.3934e-09
5.04712e-09
3.43836e-09
2.33765e-09
1.58614e-09
1.07411e-09
7.25967e-10
4.89729e-10
3.29745e-10
2.21613e-10
1.48669e-10
9.95546e-11
6.65474e-11
4.44058e-11
2.958e-11
1.96705e-11
1.30588e-11
8.65503e-12
5.72696e-12
3.78336e-12
2.49539e-12
1.64329e-12
1.08048e-12
7.09338e-13
4.64977e-13
3.0434e-13
1.98905e-13
1.29807e-13
8.45916e-14
5.50474e-14
3.57713e-14
2.3213e-14
1.50428e-14
9.73508e-15
6.29169e-15
4.06088e-15
2.6176e-15
1.6851e-15
1.08341e-15
6.95679e-16
4.46151e-16
2.85771e-16
1.8282e-16
1.16817e-16
7.4553e-17
4.75239e-17
3.02588e-17
1.92437e-17
1.22244e-17
7.75664e-18
4.91625e-18
3.11252e-18
1.9684e-18
1.2435e-18
7.84707e-19
4.94662e-19
3.11496e-19
1.95949e-19
1.23137e-19
7.73013e-20
4.84782e-20
3.03719e-20
1.90093e-20
1.1886e-20
7.42475e-21
4.63351e-21
2.88884e-21
1.7994e-21
1.11976e-21
6.96178e-22
4.32431e-22
2.68361e-22
1.66391e-22
1.03075e-22
6.37956e-23
3.94501e-23
2.43742e-23
1.50466e-23
9.28056e-24
5.71932e-24
3.52169e-24
2.16669e-24
1.33194e-24
8.18125e-25
5.02115e-25
3.0792e-25
1.88681e-25
1.15525e-25
7.06782e-26
4.32074e-26
2.63935e-26
1.61104e-26
9.82623e-27
5.98884e-27
3.64734e-27
2.21967e-27
1.34985e-27
8.2029e-28
4.98124e-28
3.02272e-28
1.83295e-28
1.11071e-28
6.72585e-29
4.07e-29
2.46119e-29
1.4873e-29
8.98177e-30
5.42043e-30
3.26902e-30
1.97023e-30
1.18667e-30
7.14272e-31
4.29652e-31
2.58281e-31
1.55165e-31
9.31585e-32
5.58959e-32
3.35172e-32
2.00858e-32
1.20294e-32
7.20009e-33
4.30695e-33
2.57479e-33
1.53836e-33
9.18582e-34
5.48181e-34
3.26948e-34
1.94887e-34
1.16102e-34
6.91271e-35
4.11352e-35
2.44644e-35
1.45417e-35
8.63886e-36
5.12931e-36
3.04387e-36
1.80533e-36
1.07018e-36
6.3405e-37
3.75458e-37
2.22213e-37
1.31448e-37
7.77158e-38
4.59243e-38
2.7124e-38
1.60119e-38
9.44744e-39
5.57143e-39
3.284e-39
1.93475e-39
1.13928e-39
6.70544e-40
3.94468e-40
2.31946e-40
1.36318e-40
8.00781e-41
4.70184e-41
2.75942e-41
1.6187e-41
9.49099e-42
5.56233e-42
3.25839e-42
1.90788e-42
1.11661e-42
6.53219e-43
3.81963e-43
2.23249e-43
1.30427e-43
7.61647e-44
4.44581e-44
2.59394e-44
1.5128e-44
8.81893e-45
5.13885e-45
2.99318e-45
1.74268e-45
1.01419e-45
5.89984e-46
3.43069e-46
1.99409e-46
1.15859e-46
6.72884e-47
3.90638e-47
2.26691e-47
1.31499e-47
7.62491e-48
4.41955e-48
2.56065e-48
1.48304e-48
8.58593e-49
4.96883e-49
2.87445e-49
1.66222e-49
9.60859e-50
5.55221e-50
3.20708e-50
1.85179e-50
1.06884e-50
6.16698e-51
3.55692e-51
2.05077e-51
1.18196e-51
6.80974e-52
3.92196e-52
2.25798e-52
1.29953e-52
7.47644e-53
4.29985e-53
2.47206e-53
1.42074e-53
8.16244e-54
4.68788e-54
2.69144e-54
1.5447e-54
8.86252e-55
5.08305e-55
2.91438e-55
1.67041e-55
9.57098e-56
5.48209e-56
3.13902e-56
1.7968e-56
1.02817e-56
5.88153e-57
3.36338e-57
1.92275e-57
1.09883e-57
6.27773e-58
3.5854e-58
2.04709e-58
1.16842e-58
6.66697e-59
3.80298e-59
2.16863e-59
1.23627e-59
7.04549e-60
4.014e-60
2.28619e-60
1.30172e-60
7.40957e-61
4.21638e-61
2.39861e-61
1.36411e-61
7.75559e-62
4.40812e-62
2.50476e-62
1.42283e-62
8.08009e-63
4.58728e-63
2.60358e-63
1.47729e-63
8.37984e-64
4.7521e-64
2.6941e-64
1.52694e-64
8.65188e-65
4.90094e-65
2.77543e-65
1.57131e-65
8.89359e-66
5.03239e-66
2.84679e-66
1.60998e-66
9.1027e-67
5.14523e-67
2.90754e-67
1.6426e-67
9.27737e-68
5.23847e-68
2.95715e-68
1.66889e-68
9.41615e-69
5.31138e-69
2.99523e-69
1.68867e-69
9.51807e-70
5.36345e-70
3.02156e-70
1.70181e-70
9.58257e-71
5.39445e-71
3.03602e-71
1.70827e-71
9.60957e-72
5.40438e-72
3.03866e-72
1.70811e-72
9.5994e-73
5.39349e-73
3.02965e-73
1.70143e-73
9.55282e-74
5.36227e-74
3.00929e-74
1.68842e-74
9.47097e-75
5.3114e-75
2.978e-75
1.66933e-75
9.35535e-76
5.24179e-76
2.93631e-76
1.64447e-76
9.20778e-77
5.1545e-77
2.88484e-77
1.61421e-77
9.03036e-78
5.05073e-78
2.82429e-78
1.57895e-78
8.82544e-79
4.93185e-79
2.75544e-79
1.53914e-79
8.59554e-80
4.79929e-80
2.6791e-80
1.49524e-80
8.34313e-81
4.65973e-81
2.46629e-81
)
;

boundaryField
{
    sides
    {
        type            zeroGradient;
    }
    empty
    {
        type            empty;
    }
}


// ************************************************************************* //
