/*--------------------------------*- C++ -*----------------------------------*\
  =========                 |
  \\      /  F ield         | OpenFOAM: The Open Source CFD Toolbox
   \\    /   O peration     | Website:  https://openfoam.org
    \\  /    A nd           | Version:  7
     \\/     M anipulation  |
\*---------------------------------------------------------------------------*/
FoamFile
{
    version     2.0;
    format      ascii;
    class       volScalarField;
    location    "0.05";
    object      T;
}
// * * * * * * * * * * * * * * * * * * * * * * * * * * * * * * * * * * * * * //

dimensions      [0 0 0 1 0 0 0];

internalField   nonuniform List<scalar> 
1000
(
0
0
0
0
0
0
0
0
0
0
0
0
0
0
0
0
0
0
0
0
0
0
0
0
0
0
0
0
0
0
0
0
0
0
0
0
0
0
0
0
0
0
0
0
0
0
0
0
0
0
0
0
0
0
0
0
0
0
0
0
0
0
0
0
0
0
0
0
0
0
0
0
0
0
0
0
0
0
0
0
0
0
0
0
0
0
0
0
0
0
0
0
0
0
0
0
0
0
0
0
0
0
0
0
0
0
0
0
0
0
0
0
0
0
0
0
0
0
0
0
0
0
0
0
0
0
0
0
0
0
0
0
0
0
0
0
0
0
0
0
0
0
0
0
0
0
0
0
0
0
0
0
0
0
0
0
0
0
0
0
0
0
0
0
0
0
0
0
0
0
0
0
0
0
0
0
0
0
0
0
0
0
0
0
0
0
0
0
0
0
0
0
0
0
0
0
0
0
0
0
0
0
0
0
0
0
0
0
0
0
0
0
0
0
0
0
0
0
0
0
0
0
0
0
0
0
0
0
0
0
0
0
0
0
0
0
0
0
0
0
0
0
0
0
0
0
0
0
0
0
0
0
0
0
0
0
0
0
0
0
0
0
0
0
0
0
0
0
0
0
0
0
0
0
0
0
0
0
0
0
0
0
0
0
0
0
0
0
0
0
0
0
0
0
0
0
0
0
0
0
0
0
0
0
0
0
0
0
0
0
0
0
0
0
0
0
0
0
0
0
0
0
0
0
0
0
0
0
0
0
0
0
0
0
0
0
0
0
0
0
0
0
0
0
0
0
0
0
0
0
0
0
0
0
0
0
0
0
0
0
0
0
0
0
0
0
0
0
2.07508e-322
1.99047e-318
1.89718e-314
1.8072e-310
1.72045e-306
1.63685e-302
1.55633e-298
1.47881e-294
1.40422e-290
1.33247e-286
1.2635e-282
1.19724e-278
1.13362e-274
1.07256e-270
1.01399e-266
9.57847e-263
9.04065e-259
8.52575e-255
8.03311e-251
7.56208e-247
7.11204e-243
6.68234e-239
6.27238e-235
5.88153e-231
5.5092e-227
5.1548e-223
4.81774e-219
4.49746e-215
4.19339e-211
3.90497e-207
3.63166e-203
3.37293e-199
3.12826e-195
2.89711e-191
2.679e-187
2.47342e-183
2.27988e-179
2.09791e-175
1.92704e-171
1.7668e-167
1.61676e-163
1.47647e-159
1.3455e-155
1.22342e-151
1.10984e-147
1.00434e-143
9.06538e-140
8.16048e-136
7.32497e-132
6.55524e-128
5.84773e-124
5.19903e-120
4.60578e-116
4.06473e-112
3.57275e-108
3.12679e-104
2.72388e-100
2.36117e-96
2.0359e-92
1.7454e-88
1.48712e-84
1.25859e-80
1.05743e-76
8.81366e-73
7.28232e-69
5.95946e-65
4.82529e-61
3.86101e-57
3.04878e-53
2.37175e-49
1.81406e-45
1.36082e-41
9.98138e-38
7.13101e-34
4.93786e-30
3.29258e-26
2.09572e-22
1.25769e-18
6.98867e-15
3.4951e-11
1.49825e-07
0.00049955
0.9995
1
1
1
1
1
1
1
1
1
1
1
1
1
1
1
1
1
1
1
1
1
1
1
1
1
1
1
1
1
1
1
1
1
1
1
1
1
1
1
1
1
1
1
1
1
1
1
1
1
1
1
1
1
1
1
1
1
1
1
1
1
1
1
1
1
1
1
1
1
1
1
1
1
1
1
1
1
1
1
1
1
1
1
1
1
1
1
1
1
1
1
1
1
1
1
1
1
1
0.9995
0.00049955
1.49825e-07
3.4951e-11
6.98867e-15
1.25769e-18
2.09572e-22
3.29258e-26
4.93786e-30
7.13101e-34
9.98138e-38
1.36082e-41
1.81406e-45
2.37175e-49
3.04878e-53
3.86101e-57
4.82529e-61
5.95946e-65
7.28232e-69
8.81366e-73
1.05743e-76
1.25859e-80
1.48712e-84
1.7454e-88
2.0359e-92
2.36117e-96
2.72388e-100
3.12679e-104
3.57275e-108
4.06473e-112
4.60578e-116
5.19903e-120
5.84773e-124
6.55524e-128
7.32497e-132
8.16048e-136
9.06538e-140
1.00434e-143
1.10984e-147
1.22342e-151
1.3455e-155
1.47647e-159
1.61676e-163
1.7668e-167
1.92704e-171
2.09791e-175
2.27988e-179
2.47342e-183
2.679e-187
2.89711e-191
3.12826e-195
3.37293e-199
3.63166e-203
3.90497e-207
4.19339e-211
4.49746e-215
4.81774e-219
5.1548e-223
5.5092e-227
5.88153e-231
6.27238e-235
6.68234e-239
7.11204e-243
7.56208e-247
8.03311e-251
8.52575e-255
9.04065e-259
9.57847e-263
1.01399e-266
1.07256e-270
1.13362e-274
1.19724e-278
1.2635e-282
1.33247e-286
1.40422e-290
1.47881e-294
1.55633e-298
1.63685e-302
1.72045e-306
1.8072e-310
1.89718e-314
1.99047e-318
2.07508e-322
0
0
0
0
0
0
0
0
0
0
0
0
0
0
0
0
0
0
0
0
0
0
0
0
0
0
0
0
0
0
0
0
0
0
0
0
0
0
0
0
0
0
0
0
0
0
0
0
0
0
0
0
0
0
0
0
0
0
0
0
0
0
0
0
0
0
0
0
0
0
0
0
0
0
0
0
0
0
0
0
0
0
0
0
0
0
0
0
0
0
0
0
0
0
0
0
0
0
0
0
0
0
0
0
0
0
0
0
0
0
0
0
0
0
0
0
0
0
0
0
0
0
0
0
0
0
0
0
0
0
0
0
0
0
0
0
0
0
0
0
0
0
0
0
0
0
0
0
0
0
0
0
0
0
0
0
0
0
0
0
0
0
0
0
0
0
0
0
0
0
0
0
0
0
0
0
0
0
0
0
0
0
0
0
0
0
0
0
0
0
0
0
0
0
0
0
0
0
0
0
0
0
0
0
0
0
0
0
0
0
0
0
0
0
0
0
0
0
0
0
0
0
0
0
0
0
0
0
0
0
0
0
0
0
0
0
0
0
0
0
0
0
0
0
0
0
0
0
0
0
0
0
0
0
0
0
0
0
0
0
0
0
0
0
0
0
0
0
0
0
0
0
0
0
0
0
0
0
0
0
0
0
0
0
0
0
0
0
0
0
0
0
0
0
0
0
0
0
0
0
0
0
0
0
0
0
0
0
0
0
0
0
0
0
0
0
0
0
0
0
0
0
0
0
0
0
0
0
0
0
0
0
0
0
0
0
0
0
0
0
0
0
0
0
0
0
0
0
0
0
0
0
0
0
0
0
0
0
0
0
0
0
0
0
0
0
0
0
)
;

boundaryField
{
    sides
    {
        type            zeroGradient;
    }
    empty
    {
        type            empty;
    }
}


// ************************************************************************* //
