/*--------------------------------*- C++ -*----------------------------------*\
  =========                 |
  \\      /  F ield         | OpenFOAM: The Open Source CFD Toolbox
   \\    /   O peration     | Website:  https://openfoam.org
    \\  /    A nd           | Version:  7
     \\/     M anipulation  |
\*---------------------------------------------------------------------------*/
FoamFile
{
    version     2.0;
    format      ascii;
    class       volScalarField;
    location    "1.18";
    object      T;
}
// * * * * * * * * * * * * * * * * * * * * * * * * * * * * * * * * * * * * * //

dimensions      [0 0 0 1 0 0 0];

internalField   nonuniform List<scalar> 
1000
(
0
0
0
0
0
0
0
0
0
0
0
0
0
0
0
0
0
0
0
0
0
0
0
0
0
0
0
0
0
0
0
0
0
0
0
0
0
0
0
0
0
0
0
0
0
0
0
0
0
0
0
0
0
0
0
0
0
0
0
0
0
0
0
0
0
0
0
0
0
0
0
0
0
0
0
0
0
0
0
0
0
0
0
0
0
0
0
0
0
0
0
0
0
0
0
0
0
0
0
0
0
0
0
0
0
0
0
0
0
0
0
0
0
0
0
0
0
0
0
0
0
0
0
0
0
0
0
0
0
0
0
0
0
0
0
0
0
0
0
0
0
0
0
0
0
0
0
0
0
0
0
0
0
0
0
0
0
0
0
0
0
0
0
0
0
0
0
0
0
0
0
0
0
0
0
0
0
0
0
0
0
0
0
0
0
0
0
0
0
0
0
0
0
0
0
0
0
0
0
0
0
0
0
0
0
0
0
0
0
0
0
0
0
0
0
0
0
0
0
0
0
0
0
0
0
0
0
0
0
0
0
0
0
0
0
0
0
0
0
0
0
0
0
0
0
0
0
0
0
0
0
0
0
0
0
0
0
0
0
0
0
0
0
0
0
0
0
0
0
0
0
0
0
0
0
0
0
0
0
0
0
0
0
0
0
0
0
0
0
0
0
0
0
0
0
0
0
0
0
0
0
0
0
0
0
0
0
0
0
0
0
0
0
0
0
0
0
0
0
0
0
0
0
0
0
0
0
0
0
0
0
0
2.72509e-107
-1.4443e-104
3.7844e-102
-6.53532e-100
8.36654e-98
-8.46807e-96
7.05719e-94
-4.98012e-92
3.03723e-90
-1.6259e-88
7.73375e-87
-3.30093e-85
1.27448e-83
-4.48129e-82
1.44316e-80
-4.2773e-79
1.17162e-77
-2.97671e-76
7.03705e-75
-1.55222e-73
3.20244e-72
-6.19305e-71
1.12473e-69
-1.92145e-68
3.09235e-67
-4.69444e-66
6.72971e-65
-9.11897e-64
1.16892e-62
-1.41842e-61
1.63021e-60
-1.7753e-59
1.83237e-58
-1.79275e-57
1.66261e-56
-1.46134e-55
1.2169e-54
-9.59568e-54
7.15965e-53
-5.04976e-52
3.36238e-51
-2.11002e-50
1.24522e-49
-6.89134e-49
3.56321e-48
-1.71272e-47
7.59999e-47
-3.08164e-46
1.12359e-45
-3.5809e-45
9.39553e-45
-1.69063e-44
-1.11427e-45
1.72021e-43
-8.73943e-43
2.72341e-42
-5.02904e-42
-1.17049e-42
4.92719e-41
-2.01752e-40
4.23331e-40
-3.70874e-41
-3.25825e-39
1.24072e-38
-1.9367e-38
-2.67569e-38
2.32348e-37
-5.51123e-37
5.05694e-38
3.69061e-36
-1.09051e-35
5.27104e-36
5.7777e-35
-1.80963e-34
7.61208e-35
9.46602e-34
-2.59449e-33
-7.66012e-35
1.54294e-32
-3.00834e-32
-3.06992e-32
2.23374e-31
-2.17266e-31
-8.46032e-31
2.4771e-30
7.1119e-31
-1.36877e-29
1.48052e-29
4.89303e-29
-1.30873e-28
-8.60621e-29
7.0834e-28
-3.09427e-28
-2.94166e-27
3.95573e-27
9.7911e-27
-2.4548e-26
-2.49745e-26
1.19276e-25
3.51155e-26
-5.05829e-25
9.30024e-26
1.96812e-24
-1.06389e-24
-7.25311e-24
5.86452e-24
2.59281e-23
-2.55437e-23
-9.15131e-23
9.64634e-23
3.22204e-22
-3.23113e-22
-1.13296e-21
9.46253e-22
3.94672e-21
-2.25463e-21
-1.34109e-20
3.15123e-21
4.35144e-20
7.01339e-21
-1.31112e-19
-8.27494e-20
3.51872e-19
4.38115e-19
-7.74391e-19
-1.75176e-18
1.055e-18
5.68886e-18
1.24201e-18
-1.47479e-17
-1.53192e-17
2.68733e-17
6.45406e-17
-1.19424e-17
-1.79983e-16
-1.46092e-16
3.12099e-16
6.98088e-16
-2.6676e-17
-1.76488e-15
-1.96214e-15
1.98877e-15
7.15796e-15
4.14066e-15
-1.17365e-14
-2.51053e-14
-6.12032e-15
4.99284e-14
8.39291e-14
5.58916e-15
-1.82667e-13
-2.84322e-13
-2.11739e-14
6.01648e-13
9.93996e-13
2.65358e-13
-1.74905e-12
-3.48017e-12
-2.06516e-12
3.99412e-12
1.14026e-11
1.15758e-11
-3.62754e-12
-3.12806e-11
-5.00407e-11
-2.73968e-11
5.37526e-11
1.61101e-10
2.0076e-10
5.79563e-11
-3.04735e-10
-7.37151e-10
-8.7156e-10
-2.66567e-10
1.25696e-09
3.21391e-09
4.26166e-09
2.53759e-09
-3.30219e-09
-1.2549e-08
-2.11142e-08
-2.14908e-08
-5.05006e-09
3.29665e-08
8.6744e-08
1.34158e-07
1.36062e-07
4.48853e-08
-1.74874e-07
-5.15616e-07
-8.92248e-07
-1.11805e-06
-9.09358e-07
6.13364e-08
2.04947e-06
5.05821e-06
8.6132e-06
1.15378e-05
1.18029e-05
6.55099e-06
-7.59001e-06
-3.37859e-05
-7.37677e-05
-0.000126034
-0.000183473
-0.000230482
-0.000239704
-0.000168619
4.3731e-05
0.000479582
0.00124449
0.00246827
0.0043046
0.00692904
0.0105355
0.015331
0.0215294
0.0293435
0.0389767
0.0506145
0.0644161
0.0805061
0.0989685
0.119841
0.143112
0.168719
0.196547
0.226436
0.25818
0.291535
0.326226
0.361955
0.398408
0.435265
0.472208
0.508927
0.545131
0.580547
0.614932
0.648072
0.679787
0.709929
0.738386
0.765078
0.789958
0.813005
0.834229
0.85366
0.871349
0.887363
0.901784
0.9147
0.926211
0.936417
0.945423
0.953331
0.960243
0.966256
0.971464
0.975956
0.979812
0.983109
0.985916
0.988297
0.990308
0.992
0.993418
0.994602
0.995587
0.996404
0.997078
0.997634
0.998089
0.998461
0.998765
0.999011
0.999211
0.999372
0.999501
0.999605
0.999688
0.999755
0.999807
0.999849
0.999882
0.999908
0.999928
0.999945
0.999957
0.999967
0.999975
0.999982
0.999986
0.999988
0.999989
0.999988
0.999986
0.999985
0.999985
0.999991
1.00001
1.00003
1.00007
1.00013
1.00018
1.00023
1.00024
1.00017
0.999956
0.99952
0.998755
0.997532
0.995695
0.993071
0.989464
0.984669
0.978471
0.970656
0.961023
0.949385
0.935584
0.919494
0.901031
0.880159
0.856888
0.831281
0.803453
0.773564
0.74182
0.708465
0.673774
0.638045
0.601592
0.564735
0.527792
0.491073
0.454869
0.419453
0.385068
0.351928
0.320213
0.290071
0.261614
0.234922
0.210042
0.186995
0.165771
0.14634
0.128651
0.112637
0.0982165
0.0852997
0.073789
0.0635826
0.054577
0.046669
0.0397572
0.0337439
0.0285356
0.0240444
0.0201882
0.0168911
0.0140838
0.0117031
0.00969218
0.00800026
0.00658215
0.005398
0.00441285
0.00359621
0.00292165
0.00236641
0.00191094
0.00153857
0.00123515
0.000988711
0.000789195
0.000628177
0.000498629
0.000394719
0.000311622
0.000245366
0.000192691
0.000150933
0.000117923
9.19005e-05
7.14423e-05
5.54021e-05
4.28591e-05
3.30766e-05
2.54665e-05
1.95616e-05
1.49913e-05
1.14626e-05
8.74481e-06
6.65659e-06
5.05592e-06
3.83183e-06
2.89789e-06
2.18694e-06
1.64696e-06
1.23775e-06
9.28307e-07
6.94823e-07
5.19027e-07
3.86944e-07
2.87911e-07
2.13811e-07
1.5848e-07
1.17246e-07
8.65788e-08
6.38151e-08
4.69508e-08
3.44809e-08
2.52778e-08
1.84983e-08
1.35134e-08
9.85481e-09
7.17445e-09
5.21427e-09
3.7833e-09
2.74049e-09
1.98186e-09
1.43091e-09
1.03146e-09
7.42342e-10
5.33422e-10
3.82701e-10
2.74144e-10
1.9608e-10
1.40034e-10
9.98572e-11
7.1102e-11
5.05529e-11
3.58904e-11
2.54439e-11
1.80124e-11
1.27333e-11
8.98888e-12
6.33674e-12
4.46097e-12
3.13618e-12
2.20184e-12
1.5438e-12
1.08099e-12
7.55924e-13
5.27924e-13
3.68218e-13
2.56497e-13
1.78448e-13
1.23992e-13
8.60468e-14
5.96404e-14
4.12872e-14
2.85472e-14
1.97146e-14
1.35987e-14
9.36896e-15
6.44729e-15
4.43157e-15
3.04256e-15
2.08652e-15
1.42927e-15
9.77955e-16
6.68404e-16
4.5633e-16
3.11202e-16
2.11999e-16
1.44263e-16
9.80649e-17
6.65902e-17
4.51699e-17
3.0608e-17
2.0719e-17
1.40106e-17
9.46461e-18
6.38716e-18
4.30602e-18
2.90009e-18
1.95127e-18
1.31158e-18
8.80748e-19
5.90864e-19
3.9601e-19
2.65162e-19
1.7738e-19
1.18547e-19
7.9154e-20
5.28022e-20
3.51911e-20
2.34325e-20
1.55887e-20
1.03612e-20
6.8806e-21
4.56516e-21
3.02624e-21
2.00434e-21
1.32637e-21
8.76965e-22
5.79334e-22
3.82391e-22
2.52185e-22
1.66176e-22
1.0941e-22
7.19754e-23
4.73104e-23
3.10724e-23
2.03912e-23
1.33709e-23
8.76058e-24
5.73536e-24
3.75185e-24
2.4524e-24
1.60177e-24
1.04538e-24
6.8173e-25
4.44244e-25
2.89269e-25
1.88215e-25
1.22373e-25
7.95042e-26
5.16151e-26
3.34845e-26
2.17068e-26
1.40615e-26
9.10244e-27
5.88806e-27
3.80608e-27
2.45854e-27
1.58698e-27
1.02368e-27
6.59867e-28
4.25058e-28
2.73618e-28
1.76013e-28
1.13149e-28
7.26883e-29
4.66648e-29
2.99382e-29
1.91944e-29
1.22982e-29
7.87448e-30
5.03874e-30
3.22213e-30
2.05913e-30
1.31508e-30
8.39347e-31
5.35376e-31
3.41275e-31
2.1741e-31
1.38416e-31
8.80699e-32
5.60018e-32
3.55887e-32
2.26027e-32
1.43465e-32
9.1007e-33
5.76958e-33
3.65558e-33
2.3148e-33
1.46493e-33
9.26551e-34
5.85692e-34
3.70016e-34
2.33627e-34
1.47427e-34
9.29797e-35
5.86076e-35
3.69213e-35
2.32466e-35
1.46285e-35
9.2003e-36
5.78318e-36
3.63325e-36
2.28133e-36
1.43168e-36
8.97995e-37
5.62949e-37
3.52723e-37
2.20887e-37
1.38254e-37
8.64886e-38
5.40773e-38
3.37945e-38
2.11084e-38
1.31778e-38
8.22256e-39
5.12806e-39
3.19654e-39
1.99155e-39
1.24018e-39
7.71902e-40
4.80204e-40
2.98591e-40
1.85573e-40
1.15277e-40
7.1575e-41
4.44191e-41
2.75531e-41
1.7083e-41
1.05865e-41
6.55748e-42
4.05991e-42
2.51243e-42
1.55406e-42
9.60821e-43
5.93768e-43
3.66768e-43
2.26448e-43
1.39749e-43
8.62052e-44
5.31523e-44
3.2758e-44
2.01799e-44
1.24259e-44
7.64794e-45
4.70513e-45
2.8934e-45
1.77851e-45
1.09274e-45
6.71105e-46
4.11982e-46
2.52802e-46
1.55059e-46
9.50672e-47
5.82615e-47
3.56903e-47
2.18544e-47
1.33766e-47
8.18415e-48
5.00522e-48
3.05981e-48
1.86977e-48
1.14211e-48
6.97347e-49
4.25615e-49
2.59664e-49
1.58355e-49
9.65339e-50
5.88243e-50
3.58313e-50
2.18172e-50
1.3279e-50
8.07909e-51
4.91351e-51
2.98713e-51
1.81531e-51
1.10276e-51
6.69648e-52
4.06488e-52
2.46652e-52
1.4961e-52
9.07135e-53
5.49823e-53
3.33129e-53
2.01764e-53
1.22156e-53
7.39307e-54
4.47279e-54
2.70504e-54
1.63536e-54
9.88318e-55
5.97068e-55
3.60576e-55
2.17679e-55
1.31351e-55
7.94717e-56
4.4416e-56
)
;

boundaryField
{
    sides
    {
        type            zeroGradient;
    }
    empty
    {
        type            empty;
    }
}


// ************************************************************************* //
