/*--------------------------------*- C++ -*----------------------------------*\
  =========                 |
  \\      /  F ield         | OpenFOAM: The Open Source CFD Toolbox
   \\    /   O peration     | Website:  https://openfoam.org
    \\  /    A nd           | Version:  7
     \\/     M anipulation  |
\*---------------------------------------------------------------------------*/
FoamFile
{
    version     2.0;
    format      ascii;
    class       volScalarField;
    location    "3.42";
    object      T;
}
// * * * * * * * * * * * * * * * * * * * * * * * * * * * * * * * * * * * * * //

dimensions      [0 0 0 1 0 0 0];

internalField   nonuniform List<scalar> 
1000
(
1.02734e-182
1.03024e-182
1.04079e-182
1.07032e-182
1.1465e-182
1.33699e-182
1.8072e-182
2.96133e-182
5.78662e-182
1.26935e-181
2.95651e-181
7.07539e-181
1.71261e-180
4.16411e-180
1.01412e-179
2.4708e-179
6.01951e-179
1.46613e-178
3.5697e-178
8.68818e-178
2.11375e-177
5.14052e-177
1.24964e-176
3.03659e-176
7.37585e-176
1.79086e-175
4.34642e-175
1.05445e-174
2.55706e-174
6.19837e-174
1.50188e-173
3.63759e-173
8.80665e-173
2.13122e-172
5.15542e-172
1.24658e-171
3.01295e-171
7.27916e-171
1.75788e-170
4.24339e-170
1.02389e-169
2.46949e-169
5.95358e-169
1.43471e-168
3.45592e-168
8.32102e-168
2.00264e-167
4.81772e-167
1.15849e-166
2.78455e-166
6.69005e-166
1.60662e-165
3.85664e-165
9.25366e-165
2.21936e-164
5.32047e-164
1.27491e-163
3.05364e-163
7.31078e-163
1.74951e-162
4.18479e-162
1.00055e-161
2.39114e-161
5.71187e-161
1.36382e-160
3.25489e-160
7.76461e-160
1.85142e-159
4.41258e-159
1.05119e-158
2.50306e-158
5.95746e-158
1.41726e-157
3.37007e-157
8.00988e-157
1.90288e-156
4.5185e-156
1.07244e-155
2.54419e-155
6.03283e-155
1.42984e-154
3.38727e-154
8.02056e-154
1.89825e-153
4.49051e-153
1.06177e-152
2.50932e-152
5.92753e-152
1.39953e-151
3.30278e-151
7.79053e-151
1.83672e-150
4.32821e-150
1.01944e-149
2.39993e-149
5.64709e-149
1.32812e-148
3.122e-148
7.33525e-148
1.72258e-147
4.04324e-147
9.48552e-147
2.22421e-146
5.21279e-146
1.22109e-145
2.85893e-145
6.69022e-145
1.56479e-144
3.65805e-144
8.54715e-144
1.99604e-143
4.65903e-143
1.08692e-142
2.53439e-142
5.90642e-142
1.37578e-141
3.20293e-141
7.45278e-141
1.73325e-140
4.02879e-140
9.35965e-140
2.17327e-139
5.04357e-139
1.16985e-138
2.71201e-138
6.28374e-138
1.45517e-137
3.368e-137
7.79107e-137
1.8013e-136
4.16237e-136
9.61295e-136
2.21889e-135
5.11889e-135
1.18026e-134
2.71981e-134
6.26412e-134
1.44192e-133
3.31725e-133
7.62736e-133
1.75278e-132
4.02564e-132
9.24055e-132
2.1199e-131
4.86057e-131
1.11381e-130
2.55087e-130
5.8387e-130
1.33566e-129
3.05368e-129
6.97753e-129
1.59341e-128
3.63666e-128
8.29514e-128
1.891e-127
4.30827e-127
9.80981e-127
2.23235e-126
5.07698e-126
1.15396e-125
2.62132e-125
5.95097e-125
1.35019e-124
3.06156e-124
6.9379e-124
1.57127e-123
3.5564e-123
8.04462e-123
1.81859e-122
4.10866e-122
9.27679e-122
2.09328e-121
4.72052e-121
1.06385e-120
2.3961e-120
5.39332e-120
1.21321e-119
2.72737e-119
6.12741e-119
1.37574e-118
3.08689e-118
6.92196e-118
1.55117e-117
3.47388e-117
7.7748e-117
1.73894e-116
3.88686e-116
8.68226e-116
1.93814e-115
4.32367e-115
9.6391e-115
2.14751e-114
4.78133e-114
1.06384e-113
2.36545e-113
5.25611e-113
1.16714e-112
2.58997e-112
5.74346e-112
1.2728e-111
2.81872e-111
6.23808e-111
1.3796e-110
3.04903e-110
6.73397e-110
1.48622e-109
3.2779e-109
7.22452e-109
1.59118e-108
3.50211e-108
7.70259e-108
1.69293e-107
3.71823e-107
8.16071e-107
1.78983e-106
3.92273e-106
8.59124e-106
1.88024e-105
4.11206e-105
8.98656e-105
1.96252e-104
4.28273e-104
9.33925e-104
2.0351e-103
4.43143e-103
9.64236e-103
2.09654e-102
4.55514e-102
9.88962e-102
2.14553e-101
4.6512e-101
1.00756e-100
2.18098e-100
4.71742e-100
1.0196e-99
2.20204e-99
4.75214e-99
1.02476e-98
2.20813e-98
4.75435e-98
1.02288e-97
2.19897e-97
4.72366e-97
1.01391e-96
2.17461e-96
4.66038e-96
9.97976e-96
2.13538e-95
4.56549e-95
9.75335e-95
2.08197e-94
4.44064e-94
9.46387e-94
2.01531e-93
4.28809e-93
9.11661e-93
1.93664e-92
4.11064e-92
8.71794e-92
1.8474e-91
3.91156e-91
8.27519e-91
1.74922e-90
3.69446e-90
7.79636e-90
1.64387e-89
3.46321e-89
7.2899e-89
1.53319e-88
3.22181e-88
6.76444e-88
1.41903e-87
2.97426e-87
6.22858e-87
1.30324e-86
2.72446e-86
5.69059e-86
1.18756e-85
2.4761e-85
5.15823e-85
1.07361e-84
2.23259e-84
4.63855e-84
9.6287e-84
1.99693e-83
4.13777e-83
8.56598e-83
1.77172e-82
3.66113e-82
7.55856e-82
1.55907e-81
3.21285e-81
6.61478e-81
1.36062e-80
2.79612e-80
5.74074e-80
1.17753e-79
2.41307e-79
4.94034e-79
1.01049e-78
2.06489e-78
4.21546e-78
8.5976e-78
1.75183e-77
3.56607e-77
7.25214e-77
1.4734e-76
2.99056e-76
6.064e-76
1.2284e-75
2.48595e-75
5.02592e-75
1.0151e-74
2.04818e-74
4.12851e-74
8.31349e-74
1.67239e-73
3.36086e-73
6.74722e-73
1.35318e-72
2.7111e-72
5.42612e-72
1.08489e-71
2.16688e-71
4.32348e-71
8.61749e-71
1.71583e-70
3.41283e-70
6.78106e-70
1.34593e-69
2.66862e-69
5.28556e-69
1.04576e-68
2.06685e-68
4.08054e-68
8.04747e-68
1.58537e-67
3.11984e-67
6.1328e-67
1.20424e-66
2.36204e-66
4.62791e-66
9.05739e-66
1.77068e-65
3.45774e-65
6.74465e-65
1.31413e-64
2.55759e-64
4.97202e-64
9.65478e-64
1.87265e-63
3.62808e-63
7.02101e-63
1.35713e-62
2.62026e-62
5.05316e-62
9.73368e-62
1.87277e-61
3.59902e-61
6.90834e-61
1.3245e-60
2.53638e-60
4.85136e-60
9.26817e-60
1.7685e-59
3.37052e-59
6.416e-59
1.21985e-58
2.31645e-58
4.3935e-58
8.32278e-58
1.57468e-57
2.97567e-57
5.61616e-57
1.05866e-56
1.99312e-56
3.74774e-56
7.03821e-56
1.32011e-55
2.47291e-55
4.62656e-55
8.64485e-55
1.61326e-54
3.00673e-54
5.59665e-54
1.04041e-53
1.9316e-53
3.58154e-53
6.63218e-53
1.22653e-52
2.26531e-52
4.1784e-52
7.69695e-52
1.41597e-51
2.60143e-51
4.773e-51
8.74563e-51
1.60033e-50
2.92444e-50
5.33691e-50
9.72633e-50
1.77018e-49
3.21733e-49
5.83954e-49
1.05844e-48
1.91582e-48
3.46294e-48
6.25076e-48
1.12672e-47
2.02812e-47
3.64557e-47
6.54374e-47
1.17294e-46
2.09947e-46
3.75258e-46
6.69779e-46
1.19375e-45
2.12459e-45
3.77583e-45
6.70077e-45
1.18743e-44
2.10119e-44
3.71269e-44
6.55056e-44
1.15407e-43
2.03026e-43
3.5664e-43
6.25559e-43
1.09563e-42
1.91607e-42
3.34592e-42
5.83403e-42
1.01571e-41
1.76572e-41
3.06491e-41
5.31198e-41
9.19256e-41
1.58839e-40
2.7404e-40
4.72071e-40
8.11961e-40
1.39442e-39
2.39102e-39
4.09356e-39
6.99754e-39
1.1943e-38
2.03519e-38
3.46272e-38
5.88232e-38
9.97693e-38
1.68951e-37
2.85652e-37
4.82199e-37
8.1269e-37
1.36751e-36
2.29744e-36
3.85356e-36
6.45331e-36
1.07896e-35
1.80105e-35
3.00154e-35
4.99411e-35
8.29595e-35
1.37584e-34
2.27802e-34
3.76564e-34
6.21452e-34
1.02391e-33
1.68422e-33
2.76579e-33
4.53442e-33
7.42168e-33
1.21272e-32
1.97831e-32
3.22184e-32
5.23826e-32
8.50239e-32
1.37773e-31
2.22873e-31
3.59929e-31
5.80286e-31
9.33967e-31
1.50066e-30
2.40711e-30
3.85452e-30
6.16172e-30
9.83311e-30
1.56652e-29
2.49135e-29
3.95537e-29
6.2689e-29
9.91851e-29
1.56657e-28
2.47004e-28
3.88779e-28
6.10869e-28
9.5816e-28
1.50028e-27
2.34502e-27
3.65901e-27
5.69928e-27
8.86167e-27
1.37546e-26
2.13118e-26
3.2963e-26
5.08942e-26
7.8441e-26
1.20685e-25
1.8535e-25
2.84161e-25
4.34877e-25
6.64352e-25
1.01312e-24
1.54222e-24
2.34349e-24
3.55472e-24
5.38235e-24
8.13514e-24
1.22739e-23
1.84851e-23
2.77898e-23
4.17034e-23
6.2471e-23
9.3413e-23
1.3943e-22
2.07743e-22
3.0897e-22
4.58696e-22
6.79754e-22
1.00554e-21
1.48478e-21
2.18849e-21
3.21991e-21
4.72889e-21
6.93254e-21
1.01448e-20
1.48186e-20
2.16068e-20
3.14477e-20
4.56881e-20
6.62572e-20
9.59133e-20
1.38593e-19
1.99902e-19
2.87812e-19
4.13635e-19
5.93391e-19
8.49729e-19
1.21461e-18
1.73303e-18
2.46828e-18
3.50912e-18
4.97987e-18
7.05431e-18
9.9749e-18
1.40793e-17
1.98366e-17
2.78981e-17
3.91651e-17
5.48837e-17
7.67725e-17
1.07198e-16
1.49414e-16
2.0788e-16
2.88707e-16
4.00241e-16
5.53872e-16
7.65102e-16
1.055e-15
1.45215e-15
1.99523e-15
2.73653e-15
3.74657e-15
5.12029e-15
6.98526e-15
9.5126e-15
1.29314e-14
1.75477e-14
2.37699e-14
3.21415e-14
4.33847e-14
5.84577e-14
7.86287e-14
1.05574e-13
1.41504e-13
1.89329e-13
2.52875e-13
3.37158e-13
4.48747e-13
5.96227e-13
7.90798e-13
1.04704e-12
1.38391e-12
1.82598e-12
2.40511e-12
3.16243e-12
4.15105e-12
5.43934e-12
7.11522e-12
9.29146e-12
1.21125e-11
1.57632e-11
2.04791e-11
2.65605e-11
3.43893e-11
4.44502e-11
5.73572e-11
7.38868e-11
9.50196e-11
1.21991e-10
1.56355e-10
2.00064e-10
2.55563e-10
3.25913e-10
4.14936e-10
5.27399e-10
6.69231e-10
8.47802e-10
1.07225e-09
1.35388e-09
1.70668e-09
2.14788e-09
2.69872e-09
3.3853e-09
4.23964e-09
5.30098e-09
6.61727e-09
8.24708e-09
1.02617e-08
1.27481e-08
1.58114e-08
1.95795e-08
2.4207e-08
2.98805e-08
3.68253e-08
4.53125e-08
5.56677e-08
6.82819e-08
8.36232e-08
1.02251e-07
1.24833e-07
1.52166e-07
1.85196e-07
2.25047e-07
2.73052e-07
3.30787e-07
4.00116e-07
4.83236e-07
5.82735e-07
7.01653e-07
8.43559e-07
1.01263e-06
1.21377e-06
1.45267e-06
1.736e-06
2.07149e-06
2.46815e-06
2.9364e-06
3.48833e-06
4.13791e-06
4.90125e-06
5.79692e-06
6.84628e-06
8.07385e-06
9.50776e-06
1.11802e-05
1.31279e-05
1.53928e-05
1.80227e-05
2.10719e-05
2.46021e-05
2.86832e-05
3.33941e-05
3.88242e-05
4.50743e-05
5.22575e-05
6.05015e-05
6.99493e-05
8.07609e-05
9.31157e-05
0.000107214
0.000123278
0.000141557
0.000162327
0.000185893
0.000212595
0.000242808
0.000276945
0.000315463
0.000358864
0.000407698
0.000462571
0.000524145
0.000593143
0.000670354
0.000756641
0.000852937
0.000960259
0.00107971
0.00121248
0.00135986
0.00152323
0.00170409
0.00190406
0.00212485
0.00236831
0.00263642
0.00293129
0.00325516
0.00361044
0.00399964
0.00442548
0.0048908
0.0053986
0.00595205
0.0065545
0.00720945
0.00792057
0.00869171
0.00952688
0.0104303
0.0114062
0.0124593
0.0135941
0.0148156
0.0161286
0.0175384
0.0190502
0.0206695
0.0224017
0.0242525
0.0262277
0.028333
0.0305743
0.0329577
0.035489
0.0381743
0.0410196
0.0440308
0.047214
0.0505749
0.0541194
0.0578531
0.0617817
0.0659105
0.0702447
0.0747894
0.0795493
0.0845289
0.0897326
0.0951641
0.100827
0.106725
0.11286
0.119236
0.125854
0.132715
0.139821
0.147173
0.15477
0.162613
0.1707
0.17903
0.1876
0.19641
0.205454
0.21473
0.224234
0.23396
0.243904
0.254059
0.264418
0.274976
0.285724
0.296655
0.307759
0.319028
0.330453
0.342023
0.353729
0.365559
0.377503
0.389549
0.401686
0.413902
0.426184
0.438521
0.450899
0.463307
0.475732
0.48816
0.500579
0.512976
0.525338
0.537653
0.549908
0.56209
0.574186
0.586185
0.598075
0.609843
0.621478
0.632969
0.644305
0.655474
0.666466
0.677271
0.687879
0.698281
0.708467
0.718428
0.728157
0.737644
0.746881
0.755862
0.764579
0.773026
0.781195
0.78908
0.796676
0.803977
0.810977
0.817673
0.824057
0.830128
0.835879
0.841308
0.84641
0.851181
0.855619
0.85972
0.863482
0.866901
0.869975
0.872702
0.875079
0.877105
0.878777
0.880094
0.881055
0.881658
0.881902
0.881786
0.881309
0.880472
0.879273
0.877712
0.875791
0.873508
0.870865
0.867864
0.864504
0.860788
0.856718
0.852295
0.847523
0.842405
0.836943
0.831141
0.825004
0.818535
0.811741
0.804625
0.797195
0.789455
0.781414
0.773077
0.764452
0.755548
0.746372
0.736933
0.727242
0.717306
0.707137
0.696744
0.686139
0.675333
0.664336
0.653162
0.641821
0.630326
0.618691
0.606926
0.595046
0.583064
0.570992
0.558844
0.546633
0.534373
0.522076
0.509757
0.497429
0.485104
0.472795
0.460516
0.448278
0.436095
0.423978
0.411939
0.399989
0.38814
0.376402
0.364786
0.353301
0.341958
0.330764
0.319729
0.308861
0.298167
0.287654
0.27733
0.2672
0.257269
0.247543
0.238026
0.228723
0.219636
0.210769
0.202124
0.193704
0.185509
0.177541
0.169801
0.162288
0.155003
0.147944
0.141111
0.134502
0.128115
0.121949
0.116
0.110266
0.104744
0.0994313
0.0943232
0.0894165
0.0847072
0.0801911
0.075864
0.0717214
0.0677586
0.0639712
0.0603542
0.0569029
0.0536124
0.0504777
0.047494
0.0446562
0.0419593
0.0393986
0.036969
0.0346656
0.0324837
0.0304185
0.0284654
0.0266196
0.0248767
0.0232322
0.0216818
0.0202212
0.0188463
0.0175531
0.0163377
0.0151962
0.0141251
0.0131206
0.0121795
0.0112983
0.0104739
0.00970319
0.00898324
0.0083112
0.00768435
0.00710008
0.00655592
0.00604948
0.00557849
0.0051408
0.00473434
0.00435718
0.00400744
0.00368338
0.00338332
0.00310569
0.002849
0.00261183
0.00239286
0.00219084
0.00200459
0.00183299
0.00167501
0.00152968
0.00139608
0.00127337
0.00116081
0.00105778
0.000963975
0.000879778
0.00080736
0.000753605
)
;

boundaryField
{
    sides
    {
        type            zeroGradient;
    }
    empty
    {
        type            empty;
    }
}


// ************************************************************************* //
