/*--------------------------------*- C++ -*----------------------------------*\
  =========                 |
  \\      /  F ield         | OpenFOAM: The Open Source CFD Toolbox
   \\    /   O peration     | Website:  https://openfoam.org
    \\  /    A nd           | Version:  7
     \\/     M anipulation  |
\*---------------------------------------------------------------------------*/
FoamFile
{
    version     2.0;
    format      ascii;
    class       volScalarField;
    location    "4.45";
    object      T;
}
// * * * * * * * * * * * * * * * * * * * * * * * * * * * * * * * * * * * * * //

dimensions      [0 0 0 1 0 0 0];

internalField   nonuniform List<scalar> 
1000
(
0
0
0
0
0
0
0
0
0
0
0
0
0
0
0
0
0
0
0
0
0
0
0
0
0
0
0
0
0
0
0
0
0
0
0
0
0
0
0
0
0
0
0
-2.47033e-323
1.29939e-321
-5.91495e-320
2.60724e-318
-1.11641e-316
4.64715e-315
-1.88163e-313
7.41507e-312
-2.84556e-310
1.06393e-308
-3.87768e-307
1.37829e-305
-4.7799e-304
1.61803e-302
-5.34842e-301
1.72703e-299
-5.44972e-298
1.68113e-296
-5.07143e-295
1.49659e-293
-4.32168e-292
1.22156e-290
-3.38073e-289
9.16354e-288
-2.43326e-286
6.33134e-285
-1.61471e-283
4.03727e-282
-9.89862e-281
2.38041e-279
-5.61577e-278
1.29999e-276
-2.95342e-275
6.58646e-274
-1.44211e-272
3.10058e-271
-6.54725e-270
1.35806e-268
-2.76752e-267
5.54171e-266
-1.09054e-264
2.10935e-263
-4.01071e-262
7.49759e-261
-1.37818e-259
2.49129e-258
-4.42929e-257
7.74612e-256
-1.33267e-254
2.25579e-253
-3.75713e-252
6.158e-251
-9.93325e-250
1.57707e-248
-2.46468e-247
3.79188e-246
-5.74342e-245
8.56532e-244
-1.25779e-242
1.81884e-241
-2.5902e-240
3.63291e-239
-5.01866e-238
6.82903e-237
-9.15362e-236
1.20869e-234
-1.57234e-233
2.01517e-232
-2.54467e-231
3.16608e-230
-3.88155e-229
4.68916e-228
-5.58225e-227
6.54881e-226
-7.57125e-225
8.62655e-224
-9.68683e-223
1.07204e-221
-1.16933e-220
1.25707e-219
-1.33197e-218
1.39104e-217
-1.43186e-216
1.45271e-215
-1.45271e-214
1.43185e-213
-1.39103e-212
1.33195e-211
-1.25704e-210
1.16927e-209
-1.07196e-208
9.68564e-208
-8.62497e-207
7.56923e-206
-6.54632e-205
5.5793e-204
-4.68576e-203
3.87774e-202
-3.16196e-201
2.54031e-200
-2.0107e-199
1.56786e-198
-1.20431e-197
9.11181e-197
-6.79005e-196
4.98315e-195
-3.60127e-194
2.56262e-193
-1.79531e-192
1.23814e-191
-8.4046e-191
5.61465e-190
-3.69081e-189
2.38694e-188
-1.51847e-187
9.50023e-187
-5.84434e-186
3.53439e-185
-2.1007e-184
1.22679e-183
-7.0374e-183
3.96415e-182
-2.19198e-181
1.18934e-180
-6.32964e-180
3.30258e-179
-1.68852e-178
8.45443e-178
-4.14293e-177
1.98543e-176
-9.29726e-176
4.24996e-175
-1.89429e-174
8.22148e-174
-3.46886e-173
1.42e-172
-5.62553e-172
2.14986e-171
-7.8915e-171
2.76569e-170
-9.1726e-170
2.83835e-169
-7.98823e-169
1.93504e-168
-3.40158e-168
1.03534e-169
3.61134e-167
-2.21359e-166
9.52045e-166
-3.35106e-165
9.83845e-165
-2.27096e-164
2.98347e-164
6.25059e-164
-6.62048e-163
3.10172e-162
-1.0649e-161
2.78112e-161
-4.62343e-161
-2.47234e-161
5.88888e-160
-2.89693e-159
9.56254e-159
-2.19835e-158
2.1942e-158
9.74457e-158
-7.03516e-157
2.62164e-156
-6.4732e-156
7.53249e-156
2.31168e-155
-1.81341e-154
6.58662e-154
-1.48134e-153
1.01944e-153
8.55734e-153
-4.86294e-152
1.46488e-151
-2.34567e-151
-2.32481e-151
3.07928e-150
-1.15421e-149
2.37924e-149
-3.86147e-150
-1.86172e-148
8.21555e-148
-1.88015e-147
9.36893e-148
1.17931e-146
-5.58379e-146
1.28442e-145
-5.68377e-146
-8.19794e-145
3.67574e-144
-7.68656e-144
1.75295e-145
6.04669e-143
-2.2957e-142
3.82374e-142
3.80349e-142
-4.36802e-141
1.29114e-140
-1.28054e-140
-5.3196e-140
2.84903e-139
-5.91765e-139
-9.90157e-140
4.76778e-138
-1.54167e-137
1.64204e-137
5.89819e-137
-3.14246e-136
5.93574e-136
3.63434e-136
-5.43819e-135
1.45791e-134
-6.82869e-135
-8.22692e-134
3.00422e-133
-3.34367e-133
-1.09304e-132
5.57334e-132
-8.85531e-132
-1.25049e-131
9.66225e-131
-1.90778e-130
-1.14844e-130
1.60566e-129
-3.6748e-129
-6.34408e-130
2.60838e-128
-6.57859e-128
3.44871e-129
4.20492e-127
-1.11533e-126
1.50386e-127
6.79033e-126
-1.80574e-125
1.74238e-126
1.10104e-124
-2.79383e-124
-1.68947e-125
1.784e-123
-4.10442e-123
-1.44589e-123
2.8577e-122
-5.63911e-122
-4.66953e-122
4.45957e-121
-7.03055e-121
-1.14107e-120
6.66152e-120
-7.43737e-120
-2.37008e-119
9.32159e-119
-5.34273e-119
-4.3443e-118
1.18536e-117
1.47188e-118
-7.10057e-117
1.29719e-116
1.54734e-116
-1.02873e-115
1.05867e-115
3.80887e-115
-1.28911e-114
2.16199e-115
6.74533e-114
-1.31032e-113
-1.41148e-113
9.57972e-113
-8.63186e-113
-3.72779e-112
1.08264e-111
2.23555e-112
-6.13223e-111
8.59813e-111
1.88472e-110
-7.44965e-110
1.56247e-110
3.64445e-109
-6.25207e-109
-9.60397e-109
4.60842e-108
-1.69178e-108
-2.10775e-107
3.79554e-107
5.42126e-107
-2.64151e-106
8.1651e-107
1.20783e-105
-1.97179e-105
-3.44e-105
1.4021e-104
-5.71473e-106
-6.75814e-104
8.41197e-104
2.26507e-103
-6.68591e-103
-3.15696e-103
3.54193e-102
-2.4437e-102
-1.40504e-101
2.66212e-101
3.7574e-101
-1.63218e-100
-7.21146e-102
7.61437e-100
-7.20196e-100
-2.78793e-99
5.94763e-99
7.08298e-99
-3.34207e-98
-1.67485e-99
1.51336e-97
-1.24301e-97
-5.66619e-97
1.02491e-96
1.656e-96
-5.83184e-96
-2.63884e-96
2.74224e-95
-9.3065e-96
-1.11469e-94
1.20767e-94
3.91512e-94
-7.86066e-94
-1.12939e-93
4.07005e-93
2.12388e-93
-1.84017e-92
2.45879e-93
7.50301e-92
-5.40721e-92
-2.7857e-91
3.76605e-91
9.3598e-91
-2.02528e-90
-2.76367e-90
9.55112e-90
6.52896e-90
-4.13172e-89
-7.40233e-90
1.67471e-88
-4.14746e-89
-6.4342e-88
4.16415e-88
2.3586e-87
-2.48488e-87
-8.27848e-87
1.23991e-86
2.78551e-86
-5.61726e-86
-8.97542e-86
2.39021e-85
2.75884e-85
-9.72455e-85
-8.0237e-85
3.82438e-84
2.1725e-84
-1.46462e-83
-5.28962e-84
5.49181e-83
1.05633e-83
-2.02461e-82
-1.113e-83
7.36275e-82
-4.01267e-83
-2.64826e-81
3.64848e-82
9.44062e-81
-1.84542e-81
-3.34061e-80
7.60852e-81
1.17455e-79
-2.75574e-80
-4.10523e-79
8.8752e-80
1.42624e-78
-2.46492e-79
-4.92227e-78
5.17199e-79
1.68563e-77
-2.27655e-79
-5.71815e-77
-5.80741e-78
1.9173e-76
4.61074e-77
-6.33657e-76
-2.56527e-76
2.05697e-75
1.23059e-75
-6.52954e-75
-5.40487e-75
2.01494e-74
2.22907e-74
-5.995e-74
-8.74023e-74
1.69828e-73
3.27885e-73
-4.48312e-73
-1.18015e-72
1.05555e-72
4.0768e-72
-1.96511e-72
-1.34925e-71
1.34029e-72
4.26023e-71
1.19715e-71
-1.27368e-70
-8.80133e-71
3.55782e-70
4.20252e-70
-9.05409e-70
-1.68216e-69
1.98359e-69
6.01233e-69
-3.11826e-69
-1.95837e-68
-4.00384e-70
5.82459e-68
3.13812e-68
-1.56082e-67
-1.76886e-67
3.62421e-67
7.22129e-67
-6.48388e-67
-2.48202e-66
4.17799e-67
7.44077e-66
3.34213e-66
-1.93365e-65
-2.17993e-65
4.13008e-65
8.90465e-65
-5.84075e-65
-2.91405e-64
-3.37745e-65
7.96634e-64
6.53609e-64
-1.76259e-63
-3.09319e-63
2.63657e-63
1.05218e-62
6.16412e-64
-2.84986e-62
-2.36354e-62
5.95511e-62
1.11477e-61
-7.28994e-62
-3.61197e-61
-9.83917e-62
8.92069e-61
1.01106e-60
-1.53419e-60
-4.01392e-60
6.12961e-61
1.11957e-59
8.27428e-60
-2.21675e-59
-4.17928e-59
2.00796e-59
1.27893e-58
6.658e-59
-2.70322e-58
-4.29276e-58
2.8845e-58
1.38691e-57
6.11339e-58
-2.95765e-57
-4.50546e-57
3.03029e-57
1.45379e-56
7.15206e-57
-2.94463e-56
-4.86598e-56
2.31774e-56
1.46741e-55
9.8307e-56
-2.61102e-55
-5.27917e-55
7.26466e-56
1.38923e-54
1.3618e-54
-1.90504e-54
-5.49896e-54
-1.56772e-54
1.16743e-53
1.72904e-53
-8.36976e-54
-5.18346e-53
-4.07966e-53
7.69961e-53
1.90559e-52
4.40408e-53
-4.04482e-52
-5.99536e-52
2.30252e-52
1.71581e-51
1.59042e-51
-2.08062e-51
-6.39818e-51
-3.21405e-51
1.09869e-50
2.17211e-50
2.34e-51
-4.78818e-50
-6.83366e-50
2.15331e-50
1.87865e-49
2.01176e-49
-1.65295e-49
-6.89696e-49
-5.57147e-49
8.27824e-49
2.42345e-48
1.45664e-48
-3.52754e-48
-8.28018e-48
-3.61553e-48
1.37565e-47
2.78464e-47
8.67121e-48
-5.06558e-47
-9.30674e-47
-2.11694e-47
1.78944e-46
3.1131e-46
5.87547e-47
-6.11256e-46
-1.0465e-45
-2.06977e-46
2.02425e-45
3.53815e-45
8.98455e-46
-6.48487e-45
-1.19997e-44
-4.23736e-45
1.99459e-44
4.05928e-44
1.98719e-44
-5.79928e-44
-1.35831e-43
-8.94278e-44
1.54499e-43
4.44771e-43
3.8198e-43
-3.50357e-43
-1.4055e-42
-1.54304e-42
5.14411e-43
4.2044e-42
5.87573e-42
7.02214e-43
-1.15411e-41
-2.09652e-41
-1.05558e-41
2.72816e-41
6.93071e-41
6.00835e-41
-4.55677e-41
-2.07778e-40
-2.62884e-40
-1.29442e-41
5.40034e-40
9.76535e-40
5.69188e-40
-1.0757e-39
-3.12631e-39
-3.29041e-39
7.54518e-40
8.35233e-39
1.34845e-38
6.72826e-39
-1.63409e-38
-4.41093e-38
-4.63154e-38
8.01067e-39
1.12663e-37
1.92041e-37
1.1982e-37
-1.80943e-37
-5.91668e-37
-7.32618e-37
-1.39257e-37
1.2758e-36
2.71919e-36
2.51275e-36
-8.90047e-37
-6.97757e-36
-1.15939e-35
-7.83262e-36
9.04405e-36
3.39997e-35
4.75772e-35
2.23294e-35
-5.53529e-35
-1.55889e-34
-1.93448e-34
-5.9675e-35
2.83906e-34
6.92214e-34
7.98564e-34
1.68224e-34
-1.32026e-33
-3.0246e-33
-3.40543e-33
-6.63871e-34
5.70921e-33
1.30891e-32
1.50949e-32
4.02444e-33
-2.29451e-32
-5.59782e-32
-6.90698e-32
-2.84038e-32
8.34123e-32
2.34005e-31
3.20598e-31
1.93758e-31
-2.51925e-31
-9.35759e-31
-1.47415e-30
-1.21862e-30
4.31294e-31
3.44226e-30
6.5296e-30
7.01141e-30
1.72791e-30
-1.07038e-29
-2.68878e-29
-3.66855e-29
-2.49566e-29
2.07754e-29
9.71795e-29
1.71811e-28
1.8025e-28
4.63036e-29
-2.6812e-28
-6.93636e-28
-9.9979e-28
-8.14533e-28
2.26372e-28
2.18673e-27
4.47592e-27
5.64042e-27
3.60023e-27
-3.40864e-27
-1.5187e-26
-2.77336e-26
-3.23625e-26
-1.73481e-26
2.65946e-26
9.71203e-26
1.70176e-25
1.95193e-25
1.04048e-25
-1.58892e-25
-5.85401e-25
-1.04455e-24
-1.24844e-24
-7.89305e-25
7.065e-25
3.29406e-24
6.35151e-24
8.30575e-24
6.69919e-24
-1.11104e-24
-1.64416e-23
-3.71041e-23
-5.52489e-23
-5.65715e-23
-2.26917e-23
6.16209e-23
1.95947e-22
3.48667e-22
4.44474e-22
3.65203e-22
-2.35345e-23
-8.09857e-22
-1.9376e-21
-3.09295e-21
-3.62371e-21
-2.56738e-21
1.12107e-21
8.0699e-21
1.7722e-20
2.74423e-20
3.18487e-20
2.29333e-20
-8.31732e-21
-6.81704e-20
-1.54083e-19
-2.47113e-19
-3.05089e-19
-2.6064e-19
-2.97819e-20
4.62791e-19
1.23751e-18
2.19434e-18
3.0396e-18
3.23182e-18
1.99001e-18
-1.57851e-18
-8.17186e-18
-1.77717e-17
-2.89255e-17
-3.79565e-17
-3.83717e-17
-2.09142e-17
2.51332e-17
1.08723e-16
2.3136e-16
3.78898e-16
5.11689e-16
5.55437e-16
3.97068e-16
-1.07874e-16
-1.10796e-15
-2.69986e-15
-4.83687e-15
-7.20181e-15
-9.0567e-15
-9.10187e-15
-5.40458e-15
4.50954e-15
2.32765e-14
5.28773e-14
9.3243e-14
1.40194e-13
1.82763e-13
2.0019e-13
1.59262e-13
1.31887e-14
-2.96123e-13
-8.29837e-13
-1.63476e-12
-2.71319e-12
-3.9768e-12
-5.18298e-12
-5.85526e-12
-5.19577e-12
-2.00692e-12
5.34653e-12
1.88854e-11
4.08013e-11
7.298e-11
1.16137e-10
1.68416e-10
2.23299e-10
2.6668e-10
2.73055e-10
2.00872e-10
-1.26028e-11
-4.5618e-10
-1.24803e-09
-2.53501e-09
-4.4845e-09
-7.26326e-09
-1.09954e-08
-1.56887e-08
-2.11141e-08
-2.66179e-08
-3.08413e-08
-3.13118e-08
-2.38648e-08
-1.84026e-09
4.50098e-08
1.31985e-07
2.81367e-07
5.24926e-07
9.07135e-07
1.48925e-06
2.35443e-06
3.61401e-06
5.41532e-06
7.95103e-06
1.14705e-05
1.62931e-05
2.28241e-05
3.15733e-05
4.31762e-05
5.84185e-05
7.82642e-05
0.000103887
0.000136704
0.000178417
0.000231053
0.000297011
0.000379111
0.000480645
0.000605439
0.000757901
0.000943088
0.00116676
0.00143545
0.00175651
0.00213818
0.00258961
0.00312098
0.00374345
0.00446925
0.00531172
0.00628525
0.00740538
0.00868871
0.0101529
0.0118166
0.0136996
0.0158223
0.018206
0.0208728
0.0238453
0.0271463
0.0307992
0.0348271
0.0392533
0.0441004
0.0493908
0.055146
0.0613863
0.068131
0.0753979
0.0832031
0.0915606
0.100483
0.109979
0.120056
0.130719
0.14197
0.153807
0.166226
0.17922
0.192778
0.206887
0.221529
0.236686
0.252335
0.268449
0.285001
0.30196
0.319292
0.336963
0.354936
0.37317
0.391627
0.410266
0.429043
0.447916
0.466844
0.485782
0.504688
0.523522
0.542242
0.560807
0.579181
0.597326
0.615207
0.632791
0.650048
0.666948
0.683466
0.699577
0.715259
0.730496
0.745268
0.759564
0.773372
0.786682
0.799489
0.811788
0.823578
0.834857
0.84563
0.855898
0.865669
0.87495
0.883748
0.892074
0.899939
0.907355
0.914335
0.920891
0.927037
0.932789
0.938159
0.943162
0.947811
0.952122
0.956106
0.959776
0.963144
0.966222
0.969019
0.971544
0.973805
0.975809
0.97756
0.979063
0.980319
0.981329
0.982093
0.982606
0.982866
0.982865
0.982597
0.982052
0.981219
0.980086
0.978639
0.976864
0.974745
0.972264
0.969403
0.966144
0.962469
0.958358
0.953791
0.948751
0.943218
0.937175
0.930605
0.923493
0.915825
0.907589
0.898774
0.889372
0.879378
0.868787
0.857601
0.84582
0.83345
0.820499
0.806979
0.792903
0.778288
0.763156
0.74753
0.731434
0.714898
0.697954
0.680633
0.662973
0.64501
0.626783
0.608333
0.5897
0.570928
0.552059
0.533136
0.514199
0.495301
0.476442
0.45785
0.438728
0.422811
0.393921
)
;

boundaryField
{
    sides
    {
        type            zeroGradient;
    }
    empty
    {
        type            empty;
    }
}


// ************************************************************************* //
