/*--------------------------------*- C++ -*----------------------------------*\
  =========                 |
  \\      /  F ield         | OpenFOAM: The Open Source CFD Toolbox
   \\    /   O peration     | Website:  https://openfoam.org
    \\  /    A nd           | Version:  7
     \\/     M anipulation  |
\*---------------------------------------------------------------------------*/
FoamFile
{
    version     2.0;
    format      ascii;
    class       volScalarField;
    location    "2.46";
    object      T;
}
// * * * * * * * * * * * * * * * * * * * * * * * * * * * * * * * * * * * * * //

dimensions      [0 0 0 1 0 0 0];

internalField   nonuniform List<scalar> 
1000
(
0.0293014
0.0293037
0.0293084
0.0293154
0.0293247
0.0293364
0.0293504
0.0293667
0.0293853
0.0294063
0.0294296
0.0294553
0.0294833
0.0295136
0.0295462
0.0295812
0.0296184
0.0296581
0.0297
0.0297443
0.0297909
0.0298398
0.0298911
0.0299447
0.0300006
0.0300588
0.0301194
0.0301822
0.0302475
0.030315
0.0303848
0.030457
0.0305315
0.0306083
0.0306874
0.0307689
0.0308526
0.0309387
0.0310271
0.0311178
0.0312109
0.0313062
0.0314039
0.0315038
0.0316061
0.0317107
0.0318176
0.0319268
0.0320383
0.0321521
0.0322682
0.0323866
0.0325073
0.0326303
0.0327556
0.0328832
0.0330131
0.0331453
0.0332798
0.0334166
0.0335556
0.033697
0.0338406
0.0339865
0.0341347
0.0342852
0.034438
0.034593
0.0347503
0.0349099
0.0350718
0.0352359
0.0354023
0.0355709
0.0357419
0.035915
0.0360905
0.0362682
0.0364481
0.0366303
0.0368147
0.0370014
0.0371904
0.0373815
0.0375749
0.0377706
0.0379685
0.0381686
0.0383709
0.0385755
0.0387823
0.0389913
0.0392025
0.0394159
0.0396315
0.0398494
0.0400694
0.0402917
0.0405161
0.0407427
0.0409715
0.0412025
0.0414357
0.0416711
0.0419086
0.0421483
0.0423902
0.0426342
0.0428804
0.0431288
0.0433793
0.0436319
0.0438867
0.0441436
0.0444026
0.0446638
0.0449271
0.0451925
0.0454601
0.0457297
0.0460015
0.0462753
0.0465512
0.0468293
0.0471094
0.0473915
0.0476758
0.0479621
0.0482505
0.048541
0.0488335
0.049128
0.0494246
0.0497232
0.0500238
0.0503265
0.0506311
0.0509378
0.0512465
0.0515572
0.0518699
0.0521845
0.0525011
0.0528197
0.0531403
0.0534628
0.0537872
0.0541136
0.054442
0.0547722
0.0551044
0.0554385
0.0557745
0.0561123
0.0564521
0.0567938
0.0571373
0.0574827
0.0578299
0.058179
0.0585299
0.0588827
0.0592372
0.0595936
0.0599518
0.0603118
0.0606736
0.0610371
0.0614024
0.0617695
0.0621383
0.0625089
0.0628812
0.0632552
0.0636309
0.0640083
0.0643874
0.0647682
0.0651506
0.0655347
0.0659205
0.0663079
0.0666969
0.0670876
0.0674798
0.0678736
0.0682691
0.0686661
0.0690646
0.0694647
0.0698663
0.0702695
0.0706742
0.0710803
0.071488
0.0718971
0.0723077
0.0727198
0.0731333
0.0735482
0.0739645
0.0743823
0.0748014
0.0752219
0.0756438
0.076067
0.0764915
0.0769174
0.0773446
0.077773
0.0782028
0.0786338
0.0790661
0.0794996
0.0799343
0.0803703
0.0808074
0.0812457
0.0816852
0.0821258
0.0825676
0.0830105
0.0834545
0.0838996
0.0843457
0.084793
0.0852412
0.0856905
0.0861408
0.0865921
0.0870444
0.0874976
0.0879518
0.0884069
0.0888629
0.0893199
0.0897777
0.0902364
0.0906959
0.0911562
0.0916174
0.0920793
0.0925421
0.0930056
0.0934698
0.0939348
0.0944004
0.0948668
0.0953338
0.0958015
0.0962698
0.0967388
0.0972083
0.0976784
0.0981491
0.0986203
0.0990921
0.0995643
0.100037
0.10051
0.100984
0.101458
0.101932
0.102407
0.102883
0.103358
0.103834
0.10431
0.104787
0.105264
0.105741
0.106218
0.106696
0.107173
0.107651
0.108129
0.108607
0.109085
0.109564
0.110042
0.110521
0.110999
0.111478
0.111956
0.112434
0.112913
0.113391
0.113869
0.114347
0.114825
0.115303
0.115781
0.116258
0.116735
0.117212
0.117689
0.118165
0.118641
0.119116
0.119592
0.120067
0.120541
0.121015
0.121489
0.121962
0.122435
0.122907
0.123378
0.123849
0.12432
0.12479
0.125259
0.125727
0.126195
0.126662
0.127129
0.127595
0.12806
0.128524
0.128987
0.12945
0.129911
0.130372
0.130832
0.131291
0.131749
0.132206
0.132662
0.133117
0.133571
0.134024
0.134476
0.134927
0.135376
0.135825
0.136272
0.136718
0.137163
0.137607
0.138049
0.13849
0.13893
0.139368
0.139805
0.140241
0.140675
0.141108
0.14154
0.14197
0.142398
0.142825
0.14325
0.143674
0.144096
0.144517
0.144936
0.145353
0.145769
0.146183
0.146595
0.147006
0.147415
0.147822
0.148227
0.14863
0.149032
0.149431
0.149829
0.150225
0.150619
0.151011
0.151401
0.151789
0.152175
0.152559
0.15294
0.15332
0.153698
0.154073
0.154447
0.154818
0.155187
0.155554
0.155918
0.15628
0.15664
0.156998
0.157354
0.157707
0.158057
0.158406
0.158752
0.159095
0.159436
0.159775
0.160111
0.160445
0.160776
0.161105
0.161431
0.161755
0.162076
0.162394
0.16271
0.163023
0.163333
0.163641
0.163946
0.164249
0.164549
0.164845
0.16514
0.165431
0.16572
0.166005
0.166288
0.166568
0.166846
0.16712
0.167392
0.16766
0.167926
0.168189
0.168448
0.168705
0.168959
0.16921
0.169457
0.169702
0.169944
0.170182
0.170418
0.17065
0.17088
0.171106
0.171329
0.171549
0.171766
0.17198
0.17219
0.172397
0.172601
0.172802
0.173
0.173194
0.173385
0.173573
0.173758
0.173939
0.174117
0.174292
0.174463
0.174631
0.174796
0.174957
0.175115
0.17527
0.175421
0.175569
0.175713
0.175854
0.175992
0.176126
0.176257
0.176384
0.176508
0.176628
0.176745
0.176859
0.176969
0.177075
0.177178
0.177278
0.177374
0.177467
0.177556
0.177641
0.177723
0.177802
0.177876
0.177948
0.178016
0.17808
0.178141
0.178198
0.178252
0.178302
0.178348
0.178391
0.17843
0.178466
0.178498
0.178527
0.178552
0.178574
0.178592
0.178606
0.178617
0.178624
0.178627
0.178627
0.178624
0.178617
0.178606
0.178592
0.178574
0.178552
0.178527
0.178498
0.178466
0.17843
0.178391
0.178348
0.178302
0.178252
0.178198
0.178141
0.17808
0.178016
0.177948
0.177876
0.177802
0.177723
0.177641
0.177556
0.177467
0.177374
0.177278
0.177178
0.177075
0.176969
0.176859
0.176745
0.176628
0.176508
0.176384
0.176257
0.176126
0.175992
0.175854
0.175713
0.175569
0.175421
0.17527
0.175115
0.174957
0.174796
0.174631
0.174463
0.174292
0.174117
0.173939
0.173758
0.173573
0.173385
0.173194
0.173
0.172802
0.172601
0.172397
0.17219
0.17198
0.171766
0.171549
0.171329
0.171106
0.17088
0.17065
0.170418
0.170182
0.169944
0.169702
0.169457
0.16921
0.168959
0.168705
0.168448
0.168189
0.167926
0.16766
0.167392
0.16712
0.166846
0.166568
0.166288
0.166005
0.16572
0.165431
0.16514
0.164845
0.164549
0.164249
0.163946
0.163641
0.163333
0.163023
0.16271
0.162394
0.162076
0.161755
0.161431
0.161105
0.160776
0.160445
0.160111
0.159775
0.159436
0.159095
0.158752
0.158406
0.158057
0.157707
0.157354
0.156998
0.15664
0.15628
0.155918
0.155554
0.155187
0.154818
0.154447
0.154073
0.153698
0.15332
0.15294
0.152559
0.152175
0.151789
0.151401
0.151011
0.150619
0.150225
0.149829
0.149431
0.149032
0.14863
0.148227
0.147822
0.147415
0.147006
0.146595
0.146183
0.145769
0.145353
0.144936
0.144517
0.144096
0.143674
0.14325
0.142825
0.142398
0.14197
0.14154
0.141108
0.140675
0.140241
0.139805
0.139368
0.13893
0.13849
0.138049
0.137607
0.137163
0.136718
0.136272
0.135825
0.135376
0.134927
0.134476
0.134024
0.133571
0.133117
0.132662
0.132206
0.131749
0.131291
0.130832
0.130372
0.129911
0.12945
0.128987
0.128524
0.12806
0.127595
0.127129
0.126662
0.126195
0.125727
0.125259
0.12479
0.12432
0.123849
0.123378
0.122907
0.122435
0.121962
0.121489
0.121015
0.120541
0.120067
0.119592
0.119116
0.118641
0.118165
0.117689
0.117212
0.116735
0.116258
0.115781
0.115303
0.114825
0.114347
0.113869
0.113391
0.112913
0.112434
0.111956
0.111478
0.110999
0.110521
0.110042
0.109564
0.109085
0.108607
0.108129
0.107651
0.107173
0.106696
0.106218
0.105741
0.105264
0.104787
0.10431
0.103834
0.103358
0.102883
0.102407
0.101932
0.101458
0.100984
0.10051
0.100037
0.0995643
0.0990921
0.0986203
0.0981491
0.0976784
0.0972083
0.0967388
0.0962698
0.0958015
0.0953338
0.0948668
0.0944004
0.0939348
0.0934698
0.0930056
0.0925421
0.0920793
0.0916174
0.0911562
0.0906959
0.0902364
0.0897777
0.0893199
0.0888629
0.0884069
0.0879518
0.0874976
0.0870444
0.0865921
0.0861408
0.0856905
0.0852412
0.084793
0.0843457
0.0838996
0.0834545
0.0830105
0.0825676
0.0821258
0.0816852
0.0812457
0.0808074
0.0803703
0.0799343
0.0794996
0.0790661
0.0786338
0.0782028
0.077773
0.0773446
0.0769174
0.0764915
0.076067
0.0756438
0.0752219
0.0748014
0.0743823
0.0739645
0.0735482
0.0731333
0.0727198
0.0723077
0.0718971
0.071488
0.0710803
0.0706742
0.0702695
0.0698663
0.0694647
0.0690646
0.0686661
0.0682691
0.0678736
0.0674798
0.0670876
0.0666969
0.0663079
0.0659205
0.0655347
0.0651506
0.0647682
0.0643874
0.0640083
0.0636309
0.0632552
0.0628812
0.0625089
0.0621383
0.0617695
0.0614024
0.0610371
0.0606736
0.0603118
0.0599518
0.0595936
0.0592372
0.0588827
0.0585299
0.058179
0.0578299
0.0574827
0.0571373
0.0567938
0.0564521
0.0561123
0.0557745
0.0554385
0.0551044
0.0547722
0.054442
0.0541136
0.0537872
0.0534628
0.0531403
0.0528197
0.0525011
0.0521845
0.0518699
0.0515572
0.0512465
0.0509378
0.0506311
0.0503265
0.0500238
0.0497232
0.0494246
0.049128
0.0488335
0.048541
0.0482505
0.0479621
0.0476758
0.0473915
0.0471094
0.0468293
0.0465512
0.0462753
0.0460015
0.0457297
0.0454601
0.0451925
0.0449271
0.0446638
0.0444026
0.0441436
0.0438867
0.0436319
0.0433793
0.0431288
0.0428804
0.0426342
0.0423902
0.0421483
0.0419086
0.0416711
0.0414357
0.0412025
0.0409715
0.0407427
0.0405161
0.0402917
0.0400694
0.0398494
0.0396315
0.0394159
0.0392025
0.0389913
0.0387823
0.0385755
0.0383709
0.0381686
0.0379685
0.0377706
0.0375749
0.0373815
0.0371904
0.0370014
0.0368147
0.0366303
0.0364481
0.0362682
0.0360905
0.035915
0.0357419
0.0355709
0.0354023
0.0352359
0.0350718
0.0349099
0.0347503
0.034593
0.034438
0.0342852
0.0341347
0.0339865
0.0338406
0.033697
0.0335556
0.0334166
0.0332798
0.0331453
0.0330131
0.0328832
0.0327556
0.0326303
0.0325073
0.0323866
0.0322682
0.0321521
0.0320383
0.0319268
0.0318176
0.0317107
0.0316061
0.0315038
0.0314039
0.0313062
0.0312109
0.0311178
0.0310271
0.0309387
0.0308526
0.0307689
0.0306874
0.0306083
0.0305315
0.030457
0.0303848
0.030315
0.0302475
0.0301822
0.0301194
0.0300588
0.0300006
0.0299447
0.0298911
0.0298398
0.0297909
0.0297443
0.0297
0.0296581
0.0296184
0.0295812
0.0295462
0.0295136
0.0294833
0.0294553
0.0294296
0.0294063
0.0293853
0.0293667
0.0293504
0.0293364
0.0293247
0.0293154
0.0293084
0.0293037
0.0293014
)
;

boundaryField
{
    sides
    {
        type            zeroGradient;
    }
    empty
    {
        type            empty;
    }
}


// ************************************************************************* //
