0.01	1
0.02	0.19382804
0.03	0.043088978
0.04	0.026442862
0.05	0.021218184
0.06	0.020805664
0.07	0.02063133
0.08	0.020260545
0.09	0.019344816
0.1	0.019238619
0.11	0.018636453
0.12	0.016273411
0.13	0.015313616
0.14	0.014429719
0.15	0.013553048
0.16	0.013584493
0.17	0.012634679
0.18	0.012308501
0.19	0.012602432
0.2	0.014267983
0.21	0.013616343
0.22	0.01165398
0.23	0.0075162354
0.24	0.0077381436
0.25	0.0080741744
0.26	0.008041478
0.27	0.0078337904
0.28	0.0085345411
0.29	0.0059707994
0.3	0.0059899129
0.31	0.0052972156
0.32	0.0050703828
0.33	0.0048785225
0.34	0.0047260118
0.35	0.0046695555
0.36	0.0062701709
0.37	0.0048864197
0.38	0.0047294603
0.39	0.0044549431
0.4	0.0040058739
0.41	0.0048706644
0.42	0.0049037735
0.43	0.0038144007
0.44	0.0036874651
0.45	0.0044318081
0.46	0.0032908529
0.47	0.0037256218
0.48	0.0030845734
0.49	0.0030165793
0.5	0.0030709955
0.51	0.0034974392
0.52	0.0029821963
0.53	0.0037789822
0.54	0.003325366
0.55	0.0034968592
0.56	0.0025793604
0.57	0.0025306198
0.58	0.0024774696
0.59	0.0024329559
0.6	0.002412312
0.61	0.0025270198
0.62	0.0026570482
0.63	0.0022636447
0.64	0.0022278798
0.65	0.0022128569
0.66	0.0021491761
0.67	0.0021788029
0.68	0.0022193919
0.69	0.0026752946
0.7	0.0024471428
0.71	0.0025034883
0.72	0.0019445656
0.73	0.00191941
0.74	0.0019253663
0.75	0.001967901
0.76	0.0018703939
0.77	0.0022021972
0.78	0.0018548771
0.79	0.0019165881
0.8	0.0017243243
0.81	0.0016995532
0.82	0.0016751903
0.83	0.0016550325
0.84	0.0016356011
0.85	0.0016162728
0.86	0.001597039
0.87	0.0015780969
0.88	0.0015598765
0.89	0.0015419494
0.9	0.0015242566
0.91	0.0015079447
0.92	0.0014962007
0.93	0.0014994665
0.94	0.0015050574
0.95	0.0014720688
0.96	0.0014977512
0.97	0.0015376251
0.98	0.001662265
0.99	0.0015165921
1	0.0013680234
1.01	0.0013512366
1.02	0.0013586725
1.03	0.0016918902
1.04	0.001968398
1.05	0.0014343098
1.06	0.0016561283
1.07	0.0015029391
1.08	0.0012791533
1.09	0.001322014
1.1	0.0015905675
1.11	0.0012117099
1.12	0.0018609016
1.13	0.0012037923
1.14	0.0011859069
1.15	0.0011562845
1.16	0.0011436032
1.17	0.0011316869
1.18	0.0011199359
1.19	0.0011085807
1.2	0.0010987066
1.21	0.001107277
1.22	0.00113941
1.23	0.0011802545
1.24	0.0013659033
1.25	0.0017384235
1.26	0.0026558971
1.27	0.0013819653
1.28	0.0011041286
1.29	0.00099863372
1.3	0.000988987
1.31	0.00098403704
1.32	0.00098158371
1.33	0.00098282384
1.34	0.00099780411
1.35	0.00098255381
1.36	0.0011281062
1.37	0.0011711262
1.38	0.00091238235
1.39	0.00090745577
1.4	0.00089576553
1.41	0.00088686877
1.42	0.00087818843
1.43	0.00086946666
1.44	0.00086089675
1.45	0.00085246389
1.46	0.00084613253
1.47	0.00083941102
1.48	0.00083178757
1.49	0.00082049765
1.5	0.00081321822
1.51	0.0008056277
1.52	0.00079914718
1.53	0.00088844797
1.54	0.00088574151
1.55	0.00077868469
1.56	0.00076997062
1.57	0.00076343748
1.58	0.00075609214
1.59	0.00074920584
1.6	0.00074245056
1.61	0.00073527674
1.62	0.00072914707
1.63	0.00072474807
1.64	0.00071662139
1.65	0.00071009714
1.66	0.00070372914
1.67	0.00069744409
1.68	0.00069121717
1.69	0.00068523071
1.7	0.0006792885
1.71	0.00067339425
1.72	0.00066760709
1.73	0.0006619021
1.74	0.00065624152
1.75	0.00065066755
1.76	0.00064519291
1.77	0.00063993168
1.78	0.00063443143
1.79	0.00062918742
1.8	0.00062438935
1.81	0.00061954113
1.82	0.00061580027
1.83	0.00061154201
1.84	0.00060340181
1.85	0.00060094548
1.86	0.00059257765
1.87	0.0005878873
1.88	0.0005825454
1.89	0.00057759428
1.9	0.00057268051
1.91	0.00056785298
1.92	0.00056305607
1.93	0.00055829615
1.94	0.00055357254
1.95	0.00055025743
1.96	0.0005443916
1.97	0.00054122924
1.98	0.00053522239
1.99	0.00053084391
2	0.00052633086
2.01	0.00052191572
2.02	0.00051754327
2.03	0.0005132575
2.04	0.00050903842
2.05	0.00050485416
2.06	0.00050070685
2.07	0.00050114058
2.08	0.00057802656
2.09	0.00059030005
2.1	0.000487601
2.11	0.00048454174
2.12	0.00048718755
2.13	0.0004920716
2.14	0.00052690951
2.15	0.00046545879
2.16	0.00045981321
2.17	0.00045662487
2.18	0.00045276568
2.19	0.00044980255
2.2	0.00044684817
2.21	0.00044332608
2.22	0.00044028471
2.23	0.00043674547
2.24	0.00043358032
2.25	0.00043019642
2.26	0.00042691649
2.27	0.00042374083
2.28	0.0004204012
2.29	0.00041714631
2.3	0.00041433904
2.31	0.00041117526
2.32	0.00040778989
2.33	0.00040510469
2.34	0.00040175185
2.35	0.00039918661
2.36	0.00039548327
2.37	0.0003932169
2.38	0.00039003112
2.39	0.00038756077
2.4	0.00038391423
2.41	0.00038197667
2.42	0.0003783565
2.43	0.00037630347
2.44	0.00037310684
2.45	0.00037253331
2.46	0.00037095017
2.47	0.0003714901
2.48	0.00037208774
2.49	0.000377095
2.5	0.00038682866
2.51	0.00041783294
2.52	0.00057717915
2.53	0.00066325579
2.54	0.0005454528
2.55	0.00036970267
2.56	0.00037818853
2.57	0.00039689993
2.58	0.0004412848
2.59	0.00052959754
2.6	0.00071140924
2.61	0.00040145425
2.62	0.00036133639
2.63	0.00038262906
2.64	0.00044698818
2.65	0.00034825185
2.66	0.00063372513
2.67	0.00034870342
2.68	0.00032144798
2.69	0.00031927785
2.7	0.00031254247
2.71	0.00030996742
2.72	0.00030838281
2.73	0.0003078149
2.74	0.00030692894
2.75	0.00030628897
2.76	0.00030550165
2.77	0.00030539054
2.78	0.00030605552
2.79	0.00030854653
2.8	0.00031523645
2.81	0.00033548857
2.82	0.00045316989
2.83	0.00049812662
2.84	0.00039749751
2.85	0.00029073159
2.86	0.00028943744
2.87	0.00028567494
2.88	0.00028128698
2.89	0.00027800183
2.9	0.00027642602
2.91	0.00027468188
2.92	0.00027285456
2.93	0.00027123037
2.94	0.00026962774
2.95	0.00026806477
2.96	0.00026654495
2.97	0.00026506732
2.98	0.00026363222
2.99	0.00026224313
3	0.000260905
3.01	0.00025962412
3.02	0.00025855278
3.03	0.00025834234
3.04	0.00025852883
3.05	0.00025932755
3.06	0.00026116541
3.07	0.00026503106
3.08	0.00027390676
3.09	0.00030123478
3.1	0.00034939243
3.11	0.00025955073
3.12	0.00031917582
3.13	0.00026488156
3.14	0.00028448034
3.15	0.00032643347
3.16	0.00029698987
3.17	0.00046339408
3.18	0.00025781784
3.19	0.00023849182
3.2	0.00023757613
3.21	0.00023326233
3.22	0.0002305918
3.23	0.00023230739
3.24	0.00023563154
3.25	0.00024227752
3.26	0.00026259921
3.27	0.0003261226
3.28	0.00042928376
3.29	0.00024917017
3.3	0.00022288244
3.31	0.00022240861
3.32	0.00021971566
3.33	0.00021694304
3.34	0.00021466729
3.35	0.00021335076
3.36	0.00021209766
3.37	0.00021089765
3.38	0.00021016083
3.39	0.00020983063
3.4	0.00021025035
3.41	0.00021286312
3.42	0.00022759314
3.43	0.00023284484
3.44	0.00028000563
3.45	0.00020368475
3.46	0.00020177639
3.47	0.00020096313
3.48	0.00020010828
3.49	0.00019930247
3.5	0.00019854465
3.51	0.00019783795
3.52	0.00019718821
3.53	0.00019660456
3.54	0.0001960932
3.55	0.000195666
3.56	0.00019534481
3.57	0.00019514129
3.58	0.00019507967
3.59	0.00019519551
3.6	0.00019553981
3.61	0.00019618703
3.62	0.00019724952
3.63	0.00019890597
3.64	0.0002014582
3.65	0.0002054574
3.66	0.00021202095
3.67	0.00022509025
3.68	0.00023474501
3.69	0.00017108697
3.7	0.0001730894
3.71	0.00016965674
3.72	0.00016867056
3.73	0.00016772449
3.74	0.00016681891
3.75	0.00016595678
3.76	0.00016568548
3.77	0.00016361542
3.78	0.00016278444
3.79	0.00016198336
3.8	0.00025556463
3.81	0.00017152613
3.82	0.0001635825
3.83	0.00017133376
3.84	0.00016365206
3.85	0.0001602857
3.86	0.00015932577
3.87	0.00015818977
3.88	0.00015912257
3.89	0.00016307249
3.9	0.00015594857
3.91	0.00015818656
3.92	0.000153924
3.93	0.00015306768
3.94	0.0001526293
3.95	0.00015259785
3.96	0.00015285826
3.97	0.00015397499
3.98	0.00015753999
3.99	0.00014980599
4	0.00017003966
4.01	0.0001726338
4.02	0.00014592308
4.03	0.0001466011
4.04	0.00014520867
4.05	0.0001451073
4.06	0.00014531328
4.07	0.00014617617
4.08	0.00014836297
4.09	0.00015404465
4.1	0.0001744083
4.11	0.0001539705
4.12	0.00025350299
4.13	0.0001477408
4.14	0.00013932293
4.15	0.0001384314
4.16	0.00013616297
4.17	0.0001341204
4.18	0.00013375695
4.19	0.00013506545
4.2	0.00013046849
4.21	0.00012952876
4.22	0.00012889753
4.23	0.00012819001
4.24	0.00012741488
4.25	0.00012664161
4.26	0.00012588446
4.27	0.00012514115
4.28	0.00012440836
4.29	0.00012368676
4.3	0.0001229736
4.31	0.00012226897
4.32	0.00012157174
4.33	0.00012088061
4.34	0.00012019519
4.35	0.00011951536
4.36	0.00011884082
4.37	0.00011817126
4.38	0.0001175066
4.39	0.00011684675
4.4	0.00011619162
4.41	0.00011554113
4.42	0.00011489517
4.43	0.00011425343
4.44	0.00011361584
4.45	0.00011298253
4.46	0.00011235338
4.47	0.00011172834
4.48	0.00011110856
4.49	0.00011049399
4.5	0.00011288421
4.51	0.00010946814
4.52	0.00010856072
4.53	0.00010808254
4.54	0.00010752648
4.55	0.00010690398
4.56	0.00010630187
4.57	0.00010571235
4.58	0.00010512481
4.59	0.00010454931
4.6	0.00010397534
4.61	0.00010340802
4.62	0.00010284302
4.63	0.00010228246
4.64	0.00010172463
4.65	0.00010117083
4.66	0.00010061993
4.67	0.00010007258
4.68	9.952828e-05
4.69	9.8987301e-05
4.7	9.8450676e-05
4.71	9.7918709e-05
4.72	9.7389751e-05
4.73	9.68638e-05
4.74	9.634078e-05
4.75	9.5820718e-05
4.76	9.5303551e-05
4.77	9.478921e-05
4.78	9.4278647e-05
4.79	9.3771952e-05
4.8	9.3268086e-05
4.81	9.2767045e-05
4.82	9.2269176e-05
4.83	9.1774278e-05
4.84	9.1282884e-05
4.85	9.0794215e-05
4.86	9.0308251e-05
4.87	8.9824977e-05
4.88	8.9344376e-05
4.89	8.8866432e-05
4.9	8.8391129e-05
4.91	8.7918452e-05
4.92	8.7448383e-05
4.93	8.6980909e-05
4.94	8.6516013e-05
4.95	8.6053681e-05
4.96	8.5593897e-05
4.97	8.5136648e-05
4.98	8.4681918e-05
4.99	8.4229693e-05
5	8.3779958e-05
5.01	8.3332701e-05
5.02	8.2887906e-05
5.03	8.244556e-05
5.04	8.2005825e-05
5.05	8.1569771e-05
5.06	8.1136094e-05
5.07	8.0704781e-05
5.08	8.2818422e-05
5.09	8.6920485e-05
5.1	7.8883484e-05
5.11	7.9157033e-05
5.12	7.9449058e-05
5.13	7.9012629e-05
5.14	7.8489781e-05
5.15	7.8028926e-05
5.16	7.7595839e-05
5.17	7.7168986e-05
5.18	7.6747065e-05
5.19	7.6329185e-05
5.2	7.5915959e-05
5.21	7.5506668e-05
5.22	7.5100647e-05
5.23	7.4697602e-05
5.24	7.4297409e-05
5.25	7.3899917e-05
5.26	7.3505039e-05
5.27	7.3112685e-05
5.28	7.2722796e-05
5.29	7.2335325e-05
5.3	7.1950231e-05
5.31	7.1567463e-05
5.32	7.1186987e-05
5.33	7.0808774e-05
5.34	7.0432799e-05
5.35	7.0059039e-05
5.36	6.9687471e-05
5.37	6.9318077e-05
5.38	6.895084e-05
5.39	6.8585742e-05
5.4	6.8222769e-05
5.41	6.7861907e-05
5.42	6.7503142e-05
5.43	6.7146463e-05
5.44	6.6791858e-05
5.45	6.6439315e-05
5.46	6.6088826e-05
5.47	6.5740381e-05
5.48	6.5393971e-05
5.49	6.5049589e-05
5.5	6.4990176e-05
5.51	6.4289484e-05
5.52	6.4266691e-05
5.53	6.3678319e-05
5.54	6.3494692e-05
5.55	6.3135308e-05
5.56	6.2775739e-05
5.57	6.2513354e-05
5.58	6.2148419e-05
5.59	6.1857075e-05
5.6	6.1542842e-05
5.61	6.1223065e-05
5.62	6.0929077e-05
5.63	6.0614883e-05
5.64	6.0317027e-05
5.65	6.0018109e-05
5.66	5.9718743e-05
5.67	5.9427797e-05
5.68	5.9134961e-05
5.69	5.8847622e-05
5.7	5.8563143e-05
5.71	5.8280957e-05
5.72	5.8003571e-05
5.73	5.7728922e-05
5.74	5.7458632e-05
5.75	5.7193145e-05
5.76	5.6932331e-05
5.77	5.6676879e-05
5.78	5.6426867e-05
5.79	5.6183178e-05
5.8	5.5948324e-05
5.81	5.5722458e-05
5.82	5.5506307e-05
5.83	5.5301618e-05
5.84	5.5110901e-05
5.85	5.4937605e-05
5.86	5.4786583e-05
5.87	5.4665073e-05
5.88	5.4584177e-05
5.89	5.4561982e-05
5.9	5.463002e-05
5.91	5.484841e-05
5.92	5.5347035e-05
5.93	5.6462985e-05
5.94	5.9385299e-05
5.95	6.0244213e-05
5.96	7.2636047e-05
5.97	6.7032692e-05
5.98	5.0425585e-05
5.99	5.2881235e-05
6	5.0490752e-05
6.01	5.0407655e-05
6.02	5.0339892e-05
6.03	5.0117215e-05
6.04	4.980633e-05
6.05	4.9587337e-05
6.06	4.9413956e-05
6.07	4.9227606e-05
6.08	4.9093481e-05
6.09	4.8963496e-05
6.1	4.8865919e-05
6.11	4.8814249e-05
6.12	4.8812176e-05
6.13	4.8939242e-05
6.14	4.9213248e-05
6.15	4.9714724e-05
6.16	5.0608088e-05
6.17	5.2372349e-05
6.18	5.632561e-05
6.19	6.0489608e-05
6.2	8.1036636e-05
6.21	7.3710616e-05
6.22	5.6169789e-05
6.23	5.2596026e-05
6.24	5.3451232e-05
6.25	6.0928228e-05
6.26	5.8814942e-05
6.27	6.9514743e-05
6.28	4.5590515e-05
6.29	4.6730999e-05
6.3	4.4580725e-05
6.31	4.354119e-05
6.32	4.3819218e-05
6.33	4.2863997e-05
6.34	4.2643868e-05
6.35	4.2043115e-05
6.36	4.245092e-05
6.37	4.2697721e-05
6.38	4.1720443e-05
6.39	4.150243e-05
6.4	4.0906648e-05
6.41	4.1349195e-05
6.42	4.1616921e-05
6.43	4.0643688e-05
6.44	4.0484825e-05
6.45	3.9919432e-05
6.46	4.0390082e-05
6.47	4.0672091e-05
6.48	3.975932e-05
6.49	3.9656342e-05
6.5	3.915936e-05
6.51	3.9715675e-05
6.52	4.007279e-05
6.53	3.9324894e-05
6.54	4.0136108e-05
6.55	3.9689179e-05
6.56	3.7462511e-05
6.57	3.8042753e-05
6.58	3.6801174e-05
6.59	3.6722904e-05
6.6	4.1033906e-05
6.61	4.2274473e-05
6.62	3.7211716e-05
6.63	3.7401278e-05
6.64	3.5549369e-05
6.65	3.5786378e-05
6.66	3.6030344e-05
6.67	3.5371341e-05
6.68	3.5095841e-05
6.69	3.507046e-05
6.7	3.5448476e-05
6.71	3.4460813e-05
6.72	3.4374215e-05
6.73	3.4802046e-05
6.74	3.3943154e-05
6.75	3.3788864e-05
6.76	3.4248047e-05
6.77	3.3382291e-05
6.78	3.3234698e-05
6.79	3.3678272e-05
6.8	3.2858684e-05
6.81	3.2703634e-05
6.82	3.3176367e-05
6.83	3.2338048e-05
6.84	3.2198342e-05
6.85	3.2621187e-05
6.86	3.1846353e-05
6.87	3.1691657e-05
6.88	3.2183139e-05
6.89	3.1338491e-05
6.9	3.1217836e-05
6.91	3.1583208e-05
6.92	3.1030635e-05
6.93	3.0980212e-05
6.94	3.1374074e-05
6.95	3.0449253e-05
6.96	3.0271945e-05
6.97	3.0540226e-05
6.98	3.0129832e-05
6.99	3.0060378e-05
7	3.0652172e-05
7.01	2.9578357e-05
7.02	2.941847e-05
7.03	2.9355802e-05
7.04	2.9237141e-05
7.05	2.9225381e-05
7.06	2.8982072e-05
7.07	2.8797453e-05
7.08	2.8538663e-05
7.09	2.8800543e-05
7.1	2.8390263e-05
7.11	2.8201087e-05
7.12	2.8011552e-05
7.13	2.8313382e-05
7.14	2.7895156e-05
7.15	2.7817087e-05
7.16	2.832009e-05
7.17	2.7436752e-05
7.18	2.7464173e-05
7.19	2.7323581e-05
7.2	2.7238486e-05
7.21	2.7154211e-05
7.22	2.7114316e-05
7.23	2.6886572e-05
7.24	2.692583e-05
7.25	2.6695249e-05
7.26	2.6718199e-05
7.27	2.6462057e-05
7.28	2.6556212e-05
7.29	2.6324848e-05
7.3	2.638313e-05
7.31	2.6121614e-05
7.32	2.6291552e-05
7.33	2.6078239e-05
7.34	2.6192215e-05
7.35	2.5943622e-05
7.36	2.6246043e-05
7.37	2.6099196e-05
7.38	2.6348603e-05
7.39	2.6091983e-05
7.4	2.7469321e-05
7.41	2.6836318e-05
7.42	2.7504586e-05
7.43	2.4640771e-05
7.44	3.7570808e-05
7.45	2.3424709e-05
7.46	2.3948204e-05
7.47	2.3221564e-05
7.48	2.3358903e-05
7.49	2.303111e-05
7.5	2.2852001e-05
7.51	2.2763828e-05
7.52	2.2562185e-05
7.53	2.2341965e-05
7.54	2.3068337e-05
7.55	3.3494643e-05
7.56	2.2225473e-05
7.57	2.4460728e-05
7.58	2.3661291e-05
7.59	2.2226557e-05
7.6	2.2048626e-05
7.61	2.2150841e-05
7.62	2.1767074e-05
7.63	2.1546828e-05
7.64	2.1953588e-05
7.65	2.1208167e-05
7.66	2.110212e-05
7.67	2.1131207e-05
7.68	2.103876e-05
7.69	2.0822102e-05
7.7	2.1458173e-05
7.71	2.062833e-05
7.72	2.0331716e-05
7.73	2.0455931e-05
7.74	2.0538155e-05
7.75	2.0251938e-05
7.76	2.0101285e-05
7.77	2.0039321e-05
7.78	1.9820636e-05
7.79	1.962075e-05
7.8	2.0259407e-05
7.81	1.9366589e-05
7.82	1.9226641e-05
7.83	1.9260893e-05
7.84	1.9520227e-05
7.85	1.9171644e-05
7.86	1.8980476e-05
7.87	1.8954986e-05
7.88	1.931862e-05
7.89	1.8598071e-05
7.9	1.8344248e-05
7.91	1.8467079e-05
7.92	1.8567169e-05
7.93	1.8282904e-05
7.94	1.8150723e-05
7.95	1.8058164e-05
7.96	1.8028887e-05
7.97	1.7719731e-05
7.98	1.8401548e-05
7.99	1.7612637e-05
8	1.7849704e-05
8.01	1.7542886e-05
8.02	1.7516999e-05
8.03	1.7263818e-05
8.04	1.717629e-05
8.05	1.7266307e-05
8.06	1.696663e-05
8.07	1.6913819e-05
8.08	1.7088011e-05
8.09	1.67152e-05
8.1	1.662626e-05
8.11	1.6643792e-05
8.12	1.6441213e-05
8.13	1.6370599e-05
8.14	1.6669228e-05
8.15	1.6244047e-05
8.16	1.6078107e-05
8.17	1.6496509e-05
8.18	1.6104982e-05
8.19	1.607012e-05
8.2	1.5787318e-05
8.21	1.5544794e-05
8.22	1.5568849e-05
8.23	1.5656099e-05
8.24	1.5450139e-05
8.25	1.578339e-05
8.26	1.5333087e-05
8.27	1.5128725e-05
8.28	1.5521716e-05
8.29	1.5092557e-05
8.3	1.5105358e-05
8.31	1.5219856e-05
8.32	1.4748221e-05
8.33	1.5065339e-05
8.34	1.502057e-05
8.35	1.4536849e-05
8.36	1.5054657e-05
8.37	1.4664486e-05
8.38	1.4581751e-05
8.39	1.4623407e-05
8.4	1.416787e-05
8.41	1.4186195e-05
8.42	1.4006285e-05
8.43	1.4505303e-05
8.44	1.4166962e-05
8.45	1.3840542e-05
8.46	1.4212729e-05
8.47	1.3949225e-05
8.48	1.3876406e-05
8.49	1.3741596e-05
8.5	1.3394823e-05
8.51	1.377807e-05
8.52	1.4068493e-05
8.53	1.3712974e-05
8.54	1.3847687e-05
8.55	1.2992828e-05
8.56	1.3048516e-05
8.57	1.2871726e-05
8.58	1.3381177e-05
8.59	1.3397026e-05
8.6	1.3101388e-05
8.61	1.3184641e-05
8.62	1.250331e-05
8.63	1.2594829e-05
8.64	1.244129e-05
8.65	1.2892612e-05
8.66	1.3072488e-05
8.67	1.2721668e-05
8.68	1.2812964e-05
8.69	1.1934773e-05
8.7	1.2296162e-05
8.71	1.1961821e-05
8.72	1.2434396e-05
8.73	1.2476434e-05
8.74	1.2172891e-05
8.75	1.2253541e-05
8.76	1.1480197e-05
8.77	1.1853091e-05
8.78	1.1526329e-05
8.79	1.1972539e-05
8.8	1.2116626e-05
8.81	1.1785694e-05
8.82	1.1881385e-05
8.83	1.1079886e-05
8.84	1.1412074e-05
8.85	1.1086412e-05
8.86	1.1526577e-05
8.87	1.1583054e-05
8.88	1.1298469e-05
8.89	1.0927845e-05
8.9	1.0858286e-05
8.91	1.1139292e-05
8.92	1.0940128e-05
8.93	1.1634503e-05
8.94	1.0963487e-05
8.95	1.0477633e-05
8.96	1.0916689e-05
8.97	1.0952437e-05
8.98	1.0413059e-05
8.99	1.1433111e-05
9	1.0305923e-05
9.01	1.0519613e-05
9.02	1.0686534e-05
9.03	1.0442183e-05
9.04	1.0541592e-05
9.05	1.0350577e-05
9.06	1.0222696e-05
9.07	9.9089003e-06
9.08	9.9642191e-06
9.09	1.0146843e-05
9.1	9.9931861e-06
9.11	1.0608314e-05
9.12	9.977329e-06
9.13	9.5596216e-06
9.14	9.9087846e-06
9.15	9.7404447e-06
9.16	9.5423775e-06
9.17	1.0233407e-05
9.18	9.5021078e-06
9.19	9.7181748e-06
9.2	9.5120211e-06
9.21	9.5908314e-06
9.22	9.2833208e-06
9.23	9.6074523e-06
9.24	9.9871361e-06
9.25	9.6672754e-06
9.26	9.8100907e-06
9.27	9.0099302e-06
9.28	9.0953895e-06
9.29	8.9222497e-06
9.3	8.7728874e-06
9.31	8.9680386e-06
9.32	9.1179692e-06
9.33	9.0385975e-06
9.34	8.5004676e-06
9.35	9.0715633e-06
9.36	8.6713332e-06
9.37	8.5406096e-06
9.38	8.8441954e-06
9.39	9.3564227e-06
9.4	8.9845478e-06
9.41	9.0667614e-06
9.42	8.274338e-06
9.43	8.6788459e-06
9.44	8.8452503e-06
9.45	8.2728978e-06
9.46	8.4353062e-06
9.47	8.3202372e-06
9.48	8.628831e-06
9.49	8.6000044e-06
9.5	7.7935852e-06
9.51	8.1127651e-06
9.52	8.9830405e-06
9.53	8.1006917e-06
9.54	7.9366513e-06
9.55	7.5228523e-06
9.56	8.1978385e-06
9.57	7.9208744e-06
9.58	8.4007941e-06
9.59	7.8750223e-06
9.6	8.3044986e-06
9.61	7.9626151e-06
9.62	8.1290188e-06
9.63	7.409439e-06
9.64	7.753027e-06
9.65	7.0572937e-06
9.66	7.8925503e-06
9.67	7.285374e-06
9.68	7.4651002e-06
9.69	7.8057946e-06
9.7	6.8387756e-06
9.71	7.600709e-06
9.72	7.3892517e-06
9.73	6.9307176e-06
9.74	7.3623247e-06
9.75	7.4681089e-06
9.76	6.5273775e-06
9.77	7.8018744e-06
9.78	7.1101678e-06
9.79	6.8964102e-06
9.8	7.4001872e-06
9.81	7.4698778e-06
9.82	7.2947131e-06
9.83	6.5768296e-06
9.84	7.0046372e-06
9.85	7.120941e-06
9.86	6.9441378e-06
9.87	7.7845149e-06
9.88	6.9534097e-06
9.89	7.0999558e-06
9.9	7.1237268e-06
9.91	6.8872254e-06
9.92	6.7998517e-06
9.93	6.258033e-06
9.94	6.6741973e-06
9.95	6.7266275e-06
9.96	5.8128752e-06
9.97	6.5872678e-06
9.98	6.4968094e-06
9.99	6.3858603e-06
10	5.9920586e-06
10.01	7.1240435e-06
10.02	6.3898278e-06
10.03	7.1097297e-06
10.04	6.1827489e-06
10.05	6.2685456e-06
10.06	6.7404768e-06
10.07	6.4941951e-06
10.08	5.8933626e-06
10.09	6.5425453e-06
10.1	6.2567739e-06
10.11	5.531275e-06
10.12	6.041686e-06
10.13	6.1207627e-06
10.14	5.9723307e-06
10.15	5.5805475e-06
10.16	6.4103362e-06
10.17	6.1729241e-06
10.18	5.382457e-06
10.19	6.4663295e-06
10.2	5.4565777e-06
10.21	5.8668909e-06
10.22	5.5470651e-06
10.23	5.5679518e-06
10.24	6.5836366e-06
10.25	5.7734097e-06
10.26	5.5326198e-06
10.27	5.1333718e-06
10.28	5.7637357e-06
10.29	5.7473049e-06
10.3	5.3767338e-06
10.31	5.0893768e-06
10.32	5.9911906e-06
10.33	5.7625865e-06
10.34	4.9759887e-06
10.35	5.9844552e-06
10.36	5.2279532e-06
10.37	5.4086385e-06
10.38	4.9658304e-06
10.39	5.1519647e-06
10.4	5.1263244e-06
10.41	5.1342544e-06
10.42	5.5706704e-06
10.43	5.5268772e-06
10.44	4.7132581e-06
10.45	5.8275845e-06
10.46	4.9344689e-06
10.47	5.0218297e-06
10.48	4.6715409e-06
10.49	4.8229314e-06
10.5	4.7612354e-06
10.51	4.8291539e-06
10.52	4.8103056e-06
10.53	5.4979171e-06
10.54	5.4866518e-06
10.55	5.5143098e-06
10.56	4.9269887e-06
10.57	4.7700077e-06
10.58	4.4574848e-06
10.59	4.6404034e-06
10.6	4.4533082e-06
10.61	4.7235213e-06
10.62	4.6195647e-06
10.63	5.091128e-06
10.64	5.1948076e-06
10.65	5.2203891e-06
10.66	4.8234089e-06
10.67	4.595526e-06
10.68	4.268041e-06
10.69	4.4285963e-06
10.7	4.2651915e-06
10.71	4.5087854e-06
10.72	4.4550974e-06
10.73	4.8841419e-06
10.74	4.9736264e-06
10.75	4.929292e-06
10.76	4.3825244e-06
10.77	4.5963791e-06
10.78	4.4077366e-06
10.79	4.4988966e-06
10.8	4.1075437e-06
10.81	4.1128814e-06
10.82	4.3390596e-06
10.83	3.9397873e-06
10.84	5.1731036e-06
10.85	4.716765e-06
10.86	4.7508952e-06
10.87	4.8081805e-06
10.88	4.7085645e-06
10.89	4.4258141e-06
10.9	5.0060782e-06
10.91	4.5586648e-06
10.92	4.5891478e-06
10.93	4.4513283e-06
10.94	4.0196613e-06
10.95	3.9072726e-06
10.96	4.0228955e-06
10.97	4.0685708e-06
10.98	4.5479087e-06
10.99	4.4658586e-06
11	4.998418e-06
11.01	4.1298116e-06
11.02	3.845264e-06
11.03	4.2166246e-06
11.04	3.829309e-06
11.05	3.8556298e-06
11.06	3.950832e-06
11.07	3.6221128e-06
11.08	3.9241838e-06
11.09	3.5874259e-06
11.1	4.8344944e-06
11.11	4.2544885e-06
11.12	4.2111129e-06
11.13	4.3151514e-06
11.14	4.6602144e-06
11.15	4.7653062e-06
11.16	4.512441e-06
11.17	4.4188246e-06
11.18	4.8165485e-06
11.19	3.7492962e-06
11.2	3.7305052e-06
11.21	4.2680042e-06
11.22	4.4545929e-06
11.23	4.1587517e-06
11.24	4.098352e-06
11.25	3.5025211e-06
11.26	3.7774158e-06
11.27	3.8432661e-06
11.28	3.7960262e-06
11.29	3.3924396e-06
11.3	3.6786401e-06
11.31	3.5460455e-06
11.32	3.5705111e-06
11.33	3.7888567e-06
11.34	4.039929e-06
11.35	3.9258874e-06
11.36	4.6308001e-06
11.37	4.1092341e-06
11.38	3.9878627e-06
11.39	4.0580888e-06
11.4	3.1626192e-06
11.41	3.5122345e-06
11.42	3.641252e-06
11.43	3.3352555e-06
11.44	3.0633171e-06
11.45	3.2883592e-06
11.46	3.2600193e-06
11.47	4.2231221e-06
11.48	3.5360643e-06
11.49	4.1391058e-06
11.5	3.0843777e-06
11.51	3.2107502e-06
11.52	3.3985009e-06
11.53	3.019741e-06
11.54	3.5617133e-06
11.55	3.1267337e-06
11.56	3.3666069e-06
11.57	3.504439e-06
11.58	3.4085316e-06
11.59	3.8093628e-06
11.6	3.1246047e-06
11.61	3.6804801e-06
11.62	3.6423685e-06
11.63	3.8236993e-06
11.64	3.783685e-06
11.65	3.4211895e-06
11.66	3.0792361e-06
11.67	3.4760136e-06
11.68	3.1101138e-06
11.69	3.5135969e-06
11.7	3.0697902e-06
11.71	3.0364569e-06
11.72	2.976177e-06
11.73	3.359211e-06
11.74	3.3113239e-06
11.75	3.2275696e-06
11.76	3.2407201e-06
11.77	3.6056314e-06
11.78	4.0996518e-06
11.79	3.0902164e-06
11.8	3.1312721e-06
11.81	2.8438413e-06
11.82	4.0061075e-06
11.83	3.1753002e-06
11.84	3.2454075e-06
11.85	3.2099559e-06
11.86	3.9936108e-06
11.87	3.1045984e-06
11.88	3.7730976e-06
11.89	3.0190501e-06
11.9	3.532578e-06
11.91	2.9614965e-06
11.92	3.2110795e-06
11.93	3.193387e-06
11.94	3.3679e-06
11.95	3.4702977e-06
11.96	2.9099456e-06
11.97	3.0617564e-06
11.98	2.8850215e-06
11.99	2.9326748e-06
12	2.7410924e-06
12.01	2.886448e-06
12.02	2.9267065e-06
12.03	3.2131643e-06
12.04	3.2156777e-06
12.05	3.5178505e-06
12.06	3.3898474e-06
12.07	2.8562689e-06
12.08	3.4242668e-06
12.09	3.0199397e-06
12.1	3.1464689e-06
12.11	3.1820661e-06
12.12	2.9155387e-06
12.13	3.1725566e-06
12.14	3.5419126e-06
12.15	2.844582e-06
12.16	2.7527563e-06
12.17	3.3687701e-06
12.18	3.2458634e-06
12.19	3.0884391e-06
12.2	2.8768984e-06
12.21	3.4893989e-06
12.22	2.327028e-06
12.23	2.1295413e-06
12.24	2.5699452e-06
12.25	2.9877189e-06
12.26	2.9951991e-06
12.27	3.1924823e-06
12.28	2.8681519e-06
12.29	2.8215272e-06
12.3	2.9801817e-06
12.31	3.0769447e-06
12.32	3.1985843e-06
12.33	3.0016955e-06
12.34	2.655315e-06
12.35	2.4056319e-06
12.36	3.1405459e-06
12.37	3.0662588e-06
12.38	3.7168145e-06
12.39	3.1315858e-06
12.4	3.3536733e-06
12.41	2.7541564e-06
12.42	2.8047381e-06
12.43	2.9829191e-06
12.44	2.7614409e-06
12.45	2.8745542e-06
12.46	3.3136953e-06
12.47	2.8426467e-06
12.48	2.9983698e-06
12.49	2.5833107e-06
12.5	2.7872288e-06
12.51	2.6596239e-06
12.52	2.6800747e-06
12.53	2.8521933e-06
12.54	2.6628043e-06
12.55	2.4569731e-06
12.56	3.3756605e-06
12.57	3.1390935e-06
12.58	2.488182e-06
12.59	3.0413676e-06
12.6	3.164273e-06
12.61	2.935387e-06
12.62	2.9245617e-06
12.63	2.8841075e-06
12.64	3.5000824e-06
12.65	3.6437666e-06
12.66	2.4428426e-06
12.67	2.4908567e-06
12.68	2.7860735e-06
12.69	3.0849908e-06
12.7	2.3210689e-06
12.71	2.4990025e-06
12.72	3.2247967e-06
12.73	3.1245829e-06
12.74	3.2165406e-06
12.75	2.865631e-06
12.76	2.6534416e-06
12.77	2.9996053e-06
12.78	3.024765e-06
12.79	2.0683365e-06
12.8	3.3111331e-06
12.81	2.5100782e-06
12.82	2.3809732e-06
12.83	3.2434008e-06
12.84	2.6770589e-06
12.85	2.5027429e-06
12.86	2.5198856e-06
12.87	3.576336e-06
12.88	2.4561365e-06
12.89	2.7558335e-06
12.9	2.6359612e-06
12.91	3.6393363e-06
12.92	3.4388096e-06
12.93	3.0036814e-06
12.94	3.54059e-06
12.95	3.0237689e-06
12.96	2.7214594e-06
12.97	2.9207954e-06
12.98	2.3461999e-06
12.99	3.5457458e-06
13	2.8328311e-06
13.01	2.6095923e-06
13.02	3.0567462e-06
13.03	3.3474119e-06
13.04	2.8551235e-06
13.05	2.6253592e-06
13.06	2.8513544e-06
13.07	3.2909959e-06
13.08	3.3041023e-06
13.09	3.3230072e-06
13.1	2.4935604e-06
13.11	2.9363572e-06
13.12	2.5704518e-06
13.13	2.5650865e-06
13.14	2.7096931e-06
13.15	2.723596e-06
13.16	2.9560704e-06
13.17	2.8454788e-06
13.18	2.4727802e-06
13.19	2.1674166e-06
13.2	2.7753947e-06
13.21	2.589301e-06
13.22	2.160708e-06
13.23	2.1465564e-06
13.24	2.6063109e-06
13.25	2.0929388e-06
13.26	2.9222227e-06
13.27	3.0391546e-06
13.28	2.7072438e-06
13.29	1.8531634e-06
13.3	2.4899711e-06
13.31	2.4353751e-06
13.32	2.302268e-06
13.33	2.0913877e-06
13.34	2.7984895e-06
13.35	2.4859922e-06
13.36	2.1728958e-06
13.37	1.899536e-06
13.38	2.8749065e-06
13.39	2.4624006e-06
13.4	2.8840287e-06
13.41	2.0362214e-06
13.42	2.1409557e-06
13.43	2.9201184e-06
13.44	2.7533e-06
13.45	2.1935502e-06
13.46	2.8998992e-06
13.47	2.8295904e-06
13.48	2.9288421e-06
13.49	2.5435552e-06
13.5	2.3527572e-06
13.51	3.3758554e-06
13.52	2.8846255e-06
13.53	2.6301036e-06
13.54	2.6773834e-06
13.55	2.6989285e-06
13.56	2.513931e-06
13.57	3.0401262e-06
13.58	2.3529457e-06
13.59	2.5683553e-06
13.6	3.1475448e-06
13.61	2.9618101e-06
13.62	3.3651678e-06
13.63	3.0001253e-06
13.64	2.697899e-06
13.65	2.7242942e-06
13.66	2.7610777e-06
13.67	1.9332606e-06
13.68	2.2514502e-06
13.69	2.0745517e-06
13.7	1.8646063e-06
13.71	1.4799638e-06
13.72	2.3534394e-06
13.73	2.3878494e-06
13.74	2.215439e-06
13.75	1.5403641e-06
13.76	2.0026205e-06
13.77	2.2476505e-06
13.78	2.7642638e-06
13.79	1.9497469e-06
13.8	2.489115e-06
13.81	1.5497936e-06
13.82	2.0005508e-06
13.83	3.2042672e-06
13.84	1.7276425e-06
13.85	1.8875951e-06
13.86	1.7539008e-06
13.87	2.6687457e-06
13.88	2.2867146e-06
13.89	1.7841159e-06
13.9	2.4598848e-06
13.91	3.4751018e-06
13.92	2.4011725e-06
13.93	3.3541394e-06
13.94	2.0351208e-06
13.95	2.4044415e-06
13.96	1.8570179e-06
13.97	2.1220435e-06
13.98	2.1184469e-06
13.99	2.3605353e-06
14	1.9066934e-06
14.01	3.0727027e-06
14.02	2.4444261e-06
14.03	2.0144538e-06
14.04	2.2749697e-06
14.05	2.1846425e-06
14.06	2.0998027e-06
14.07	3.0961402e-06
14.08	3.0020789e-06
14.09	2.8836829e-06
14.1	2.5005901e-06
14.11	1.9340074e-06
14.12	2.6328815e-06
14.13	2.1482029e-06
14.14	2.5226996e-06
14.15	1.9048746e-06
14.16	1.8780128e-06
14.17	1.6861356e-06
14.18	2.4427938e-06
14.19	2.2046291e-06
14.2	1.8525922e-06
14.21	2.5149797e-06
14.22	2.8617064e-06
14.23	1.9599333e-06
14.24	2.7022378e-06
14.25	1.6508091e-06
14.26	3.0062228e-06
14.27	1.7659345e-06
14.28	1.5233638e-06
14.29	2.2158463e-06
14.3	1.5995692e-06
14.31	2.9521045e-06
14.32	1.8454667e-06
14.33	1.7059939e-06
14.34	2.1542172e-06
14.35	1.4144786e-06
14.36	2.3970661e-06
14.37	1.4472182e-06
14.38	2.1724642e-06
14.39	2.1601765e-06
14.4	2.3254118e-06
14.41	1.790943e-06
14.42	2.00814e-06
14.43	1.4801406e-06
14.44	2.7207136e-06
14.45	2.0161611e-06
14.46	1.8858051e-06
14.47	1.8185397e-06
14.48	2.2016954e-06
14.49	1.6219532e-06
14.5	2.6317467e-06
14.51	1.4630572e-06
14.52	2.3294104e-06
14.53	3.1202304e-06
14.54	2.0168804e-06
14.55	2.0697485e-06
14.56	1.8056766e-06
14.57	2.1957885e-06
14.58	2.0524578e-06
14.59	2.5602723e-06
14.6	2.2904596e-06
14.61	2.6500142e-06
14.62	2.9926318e-06
14.63	3.2120816e-06
14.64	3.3771446e-06
14.65	2.8462845e-06
14.66	2.4168787e-06
14.67	2.0377851e-06
14.68	2.3331636e-06
14.69	2.360251e-06
14.7	2.4222783e-06
14.71	1.8679367e-06
14.72	1.6409929e-06
14.73	2.5606469e-06
14.74	2.0160266e-06
14.75	2.3577859e-06
14.76	1.4220201e-06
14.77	1.9508941e-06
14.78	2.1941269e-06
14.79	1.2842723e-06
14.8	2.2388473e-06
14.81	1.400265e-06
14.82	2.0899268e-06
14.83	1.7493793e-06
14.84	1.8175704e-06
14.85	2.5822374e-06
14.86	2.3631255e-06
14.87	2.4813816e-06
14.88	2.449246e-06
14.89	1.7361303e-06
14.9	2.6254001e-06
14.91	3.2664818e-06
14.92	1.9601983e-06
14.93	1.7633531e-06
14.94	2.4158355e-06
14.95	2.1235243e-06
14.96	2.7053539e-06
14.97	1.775253e-06
14.98	1.3531808e-06
14.99	2.6018121e-06
15	1.4745681e-06
15.01	1.898751e-06
15.02	2.6485643e-06
15.03	1.7828174e-06
15.04	2.135443e-06
15.05	1.6761078e-06
15.06	2.5668584e-06
15.07	2.1016163e-06
15.08	1.9908323e-06
15.09	2.9302396e-06
15.1	2.171862e-06
15.11	2.1273872e-06
15.12	1.7346015e-06
15.13	2.1161018e-06
15.14	1.7757646e-06
15.15	2.6151782e-06
15.16	2.5018916e-06
15.17	2.0447091e-06
15.18	2.6689043e-06
15.19	2.6222485e-06
15.2	2.5225659e-06
15.21	2.8064298e-06
15.22	2.2218736e-06
15.23	2.3692511e-06
15.24	2.0774032e-06
15.25	1.7571041e-06
15.26	2.5217996e-06
15.27	2.8820391e-06
15.28	2.1855075e-06
15.29	2.1326749e-06
15.3	2.5428954e-06
15.31	1.7873233e-06
15.32	1.6228619e-06
15.33	2.4260672e-06
15.34	2.2483529e-06
15.35	1.9348697e-06
15.36	2.044731e-06
15.37	1.7684651e-06
15.38	2.1916096e-06
15.39	1.9365407e-06
15.4	2.5397696e-06
15.41	1.7669958e-06
15.42	2.0763004e-06
15.43	2.6459661e-06
15.44	1.5774125e-06
15.45	1.9779602e-06
15.46	1.9978697e-06
15.47	2.090052e-06
15.48	1.865025e-06
15.49	2.0178715e-06
15.5	1.4405597e-06
15.51	2.1628855e-06
15.52	2.579271e-06
15.53	2.1832541e-06
15.54	2.060189e-06
15.55	2.3497273e-06
15.56	2.3508875e-06
15.57	2.2635842e-06
15.58	2.2375085e-06
15.59	1.9857295e-06
15.6	2.1889582e-06
15.61	2.620697e-06
15.62	1.9595275e-06
15.63	2.8591908e-06
15.64	2.4586746e-06
15.65	2.3469817e-06
15.66	1.8652971e-06
15.67	1.9601345e-06
15.68	2.6532659e-06
15.69	2.3490482e-06
15.7	2.3922006e-06
15.71	1.6898998e-06
15.72	2.5416379e-06
15.73	1.8939143e-06
15.74	2.6843482e-06
15.75	2.3780294e-06
15.76	2.2836943e-06
15.77	1.8908734e-06
15.78	1.9756582e-06
15.79	2.7767639e-06
15.8	2.8397763e-06
15.81	2.4343347e-06
15.82	2.313028e-06
15.83	1.8115989e-06
15.84	2.6511953e-06
15.85	1.8121426e-06
15.86	2.3980118e-06
15.87	2.5970796e-06
15.88	2.1827143e-06
15.89	2.3956642e-06
15.9	2.8791284e-06
15.91	2.8786801e-06
15.92	2.291066e-06
15.93	2.2489046e-06
15.94	1.9244007e-06
15.95	1.6759617e-06
15.96	1.997327e-06
15.97	1.6691162e-06
15.98	2.2062659e-06
15.99	2.3604703e-06
16	1.7481073e-06
16.01	1.8054502e-06
16.02	2.1295881e-06
16.03	2.640201e-06
16.04	2.6057378e-06
16.05	2.5769601e-06
16.06	2.2031748e-06
16.07	1.7917663e-06
16.08	2.4030859e-06
16.09	2.4007633e-06
16.1	1.8719812e-06
16.11	1.1867276e-06
16.12	2.30961e-06
16.13	2.5650848e-06
16.14	2.1436565e-06
16.15	1.8772514e-06
16.16	2.5925823e-06
16.17	2.4624292e-06
16.18	2.6306117e-06
16.19	1.9853719e-06
16.2	2.473237e-06
16.21	1.8970859e-06
16.22	2.3087977e-06
16.23	1.9056371e-06
16.24	1.8889738e-06
16.25	1.7674388e-06
16.26	2.0740652e-06
16.27	2.2873648e-06
16.28	1.9240777e-06
16.29	2.2668197e-06
16.3	1.6912347e-06
16.31	2.418128e-06
16.32	1.5056253e-06
16.33	1.9634694e-06
16.34	2.5656049e-06
16.35	1.6194758e-06
16.36	2.0169468e-06
16.37	2.2124655e-06
16.38	2.24504e-06
16.39	2.0906609e-06
16.4	2.5072679e-06
16.41	2.3071054e-06
16.42	1.8976245e-06
16.43	1.8320054e-06
16.44	1.8525949e-06
16.45	2.2147005e-06
16.46	2.545314e-06
16.47	2.4343862e-06
16.48	2.1547244e-06
16.49	2.0625686e-06
16.5	2.5282516e-06
16.51	2.603367e-06
16.52	2.4788686e-06
16.53	2.2917125e-06
16.54	2.1968312e-06
16.55	2.2771621e-06
16.56	1.8130724e-06
16.57	1.9484249e-06
16.58	2.0319068e-06
16.59	1.8101431e-06
16.6	2.6519377e-06
16.61	2.6913247e-06
16.62	2.2076008e-06
16.63	2.047742e-06
16.64	2.0014989e-06
16.65	2.6688747e-06
16.66	2.0845675e-06
16.67	1.834415e-06
16.68	1.9638737e-06
16.69	2.1924482e-06
16.7	2.2323855e-06
16.71	1.8944014e-06
16.72	2.7596938e-06
16.73	2.1475375e-06
16.74	1.9945535e-06
16.75	2.1448823e-06
16.76	2.211557e-06
16.77	2.9634187e-06
16.78	2.5079217e-06
16.79	1.7537705e-06
16.8	1.5556624e-06
16.81	1.6157975e-06
16.82	2.1709802e-06
16.83	2.6704002e-06
16.84	2.2658066e-06
16.85	1.976522e-06
16.86	2.1526007e-06
16.87	1.8033429e-06
16.88	2.1851947e-06
16.89	2.4029045e-06
16.9	2.4332586e-06
16.91	1.8250511e-06
16.92	1.8845906e-06
16.93	2.2459518e-06
16.94	2.518103e-06
16.95	2.7132797e-06
16.96	1.742589e-06
16.97	1.7503564e-06
16.98	2.3147697e-06
16.99	2.5886398e-06
17	1.8319413e-06
17.01	1.7470915e-06
17.02	1.6176069e-06
17.03	2.085961e-06
17.04	2.3363231e-06
17.05	2.3561131e-06
17.06	2.5578627e-06
17.07	2.3159816e-06
17.08	2.4910799e-06
17.09	2.5883745e-06
17.1	2.4505921e-06
17.11	2.7628133e-06
17.12	2.1713872e-06
17.13	1.5505217e-06
17.14	1.4111092e-06
17.15	1.8273517e-06
17.16	2.2094475e-06
17.17	1.8267922e-06
17.18	1.7764896e-06
17.19	1.4107888e-06
17.2	2.110537e-06
17.21	2.323888e-06
17.22	2.0801146e-06
17.23	2.1647509e-06
17.24	2.1726011e-06
17.25	1.8578658e-06
17.26	1.3848137e-06
17.27	1.1318584e-06
17.28	1.0125113e-06
17.29	1.0262499e-06
17.3	1.0646519e-06
17.31	1.1832896e-06
17.32	1.2702142e-06
17.33	1.3234528e-06
17.34	1.317522e-06
17.35	1.2615012e-06
17.36	1.1838787e-06
17.37	1.0901472e-06
17.38	1.0165941e-06
17.39	9.822709e-07
17.4	1.6126277e-06
17.41	1.7827717e-06
17.42	1.3011108e-06
17.43	1.2779425e-06
17.44	1.2627361e-06
17.45	1.0728578e-06
17.46	9.5012209e-07
17.47	1.5189279e-06
17.48	1.6082286e-06
17.49	1.1270337e-06
17.5	1.1262008e-06
17.51	1.1566169e-06
17.52	1.0258971e-06
17.53	9.632684e-07
17.54	1.5409082e-06
17.55	1.6494345e-06
17.56	1.1948515e-06
17.57	1.1874073e-06
17.58	1.2036613e-06
17.59	1.0436802e-06
17.6	9.594679e-07
17.61	1.5268863e-06
17.62	1.5842813e-06
17.63	1.1007569e-06
17.64	1.0878744e-06
17.65	1.1168416e-06
17.66	9.706592e-07
17.67	1.5420906e-06
17.68	1.5939327e-06
17.69	1.0515416e-06
17.7	1.058596e-06
17.71	1.0533478e-06
17.72	9.4332013e-07
17.73	1.508409e-06
17.74	1.5271934e-06
17.75	1.0486605e-06
17.76	1.0562555e-06
17.77	1.0978306e-06
17.78	9.6884039e-07
17.79	1.5334468e-06
17.8	1.5943578e-06
17.81	1.0565777e-06
17.82	1.066363e-06
17.83	1.0618144e-06
17.84	9.430829e-07
17.85	1.5103034e-06
17.86	1.5080007e-06
17.87	9.9310167e-07
17.88	1.6317663e-06
17.89	1.7255774e-06
17.9	1.2509995e-06
17.91	1.1264457e-06
17.92	1.0591556e-06
17.93	8.8494457e-07
17.94	1.3877103e-06
17.95	1.3847565e-06
17.96	8.6761284e-07
17.97	1.4175932e-06
17.98	1.5858562e-06
17.99	1.190702e-06
18	1.1607195e-06
18.01	1.1038104e-06
18.02	9.6047574e-07
18.03	1.4962177e-06
18.04	1.4498597e-06
18.05	8.9891248e-07
18.06	1.4792026e-06
18.07	1.5651938e-06
18.08	1.1411682e-06
18.09	1.0732783e-06
18.1	1.0578221e-06
18.11	9.1287265e-07
18.12	1.4199815e-06
18.13	1.4167206e-06
18.14	8.7605953e-07
18.15	1.429239e-06
18.16	1.5627719e-06
18.17	1.1201975e-06
18.18	1.0702296e-06
18.19	1.02809e-06
18.2	9.1486285e-07
18.21	1.4140682e-06
18.22	1.3772467e-06
18.23	8.632628e-07
18.24	1.4084581e-06
18.25	1.5007629e-06
18.26	1.1004464e-06
18.27	1.0410749e-06
18.28	1.0341633e-06
18.29	9.0442766e-07
18.3	1.3926087e-06
18.31	1.380015e-06
18.32	8.4602177e-07
18.33	1.3736266e-06
18.34	1.4858193e-06
18.35	1.0551578e-06
18.36	1.0201322e-06
18.37	9.9573509e-07
18.38	1.5403333e-06
18.39	1.4964491e-06
18.4	8.5920848e-07
18.41	1.3985636e-06
18.42	1.4652219e-06
18.43	1.0100012e-06
18.44	9.7250368e-07
18.45	1.4625541e-06
18.46	1.4861886e-06
18.47	9.1617897e-07
18.48	1.4689822e-06
18.49	1.4664385e-06
18.5	9.7222423e-07
18.51	1.548289e-06
18.52	1.5464465e-06
18.53	9.8887479e-07
18.54	1.5822642e-06
18.55	1.5350135e-06
18.56	9.4993723e-07
18.57	1.5161006e-06
18.58	1.4752011e-06
18.59	9.2879836e-07
18.6	1.4856505e-06
18.61	1.464498e-06
18.62	9.3469335e-07
18.63	1.4969852e-06
18.64	1.4717419e-06
18.65	9.3576989e-07
18.66	1.4946097e-06
18.67	1.4669101e-06
18.68	9.3265823e-07
18.69	1.485922e-06
18.7	1.4583072e-06
18.71	9.2471941e-07
18.72	1.4721938e-06
18.73	1.4418734e-06
18.74	9.1343063e-07
18.75	1.4514234e-06
18.76	1.4244879e-06
18.77	9.0953537e-07
18.78	1.4422399e-06
18.79	1.4214921e-06
18.8	9.1203009e-07
18.81	1.4454759e-06
18.82	1.4238511e-06
18.83	9.0901665e-07
18.84	1.4408813e-06
18.85	1.4156628e-06
18.86	9.0003767e-07
18.87	1.4259962e-06
18.88	1.4014347e-06
18.89	8.9273066e-07
18.9	1.4132319e-06
18.91	1.3913888e-06
18.92	8.8926641e-07
18.93	1.4061341e-06
18.94	1.3850077e-06
18.95	8.8611314e-07
18.96	1.3988577e-06
18.97	1.37707e-06
18.98	8.8136491e-07
18.99	1.3887057e-06
19	1.3665764e-06
19.01	8.7543285e-07
19.02	1.376863e-06
19.03	1.3550848e-06
19.04	8.6968181e-07
19.05	1.365409e-06
19.06	1.3446628e-06
19.07	8.648747e-07
19.08	1.3561066e-06
19.09	1.3365691e-06
19.1	8.6070859e-07
19.11	1.3486602e-06
19.12	1.3296411e-06
19.13	8.5611103e-07
19.14	1.3408752e-06
19.15	1.3218163e-06
19.16	8.5083895e-07
19.17	1.3318208e-06
19.18	1.3127939e-06
19.19	8.4552965e-07
19.2	1.3223357e-06
19.21	1.3034976e-06
19.22	8.4071098e-07
19.23	1.3131241e-06
19.24	1.294302e-06
19.25	8.3607769e-07
19.26	1.3038482e-06
19.27	1.2849448e-06
19.28	8.3129751e-07
19.29	1.2942956e-06
19.3	1.2753424e-06
19.31	8.2636053e-07
19.32	1.2847088e-06
19.33	1.2658927e-06
19.34	8.2143032e-07
19.35	1.2754851e-06
19.36	1.256919e-06
19.37	8.1658879e-07
19.38	1.2667982e-06
19.39	1.2483931e-06
19.4	8.1168066e-07
19.41	1.258386e-06
19.42	1.2399768e-06
19.43	8.0659313e-07
19.44	1.2498835e-06
19.45	1.2313754e-06
19.46	8.0139446e-07
19.47	1.2411233e-06
19.48	1.2225946e-06
19.49	7.9629571e-07
19.5	1.2322734e-06
19.51	1.2137344e-06
19.52	7.9139763e-07
19.53	1.2234598e-06
19.54	1.2049139e-06
19.55	7.8664594e-07
19.56	1.2146386e-06
19.57	1.1961153e-06
19.58	7.8192422e-07
19.59	1.2057472e-06
19.6	1.1873234e-06
19.61	7.7712522e-07
19.62	1.1968825e-06
19.63	1.1785955e-06
19.64	7.7228926e-07
19.65	1.1881275e-06
19.66	1.1699994e-06
19.67	7.6741925e-07
19.68	1.1795492e-06
19.69	1.1615719e-06
19.7	7.6247537e-07
19.71	1.1711149e-06
19.72	1.1532343e-06
19.73	7.5750725e-07
19.74	1.1627173e-06
19.75	1.1449208e-06
19.76	7.5254609e-07
19.77	1.1543004e-06
19.78	1.1366062e-06
19.79	7.4765748e-07
19.8	1.1458575e-06
19.81	1.1282952e-06
19.82	7.4286048e-07
19.83	1.1373963e-06
19.84	1.1200044e-06
19.85	7.3812986e-07
19.86	1.1289506e-06
19.87	1.1117476e-06
19.88	7.3343867e-07
19.89	1.1205226e-06
19.9	1.1035497e-06
19.91	7.2871118e-07
19.92	1.1121567e-06
19.93	1.0953865e-06
19.94	7.2393947e-07
19.95	1.1038487e-06
19.96	1.087271e-06
19.97	7.1911346e-07
19.98	1.0955916e-06
19.99	1.0792059e-06
20	7.1422986e-07
20.01	1.0873876e-06
20.02	1.0711788e-06
20.03	7.0931336e-07
20.04	1.0792225e-06
20.05	1.0631698e-06
20.06	7.0442352e-07
20.07	1.0711208e-06
20.08	1.0551895e-06
20.09	6.9959644e-07
20.1	1.0630435e-06
20.11	1.0472274e-06
20.12	6.9483392e-07
20.13	1.0549964e-06
20.14	1.0393149e-06
20.15	6.9011924e-07
20.16	1.0469962e-06
20.17	1.0314689e-06
20.18	6.8542579e-07
20.19	1.0390164e-06
20.2	1.0236549e-06
20.21	6.8071989e-07
20.22	1.0310399e-06
20.23	1.0159241e-06
20.24	6.7595612e-07
20.25	1.0230665e-06
20.26	1.0082114e-06
20.27	6.7113533e-07
20.28	1.0151026e-06
20.29	1.000516e-06
20.3	6.6628289e-07
20.31	1.0071609e-06
20.32	9.9285163e-07
20.33	1.7014501e-06
20.34	1.4621806e-06
20.35	6.6514519e-07
20.36	1.0543108e-06
20.37	1.0033945e-06
20.38	6.4906087e-07
20.39	9.746714e-07
20.4	1.3130354e-06
20.41	1.3636468e-06
20.42	6.7991106e-07
20.43	1.0933704e-06
20.44	1.0235357e-06
20.45	6.3961906e-07
20.46	9.6852651e-07
20.47	1.3113678e-06
20.48	1.3553305e-06
20.49	6.741632e-07
20.5	1.0877795e-06
20.51	1.0155686e-06
20.52	6.3434238e-07
20.53	9.6280354e-07
20.54	1.3091542e-06
20.55	1.3470849e-06
20.56	6.7013359e-07
20.57	1.0854942e-06
20.58	1.0074184e-06
20.59	6.2757139e-07
20.6	9.5631653e-07
20.61	1.3050832e-06
20.62	1.3359859e-06
20.63	6.6608492e-07
20.64	1.0845628e-06
20.65	9.9884759e-07
20.66	1.7271228e-06
20.67	1.4838986e-06
20.68	6.3656409e-07
20.69	1.0196861e-06
20.7	9.4301705e-07
20.71	1.6358033e-06
20.72	1.3798808e-06
20.73	6.1396033e-07
20.74	9.7326204e-07
20.75	1.3493133e-06
20.76	1.3550575e-06
20.77	6.4363422e-07
20.78	1.04358e-06
20.79	9.6633445e-07
20.8	1.6620632e-06
20.81	1.4256139e-06
20.82	6.1491237e-07
20.83	9.7732492e-07
20.84	1.3390292e-06
20.85	1.3608521e-06
20.86	6.3153539e-07
20.87	1.0182538e-06
20.88	9.3497498e-07
20.89	1.629128e-06
20.9	1.368193e-06
20.91	5.9986183e-07
20.92	9.4923562e-07
20.93	1.3130738e-06
20.94	1.3152564e-06
20.95	6.2030916e-07
20.96	9.9906244e-07
20.97	1.3858979e-06
20.98	1.3812684e-06
20.99	6.2692414e-07
21	1.0219542e-06
21.01	9.3359883e-07
21.02	1.608977e-06
21.03	1.3718782e-06
21.04	5.8782078e-07
21.05	9.3166985e-07
21.06	1.2722147e-06
21.07	1.2907666e-06
21.08	6.0356379e-07
21.09	9.6670354e-07
21.1	1.3267399e-06
21.11	1.347283e-06
21.12	6.1806596e-07
21.13	9.991761e-07
21.14	1.374882e-06
21.15	1.3862529e-06
21.16	6.1682348e-07
21.17	1.0033667e-06
21.18	9.0828204e-07
21.19	1.5910745e-06
21.2	1.32555e-06
21.21	5.6582147e-07
21.22	9.0049087e-07
21.23	1.2416334e-06
21.24	1.2369293e-06
21.25	5.7973985e-07
21.26	9.3043459e-07
21.27	1.2880108e-06
21.28	1.2886798e-06
21.29	5.9657428e-07
21.3	9.6462217e-07
21.31	1.3403501e-06
21.32	1.3295066e-06
21.33	5.9316536e-07
21.34	9.7130093e-07
21.35	1.3571418e-06
21.36	1.3346051e-06
21.37	5.8235649e-07
21.38	9.5854073e-07
21.39	1.3388367e-06
21.4	1.3137934e-06
21.41	5.7625615e-07
21.42	9.5010968e-07
21.43	1.3287259e-06
21.44	1.3083899e-06
21.45	5.8062133e-07
21.46	9.6069655e-07
21.47	1.3420799e-06
21.48	1.3194092e-06
21.49	5.8427465e-07
21.5	9.7396291e-07
21.51	1.3672168e-06
21.52	1.3323541e-06
21.53	5.8254946e-07
21.54	9.8352228e-07
21.55	1.3894562e-06
21.56	1.3397899e-06
21.57	5.9245944e-07
21.58	1.0206554e-06
21.59	8.8673567e-07
21.6	1.5565175e-06
21.61	1.3171485e-06
21.62	5.4159647e-07
21.63	8.759104e-07
21.64	1.2109843e-06
21.65	1.2169669e-06
21.66	5.5660333e-07
21.67	9.0801584e-07
21.68	1.2616858e-06
21.69	1.2598595e-06
21.7	5.6530015e-07
21.71	9.4045255e-07
21.72	1.3182888e-06
21.73	1.2986361e-06
21.74	5.7204301e-07
21.75	9.7445176e-07
21.76	1.3805735e-06
21.77	1.328492e-06
21.78	5.8740385e-07
21.79	1.0257829e-06
21.8	8.8754371e-07
21.81	1.5604308e-06
21.82	1.286636e-06
21.83	5.2490313e-07
21.84	8.6809475e-07
21.85	1.2145025e-06
21.86	1.1832241e-06
21.87	5.4533534e-07
21.88	9.1381304e-07
21.89	1.2873083e-06
21.9	1.2435883e-06
21.91	5.6525592e-07
21.92	9.8041091e-07
21.93	1.3997052e-06
21.94	1.3197295e-06
21.95	5.9250651e-07
21.96	1.0642687e-06
21.97	9.0378673e-07
21.98	1.5795605e-06
21.99	1.3140746e-06
22	5.1973774e-07
22.01	8.8498343e-07
22.02	1.2505957e-06
22.03	1.1864605e-06
22.04	5.4269541e-07
22.05	9.4099513e-07
22.06	1.3360433e-06
22.07	1.2662963e-06
22.08	5.8047811e-07
22.09	1.0468885e-06
22.1	8.7917127e-07
22.11	1.5360811e-06
22.12	1.2557594e-06
22.13	5.0283524e-07
22.14	8.518344e-07
22.15	1.2052574e-06
22.16	1.1436589e-06
22.17	5.2164255e-07
22.18	9.0952369e-07
22.19	1.3047061e-06
22.2	1.2314824e-06
22.21	5.6029319e-07
22.22	1.0110202e-06
22.23	8.6599594e-07
22.24	1.501941e-06
22.25	1.2426081e-06
22.26	4.9680577e-07
22.27	8.5767465e-07
22.28	1.2172511e-06
22.29	1.1353722e-06
22.3	5.1760699e-07
22.31	9.1367979e-07
22.32	1.3112863e-06
22.33	1.2239546e-06
22.34	5.5876139e-07
22.35	1.0328922e-06
22.36	8.6425513e-07
22.37	1.4946305e-06
22.38	1.2102208e-06
22.39	4.8153788e-07
22.4	8.3354398e-07
22.41	1.1861768e-06
22.42	1.1090643e-06
22.43	5.0754417e-07
22.44	9.1087009e-07
22.45	1.3190731e-06
22.46	1.2275831e-06
22.47	5.5089323e-07
22.48	1.0242561e-06
22.49	8.6803951e-07
22.5	1.4959257e-06
22.51	1.2244331e-06
22.52	4.8464022e-07
22.53	8.542723e-07
22.54	1.2213422e-06
22.55	1.1206141e-06
22.56	5.1018253e-07
22.57	9.278819e-07
22.58	1.3444165e-06
22.59	1.2409891e-06
22.6	5.6716776e-07
22.61	1.0618296e-06
22.62	8.8662103e-07
22.63	1.5227525e-06
22.64	1.2125378e-06
22.65	4.6600911e-07
22.66	8.3274013e-07
22.67	1.199618e-06
22.68	1.0997386e-06
22.69	4.9419979e-07
22.7	9.0933903e-07
22.71	1.3264635e-06
22.72	1.2241091e-06
22.73	5.3485994e-07
22.74	1.0185991e-06
22.75	8.5726041e-07
22.76	1.4644387e-06
22.77	1.1832361e-06
22.78	4.5374886e-07
22.79	8.0393191e-07
22.8	1.1508088e-06
22.81	1.0536117e-06
22.82	4.6198243e-07
22.83	8.463377e-07
22.84	1.229478e-06
22.85	1.1348377e-06
22.86	4.8660118e-07
22.87	9.0077764e-07
22.88	1.3174673e-06
22.89	1.205078e-06
22.9	5.0014421e-07
22.91	9.3066733e-07
22.92	1.3613514e-06
22.93	1.231367e-06
22.94	5.1478537e-07
22.95	9.4914711e-07
22.96	1.3864626e-06
22.97	1.2493485e-06
22.98	5.2203458e-07
22.99	9.7443903e-07
23	1.4247216e-06
23.01	1.2526709e-06
23.02	5.3164793e-07
23.03	1.0071085e-06
23.04	7.8631712e-07
23.05	1.3765593e-06
23.06	1.0796697e-06
23.07	3.9801473e-07
23.08	6.9512267e-07
23.09	9.971551e-07
23.1	1.2746468e-06
23.11	1.2392269e-06
23.12	4.9744928e-07
23.13	9.5118191e-07
23.14	1.3968918e-06
23.15	1.2531697e-06
23.16	5.0496935e-07
23.17	9.7552979e-07
23.18	1.4427413e-06
23.19	1.2982838e-06
23.2	5.3238213e-07
23.21	1.0311554e-06
23.22	8.4991663e-07
23.23	1.4743186e-06
23.24	1.1489048e-06
23.25	4.142845e-07
23.26	7.4988356e-07
23.27	1.0856353e-06
23.28	9.7591092e-07
23.29	1.7586583e-06
23.3	1.3755939e-06
23.31	4.3217812e-07
23.32	7.5641173e-07
23.33	1.0759961e-06
23.34	9.7809513e-07
23.35	1.8129255e-06
23.36	1.4131752e-06
23.37	4.1173544e-07
23.38	7.2729246e-07
23.39	1.0384032e-06
23.4	9.5978152e-07
23.41	1.8023479e-06
23.42	1.3805936e-06
23.43	4.0516668e-07
23.44	7.0568803e-07
23.45	1.0027473e-06
23.46	9.3760158e-07
23.47	1.7470505e-06
23.48	1.3477271e-06
23.49	3.9711273e-07
23.5	6.8816047e-07
23.51	9.7299018e-07
23.52	1.229453e-06
23.53	1.2376237e-06
23.54	4.1195469e-07
23.55	7.2406199e-07
23.56	1.0290852e-06
23.57	9.5970596e-07
23.58	1.8051699e-06
23.59	1.3865584e-06
23.6	3.9294688e-07
23.61	6.9151707e-07
23.62	9.8698156e-07
23.63	1.2525742e-06
23.64	1.262069e-06
23.65	4.0748296e-07
23.66	7.2471918e-07
23.67	1.0378469e-06
23.68	9.7039442e-07
23.69	1.8264971e-06
23.7	1.3981368e-06
23.71	3.9576524e-07
23.72	7.0195818e-07
23.73	1.0025662e-06
23.74	9.2617212e-07
23.75	1.7360154e-06
23.76	1.336833e-06
23.77	3.8197094e-07
23.78	6.7084032e-07
23.79	9.5422514e-07
23.8	1.2107027e-06
23.81	1.2183569e-06
23.82	3.947317e-07
23.83	6.989957e-07
23.84	9.9774631e-07
23.85	1.2669065e-06
23.86	1.2809049e-06
23.87	4.0626033e-07
23.88	7.3603586e-07
23.89	1.0593627e-06
23.9	9.7432525e-07
23.91	1.8427351e-06
23.92	1.4017517e-06
23.93	3.8753553e-07
23.94	7.0110673e-07
23.95	1.0103788e-06
23.96	9.1993837e-07
23.97	1.730886e-06
23.98	1.3293797e-06
23.99	3.7129374e-07
24	6.6139026e-07
24.01	9.446855e-07
24.02	1.2020834e-06
24.03	1.2037854e-06
24.04	3.8631568e-07
24.05	6.9414288e-07
24.06	9.9502818e-07
24.07	1.2664845e-06
24.08	1.2729644e-06
24.09	4.0413086e-07
24.1	7.4484285e-07
24.11	1.0756591e-06
24.12	9.7211009e-07
24.13	1.8437647e-06
24.14	1.3965184e-06
24.15	3.818891e-07
24.16	7.0565165e-07
24.17	1.0220838e-06
24.18	9.1432619e-07
24.19	1.7265494e-06
24.2	1.3211064e-06
24.21	3.6284325e-07
24.22	6.5749959e-07
24.23	9.459254e-07
24.24	1.2059886e-06
24.25	1.1932675e-06
24.26	3.8334559e-07
24.27	7.0033831e-07
24.28	1.0088017e-06
24.29	9.2625352e-07
24.3	1.750581e-06
24.31	1.3188206e-06
24.32	3.6746615e-07
24.33	6.6953547e-07
24.34	9.6770792e-07
24.35	1.2354225e-06
24.36	1.2031513e-06
24.37	3.945277e-07
24.38	7.3365994e-07
24.39	1.0612073e-06
24.4	9.3018938e-07
24.41	1.7744924e-06
24.42	1.3456217e-06
24.43	3.6961223e-07
24.44	6.914886e-07
24.45	1.0042979e-06
24.46	8.8924041e-07
24.47	1.685193e-06
24.48	1.2737879e-06
24.49	3.5501611e-07
24.5	6.5461187e-07
24.51	9.4872003e-07
24.52	1.2117786e-06
24.53	1.1645274e-06
24.54	3.8561422e-07
24.55	7.1340082e-07
24.56	1.0316029e-06
24.57	9.1127898e-07
24.58	1.7328385e-06
24.59	1.3136462e-06
24.6	3.6102029e-07
24.61	6.740439e-07
24.62	9.8091304e-07
24.63	1.2578221e-06
24.64	1.2155221e-06
24.65	4.0725924e-07
24.66	7.6477833e-07
24.67	1.1097771e-06
24.68	9.7137928e-07
24.69	1.8605306e-06
24.7	1.3831977e-06
24.71	3.8602573e-07
24.72	7.4182272e-07
24.73	1.0854241e-06
24.74	9.307115e-07
24.75	1.7850704e-06
24.76	1.3431204e-06
24.77	3.6746136e-07
24.78	6.9636399e-07
24.79	1.0163781e-06
24.8	8.888114e-07
24.81	1.6953209e-06
24.82	1.2695757e-06
24.83	3.5091905e-07
24.84	6.5724477e-07
24.85	9.5555324e-07
24.86	1.2237574e-06
24.87	1.165228e-06
24.88	3.9258628e-07
24.89	7.3391577e-07
24.9	1.0621803e-06
24.91	9.2559301e-07
24.92	1.7766502e-06
24.93	1.3281846e-06
24.94	3.684897e-07
24.95	7.0291571e-07
24.96	1.0275377e-06
24.97	8.9523904e-07
24.98	1.7137336e-06
24.99	1.2720004e-06
25	3.5174829e-07
25.01	6.6977291e-07
25.02	9.8000358e-07
25.03	1.2578118e-06
25.04	1.189434e-06
25.05	4.079592e-07
25.06	7.5971977e-07
25.07	1.0980932e-06
25.08	9.4478422e-07
25.09	1.8301481e-06
25.1	1.3566675e-06
25.11	3.8078938e-07
25.12	7.3831891e-07
25.13	1.0842154e-06
25.14	9.211905e-07
25.15	1.7769093e-06
25.16	1.3084239e-06
25.17	3.623512e-07
25.18	6.9869545e-07
25.19	1.0230194e-06
25.2	8.7556478e-07
25.21	1.6891469e-06
25.22	1.258842e-06
25.23	3.5045349e-07
25.24	6.7042733e-07
25.25	9.7780292e-07
25.26	1.2540722e-06
25.27	1.1748516e-06
25.28	4.0675244e-07
25.29	7.5362198e-07
25.3	1.0857391e-06
25.31	9.3532746e-07
25.32	1.8147738e-06
25.33	1.3229921e-06
25.34	3.7305946e-07
25.35	7.2896213e-07
25.36	1.0725761e-06
25.37	9.1036361e-07
25.38	1.7588718e-06
25.39	1.2894577e-06
25.4	3.6507309e-07
25.41	7.0029834e-07
25.42	1.0233247e-06
25.43	8.6910722e-07
25.44	1.6818387e-06
25.45	1.2319819e-06
25.46	3.455283e-07
25.47	6.648776e-07
25.48	9.7436576e-07
25.49	1.2544747e-06
25.5	1.1738581e-06
25.51	4.0887706e-07
25.52	7.6297117e-07
25.53	1.1031774e-06
25.54	9.3647149e-07
25.55	1.8272915e-06
25.56	1.3296389e-06
25.57	3.8169058e-07
25.58	7.4871087e-07
25.59	1.1013527e-06
25.6	9.1442489e-07
25.61	1.7771764e-06
25.62	1.2862372e-06
25.63	3.6494265e-07
25.64	7.1113871e-07
25.65	1.0470699e-06
25.66	8.7702739e-07
25.67	1.7096479e-06
25.68	1.2483013e-06
25.69	3.5406334e-07
25.7	6.8873095e-07
25.71	1.0110337e-06
25.72	8.4436828e-07
25.73	1.6324098e-06
25.74	1.188164e-06
25.75	3.3871809e-07
25.76	6.5139362e-07
25.77	9.5475538e-07
25.78	1.228009e-06
25.79	1.1361425e-06
25.8	3.9786971e-07
25.81	7.4397294e-07
25.82	1.0777113e-06
25.83	9.2283329e-07
25.84	1.7961559e-06
25.85	1.2903081e-06
25.86	3.7459068e-07
25.87	7.2856164e-07
25.88	1.0688913e-06
25.89	8.9363224e-07
25.9	1.7439979e-06
25.91	1.2576577e-06
25.92	3.5899389e-07
25.93	7.0432851e-07
25.94	1.0363821e-06
25.95	8.6912878e-07
25.96	1.6876096e-06
25.97	1.2201638e-06
25.98	3.5054103e-07
25.99	6.7776007e-07
26	9.9201351e-07
26.01	1.2741821e-06
26.02	1.1737756e-06
26.03	4.1965137e-07
26.04	7.8972315e-07
26.05	1.1430539e-06
26.06	9.5741869e-07
26.07	1.8750967e-06
26.08	1.3396414e-06
26.09	3.8701307e-07
26.1	7.6636221e-07
26.11	1.130682e-06
26.12	9.4024955e-07
26.13	1.8442521e-06
26.14	1.3293181e-06
26.15	3.789807e-07
26.16	7.5481126e-07
26.17	1.1136262e-06
26.18	9.1331667e-07
26.19	1.7865054e-06
26.2	1.2798383e-06
26.21	3.6259945e-07
26.22	7.1618591e-07
26.23	1.0529836e-06
26.24	8.7972797e-07
26.25	1.727554e-06
26.26	1.2456666e-06
26.27	3.5132203e-07
26.28	6.9564831e-07
26.29	1.0230785e-06
26.3	8.4544889e-07
26.31	1.6521689e-06
26.32	1.1848407e-06
26.33	3.3555844e-07
26.34	6.5824148e-07
26.35	9.657402e-07
26.36	1.2416191e-06
26.37	1.1453515e-06
26.38	4.0398826e-07
26.39	7.5634584e-07
26.4	1.0935839e-06
26.41	9.261121e-07
26.42	1.8214516e-06
26.43	1.2985859e-06
26.44	3.7668397e-07
26.45	7.4244262e-07
26.46	1.0926449e-06
26.47	9.0751866e-07
26.48	1.7834105e-06
26.49	1.2786979e-06
26.5	3.6373464e-07
26.51	7.231463e-07
26.52	1.0655235e-06
26.53	8.8090802e-07
26.54	1.7347445e-06
26.55	1.2424357e-06
26.56	3.5398805e-07
26.57	6.9694603e-07
26.58	1.0243085e-06
26.59	8.5001194e-07
26.6	1.6716446e-06
26.61	1.1990057e-06
26.62	3.3966474e-07
26.63	6.7047352e-07
26.64	9.8573192e-07
26.65	1.2684989e-06
26.66	1.1572549e-06
26.67	4.1114395e-07
26.68	7.6898377e-07
26.69	1.1086292e-06
26.7	9.3752075e-07
26.71	1.8502209e-06
26.72	1.3266255e-06
26.73	3.8231547e-07
26.74	7.6491594e-07
26.75	1.1270983e-06
26.76	9.3055118e-07
26.77	1.8338291e-06
26.78	1.2982285e-06
26.79	3.6933443e-07
26.8	7.3733745e-07
26.81	1.0851581e-06
26.82	8.9748623e-07
26.83	1.7733812e-06
26.84	1.2742987e-06
26.85	3.5693183e-07
26.86	7.1346271e-07
26.87	1.0506861e-06
26.88	8.6921191e-07
26.89	1.7138296e-06
26.9	1.2167606e-06
26.91	3.4333472e-07
26.92	6.8064105e-07
26.93	1.0004618e-06
26.94	8.2794764e-07
26.95	1.6356653e-06
26.96	1.1788455e-06
26.97	3.2774611e-07
26.98	6.5109199e-07
26.99	9.5762098e-07
27	1.2323526e-06
27.01	1.1327126e-06
27.02	3.9655234e-07
27.03	7.4448116e-07
27.04	1.0749974e-06
27.05	9.0580325e-07
27.06	1.7958783e-06
27.07	1.2810063e-06
27.08	3.7121735e-07
27.09	7.3971203e-07
27.1	1.0896368e-06
27.11	8.9261934e-07
27.12	1.7709891e-06
27.13	1.2616138e-06
27.14	3.560219e-07
27.15	7.1269975e-07
27.16	1.0518662e-06
27.17	8.6485332e-07
27.18	1.7133486e-06
27.19	1.2285113e-06
27.2	3.4718404e-07
27.21	6.9105497e-07
27.22	1.0174823e-06
27.23	8.3262641e-07
27.24	1.6519335e-06
27.25	1.1807408e-06
27.26	3.2892523e-07
27.27	6.5629227e-07
27.28	9.6656885e-07
27.29	1.2438779e-06
27.3	1.1377597e-06
27.31	4.0411468e-07
27.32	7.6135977e-07
27.33	1.0986494e-06
27.34	9.3214726e-07
27.35	1.8434159e-06
27.36	1.3033775e-06
27.37	3.7789597e-07
27.38	7.5587039e-07
27.39	1.1153874e-06
27.4	9.10764e-07
27.41	1.8127359e-06
27.42	1.3060161e-06
27.43	3.6232465e-07
27.44	7.3406158e-07
27.45	1.0854068e-06
27.46	9.0196826e-07
27.47	1.7882013e-06
27.48	1.2685258e-06
27.49	3.5561865e-07
27.5	7.1084671e-07
27.51	1.049383e-06
27.52	8.6242806e-07
27.53	1.7124669e-06
27.54	1.2373373e-06
27.55	3.365917e-07
27.56	6.7972215e-07
27.57	1.0048755e-06
27.58	8.3716304e-07
27.59	1.660675e-06
27.6	1.1798057e-06
27.61	3.2824098e-07
27.62	6.5207252e-07
27.63	9.6099961e-07
27.64	1.2378244e-06
27.65	1.133417e-06
27.66	4.0787909e-07
27.67	7.6034597e-07
27.68	1.0947361e-06
27.69	9.171661e-07
27.7	1.8276832e-06
27.71	1.3004802e-06
27.72	3.6749004e-07
27.73	7.4472393e-07
27.74	1.1012647e-06
27.75	9.0551286e-07
27.76	1.8022614e-06
27.77	1.2914778e-06
27.78	3.6553144e-07
27.79	7.3217409e-07
27.8	1.0781355e-06
27.81	8.8685e-07
27.82	1.7641057e-06
27.83	1.2608025e-06
27.84	3.4529649e-07
27.85	6.9954119e-07
27.86	1.0348586e-06
27.87	8.5485631e-07
27.88	1.6997015e-06
27.89	1.2197019e-06
27.9	3.3992284e-07
27.91	6.7852365e-07
27.92	9.980805e-07
27.93	1.2846457e-06
27.94	1.1801682e-06
27.95	4.1663873e-07
27.96	7.8539741e-07
27.97	1.1330513e-06
27.98	9.5013691e-07
27.99	1.8955998e-06
28	1.3592661e-06
28.01	3.8109751e-07
28.02	7.7133404e-07
28.03	1.1413987e-06
28.04	9.5168955e-07
28.05	1.8926867e-06
28.06	1.3476966e-06
28.07	3.7489235e-07
28.08	7.5977554e-07
28.09	1.1243655e-06
28.1	9.2199374e-07
28.11	1.8358224e-06
28.12	1.3233145e-06
28.13	3.6009724e-07
28.14	7.2847864e-07
28.15	1.0768247e-06
28.16	8.9597819e-07
28.17	1.7827425e-06
28.18	1.2730073e-06
28.19	3.4831861e-07
28.2	7.0214537e-07
28.21	1.036839e-06
28.22	8.5703463e-07
28.23	1.7052799e-06
28.24	1.2291812e-06
28.25	3.328173e-07
28.26	6.7104304e-07
28.27	9.9071265e-07
28.28	1.2762078e-06
28.29	1.1807759e-06
28.3	4.0739553e-07
28.31	7.7241347e-07
28.32	1.1147468e-06
28.33	9.4595064e-07
28.34	1.8819453e-06
28.35	1.3479553e-06
28.36	3.8107357e-07
28.37	7.6873559e-07
28.38	1.1329326e-06
28.39	9.3726225e-07
28.4	1.8678292e-06
28.41	1.3376389e-06
28.42	3.6501832e-07
28.43	7.4370689e-07
28.44	1.1000035e-06
28.45	9.1228247e-07
28.46	1.8145544e-06
28.47	1.3025774e-06
28.48	3.5661552e-07
28.49	7.2063236e-07
28.5	1.0634368e-06
28.51	8.8370701e-07
28.52	1.7613801e-06
28.53	1.2623489e-06
28.54	3.4109717e-07
28.55	6.9244163e-07
28.56	1.0232427e-06
28.57	8.5035414e-07
28.58	1.6891734e-06
28.59	1.2126282e-06
28.6	3.3140023e-07
28.61	6.6557387e-07
28.62	9.8262147e-07
28.63	1.2654536e-06
28.64	1.1716754e-06
28.65	4.0236362e-07
28.66	7.6405031e-07
28.67	1.1020598e-06
28.68	9.3708783e-07
28.69	1.8664537e-06
28.7	1.3427701e-06
28.71	3.7662061e-07
28.72	7.6106982e-07
28.73	1.1216117e-06
28.74	9.3296211e-07
28.75	1.8565526e-06
28.76	1.3331241e-06
28.77	3.6263844e-07
28.78	7.4008372e-07
28.79	1.0954302e-06
28.8	9.1098623e-07
28.81	1.8124069e-06
28.82	1.3058665e-06
28.83	3.5813846e-07
28.84	7.2494329e-07
28.85	1.0686441e-06
28.86	8.9012235e-07
28.87	1.7715563e-06
28.88	1.2688096e-06
28.89	3.4209094e-07
28.9	6.9655123e-07
28.91	1.0310917e-06
28.92	8.6067365e-07
28.93	1.7108851e-06
28.94	1.2287376e-06
28.95	3.3743749e-07
28.96	6.7984855e-07
28.97	1.0012584e-06
28.98	8.344796e-07
28.99	1.6610101e-06
29	1.1868229e-06
29.01	3.2134564e-07
29.02	6.5284071e-07
29.03	9.6535709e-07
29.04	1.2438709e-06
29.05	1.1538958e-06
29.06	4.0095661e-07
29.07	7.5575268e-07
29.08	1.0892495e-06
29.09	9.2430256e-07
29.1	1.8455472e-06
29.11	1.3159141e-06
29.12	3.6889039e-07
29.13	7.4914636e-07
29.14	1.1067992e-06
29.15	9.1167031e-07
29.16	1.817302e-06
29.17	1.2966287e-06
29.18	3.6137359e-07
29.19	7.3194832e-07
29.2	1.081855e-06
29.21	8.979169e-07
29.22	1.7939423e-06
29.23	1.2785467e-06
29.24	3.5409574e-07
29.25	7.1933965e-07
29.26	1.0614825e-06
29.27	8.7520723e-07
29.28	1.7469226e-06
29.29	1.2421323e-06
29.3	3.4572917e-07
29.31	6.986636e-07
29.32	1.0315718e-06
29.33	8.5538473e-07
29.34	1.7097835e-06
29.35	1.2165912e-06
29.36	3.3787649e-07
29.37	6.8510561e-07
29.38	1.0097343e-06
29.39	8.3143922e-07
29.4	1.6628069e-06
29.41	1.1781604e-06
29.42	3.2980718e-07
29.43	6.6424114e-07
29.44	9.7971104e-07
29.45	1.2619835e-06
29.46	1.1620143e-06
29.47	4.105595e-07
29.48	7.7887709e-07
29.49	1.1202999e-06
29.5	9.4157473e-07
29.51	1.8867041e-06
29.52	1.3413565e-06
29.53	3.8458563e-07
29.54	7.7987041e-07
29.55	1.1514785e-06
29.56	9.5461674e-07
29.57	1.9058466e-06
29.58	1.3573331e-06
29.59	3.8086918e-07
29.6	7.8205291e-07
29.61	1.157211e-06
29.62	9.440518e-07
29.63	1.891457e-06
29.64	1.3486251e-06
29.65	3.7760303e-07
29.66	7.677285e-07
29.67	1.1349747e-06
29.68	9.4075349e-07
29.69	1.878703e-06
29.7	1.3372042e-06
29.71	3.7028562e-07
29.72	7.6181871e-07
29.73	1.127439e-06
29.74	9.1833537e-07
29.75	1.8396716e-06
29.76	1.3117431e-06
29.77	3.6409944e-07
29.78	7.4160502e-07
29.79	1.0960785e-06
29.8	9.0821175e-07
29.81	1.8145552e-06
29.82	1.2898911e-06
29.83	3.5538175e-07
29.84	7.301449e-07
29.85	1.0804412e-06
29.86	8.8168672e-07
29.87	1.7666337e-06
29.88	1.2584659e-06
29.89	3.47898e-07
29.9	7.0852207e-07
29.91	1.0478421e-06
29.92	8.6885461e-07
29.93	1.7356177e-06
29.94	1.2333198e-06
29.95	3.3920373e-07
29.96	6.9558763e-07
29.97	1.0292246e-06
29.98	8.4156648e-07
29.99	1.6856008e-06
30	1.2002963e-06
30.01	3.308468e-07
30.02	6.7381556e-07
30.03	9.9686342e-07
30.04	1.2845298e-06
30.05	1.186572e-06
30.06	4.2033614e-07
30.07	7.9854299e-07
30.08	1.150648e-06
30.09	9.6925545e-07
30.1	1.941738e-06
30.11	1.3749619e-06
30.12	3.8981589e-07
30.13	7.9553902e-07
30.14	1.1782058e-06
30.15	9.8180072e-07
30.16	1.961883e-06
30.17	1.4015481e-06
30.18	3.8996797e-07
30.19	8.0370499e-07
30.2	1.1910425e-06
30.21	9.8007286e-07
30.22	1.9638243e-06
30.23	1.3938201e-06
30.24	3.8420368e-07
30.25	7.8764425e-07
30.26	1.1680799e-06
30.27	9.7227692e-07
30.28	1.9438565e-06
30.29	1.3899717e-06
30.3	3.8008947e-07
30.31	7.8467213e-07
30.32	1.1634203e-06
30.33	9.5812591e-07
30.34	1.9188928e-06
30.35	1.3613507e-06
30.36	3.7134398e-07
30.37	7.6115904e-07
30.38	1.1283073e-06
30.39	9.4142512e-07
30.4	1.87884e-06
30.41	1.3430037e-06
30.42	3.6447207e-07
30.43	7.5328441e-07
30.44	1.1171707e-06
30.45	9.1997035e-07
30.46	1.8458055e-06
30.47	1.3063181e-06
30.48	3.555623e-07
30.49	7.2661886e-07
30.5	1.0765987e-06
30.51	9.0096106e-07
30.52	1.7971745e-06
30.53	1.2824119e-06
30.54	3.4750255e-07
30.55	7.1816531e-07
30.56	1.0650364e-06
30.57	8.7538215e-07
30.58	1.7589656e-06
30.59	1.2429217e-06
30.6	3.3923229e-07
30.61	6.913724e-07
30.62	1.0228787e-06
30.63	8.5578681e-07
30.64	1.7080124e-06
30.65	1.2168091e-06
30.66	3.2961246e-07
30.67	6.8133444e-07
30.68	1.0106203e-06
30.69	8.2923834e-07
30.7	1.6675958e-06
30.71	1.1769132e-06
30.72	3.219307e-07
30.73	6.5538834e-07
30.74	9.6936414e-07
30.75	1.2485891e-06
30.76	1.1609509e-06
30.77	4.0384544e-07
30.78	7.7493601e-07
30.79	1.1185911e-06
30.8	9.4011742e-07
30.81	1.8903813e-06
30.82	1.3347382e-06
30.83	3.7011767e-07
30.84	7.5998837e-07
30.85	1.1257874e-06
30.86	9.4164522e-07
30.87	1.8789419e-06
30.88	1.3435969e-06
30.89	3.7077416e-07
30.9	7.6663616e-07
30.91	1.136498e-06
30.92	9.3285593e-07
30.93	1.8753598e-06
30.94	1.326745e-06
30.95	3.6098247e-07
30.96	7.4095151e-07
30.97	1.0990687e-06
30.98	9.1756284e-07
30.99	1.8324802e-06
31	1.3085986e-06
31.01	3.5592333e-07
31.02	7.3584541e-07
31.03	1.0908269e-06
31.04	8.9429976e-07
31.05	1.7977339e-06
31.06	1.2743893e-06
31.07	3.4475504e-07
31.08	7.0742289e-07
31.09	1.0486838e-06
31.1	8.7331464e-07
31.11	1.7452437e-06
31.12	1.2453638e-06
31.13	3.37337e-07
31.14	6.9592391e-07
31.15	1.0314093e-06
31.16	8.4469224e-07
31.17	1.6987764e-06
31.18	1.2053702e-06
31.19	3.2530464e-07
31.2	6.670634e-07
31.21	9.8835549e-07
31.22	1.2741968e-06
31.23	1.1804453e-06
31.24	4.0872523e-07
31.25	7.8535307e-07
31.26	1.1353937e-06
31.27	9.5622662e-07
31.28	1.9208316e-06
31.29	1.3569468e-06
31.3	3.7615481e-07
31.31	7.7291396e-07
31.32	1.1463735e-06
31.33	9.4908262e-07
31.34	1.8971566e-06
31.35	1.3595859e-06
31.36	3.6999592e-07
31.37	7.6699102e-07
31.38	1.1383179e-06
31.39	9.3646093e-07
31.4	1.8816327e-06
31.41	1.3331673e-06
31.42	3.6104703e-07
31.43	7.4351176e-07
31.44	1.1026597e-06
31.45	9.1379057e-07
31.46	1.826168e-06
31.47	1.3091561e-06
31.48	3.5157637e-07
31.49	7.273308e-07
31.5	1.0794257e-06
31.51	8.873045e-07
31.52	1.7844127e-06
31.53	1.2651211e-06
31.54	3.3922212e-07
31.55	6.9862371e-07
31.56	1.0362988e-06
31.57	8.583841e-07
31.58	1.7159165e-06
31.59	1.230471e-06
31.6	3.2963438e-07
31.61	6.8057227e-07
31.62	1.0096605e-06
31.63	8.2910594e-07
31.64	1.6671192e-06
31.65	1.1824718e-06
31.66	3.1535172e-07
31.67	6.4922594e-07
31.68	9.6240068e-07
31.69	1.2404791e-06
31.7	1.1473863e-06
31.71	3.9637824e-07
31.72	7.5905779e-07
31.73	1.0973127e-06
31.74	9.2528169e-07
31.75	1.8613482e-06
31.76	1.3123117e-06
31.77	3.5753112e-07
31.78	7.3874504e-07
31.79	1.0958838e-06
31.8	9.0988469e-07
31.81	1.8188267e-06
31.82	1.3018861e-06
31.83	3.5468506e-07
31.84	7.3254763e-07
31.85	1.0868377e-06
31.86	8.9370035e-07
31.87	1.7966663e-06
31.88	1.2706163e-06
31.89	3.3766778e-07
31.9	7.0041483e-07
31.91	1.0395381e-06
31.92	8.6226096e-07
31.93	1.722236e-06
31.94	1.2346165e-06
31.95	3.3194673e-07
31.96	6.8562311e-07
31.97	1.0167959e-06
31.98	8.3611848e-07
31.99	1.6798447e-06
32	1.1896577e-06
32.01	3.1323623e-07
32.02	6.5025495e-07
32.03	9.6489549e-07
32.04	1.244056e-06
32.05	1.1520717e-06
32.06	3.9984157e-07
32.07	7.6706342e-07
32.08	1.1092817e-06
32.09	9.32666e-07
32.1	1.8746973e-06
32.11	1.3184888e-06
32.12	3.5807097e-07
32.13	7.444445e-07
32.14	1.106744e-06
32.15	9.1393353e-07
32.16	1.8264252e-06
32.17	1.3096843e-06
32.18	3.5663874e-07
32.19	7.3746892e-07
32.2	1.0943265e-06
32.21	9.0013032e-07
32.22	1.810879e-06
32.23	1.2759442e-06
32.24	3.3595725e-07
32.25	7.00478e-07
32.26	1.0418419e-06
32.27	8.6299527e-07
32.28	1.7247085e-06
32.29	1.2380816e-06
32.3	3.328287e-07
32.31	6.881596e-07
32.32	1.0203018e-06
32.33	8.3884187e-07
32.34	1.6876357e-06
32.35	1.1886405e-06
32.36	3.1085668e-07
32.37	6.4656265e-07
32.38	9.6076737e-07
32.39	1.2403865e-06
32.4	1.1490029e-06
32.41	3.975742e-07
32.42	7.6640397e-07
32.43	1.1096036e-06
32.44	9.3625072e-07
32.45	1.8830479e-06
32.46	1.3172809e-06
32.47	3.5651916e-07
32.48	7.4157075e-07
32.49	1.1026957e-06
32.5	9.1392564e-07
32.51	1.8269979e-06
32.52	1.3054102e-06
32.53	3.5640719e-07
32.54	7.3993937e-07
32.55	1.0980089e-06
32.56	9.0573753e-07
32.57	1.820866e-06
32.58	1.2767396e-06
32.59	3.3562373e-07
32.6	7.0110495e-07
32.61	1.0433898e-06
32.62	8.6430337e-07
32.63	1.7290154e-06
32.64	1.2339856e-06
32.65	3.3246596e-07
32.66	6.8963102e-07
32.67	1.0227254e-06
32.68	8.4323511e-07
32.69	1.6954003e-06
32.7	1.1891819e-06
32.71	3.0966445e-07
32.72	6.4674811e-07
32.73	9.6275265e-07
32.74	1.2442504e-06
32.75	1.1518276e-06
32.76	4.0279556e-07
32.77	7.7088694e-07
32.78	1.1165821e-06
32.79	9.4184504e-07
32.8	1.8928887e-06
32.81	1.3246757e-06
32.82	3.5989973e-07
32.83	7.51069e-07
32.84	1.1175256e-06
32.85	9.2281688e-07
32.86	1.8503884e-06
32.87	1.3192297e-06
32.88	3.6241661e-07
32.89	7.5020194e-07
32.9	1.1143673e-06
32.91	9.2038631e-07
32.92	1.8494661e-06
32.93	1.2969395e-06
32.94	3.432863e-07
32.95	7.1752391e-07
32.96	1.0691802e-06
32.97	8.8275348e-07
32.98	1.7683074e-06
32.99	1.2598822e-06
33	3.4193728e-07
33.01	7.0598315e-07
33.02	1.0478974e-06
33.03	8.6693615e-07
33.04	1.7402781e-06
33.05	1.2197844e-06
33.06	3.2164821e-07
33.07	6.7146231e-07
33.08	9.9965187e-07
33.09	1.2923323e-06
33.1	1.1899176e-06
33.11	4.1767986e-07
33.12	8.0018023e-07
33.13	1.1562559e-06
33.14	9.8274156e-07
33.15	1.9715857e-06
33.16	1.3825519e-06
33.17	3.8341478e-07
33.18	7.9786313e-07
33.19	1.1859991e-06
33.2	9.741625e-07
33.21	1.9593714e-06
33.22	1.3872091e-06
33.23	3.822943e-07
33.24	7.9605255e-07
33.25	1.1822008e-06
33.26	9.8078432e-07
33.27	1.9692471e-06
33.28	1.3833738e-06
33.29	3.7238563e-07
33.3	7.7851154e-07
33.31	1.1590204e-06
33.32	9.4805279e-07
33.33	1.9106319e-06
33.34	1.351011e-06
33.35	3.6610974e-07
33.36	7.6094836e-07
33.37	1.1298492e-06
33.38	9.3847157e-07
33.39	1.8827708e-06
33.4	1.3246336e-06
33.41	3.5412032e-07
33.42	7.3892731e-07
33.43	1.1007162e-06
33.44	9.0002593e-07
33.45	1.8128405e-06
33.46	1.2818285e-06
33.47	3.4664525e-07
33.48	7.1938194e-07
33.49	1.0676561e-06
33.5	8.8454328e-07
33.51	1.7752377e-06
33.52	1.2496391e-06
33.53	3.3349332e-07
33.54	6.9546672e-07
33.55	1.0342243e-06
33.56	8.4706363e-07
33.57	1.7044461e-06
33.58	1.2058439e-06
33.59	3.2690836e-07
33.6	6.7699182e-07
33.61	1.0044119e-06
33.62	8.304513e-07
33.63	1.6680324e-06
33.64	1.1750789e-06
33.65	3.1463257e-07
33.66	6.5476723e-07
33.67	9.7315145e-07
33.68	1.2567122e-06
33.69	1.1508026e-06
33.7	4.055455e-07
33.71	7.7431885e-07
33.72	1.1181692e-06
33.73	9.5042602e-07
33.74	1.9043007e-06
33.75	1.3461453e-06
33.76	3.7818964e-07
33.77	7.8639287e-07
33.78	1.1683414e-06
33.79	9.5513824e-07
33.8	1.9250937e-06
33.81	1.3598035e-06
33.82	3.7555175e-07
33.83	7.7893932e-07
33.84	1.1581134e-06
33.85	9.6315251e-07
33.86	1.9273011e-06
33.87	1.3674679e-06
33.88	3.7206596e-07
33.89	7.7770769e-07
33.9	1.1572414e-06
33.91	9.4580183e-07
33.92	1.9064122e-06
33.93	1.3499472e-06
33.94	3.6631853e-07
33.95	7.6028725e-07
33.96	1.1299981e-06
33.97	9.4002056e-07
33.98	1.8814914e-06
33.99	1.3382463e-06
34	3.5997003e-07
34.01	7.52022e-07
34.02	1.1195763e-06
34.03	9.1768568e-07
34.04	1.8477506e-06
34.05	1.3094885e-06
34.06	3.5190298e-07
34.07	7.312048e-07
34.08	1.0857072e-06
34.09	9.0572789e-07
34.1	1.8107346e-06
34.11	1.290334e-06
34.12	3.461765e-07
34.13	7.227746e-07
34.14	1.0751055e-06
34.15	8.8344778e-07
34.16	1.7778768e-06
34.17	1.2586529e-06
34.18	3.374083e-07
34.19	6.9988723e-07
34.2	1.0391137e-06
34.21	8.688961e-07
34.22	1.7373635e-06
34.23	1.2369846e-06
34.24	3.3214469e-07
34.25	6.9334168e-07
34.26	1.0309895e-06
34.27	8.4645554e-07
34.28	1.7051634e-06
34.29	1.205241e-06
34.3	3.236193e-07
34.31	6.6992973e-07
34.32	9.9425272e-07
34.33	1.2828229e-06
34.34	1.195777e-06
34.35	4.1801438e-07
34.36	8.0502925e-07
34.37	1.1648749e-06
34.38	9.8527088e-07
34.39	1.9821785e-06
34.4	1.3982356e-06
34.41	3.9113565e-07
34.42	8.0519611e-07
34.43	1.1949365e-06
34.44	1.0001312e-06
34.45	3.7219397e-07
34.46	7.1291187e-07
34.47	1.0302961e-06
34.48	8.7063929e-07
34.49	1.7524388e-06
34.5	1.2331371e-06
34.51	3.6891813e-07
34.52	7.5856216e-07
34.53	1.1234341e-06
34.54	9.3596549e-07
34.55	1.8694526e-06
34.56	1.3423966e-06
34.57	3.8281054e-07
34.58	7.973283e-07
34.59	1.1846076e-06
34.6	9.7936428e-07
34.61	1.9725437e-06
34.62	1.3930816e-06
34.63	3.8678328e-07
34.64	8.0073256e-07
34.65	1.1908372e-06
34.66	9.9229551e-07
34.67	1.9834779e-06
34.68	1.4250872e-06
34.69	3.8890122e-07
34.7	8.1337655e-07
34.71	1.2101114e-06
34.72	9.9797178e-07
34.73	2.0093916e-06
34.74	1.4227497e-06
34.75	3.8562546e-07
34.76	7.9927481e-07
34.77	1.1885558e-06
34.78	9.8862637e-07
34.79	1.9768494e-06
34.8	1.4194681e-06
34.81	3.8063035e-07
34.82	7.9571652e-07
34.83	1.1846276e-06
34.84	9.7653824e-07
34.85	1.9641114e-06
34.86	1.3940614e-06
34.87	3.7480936e-07
34.88	7.7615061e-07
34.89	1.1539606e-06
34.9	9.5810669e-07
34.91	1.9167219e-06
34.92	1.3743307e-06
34.93	3.664442e-07
34.94	7.6485009e-07
34.95	1.1373382e-06
34.96	9.3738758e-07
34.97	1.8843316e-06
34.98	1.3394287e-06
34.99	3.5883044e-07
35	7.4216201e-07
35.01	1.1030456e-06
35.02	9.1674869e-07
35.03	1.8330194e-06
35.04	1.3124598e-06
35.05	3.489185e-07
35.06	7.2786252e-07
35.07	1.081927e-06
35.08	8.9174452e-07
35.09	1.7930499e-06
35.1	1.2740373e-06
35.11	3.4085797e-07
35.12	7.042696e-07
35.13	1.0459152e-06
35.14	8.7047707e-07
35.15	1.7391454e-06
35.16	1.2439646e-06
35.17	3.3105067e-07
35.18	6.8927215e-07
35.19	1.0239545e-06
35.2	8.438174e-07
35.21	1.6978476e-06
35.22	1.2045636e-06
35.23	3.2164123e-07
35.24	6.64519e-07
35.25	9.8664687e-07
35.26	1.2726395e-06
35.27	1.1811415e-06
35.28	4.039687e-07
35.29	7.7808961e-07
35.3	1.1274302e-06
35.31	9.5450466e-07
35.32	1.9157421e-06
35.33	1.3573177e-06
35.34	3.6942238e-07
35.35	7.6622208e-07
35.36	1.1386297e-06
35.37	9.4765887e-07
35.38	1.8922632e-06
35.39	1.357031e-06
35.4	3.6593549e-07
35.41	7.616521e-07
35.42	1.1320998e-06
35.43	9.3596349e-07
35.44	1.8796749e-06
35.45	1.3311612e-06
35.46	3.5460367e-07
35.47	7.3795899e-07
35.48	1.0970543e-06
35.49	9.1289725e-07
35.5	1.8244345e-06
35.51	1.3071644e-06
35.52	3.492007e-07
35.53	7.2568226e-07
35.54	1.0781191e-06
35.55	8.8886447e-07
35.56	1.7867771e-06
35.57	1.2659374e-06
35.58	3.3500561e-07
35.59	6.9699419e-07
35.6	1.0359117e-06
35.61	8.60614e-07
35.62	1.7209786e-06
35.63	1.2324191e-06
35.64	3.2842292e-07
35.65	6.8197437e-07
35.66	1.012173e-06
35.67	8.331155e-07
35.68	1.675404e-06
35.69	1.1875639e-06
35.7	3.1344892e-07
35.71	6.5182436e-07
35.72	9.683112e-07
35.73	1.2490508e-06
35.74	1.1559598e-06
35.75	3.9710478e-07
35.76	7.64517e-07
35.77	1.1057055e-06
35.78	9.3205224e-07
35.79	1.8722651e-06
35.8	1.3206877e-06
35.81	3.5699e-07
35.82	7.431516e-07
35.83	1.1035742e-06
35.84	9.1616849e-07
35.85	1.8317313e-06
35.86	1.3104231e-06
35.87	3.5557493e-07
35.88	7.3793631e-07
35.89	1.0947618e-06
35.9	9.0046419e-07
35.91	1.8104309e-06
35.92	1.2786399e-06
35.93	3.373949e-07
35.94	7.0481814e-07
35.95	1.0473318e-06
35.96	8.6937118e-07
35.97	1.7388417e-06
35.98	1.2434745e-06
35.99	3.3295195e-07
36	6.9164573e-07
36.01	1.0262086e-06
36.02	8.4343289e-07
36.03	1.6952481e-06
36.04	1.1987257e-06
36.05	3.1362565e-07
36.06	6.5497355e-07
36.07	9.7362395e-07
36.08	1.257183e-06
36.09	1.1645243e-06
36.1	4.0228195e-07
36.11	7.7401855e-07
36.12	1.1199026e-06
36.13	9.4328846e-07
36.14	1.8973885e-06
36.15	1.3308358e-06
36.16	3.599471e-07
36.17	7.5121537e-07
36.18	1.1170425e-06
36.19	9.2375681e-07
36.2	1.8508697e-06
36.21	1.320343e-06
36.22	3.5824553e-07
36.23	7.4423963e-07
36.24	1.1054898e-06
36.25	9.1011396e-07
36.26	1.8308848e-06
36.27	1.2872364e-06
36.28	3.3830385e-07
36.29	7.0874217e-07
36.3	1.0552242e-06
36.31	8.7162196e-07
36.32	1.7473461e-06
36.33	1.247053e-06
36.34	3.3369356e-07
36.35	6.9222077e-07
36.36	1.027929e-06
36.37	8.4699787e-07
36.38	1.7049641e-06
36.39	1.1980661e-06
36.4	3.121981e-07
36.41	6.5317097e-07
36.42	9.7226576e-07
36.43	1.2562176e-06
36.44	1.1581852e-06
36.45	3.9967203e-07
36.46	7.7189352e-07
36.47	1.119392e-06
36.48	9.4333567e-07
36.49	1.8982242e-06
36.5	1.3266933e-06
36.51	3.5883953e-07
36.52	7.5047809e-07
36.53	1.1171934e-06
36.54	9.203843e-07
36.55	1.8468355e-06
36.56	1.314671e-06
36.57	3.565998e-07
36.58	7.4328965e-07
36.59	1.1067362e-06
36.6	9.1163065e-07
36.61	1.8353482e-06
36.62	1.2842758e-06
36.63	3.3770244e-07
36.64	7.0780439e-07
36.65	1.0544909e-06
36.66	8.6730304e-07
36.67	1.7413575e-06
36.68	1.2394485e-06
36.69	3.3128693e-07
36.7	6.8927817e-07
36.71	1.0261167e-06
36.72	8.4553756e-07
36.73	1.7012843e-06
36.74	1.1915317e-06
36.75	3.0998253e-07
36.76	6.5045393e-07
36.77	9.6885228e-07
36.78	1.2528731e-06
36.79	1.1509462e-06
36.8	4.0044433e-07
36.81	7.7047604e-07
36.82	1.1163962e-06
36.83	9.4218057e-07
36.84	1.8937426e-06
36.85	1.3224692e-06
36.86	3.6191703e-07
36.87	7.5638719e-07
36.88	1.1249199e-06
36.89	9.2214188e-07
36.9	1.8546511e-06
36.91	1.3146919e-06
36.92	3.588707e-07
36.93	7.4854668e-07
36.94	1.1134625e-06
36.95	9.1703596e-07
36.96	1.8452439e-06
36.97	1.2912649e-06
36.98	3.4116965e-07
36.99	7.1681345e-07
37	1.0682834e-06
37.01	8.7519842e-07
37.02	1.760444e-06
37.03	1.2474677e-06
37.04	3.3493154e-07
37.05	6.9792216e-07
37.06	1.0375719e-06
37.07	8.5363488e-07
37.08	1.7158422e-06
37.09	1.2032736e-06
37.1	3.1540025e-07
37.11	6.625198e-07
37.12	9.8721346e-07
37.13	1.2761533e-06
37.14	1.167514e-06
37.15	4.0886133e-07
37.16	7.8607937e-07
37.17	1.1362362e-06
37.18	9.6003043e-07
37.19	1.9283586e-06
37.2	1.3507209e-06
37.21	3.7446652e-07
37.22	7.8197583e-07
37.23	1.1639331e-06
37.24	9.5301568e-07
37.25	1.9206128e-06
37.26	1.3519488e-06
37.27	3.7155232e-07
37.28	7.7525048e-07
37.29	1.1526359e-06
37.3	9.5115715e-07
37.31	1.9111566e-06
37.32	1.3420677e-06
37.33	3.595978e-07
37.34	7.5470553e-07
37.35	1.1247681e-06
37.36	9.1626638e-07
37.37	1.8502166e-06
37.38	1.3024624e-06
37.39	3.5012698e-07
37.4	7.302175e-07
37.41	1.0857855e-06
37.42	8.9644739e-07
37.43	1.8000801e-06
37.44	1.266498e-06
37.45	3.3546669e-07
37.46	7.0499155e-07
37.47	1.0505196e-06
37.48	8.5405475e-07
37.49	1.7229902e-06
37.5	1.2142525e-06
37.51	3.2512373e-07
37.52	6.766729e-07
37.53	1.0050195e-06
37.54	8.2879405e-07
37.55	1.6654024e-06
37.56	1.1717172e-06
37.57	3.0921279e-07
37.58	6.4953186e-07
37.59	9.6815213e-07
37.6	1.2528082e-06
37.61	1.1396417e-06
37.62	3.992095e-07
37.63	7.6593906e-07
37.64	1.1067112e-06
37.65	9.361887e-07
37.66	1.8800188e-06
37.67	1.3243831e-06
37.68	3.7250836e-07
37.69	7.7770296e-07
37.7	1.1569729e-06
37.71	9.4185345e-07
37.72	1.9027853e-06
37.73	1.3340571e-06
37.74	3.6821225e-07
37.75	7.664008e-07
37.76	1.1395592e-06
37.77	9.4202386e-07
37.78	1.8902955e-06
37.79	1.3353888e-06
37.8	3.6200146e-07
37.81	7.5844874e-07
37.82	1.1293486e-06
37.83	9.1999526e-07
37.84	1.8577743e-06
37.85	1.307826e-06
37.86	3.542645e-07
37.87	7.3708521e-07
37.88	1.0957541e-06
37.89	9.0403273e-07
37.9	1.8123894e-06
37.91	1.2848307e-06
37.92	3.4410131e-07
37.93	7.2116246e-07
37.94	1.0738745e-06
37.95	8.7438574e-07
37.96	1.7636126e-06
37.97	1.2445762e-06
37.98	3.3487061e-07
37.99	6.9584309e-07
38	1.0332377e-06
38.01	8.5269472e-07
38.02	1.7092532e-06
38.03	1.2139648e-06
38.04	3.2383554e-07
38.05	6.7834686e-07
38.06	1.0100049e-06
38.07	8.2401766e-07
38.08	1.6620171e-06
38.09	1.1716507e-06
38.1	3.1472297e-07
38.11	6.5389147e-07
38.12	9.7027417e-07
38.13	1.2522512e-06
38.14	1.1528679e-06
38.15	4.0938048e-07
38.16	7.8510957e-07
38.17	1.134728e-06
38.18	9.5318419e-07
38.19	1.9206601e-06
38.2	1.3502509e-06
38.21	3.829916e-07
38.22	7.9057477e-07
38.23	1.1734981e-06
38.24	9.6865062e-07
38.25	1.9391565e-06
38.26	1.3881991e-06
38.27	3.8331182e-07
38.28	8.0022298e-07
38.29	1.1910144e-06
38.3	9.7844349e-07
38.31	1.969895e-06
38.32	1.3884744e-06
38.33	3.8031142e-07
38.34	7.8814094e-07
38.35	1.1711425e-06
38.36	9.6858818e-07
38.37	1.9370824e-06
38.38	1.387829e-06
38.39	3.7564007e-07
38.4	7.8488671e-07
38.41	1.1680492e-06
38.42	9.5890138e-07
38.43	1.9326926e-06
38.44	1.3616736e-06
38.45	3.6853746e-07
38.46	7.63655e-07
38.47	1.134679e-06
38.48	9.3833965e-07
38.49	1.8762654e-06
38.5	1.3429659e-06
38.51	3.6118726e-07
38.52	7.538517e-07
38.53	1.1220391e-06
38.54	9.1959311e-07
38.55	1.8558212e-06
38.56	1.3071671e-06
38.57	3.5293851e-07
38.58	7.3044448e-07
38.59	1.0855796e-06
38.6	8.9617782e-07
38.61	1.793551e-06
38.62	1.2813832e-06
38.63	3.441027e-07
38.64	7.1728662e-07
38.65	1.0671935e-06
38.66	8.7367365e-07
38.67	1.7631139e-06
38.68	1.242683e-06
38.69	3.3679488e-07
38.7	6.9506682e-07
38.71	1.0318536e-06
38.72	8.5078256e-07
38.73	1.7054203e-06
38.74	1.2149413e-06
38.75	3.2611691e-07
38.76	6.7908898e-07
38.77	1.0091748e-06
38.78	8.2611872e-07
38.79	1.6667012e-06
38.8	1.1763391e-06
38.81	3.1955575e-07
38.82	6.5846495e-07
38.83	9.7717497e-07
38.84	1.2605541e-06
38.85	1.1565601e-06
38.86	4.0322138e-07
38.87	7.759341e-07
38.88	1.1228665e-06
38.89	9.4183254e-07
38.9	1.8973425e-06
38.91	1.3381869e-06
38.92	3.7267491e-07
38.93	7.6946135e-07
38.94	1.1432071e-06
38.95	9.4199307e-07
38.96	1.8876863e-06
38.97	1.3487942e-06
38.98	3.6781648e-07
38.99	7.6699181e-07
39	1.1401245e-06
39.01	9.3522254e-07
39.02	1.8830537e-06
39.03	1.332942e-06
39.04	3.6235527e-07
39.05	7.4984821e-07
39.06	1.114253e-06
39.07	9.196659e-07
39.08	1.842479e-06
39.09	1.3168471e-06
39.1	3.5319279e-07
39.11	7.3634649e-07
39.12	1.0944219e-06
39.13	8.9971623e-07
39.14	1.8123972e-06
39.15	1.2828116e-06
39.16	3.4535067e-07
39.17	7.1519594e-07
39.18	1.0617899e-06
39.19	8.7792225e-07
39.2	1.7578551e-06
39.21	1.2555983e-06
39.22	3.355702e-07
39.23	6.9781825e-07
39.24	1.0367457e-06
39.25	8.5274967e-07
39.26	1.71981e-06
39.27	1.2157452e-06
39.28	3.2583875e-07
39.29	6.7429907e-07
39.3	1.0006822e-06
39.31	8.2860388e-07
39.32	1.6598296e-06
39.33	1.1841546e-06
39.34	3.1628402e-07
39.35	6.5703881e-07
39.36	9.7594843e-07
39.37	1.2599452e-06
39.38	1.1571348e-06
39.39	3.9253697e-07
39.4	7.5766389e-07
39.41	1.0963978e-06
39.42	9.2881292e-07
39.43	1.8598043e-06
39.44	1.3279169e-06
39.45	3.6551827e-07
39.46	7.5716449e-07
39.47	1.1233482e-06
39.48	9.2614024e-07
39.49	1.8627753e-06
39.5	1.3149731e-06
39.51	3.5276446e-07
39.52	7.3597974e-07
39.53	1.0938178e-06
39.54	9.0504729e-07
39.55	1.8109666e-06
39.56	1.2935163e-06
39.57	3.481603e-07
39.58	7.2306138e-07
39.59	1.0734886e-06
39.6	8.8147087e-07
39.61	1.7741506e-06
39.62	1.2540048e-06
39.63	3.3291025e-07
39.64	6.944975e-07
39.65	1.0315807e-06
39.66	8.5213514e-07
39.67	1.7051603e-06
39.68	1.2175734e-06
39.69	3.2569256e-07
39.7	6.7619938e-07
39.71	1.0031813e-06
39.72	8.2285452e-07
39.73	1.6562039e-06
39.74	1.1716111e-06
39.75	3.096691e-07
39.76	6.4588848e-07
39.77	9.5897355e-07
39.78	1.2367047e-06
39.79	1.1407668e-06
39.8	3.9551508e-07
39.81	7.5887171e-07
39.82	1.0965067e-06
39.83	9.1968301e-07
39.84	1.8511377e-06
39.85	1.3008533e-06
39.86	3.5487454e-07
39.87	7.382348e-07
39.88	1.0969645e-06
39.89	9.0413374e-07
39.9	1.8092264e-06
39.91	1.2911036e-06
39.92	3.5174642e-07
39.93	7.3023937e-07
39.94	1.0828534e-06
39.95	8.89009e-07
39.96	1.7882613e-06
39.97	1.2604829e-06
39.98	3.3465161e-07
39.99	6.9824316e-07
40	1.0382063e-06
40.01	8.5643916e-07
40.02	1.7146652e-06
40.03	1.2238162e-06
40.04	3.2860834e-07
40.05	6.8244299e-07
40.06	1.0116955e-06
40.07	8.3116027e-07
40.08	1.6720554e-06
40.09	1.1790436e-06
40.1	3.1012092e-07
40.11	6.4697982e-07
40.12	9.61542e-07
40.13	1.241254e-06
40.14	1.1439937e-06
40.15	3.9769075e-07
40.16	7.6435008e-07
40.17	1.1058045e-06
40.18	9.2872168e-07
40.19	1.8677373e-06
40.2	1.3086468e-06
40.21	3.5638939e-07
40.22	7.426008e-07
40.23	1.1039957e-06
40.24	9.0807215e-07
40.25	1.8216633e-06
40.26	1.2978307e-06
40.27	3.5383117e-07
40.28	7.3472013e-07
40.29	1.0917235e-06
40.3	8.9744016e-07
40.31	1.8068971e-06
40.32	1.2671032e-06
40.33	3.3467868e-07
40.34	7.0001041e-07
40.35	1.0421049e-06
40.36	8.5738015e-07
40.37	1.7197329e-06
40.38	1.2263691e-06
40.39	3.2972203e-07
40.4	6.8372187e-07
40.41	1.015651e-06
40.42	8.3570164e-07
40.43	1.681002e-06
40.44	1.1798404e-06
40.45	3.0871591e-07
40.46	6.4575496e-07
40.47	9.6116381e-07
40.48	1.2419993e-06
40.49	1.1408835e-06
40.5	3.9846783e-07
40.51	7.6399308e-07
40.52	1.1065721e-06
40.53	9.3207111e-07
40.54	1.875038e-06
40.55	1.3097732e-06
40.56	3.5767096e-07
40.57	7.4670367e-07
40.58	1.1111476e-06
40.59	9.0975102e-07
40.6	1.8292167e-06
40.61	1.2993549e-06
40.62	3.5555389e-07
40.63	7.3844173e-07
40.64	1.0985868e-06
40.65	9.0497696e-07
40.66	1.8198181e-06
40.67	1.2739143e-06
40.68	3.3697027e-07
40.69	7.0674961e-07
40.7	1.0528772e-06
40.71	8.6205515e-07
40.72	1.7328257e-06
40.73	1.2302824e-06
40.74	3.3159293e-07
40.75	6.8825442e-07
40.76	1.0236788e-06
40.77	8.4114071e-07
40.78	1.6924935e-06
40.79	1.1866389e-06
40.8	3.1047719e-07
40.81	6.5093603e-07
40.82	9.7012616e-07
40.83	1.2542478e-06
40.84	1.1491157e-06
40.85	4.0355724e-07
40.86	7.7305818e-07
40.87	1.1177013e-06
40.88	9.4241283e-07
40.89	1.8942828e-06
40.9	1.3250188e-06
40.91	3.6547537e-07
40.92	7.627865e-07
40.93	1.1340516e-06
40.94	9.2917486e-07
40.95	1.8712608e-06
40.96	1.3211627e-06
40.97	3.6325754e-07
40.98	7.5661555e-07
40.99	1.1241046e-06
41	9.2608835e-07
41.01	1.8595692e-06
41.02	1.3054889e-06
41.03	3.4908439e-07
41.04	7.3184933e-07
41.05	1.0896569e-06
41.06	8.890067e-07
41.07	1.7909144e-06
41.08	1.2640161e-06
41.09	3.4055474e-07
41.1	7.1034131e-07
41.11	1.0554689e-06
41.12	8.6816233e-07
41.13	1.7447851e-06
41.14	1.2255355e-06
41.15	3.2465399e-07
41.16	6.8087101e-07
41.17	1.013895e-06
41.18	8.2442984e-07
41.19	1.6640176e-06
41.2	1.1724416e-06
41.21	3.1397606e-07
41.22	6.5373756e-07
41.23	9.708333e-07
41.24	1.2537396e-06
41.25	1.1529269e-06
41.26	3.9947568e-07
41.27	7.7293531e-07
41.28	1.1186382e-06
41.29	9.3732081e-07
41.3	1.892001e-06
41.31	1.3269087e-06
41.32	3.7514161e-07
41.33	7.7734374e-07
41.34	1.1530476e-06
41.35	9.576232e-07
41.36	1.9206e-06
41.37	1.3566724e-06
41.38	3.7170493e-07
41.39	7.7953255e-07
41.4	1.1621147e-06
41.41	9.4738635e-07
41.42	1.9117982e-06
41.43	1.3461932e-06
41.44	3.6619692e-07
41.45	7.6196331e-07
41.46	1.1321674e-06
41.47	9.3890469e-07
41.48	1.8842404e-06
41.49	1.333076e-06
41.5	3.5670534e-07
41.51	7.4865794e-07
41.52	1.1167051e-06
41.53	9.0898704e-07
41.54	1.8354908e-06
41.55	1.294664e-06
41.56	3.4778004e-07
41.57	7.2337414e-07
41.58	1.0748927e-06
41.59	8.8838183e-07
41.6	1.7829517e-06
41.61	1.2631377e-06
41.62	3.3563116e-07
41.63	7.0336319e-07
41.64	1.0478433e-06
41.65	8.5344969e-07
41.66	1.7236199e-06
41.67	1.2159625e-06
41.68	3.2536571e-07
41.69	6.7658901e-07
41.7	1.0053602e-06
41.71	8.2844655e-07
41.72	1.6610291e-06
41.73	1.1795906e-06
41.74	3.1373349e-07
41.75	6.5649125e-07
41.76	9.7722538e-07
41.77	1.2631992e-06
41.78	1.1525013e-06
41.79	4.0349613e-07
41.8	7.7413834e-07
41.81	1.1182527e-06
41.82	9.4367528e-07
41.83	1.8916684e-06
41.84	1.3431042e-06
41.85	3.7855843e-07
41.86	7.8763486e-07
41.87	1.1699336e-06
41.88	9.554102e-07
41.89	1.9264321e-06
41.9	1.3540397e-06
41.91	3.727691e-07
41.92	7.7572002e-07
41.93	1.1534024e-06
41.94	9.5090092e-07
41.95	1.9066872e-06
41.96	1.3574714e-06
41.97	3.6931343e-07
41.98	7.7290701e-07
41.99	1.150175e-06
42	9.3835631e-07
42.01	1.8923298e-06
42.02	1.3317977e-06
42.03	3.6000404e-07
42.04	7.5000144e-07
42.05	1.1149575e-06
42.06	9.1798865e-07
42.07	1.8376226e-06
42.08	1.3118073e-06
42.09	3.533075e-07
42.1	7.3885489e-07
42.11	1.0994026e-06
42.12	8.976219e-07
42.13	1.8100626e-06
42.14	1.2734911e-06
42.15	3.4301851e-07
42.16	7.128313e-07
42.17	1.0587918e-06
42.18	8.7247221e-07
42.19	1.7461639e-06
42.2	1.2454178e-06
42.21	3.3505103e-07
42.22	6.9937441e-07
42.23	1.0403238e-06
42.24	8.4896406e-07
42.25	1.7139351e-06
42.26	1.2042696e-06
42.27	3.2481077e-07
42.28	6.7349068e-07
42.29	1.0000689e-06
42.3	8.2370107e-07
42.31	1.6476842e-06
42.32	1.1743305e-06
42.33	3.164421e-07
42.34	6.5894009e-07
42.35	9.8000528e-07
42.36	1.2652751e-06
42.37	1.1558285e-06
42.38	4.0119755e-07
42.39	7.7040821e-07
42.4	1.1135486e-06
42.41	9.3813989e-07
42.42	1.8811553e-06
42.43	1.3391676e-06
42.44	3.7413716e-07
42.45	7.7897061e-07
42.46	1.1576916e-06
42.47	9.4975273e-07
42.48	1.9170687e-06
42.49	1.3444576e-06
42.5	3.6846825e-07
42.51	7.6850337e-07
42.52	1.1433475e-06
42.53	9.3841041e-07
42.54	1.8804802e-06
42.55	1.3412645e-06
42.56	3.6340278e-07
42.57	7.5947105e-07
42.58	1.1305602e-06
42.59	9.2481149e-07
42.6	1.8658418e-06
42.61	1.3133378e-06
42.62	3.5625822e-07
42.63	7.4006724e-07
42.64	1.0999326e-06
42.65	9.0328064e-07
42.66	1.8115515e-06
42.67	1.2908286e-06
42.68	3.466081e-07
42.69	7.232496e-07
42.7	1.0752106e-06
42.71	8.7930999e-07
42.72	1.7733278e-06
42.73	1.252102e-06
42.74	3.3847934e-07
42.75	7.0197457e-07
42.76	1.0422662e-06
42.77	8.5612143e-07
42.78	1.7169169e-06
42.79	1.2229509e-06
42.8	3.2725271e-07
42.81	6.8153218e-07
42.82	1.0127069e-06
42.83	8.2874768e-07
42.84	1.6713482e-06
42.85	1.1815756e-06
42.86	3.1893762e-07
42.87	6.6025778e-07
42.88	9.7947432e-07
42.89	1.263006e-06
42.9	1.1596984e-06
42.91	4.0427319e-07
42.92	7.7457044e-07
42.93	1.1211885e-06
42.94	9.3947593e-07
42.95	1.8935139e-06
42.96	1.3369384e-06
42.97	3.7058517e-07
42.98	7.6807758e-07
42.99	1.1408654e-06
43	9.381691e-07
43.01	1.878901e-06
43.02	1.3423545e-06
43.03	3.6515122e-07
43.04	7.596223e-07
43.05	1.1283899e-06
43.06	9.2780825e-07
43.07	1.8677837e-06
43.08	1.3220506e-06
43.09	3.568747e-07
43.1	7.4111135e-07
43.11	1.100993e-06
43.12	9.0933568e-07
43.13	1.8191453e-06
43.14	1.3005576e-06
43.15	3.4853564e-07
43.16	7.2455626e-07
43.17	1.0764583e-06
43.18	8.8563327e-07
43.19	1.7845019e-06
43.2	1.2625034e-06
43.21	3.3706798e-07
43.22	7.0035978e-07
43.23	1.0397129e-06
43.24	8.6045667e-07
43.25	1.7220098e-06
43.26	1.2301866e-06
43.27	3.2848286e-07
43.28	6.8257656e-07
43.29	1.0132731e-06
43.3	8.3262802e-07
43.31	1.6776154e-06
43.32	1.1874854e-06
43.33	3.1514093e-07
43.34	6.552067e-07
43.35	9.7284428e-07
43.36	1.2544628e-06
43.37	1.1592006e-06
43.38	4.0095727e-07
43.39	7.6914398e-07
43.4	1.1105083e-06
43.41	9.3402257e-07
43.42	1.8797868e-06
43.43	1.3260627e-06
43.44	3.6143927e-07
43.45	7.5137282e-07
43.46	1.1155255e-06
43.47	9.2231043e-07
43.48	1.8442542e-06
43.49	1.3188823e-06
43.5	3.5844612e-07
43.51	7.4371201e-07
43.52	1.1021618e-06
43.53	9.0641108e-07
43.54	1.8229439e-06
43.55	1.2898379e-06
43.56	3.4327714e-07
43.57	7.1596004e-07
43.58	1.063396e-06
43.59	8.7847368e-07
43.6	1.758047e-06
43.61	1.2573153e-06
43.62	3.3741328e-07
43.63	7.0058506e-07
43.64	1.0384618e-06
43.65	8.5269448e-07
43.66	1.7150323e-06
43.67	1.2144384e-06
43.68	3.2001242e-07
43.69	6.6800971e-07
43.7	9.9212598e-07
43.71	1.279863e-06
43.72	1.1813509e-06
43.73	4.1112654e-07
43.74	7.8878168e-07
43.75	1.139874e-06
43.76	9.5607824e-07
43.77	1.9226552e-06
43.78	1.3533615e-06
43.79	3.6834042e-07
43.8	7.6661124e-07
43.81	1.1392304e-06
43.82	9.3912887e-07
43.83	1.8790361e-06
43.84	1.343842e-06
43.85	3.6558146e-07
43.86	7.5941154e-07
43.87	1.1267694e-06
43.88	9.2577367e-07
43.89	1.8608928e-06
43.9	1.3129103e-06
43.91	3.4770076e-07
43.92	7.2510149e-07
43.93	1.0785423e-06
43.94	8.8986712e-07
43.95	1.7818441e-06
43.96	1.273919e-06
43.97	3.4156755e-07
43.98	7.0938701e-07
43.99	1.0520823e-06
44	8.650398e-07
44.01	1.7397274e-06
44.02	1.2274539e-06
44.03	3.2201069e-07
44.04	6.7170213e-07
44.05	9.9901755e-07
44.06	1.289942e-06
44.07	1.1882129e-06
44.08	4.1342021e-07
44.09	7.9443045e-07
44.1	1.1490053e-06
44.11	9.667712e-07
44.12	1.9447321e-06
44.13	1.3629244e-06
44.14	3.7023229e-07
44.15	7.7281331e-07
44.16	1.1491305e-06
44.17	9.4438855e-07
44.18	1.8927838e-06
44.19	1.3511529e-06
44.2	3.6798015e-07
44.21	7.6468923e-07
44.22	1.1362459e-06
44.23	9.3551944e-07
44.24	1.8811965e-06
44.25	1.3206709e-06
44.26	3.4832006e-07
44.27	7.2868813e-07
44.28	1.0847453e-06
44.29	8.929401e-07
44.3	1.7904316e-06
44.31	1.2777246e-06
44.32	3.4344775e-07
44.33	7.1222181e-07
44.34	1.0574768e-06
44.35	8.7163112e-07
44.36	1.7524995e-06
44.37	1.230812e-06
44.38	3.2152247e-07
44.39	6.7275861e-07
44.4	1.0015882e-06
44.41	8.2499261e-07
44.42	1.6530255e-06
44.43	1.1785671e-06
44.44	3.1610452e-07
44.45	6.5462285e-07
44.46	9.7093793e-07
44.47	1.2529185e-06
44.48	1.1526953e-06
44.49	3.8858105e-07
44.5	7.5190976e-07
44.51	1.0891027e-06
44.52	9.1781002e-07
44.53	1.8438455e-06
44.54	1.3100541e-06
44.55	3.6596944e-07
44.56	7.5725732e-07
44.57	1.1222952e-06
44.58	9.3088786e-07
44.59	1.8683113e-06
44.6	1.3132617e-06
44.61	3.5080672e-07
44.62	7.351238e-07
44.63	1.0953283e-06
44.64	9.0222487e-07
44.65	1.813604e-06
44.66	1.2880922e-06
44.67	3.4918393e-07
44.68	7.2519078e-07
44.69	1.0769793e-06
44.7	8.9030197e-07
44.71	1.78626e-06
44.72	1.2577102e-06
44.73	3.3182069e-07
44.74	6.9531871e-07
44.75	1.0355164e-06
44.76	8.4984836e-07
44.77	1.7088142e-06
44.78	1.2103908e-06
44.79	3.245894e-07
44.8	6.7449086e-07
44.81	1.0017572e-06
44.82	8.2698522e-07
44.83	1.6608547e-06
44.84	1.168136e-06
44.85	3.0742421e-07
44.86	6.4406407e-07
44.87	9.5912397e-07
44.88	1.2394474e-06
44.89	1.1338181e-06
44.9	3.9605343e-07
44.91	7.5947585e-07
44.92	1.0972534e-06
44.93	9.2824615e-07
44.94	1.8625831e-06
44.95	1.3088853e-06
44.96	3.6326449e-07
44.97	7.5738219e-07
44.98	1.1265905e-06
44.99	9.2150746e-07
45	1.8587789e-06
45.01	1.3069036e-06
45.02	3.5881388e-07
45.03	7.4740524e-07
45.04	1.1108836e-06
45.05	9.1865594e-07
45.06	1.8436445e-06
45.07	1.2979985e-06
45.08	3.4964716e-07
45.09	7.3265606e-07
45.1	1.0921183e-06
45.11	8.8719558e-07
45.12	1.7921389e-06
45.13	1.2615596e-06
45.14	3.4067203e-07
45.15	7.0877812e-07
45.16	1.0530598e-06
45.17	8.6999921e-07
45.18	1.7473631e-06
45.19	1.2308935e-06
45.2	3.2797589e-07
45.21	6.8757423e-07
45.22	1.0246613e-06
45.23	8.3145114e-07
45.24	1.6805522e-06
45.25	1.183808e-06
45.26	3.1835311e-07
45.27	6.6192198e-07
45.28	9.8310785e-07
45.29	1.2691589e-06
45.3	1.1680278e-06
45.31	4.1110484e-07
45.32	7.9166548e-07
45.33	1.1449961e-06
45.34	9.575246e-07
45.35	1.9333179e-06
45.36	1.3562985e-06
45.37	3.842398e-07
45.38	7.9562668e-07
45.39	1.1801676e-06
45.4	9.814231e-07
45.41	1.9672296e-06
45.42	1.3948779e-06
45.43	3.8478143e-07
45.44	8.0426272e-07
45.45	1.1963593e-06
45.46	9.7803736e-07
45.47	1.9724464e-06
45.48	1.3914575e-06
45.49	3.7956163e-07
45.5	7.8921803e-07
45.51	1.1734758e-06
45.52	9.7204088e-07
45.53	1.9472435e-06
45.54	1.3858155e-06
45.55	3.7377222e-07
45.56	7.8231442e-07
45.57	1.1640836e-06
45.58	9.5011617e-07
45.59	1.9153109e-06
45.6	1.3531898e-06
45.61	3.6387009e-07
45.62	7.5634852e-07
45.63	1.124076e-06
45.64	9.2926255e-07
45.65	1.8624581e-06
45.66	1.3277198e-06
45.67	3.5466462e-07
45.68	7.4297109e-07
45.69	1.1060691e-06
45.7	9.0303879e-07
45.71	1.8212838e-06
45.72	1.2851232e-06
45.73	3.4414654e-07
45.74	7.1531004e-07
45.75	1.062349e-06
45.76	8.7723492e-07
45.77	1.7566633e-06
45.78	1.2533008e-06
45.79	3.3489871e-07
45.8	7.0013586e-07
45.81	1.0420204e-06
45.82	8.5151192e-07
45.83	1.7170035e-06
45.84	1.2090155e-06
45.85	3.246447e-07
45.86	6.7329363e-07
45.87	9.9987831e-07
45.88	1.2908618e-06
45.89	1.1871287e-06
45.9	4.206203e-07
45.91	8.072843e-07
45.92	1.1668678e-06
45.93	9.7974969e-07
45.94	1.9731042e-06
45.95	1.3862508e-06
45.96	3.9070026e-07
45.97	8.0686085e-07
45.98	1.1981411e-06
45.99	9.8878735e-07
46	1.9778944e-06
46.01	1.4170927e-06
46.02	3.9126636e-07
46.03	8.1678763e-07
46.04	1.2146936e-06
46.05	9.9569449e-07
46.06	2.0049733e-06
46.07	1.4122997e-06
46.08	3.853552e-07
46.09	7.9848699e-07
46.1	1.1870822e-06
46.11	9.814758e-07
46.12	1.9621774e-06
46.13	1.4058591e-06
46.14	3.8101157e-07
46.15	7.9508267e-07
46.16	1.1824176e-06
46.17	9.6840544e-07
46.18	1.9535725e-06
46.19	1.3756228e-06
46.2	3.7207548e-07
46.21	7.7049584e-07
46.22	1.1449292e-06
46.23	9.4458641e-07
46.24	1.8906093e-06
46.25	1.3526358e-06
46.26	3.6423422e-07
46.27	7.5968918e-07
46.28	1.129469e-06
46.29	9.2343665e-07
46.3	1.8637372e-06
46.31	1.3133111e-06
46.32	3.5502043e-07
46.33	7.3296647e-07
46.34	1.0882695e-06
46.35	8.9779357e-07
46.36	1.799635e-06
46.37	1.2838652e-06
46.38	3.4514748e-07
46.39	7.1834023e-07
46.4	1.066963e-06
46.41	8.7234768e-07
46.42	1.7603565e-06
46.43	1.2422737e-06
46.44	3.3669459e-07
46.45	6.9384746e-07
46.46	1.0295503e-06
46.47	8.4760731e-07
46.48	1.6998238e-06
46.49	1.2109029e-06
46.5	3.2544315e-07
46.51	6.7678857e-07
46.52	1.0050598e-06
46.53	8.2024311e-07
46.54	1.6559731e-06
46.55	1.1695521e-06
46.56	3.1712094e-07
46.57	6.5321142e-07
46.58	9.6866345e-07
46.59	1.2490841e-06
46.6	1.1460446e-06
46.61	3.9900345e-07
46.62	7.6556062e-07
46.63	1.1076265e-06
46.64	9.275479e-07
46.65	1.8694039e-06
46.66	1.3182423e-06
46.67	3.6577162e-07
46.68	7.5543352e-07
46.69	1.1220326e-06
46.7	9.2280867e-07
46.71	1.8493272e-06
46.72	1.3207994e-06
46.73	3.5962564e-07
46.74	7.4879274e-07
46.75	1.1125083e-06
46.76	9.1156161e-07
46.77	1.8359552e-06
46.78	1.2992114e-06
46.79	3.5181898e-07
46.8	7.2888748e-07
46.81	1.0825913e-06
46.82	8.9262339e-07
46.83	1.7885909e-06
46.84	1.2779327e-06
46.85	3.4319604e-07
46.86	7.1354633e-07
46.87	1.0599464e-06
46.88	8.6985583e-07
46.89	1.7536334e-06
46.9	1.2401691e-06
46.91	3.325719e-07
46.92	6.8903113e-07
46.93	1.023011e-06
46.94	8.4551566e-07
46.95	1.6937163e-06
46.96	1.2095114e-06
46.97	3.2346589e-07
46.98	6.7217017e-07
46.99	9.9821676e-07
47	1.2888127e-06
47.01	1.1820004e-06
47.02	4.0300139e-07
47.03	7.7692749e-07
47.04	1.1237733e-06
47.05	9.5092592e-07
47.06	1.90436e-06
47.07	1.3594929e-06
47.08	3.7523644e-07
47.09	7.7666564e-07
47.1	1.1522635e-06
47.11	9.493461e-07
47.12	1.9115807e-06
47.13	1.3491831e-06
47.14	3.6205904e-07
47.15	7.5602203e-07
47.16	1.1238698e-06
47.17	9.2851127e-07
47.18	1.8578906e-06
47.19	1.3276099e-06
47.2	3.5712068e-07
47.21	7.4194333e-07
47.22	1.1008767e-06
47.23	9.0410777e-07
47.24	1.8207651e-06
47.25	1.2875919e-06
47.26	3.4105406e-07
47.27	7.1186583e-07
47.28	1.0577457e-06
47.29	8.7309294e-07
47.3	1.7480217e-06
47.31	1.2487177e-06
47.32	3.3350598e-07
47.33	6.92726e-07
47.34	1.0267735e-06
47.35	8.4273181e-07
47.36	1.6958816e-06
47.37	1.2010164e-06
47.38	3.1644539e-07
47.39	6.6058889e-07
47.4	9.8102374e-07
47.41	1.2651869e-06
47.42	1.1665527e-06
47.43	4.0409499e-07
47.44	7.7617788e-07
47.45	1.1219966e-06
47.46	9.4018723e-07
47.47	1.8920104e-06
47.48	1.3319897e-06
47.49	3.6283299e-07
47.5	7.5601593e-07
47.51	1.1239352e-06
47.52	9.242817e-07
47.53	1.8502205e-06
47.54	1.321608e-06
47.55	3.5944574e-07
47.56	7.4635264e-07
47.57	1.1076571e-06
47.58	9.0879712e-07
47.59	1.8276118e-06
47.6	1.2901408e-06
47.61	3.4162294e-07
47.62	7.1314859e-07
47.63	1.0608911e-06
47.64	8.7506592e-07
47.65	1.7518624e-06
47.66	1.2517681e-06
47.67	3.3558295e-07
47.68	6.9718487e-07
47.69	1.0343953e-06
47.7	8.4924363e-07
47.71	1.7086837e-06
47.72	1.2057134e-06
47.73	3.1642507e-07
47.74	6.6027543e-07
47.75	9.8243291e-07
47.76	1.268794e-06
47.77	1.1685184e-06
47.78	4.061907e-07
47.79	7.8130486e-07
47.8	1.1295461e-06
47.81	9.4920621e-07
47.82	1.9096953e-06
47.83	1.3385322e-06
47.84	3.6377762e-07
47.85	7.5928222e-07
47.86	1.1282754e-06
47.87	9.2775345e-07
47.88	1.8590136e-06
47.89	1.3270627e-06
47.9	3.6142865e-07
47.91	7.5173132e-07
47.92	1.1161849e-06
47.93	9.1791096e-07
47.94	1.8464478e-06
47.95	1.2969146e-06
47.96	3.4218161e-07
47.97	7.1587086e-07
47.98	1.0648797e-06
47.99	8.7753077e-07
48	1.7590281e-06
48.01	1.2553195e-06
48.02	3.3752555e-07
48.03	7.0039995e-07
48.04	1.0395236e-06
48.05	8.5619341e-07
48.06	1.7212329e-06
48.07	1.209267e-06
48.08	3.1596293e-07
48.09	6.6099518e-07
48.1	9.8344205e-07
48.11	1.2707527e-06
48.12	1.1708573e-06
48.13	4.095137e-07
48.14	7.8353066e-07
48.15	1.1345857e-06
48.16	9.5683225e-07
48.17	1.9223402e-06
48.18	1.3458628e-06
48.19	3.670211e-07
48.2	7.6579142e-07
48.21	1.1392428e-06
48.22	9.357296e-07
48.23	1.8789621e-06
48.24	1.3363705e-06
48.25	3.6608564e-07
48.26	7.5971117e-07
48.27	1.1296786e-06
48.28	9.3143114e-07
48.29	1.8730195e-06
48.3	1.3130657e-06
48.31	3.4659082e-07
48.32	7.2637479e-07
48.33	1.0826662e-06
48.34	8.9028162e-07
48.35	1.7882879e-06
48.36	1.2704894e-06
48.37	3.4324198e-07
48.38	7.1143913e-07
48.39	1.0573742e-06
48.4	8.7102984e-07
48.41	1.7493802e-06
48.42	1.2286282e-06
48.43	3.224326e-07
48.44	6.7553045e-07
48.45	1.0061187e-06
48.46	8.2645098e-07
48.47	1.6603755e-06
48.48	1.1761344e-06
48.49	3.1648614e-07
48.5	6.5561712e-07
48.51	9.7380016e-07
48.52	1.2569752e-06
48.53	1.156696e-06
48.54	3.938584e-07
48.55	7.6278734e-07
48.56	1.1037003e-06
48.57	9.3000658e-07
48.58	1.8693081e-06
48.59	1.3213345e-06
48.6	3.7267665e-07
48.61	7.7080073e-07
48.62	1.1416e-06
48.63	9.4917079e-07
48.64	1.9024438e-06
48.65	1.3399715e-06
48.66	3.6402726e-07
48.67	7.6181437e-07
48.68	1.1334581e-06
48.69	9.2951298e-07
48.7	1.8724529e-06
48.71	1.3234533e-06
48.72	3.5979052e-07
48.73	7.4826707e-07
48.74	1.1111145e-06
48.75	9.2196909e-07
48.76	1.8493406e-06
48.77	1.303841e-06
48.78	3.4834505e-07
48.79	7.2979893e-07
48.8	1.0866198e-06
48.81	8.8625832e-07
48.82	1.7867394e-06
48.83	1.2627993e-06
48.84	3.3963805e-07
48.85	7.0547637e-07
48.86	1.0472122e-06
48.87	8.6799571e-07
48.88	1.7415606e-06
48.89	1.2279479e-06
48.9	3.2640384e-07
48.91	6.8356513e-07
48.92	1.0180512e-06
48.93	8.2814007e-07
48.94	1.6714239e-06
48.95	1.1800209e-06
48.96	3.1714463e-07
48.97	6.5874856e-07
48.98	9.7764721e-07
48.99	1.2619635e-06
49	1.1632127e-06
49.01	4.0649301e-07
49.02	7.8380287e-07
49.03	1.1341249e-06
49.04	9.4953346e-07
49.05	1.9161358e-06
49.06	1.3474776e-06
49.07	3.8048115e-07
49.08	7.8710383e-07
49.09	1.1671069e-06
49.1	9.7328198e-07
49.11	1.9494722e-06
49.12	1.3826e-06
49.13	3.8027704e-07
49.14	7.9566927e-07
49.15	1.1840212e-06
49.16	9.6746045e-07
49.17	1.9501561e-06
49.18	1.3779839e-06
49.19	3.7525878e-07
49.2	7.8010909e-07
49.21	1.1602309e-06
49.22	9.6339018e-07
49.23	1.9291548e-06
49.24	1.3722123e-06
49.25	3.6972201e-07
49.26	7.7427441e-07
49.27	1.1523077e-06
49.28	9.4020785e-07
49.29	1.8954636e-06
49.3	1.3404954e-06
49.31	3.6035615e-07
49.32	7.487725e-07
49.33	1.1132037e-06
49.34	9.2194665e-07
49.35	1.8477339e-06
49.36	1.3164622e-06
49.37	3.5167777e-07
49.38	7.3675347e-07
49.39	1.0968043e-06
49.4	8.9519112e-07
49.41	1.8056863e-06
49.42	1.2756141e-06
49.43	3.4180873e-07
49.44	7.0991275e-07
49.45	1.0543272e-06
49.46	8.7186983e-07
49.47	1.7472803e-06
49.48	1.2455334e-06
49.49	3.3272827e-07
49.5	6.9603696e-07
49.51	1.0356789e-06
49.52	8.4654975e-07
49.53	1.7073219e-06
49.54	1.2032022e-06
49.55	3.2293734e-07
49.56	6.691967e-07
49.57	9.9352899e-07
49.58	1.2826915e-06
49.59	1.1829189e-06
49.6	4.186493e-07
49.61	8.0433573e-07
49.62	1.1621235e-06
49.63	9.7624581e-07
49.64	1.9660038e-06
49.65	1.3824106e-06
49.66	3.8914092e-07
49.67	8.0382765e-07
49.68	1.1931105e-06
49.69	9.8683844e-07
49.7	1.9735976e-06
49.71	1.4148313e-06
49.72	3.9047524e-07
49.73	8.1524181e-07
49.74	1.2124374e-06
49.75	9.9448973e-07
49.76	2.0026686e-06
49.77	1.4112597e-06
49.78	3.8504512e-07
49.79	7.9757675e-07
49.8	1.1849293e-06
49.81	9.8188795e-07
49.82	1.9634973e-06
49.83	1.4068489e-06
49.84	3.8127299e-07
49.85	7.9626405e-07
49.86	1.1840992e-06
49.87	9.699983e-07
49.88	1.9562704e-06
49.89	1.3781765e-06
49.9	3.7249179e-07
49.91	7.71187e-07
49.92	1.1459619e-06
49.93	9.4807072e-07
49.94	1.8955907e-06
49.95	1.3569918e-06
49.96	3.6560419e-07
49.97	7.6273143e-07
49.98	1.1343759e-06
49.99	9.2752715e-07
50	1.8722898e-06
