0.01	2.9006792e-07
0.02	6.3986083e-07
0.03	8.2561927e-07
0.04	8.8792996e-07
0.05	6.6956007e-07
0.06	4.8624701e-07
0.07	3.7808304e-07
0.08	8.5934067e-07
0.09	6.9947622e-07
0.1	6.4581463e-07
0.11	5.7768299e-07
0.12	4.9467874e-07
0.13	4.7904085e-07
0.14	9.8545921e-07
0.15	4.562613e-07
0.16	5.3422592e-07
0.17	4.8259684e-07
0.18	4.1937623e-07
0.19	8.5373941e-07
0.2	5.671762e-07
0.21	6.7837142e-07
0.22	6.154956e-07
0.23	4.1437221e-07
0.24	9.9995902e-07
0.25	4.0361343e-07
0.26	3.9763995e-07
0.27	9.7554546e-07
0.28	7.7303652e-07
0.29	8.8629456e-07
0.3	8.8520855e-07
0.31	7.9867178e-07
0.32	7.4905981e-07
0.33	7.0345858e-07
0.34	6.6061776e-07
0.35	6.2051969e-07
0.36	5.8089355e-07
0.37	5.9147745e-07
0.38	5.4925524e-07
0.39	5.1701864e-07
0.4	4.758203e-07
0.41	4.63097e-07
0.42	5.382049e-07
0.43	4.5454719e-07
0.44	4.6592356e-07
0.45	5.4250644e-07
0.46	4.5820646e-07
0.47	5.07909e-07
0.48	4.3131866e-07
0.49	4.3708863e-07
0.5	4.6283249e-07
0.51	5.9890143e-07
0.52	4.3439805e-07
0.53	8.6268733e-07
0.54	5.8495521e-07
0.55	5.9595059e-07
0.56	4.3556409e-07
0.57	4.3860776e-07
0.58	4.3679604e-07
0.59	4.360031e-07
0.6	4.3698585e-07
0.61	4.3657335e-07
0.62	5.1848684e-07
0.63	4.2385856e-07
0.64	4.2098361e-07
0.65	4.1388711e-07
0.66	4.1728204e-07
0.67	4.236978e-07
0.68	9.9721536e-07
0.69	5.0768594e-07
0.7	7.4061023e-07
0.71	7.8057552e-07
0.72	9.9225991e-07
0.73	9.7542393e-07
0.74	9.789176e-07
0.75	9.7933365e-07
0.76	9.4304164e-07
0.77	8.8354324e-07
0.78	9.4042123e-07
0.79	8.6006134e-07
0.8	8.5415878e-07
0.81	8.3035515e-07
0.82	8.1258818e-07
0.83	7.9494587e-07
0.84	7.7821695e-07
0.85	7.6230488e-07
0.86	7.4671633e-07
0.87	7.3129561e-07
0.88	7.1587685e-07
0.89	7.0051366e-07
0.9	6.8528869e-07
0.91	6.7117268e-07
0.92	6.5858453e-07
0.93	6.5415301e-07
0.94	6.4026069e-07
0.95	6.3523462e-07
0.96	6.5249324e-07
0.97	6.7045392e-07
0.98	7.8178995e-07
0.99	8.5791116e-07
1	9.0218751e-07
1.01	8.6369141e-07
1.02	8.125802e-07
1.03	7.2479292e-07
1.04	7.1337861e-07
1.05	6.1106933e-07
1.06	9.6846535e-07
1.07	5.7563257e-07
1.08	6.7644348e-07
1.09	6.5819974e-07
1.1	6.2074891e-07
1.11	7.9551941e-07
1.12	7.8573739e-07
1.13	5.6557067e-07
1.14	5.950963e-07
1.15	5.7028897e-07
1.16	5.66384e-07
1.17	5.610334e-07
1.18	5.539975e-07
1.19	5.4618673e-07
1.2	5.3929548e-07
1.21	5.3764239e-07
1.22	5.0062446e-07
1.23	5.0134185e-07
1.24	5.0643632e-07
1.25	5.7222141e-07
1.26	9.2960174e-07
1.27	4.7957092e-07
1.28	5.3044487e-07
1.29	4.5501798e-07
1.3	4.3126035e-07
1.31	4.2409642e-07
1.32	4.2629282e-07
1.33	4.2944137e-07
1.34	4.4883998e-07
1.35	4.2135737e-07
1.36	4.2395767e-07
1.37	4.6724931e-07
1.38	3.8555459e-07
1.39	3.824015e-07
1.4	3.676305e-07
1.41	9.9749282e-07
1.42	9.7907813e-07
1.43	9.6215755e-07
1.44	9.472988e-07
1.45	9.3319303e-07
1.46	9.2026136e-07
1.47	9.0897183e-07
1.48	8.9599101e-07
1.49	8.787069e-07
1.5	8.6656386e-07
1.51	8.5421131e-07
1.52	8.4229313e-07
1.53	9.7700652e-07
1.54	9.6571832e-07
1.55	8.0624795e-07
1.56	7.9360026e-07
1.57	7.8202223e-07
1.58	7.7053953e-07
1.59	7.5919584e-07
1.6	7.4814564e-07
1.61	7.3716708e-07
1.62	7.2683158e-07
1.63	7.172963e-07
1.64	7.0647038e-07
1.65	6.9658765e-07
1.66	6.8692025e-07
1.67	6.7738609e-07
1.68	6.6803059e-07
1.69	6.5891201e-07
1.7	6.5000313e-07
1.71	6.4123886e-07
1.72	6.3263151e-07
1.73	6.242164e-07
1.74	6.1593985e-07
1.75	6.0791555e-07
1.76	6.0013253e-07
1.77	5.9214671e-07
1.78	5.8520128e-07
1.79	5.7821916e-07
1.8	5.7109082e-07
1.81	5.6500142e-07
1.82	5.6125616e-07
1.83	5.5068911e-07
1.84	5.4340146e-07
1.85	5.3759488e-07
1.86	5.3177254e-07
1.87	5.2630739e-07
1.88	5.2005102e-07
1.89	5.1431419e-07
1.9	5.0887936e-07
1.91	5.0359685e-07
1.92	4.9852158e-07
1.93	4.9352708e-07
1.94	4.8859524e-07
1.95	4.8484618e-07
1.96	4.7884296e-07
1.97	4.7381995e-07
1.98	4.6920435e-07
1.99	4.6446676e-07
2	4.5959978e-07
2.01	4.549718e-07
2.02	4.5045583e-07
2.03	4.4603419e-07
2.04	4.4169156e-07
2.05	4.3770866e-07
2.06	4.3480287e-07
2.07	4.3898173e-07
2.08	5.0981721e-07
2.09	6.5756317e-07
2.1	4.2287332e-07
2.11	4.1194884e-07
2.12	4.2412413e-07
2.13	4.3989149e-07
2.14	4.9272672e-07
2.15	9.6940662e-07
2.16	9.3442411e-07
2.17	5.1188868e-07
2.18	9.7894877e-07
2.19	9.4905596e-07
2.2	8.3567892e-07
2.21	9.074774e-07
2.22	7.7972094e-07
2.23	8.80509e-07
2.24	7.9166484e-07
2.25	8.7478504e-07
2.26	8.7647714e-07
2.27	9.0983308e-07
2.28	8.0931778e-07
2.29	8.5798498e-07
2.3	9.2759079e-07
2.31	8.721599e-07
2.32	6.4861986e-07
2.33	9.5888319e-07
2.34	8.7587523e-07
2.35	9.9524128e-07
2.36	7.6022091e-07
2.37	9.9061052e-07
2.38	9.4743358e-07
2.39	7.2623104e-07
2.4	8.5211365e-07
2.41	9.3332793e-07
2.42	8.9400014e-07
2.43	7.1009917e-07
2.44	8.0227714e-07
2.45	8.9458029e-07
2.46	8.4319097e-07
2.47	8.3489883e-07
2.48	7.3352519e-07
2.49	8.2409976e-07
2.5	8.3875445e-07
2.51	8.3761824e-07
2.52	8.1503142e-07
2.53	6.2564657e-07
2.54	3.5550687e-07
2.55	4.4765029e-07
2.56	9.9010228e-07
2.57	4.3232545e-07
2.58	4.7414322e-07
2.59	6.2514173e-07
2.6	5.2256624e-07
2.61	8.3706785e-07
2.62	7.4599626e-07
2.63	8.688626e-07
2.64	5.523977e-07
2.65	7.6981816e-07
2.66	5.6498523e-07
2.67	7.8012604e-07
2.68	8.3361587e-07
2.69	6.6919827e-07
2.7	6.2996182e-07
2.71	7.7335749e-07
2.72	6.8288641e-07
2.73	7.7993082e-07
2.74	6.1839769e-07
2.75	8.1012349e-07
2.76	6.6227248e-07
2.77	8.2568417e-07
2.78	6.5950825e-07
2.79	6.8877276e-07
2.8	9.4584225e-07
2.81	8.6721921e-07
2.82	4.8951326e-07
2.83	3.9863403e-07
2.84	9.0420682e-07
2.85	5.3412607e-07
2.86	9.8070997e-07
2.87	7.7062645e-07
2.88	8.6340248e-07
2.89	7.6057389e-07
2.9	4.8153256e-07
2.91	5.0104516e-07
2.92	4.9251552e-07
2.93	4.9795445e-07
2.94	4.9865659e-07
2.95	4.9868213e-07
2.96	4.982951e-07
2.97	4.9751754e-07
2.98	4.968103e-07
2.99	4.9597537e-07
3	4.9538485e-07
3.01	4.950273e-07
3.02	4.9498127e-07
3.03	4.9501532e-07
3.04	4.9572748e-07
3.05	4.9803725e-07
3.06	5.0376418e-07
3.07	5.1249301e-07
3.08	5.2626351e-07
3.09	5.5525592e-07
3.1	9.1825315e-07
3.11	4.9676429e-07
3.12	6.4053301e-07
3.13	4.712665e-07
3.14	4.7005102e-07
3.15	8.9560398e-07
3.16	6.8172813e-07
3.17	9.3504047e-07
3.18	5.0064524e-07
3.19	4.3179974e-07
3.2	4.3997235e-07
3.21	4.4782193e-07
3.22	4.4995276e-07
3.23	4.5699974e-07
3.24	4.6634941e-07
3.25	4.8258649e-07
3.26	6.0086754e-07
3.27	8.6033565e-07
3.28	9.7017955e-07
3.29	5.062189e-07
3.3	4.2097687e-07
3.31	4.2509491e-07
3.32	4.2159905e-07
3.33	4.1680312e-07
3.34	4.1297038e-07
3.35	4.1029992e-07
3.36	4.0801446e-07
3.37	4.0607599e-07
3.38	4.050125e-07
3.39	4.0490145e-07
3.4	4.0879671e-07
3.41	4.2150918e-07
3.42	4.3436264e-07
3.43	4.4007612e-07
3.44	7.7705178e-07
3.45	3.8067245e-07
3.46	3.8050887e-07
3.47	3.8019532e-07
3.48	3.7741557e-07
3.49	3.754417e-07
3.5	3.7346935e-07
3.51	3.7162437e-07
3.52	3.6967864e-07
3.53	3.6757794e-07
3.54	3.6555843e-07
3.55	3.6346332e-07
3.56	3.6114745e-07
3.57	3.5875183e-07
3.58	3.5652227e-07
3.59	3.5445642e-07
3.6	3.5321692e-07
3.61	3.5323542e-07
3.62	3.5511396e-07
3.63	3.5810021e-07
3.64	3.6182694e-07
3.65	3.6489052e-07
3.66	3.7146161e-07
3.67	9.9533771e-07
3.68	9.2356791e-07
3.69	9.4029254e-07
3.7	9.5311883e-07
3.71	9.2419459e-07
3.72	9.2023923e-07
3.73	9.128793e-07
3.74	9.0831228e-07
3.75	9.0410669e-07
3.76	9.1621445e-07
3.77	8.9807695e-07
3.78	8.90059e-07
3.79	8.8559695e-07
3.8	9.6118508e-07
3.81	9.1606608e-07
3.82	8.9128954e-07
3.83	8.6974676e-07
3.84	8.8445371e-07
3.85	8.4855859e-07
3.86	8.3969168e-07
3.87	8.3498371e-07
3.88	8.4060308e-07
3.89	8.8597344e-07
3.9	8.2142595e-07
3.91	8.6501479e-07
3.92	8.1336759e-07
3.93	8.0759433e-07
3.94	8.0763148e-07
3.95	8.0761213e-07
3.96	8.0678272e-07
3.97	8.0956763e-07
3.98	7.8910345e-07
3.99	7.925118e-07
4	4.6294071e-07
4.01	4.5873042e-07
4.02	7.6855527e-07
4.03	7.7694623e-07
4.04	7.6908619e-07
4.05	7.7762343e-07
4.06	7.8738606e-07
4.07	7.966605e-07
4.08	8.1156423e-07
4.09	8.3528631e-07
4.1	7.5286366e-07
4.11	8.196588e-07
4.12	6.177645e-07
4.13	7.3620845e-07
4.14	7.2985413e-07
4.15	7.2459785e-07
4.16	7.1036878e-07
4.17	6.9842266e-07
4.18	6.9335098e-07
4.19	6.9266661e-07
4.2	6.8071433e-07
4.21	6.7589472e-07
4.22	6.7223116e-07
4.23	6.6812365e-07
4.24	6.6391013e-07
4.25	6.5962043e-07
4.26	6.5534219e-07
4.27	6.5110278e-07
4.28	6.4694676e-07
4.29	6.4286025e-07
4.3	6.3879043e-07
4.31	6.3475564e-07
4.32	6.3075334e-07
4.33	6.2676723e-07
4.34	6.227978e-07
4.35	6.188521e-07
4.36	6.1492679e-07
4.37	6.1101934e-07
4.38	6.0713892e-07
4.39	6.032997e-07
4.4	5.9947895e-07
4.41	5.9567705e-07
4.42	5.9189417e-07
4.43	5.8812941e-07
4.44	5.8438291e-07
4.45	5.8065716e-07
4.46	5.7695239e-07
4.47	5.7327669e-07
4.48	5.6963339e-07
4.49	5.6596766e-07
4.5	5.919276e-07
4.51	9.981216e-07
4.52	9.9335618e-07
4.53	9.8541548e-07
4.54	9.792005e-07
4.55	9.7293398e-07
4.56	9.6660833e-07
4.57	9.6076434e-07
4.58	9.5460879e-07
4.59	9.4863604e-07
4.6	9.4264096e-07
4.61	9.3670148e-07
4.62	9.3079318e-07
4.63	9.2492061e-07
4.64	9.1908669e-07
4.65	9.13298e-07
4.66	9.075644e-07
4.67	9.018621e-07
4.68	8.9621083e-07
4.69	8.905956e-07
4.7	8.8504408e-07
4.71	8.7952717e-07
4.72	8.7404442e-07
4.73	8.6859428e-07
4.74	8.6317714e-07
4.75	8.5779407e-07
4.76	8.5244677e-07
4.77	8.4715284e-07
4.78	8.4190212e-07
4.79	8.3668369e-07
4.8	8.3149759e-07
4.81	8.2634372e-07
4.82	8.2122208e-07
4.83	8.1613259e-07
4.84	8.1112342e-07
4.85	8.0614962e-07
4.86	8.0120685e-07
4.87	7.9629503e-07
4.88	7.914141e-07
4.89	7.8656396e-07
4.9	7.8174453e-07
4.91	7.7695573e-07
4.92	7.7219745e-07
4.93	7.6746959e-07
4.94	7.6277205e-07
4.95	7.5810471e-07
4.96	7.5346748e-07
4.97	7.4886022e-07
4.98	7.4428281e-07
4.99	7.3973857e-07
5	7.3522941e-07
5.01	7.3074966e-07
5.02	7.2629919e-07
5.03	7.2187787e-07
5.04	7.1748557e-07
5.05	7.1312213e-07
5.06	7.0878742e-07
5.07	7.044813e-07
5.08	7.1816613e-07
5.09	7.592253e-07
5.1	7.0048007e-07
5.11	6.9052769e-07
5.12	6.8509322e-07
5.13	6.8057454e-07
5.14	6.7626075e-07
5.15	6.721629e-07
5.16	6.6812091e-07
5.17	6.6413239e-07
5.18	6.6017033e-07
5.19	6.5625175e-07
5.2	6.5235099e-07
5.21	6.4848628e-07
5.22	6.4464616e-07
5.23	6.4083232e-07
5.24	6.3704352e-07
5.25	6.3330097e-07
5.26	6.2958141e-07
5.27	6.2588545e-07
5.28	6.222126e-07
5.29	6.1856303e-07
5.3	6.1493654e-07
5.31	6.1133314e-07
5.32	6.0775457e-07
5.33	6.0421347e-07
5.34	6.0070142e-07
5.35	5.9721212e-07
5.36	5.9374546e-07
5.37	5.9030782e-07
5.38	5.8689529e-07
5.39	5.8350663e-07
5.4	5.8014678e-07
5.41	5.7680908e-07
5.42	5.7349343e-07
5.43	5.7019973e-07
5.44	5.6692787e-07
5.45	5.6367774e-07
5.46	5.6044926e-07
5.47	5.5724231e-07
5.48	5.5405677e-07
5.49	9.9867372e-07
5.5	7.9280108e-07
5.51	9.3525535e-07
5.52	9.451349e-07
5.53	8.638633e-07
5.54	9.4679376e-07
5.55	8.8437009e-07
5.56	9.00747e-07
5.57	9.0468541e-07
5.58	8.8078778e-07
5.59	8.9562475e-07
5.6	8.8036451e-07
5.61	8.7905965e-07
5.62	8.7792506e-07
5.63	8.6916061e-07
5.64	8.6918986e-07
5.65	8.632313e-07
5.66	8.5953642e-07
5.67	8.5657216e-07
5.68	8.5161195e-07
5.69	8.4862354e-07
5.7	8.4457635e-07
5.71	8.4082007e-07
5.72	8.3749962e-07
5.73	8.3372425e-07
5.74	8.3038132e-07
5.75	8.2692929e-07
5.76	8.235381e-07
5.77	8.2042956e-07
5.78	8.1731443e-07
5.79	8.1432783e-07
5.8	8.1149298e-07
5.81	8.0875449e-07
5.82	8.0619714e-07
5.83	8.0391101e-07
5.84	8.0185069e-07
5.85	8.0013104e-07
5.86	7.9851299e-07
5.87	7.9709665e-07
5.88	7.9657326e-07
5.89	7.9635583e-07
5.9	7.9796163e-07
5.91	8.0344339e-07
5.92	8.1618228e-07
5.93	8.4543707e-07
5.94	9.3751598e-07
5.95	9.3287172e-07
5.96	6.605679e-07
5.97	8.0082595e-07
5.98	8.1295725e-07
5.99	7.8206923e-07
6	8.2159655e-07
6.01	7.5539677e-07
6.02	7.4377369e-07
6.03	7.6570362e-07
6.04	7.3684951e-07
6.05	7.5173444e-07
6.06	7.4609585e-07
6.07	7.4042271e-07
6.08	7.4625388e-07
6.09	7.3963573e-07
6.1	7.4119454e-07
6.11	7.4055526e-07
6.12	7.3854689e-07
6.13	7.3990914e-07
6.14	7.3870744e-07
6.15	7.3819623e-07
6.16	7.3627333e-07
6.17	7.328574e-07
6.18	7.116859e-07
6.19	6.8662064e-07
6.2	8.0316397e-07
6.21	7.3376215e-07
6.22	8.4667436e-07
6.23	9.0874508e-07
6.24	5.3575264e-07
6.25	7.8876871e-07
6.26	4.486249e-07
6.27	8.3130014e-07
6.28	7.2232585e-07
6.29	7.4707681e-07
6.3	9.5058877e-07
6.31	5.7000832e-07
6.32	6.8838612e-07
6.33	7.7548447e-07
6.34	4.4826197e-07
6.35	9.5813001e-07
6.36	8.4239829e-07
6.37	5.8098398e-07
6.38	7.2859533e-07
6.39	4.8110223e-07
6.4	9.2383841e-07
6.41	8.2884005e-07
6.42	5.6955638e-07
6.43	7.0209902e-07
6.44	4.7590159e-07
6.45	9.0309172e-07
6.46	8.1306404e-07
6.47	5.5526688e-07
6.48	6.8824601e-07
6.49	4.6890497e-07
6.5	8.960698e-07
6.51	8.0131806e-07
6.52	5.4577933e-07
6.53	6.8056461e-07
6.54	5.5161001e-07
6.55	9.5530797e-07
6.56	7.4657726e-07
6.57	5.3199894e-07
6.58	9.273274e-07
6.59	6.021782e-07
6.6	6.0133707e-07
6.61	9.9239082e-07
6.62	4.3066522e-07
6.63	6.1588658e-07
6.64	7.5794925e-07
6.65	5.9004099e-07
6.66	4.9268191e-07
6.67	6.5438956e-07
6.68	7.9357732e-07
6.69	6.0444249e-07
6.7	5.2707961e-07
6.71	8.4362553e-07
6.72	5.6185986e-07
6.73	4.9721641e-07
6.74	8.4136072e-07
6.75	5.4170343e-07
6.76	4.9431556e-07
6.77	8.1735387e-07
6.78	5.3569611e-07
6.79	4.8398396e-07
6.8	8.2090881e-07
6.81	5.2462744e-07
6.82	4.8273169e-07
6.83	7.8260782e-07
6.84	5.2300342e-07
6.85	4.6682864e-07
6.86	8.1442864e-07
6.87	5.063655e-07
6.88	4.7621234e-07
6.89	7.3374366e-07
6.9	5.1447137e-07
6.91	9.8492472e-07
6.92	8.5627045e-07
6.93	9.8370468e-07
6.94	5.0506476e-07
6.95	6.4449194e-07
6.96	5.0667052e-07
6.97	9.6060881e-07
6.98	9.7810321e-07
6.99	9.2102268e-07
7	5.8687176e-07
7.01	5.4806958e-07
7.02	9.8988415e-07
7.03	5.136869e-07
7.04	5.6721408e-07
7.05	9.7308786e-07
7.06	5.7726469e-07
7.07	5.084666e-07
7.08	5.2739876e-07
7.09	9.5700429e-07
7.1	5.6556213e-07
7.11	5.4959544e-07
7.12	9.9987381e-07
7.13	9.2720769e-07
7.14	8.5494179e-07
7.15	8.6597889e-07
7.16	9.8072998e-07
7.17	5.3963996e-07
7.18	9.1073204e-07
7.19	9.2815201e-07
7.2	9.8725229e-07
7.21	9.0068972e-07
7.22	9.6025542e-07
7.23	9.1942759e-07
7.24	9.5614987e-07
7.25	8.9847557e-07
7.26	9.495801e-07
7.27	9.1044592e-07
7.28	9.4691381e-07
7.29	8.8991686e-07
7.3	9.3894634e-07
7.31	9.1248617e-07
7.32	9.3853452e-07
7.33	8.8455578e-07
7.34	9.2956324e-07
7.35	9.266013e-07
7.36	9.3261334e-07
7.37	8.90695e-07
7.38	9.8869884e-07
7.39	7.4444807e-07
7.4	6.5735297e-07
7.41	5.1599018e-07
7.42	8.2129085e-07
7.43	7.8932467e-07
7.44	8.0678659e-07
7.45	5.2230949e-07
7.46	6.4017824e-07
7.47	8.0531416e-07
7.48	9.5602259e-07
7.49	9.885209e-07
7.5	7.2828358e-07
7.51	6.9952374e-07
7.52	9.6541927e-07
7.53	6.1377184e-07
7.54	9.8795304e-07
7.55	8.3671189e-07
7.56	8.57094e-07
7.57	7.3813434e-07
7.58	8.0076626e-07
7.59	9.071972e-07
7.6	7.9279426e-07
7.61	6.657886e-07
7.62	6.7758088e-07
7.63	7.0944296e-07
7.64	7.5572671e-07
7.65	9.1141728e-07
7.66	7.3607028e-07
7.67	6.852151e-07
7.68	9.8251389e-07
7.69	5.7874322e-07
7.7	9.5416333e-07
7.71	9.4190084e-07
7.72	8.7131761e-07
7.73	7.1667884e-07
7.74	7.9404309e-07
7.75	8.7439437e-07
7.76	6.7184234e-07
7.77	6.2088179e-07
7.78	8.4350203e-07
7.79	5.5926008e-07
7.8	8.6010593e-07
7.81	8.4339949e-07
7.82	9.082039e-07
7.83	6.5470339e-07
7.84	7.7526428e-07
7.85	8.2120644e-07
7.86	8.7703845e-07
7.87	5.0072757e-07
7.88	8.9624736e-07
7.89	8.2305136e-07
7.9	8.0154268e-07
7.91	6.3821565e-07
7.92	7.228421e-07
7.93	7.8322016e-07
7.94	6.0035417e-07
7.95	9.2024521e-07
7.96	9.1999943e-07
7.97	5.2311574e-07
7.98	8.451178e-07
7.99	9.7862205e-07
8	8.1073658e-07
8.01	4.9329494e-07
8.02	7.4626428e-07
8.03	8.1006203e-07
8.04	5.4354713e-07
8.05	7.982115e-07
8.06	8.2064215e-07
8.07	5.3451365e-07
8.08	8.0968489e-07
8.09	7.5147077e-07
8.1	5.2700419e-07
8.11	8.0430682e-07
8.12	8.6169112e-07
8.13	5.0600757e-07
8.14	8.1801715e-07
8.15	7.0882906e-07
8.16	9.7000602e-07
8.17	7.2286542e-07
8.18	8.6680776e-07
8.19	7.3086961e-07
8.2	6.9775055e-07
8.21	5.1165301e-07
8.22	9.9130742e-07
8.23	8.3850751e-07
8.24	4.7234197e-07
8.25	7.9666257e-07
8.26	6.7004084e-07
8.27	8.9088622e-07
8.28	6.7695854e-07
8.29	8.0911035e-07
8.3	9.3008199e-07
8.31	7.3270833e-07
8.32	9.092082e-07
8.33	9.8355707e-07
8.34	6.9661542e-07
8.35	9.2191761e-07
8.36	6.5432046e-07
8.37	8.2250716e-07
8.38	9.6075725e-07
8.39	5.0373682e-07
8.4	8.3533614e-07
8.41	7.8237745e-07
8.42	8.9972074e-07
8.43	9.835471e-07
8.44	6.2393886e-07
8.45	7.5869563e-07
8.46	9.8325323e-07
8.47	7.871934e-07
8.48	8.4363994e-07
8.49	6.7235184e-07
8.5	9.5713179e-07
8.51	9.5096177e-07
8.52	8.3487275e-07
8.53	8.5016239e-07
8.54	4.6182569e-07
8.55	7.3024651e-07
8.56	6.2452496e-07
8.57	8.8236062e-07
8.58	9.7148162e-07
8.59	7.9603106e-07
8.6	7.8663178e-07
8.61	4.7343428e-07
8.62	7.6878267e-07
8.63	6.7434635e-07
8.64	8.92077e-07
8.65	9.2506923e-07
8.66	8.1623465e-07
8.67	7.8693926e-07
8.68	9.864962e-07
8.69	7.0662683e-07
8.7	6.0354907e-07
8.71	8.2633626e-07
8.72	9.0225953e-07
8.73	7.594787e-07
8.74	7.2504408e-07
8.75	9.5715794e-07
8.76	7.2048384e-07
8.77	6.3031783e-07
8.78	8.2433589e-07
8.79	8.6291109e-07
8.8	7.6433496e-07
8.81	7.1671877e-07
8.82	9.178948e-07
8.83	6.6393626e-07
8.84	5.6605461e-07
8.85	7.6652367e-07
8.86	8.3397953e-07
8.87	7.0685932e-07
8.88	9.5457661e-07
8.89	7.0977529e-07
8.9	5.0843419e-07
8.91	8.7807178e-07
8.92	7.9354423e-07
8.93	9.3119316e-07
8.94	9.4780074e-07
8.95	5.3160318e-07
8.96	8.0931401e-07
8.97	8.8753611e-07
8.98	8.1613122e-07
8.99	8.1275549e-07
9	7.2285463e-07
9.01	9.595168e-07
9.02	9.4299551e-07
9.03	7.8140622e-07
9.04	7.3086284e-07
9.05	6.2322658e-07
9.06	8.3084796e-07
9.07	6.5590093e-07
9.08	4.8126627e-07
9.09	7.7200601e-07
9.1	8.6840654e-07
9.11	8.4125565e-07
9.12	8.4031697e-07
9.13	4.6880387e-07
9.14	9.2523821e-07
9.15	8.447018e-07
9.16	5.3445445e-07
9.17	8.8735027e-07
9.18	6.8119638e-07
9.19	7.0692355e-07
9.2	4.6761943e-07
9.21	6.6602616e-07
9.22	9.6177904e-07
9.23	6.2530916e-07
9.24	9.3228987e-07
9.25	6.3418666e-07
9.26	6.541381e-07
9.27	5.2361574e-07
9.28	9.5031388e-07
9.29	4.4686068e-07
9.3	6.1271037e-07
9.31	5.3168765e-07
9.32	6.0792883e-07
9.33	9.2695049e-07
9.34	6.6727637e-07
9.35	9.2436033e-07
9.36	6.6732762e-07
9.37	9.3429319e-07
9.38	5.9883739e-07
9.39	8.7749178e-07
9.4	5.7568965e-07
9.41	6.2091545e-07
9.42	9.5436352e-07
9.43	8.2181267e-07
9.44	9.9920719e-07
9.45	5.4067968e-07
9.46	5.094095e-07
9.47	9.7548207e-07
9.48	8.728548e-07
9.49	5.6723572e-07
9.5	9.8723923e-07
9.51	9.3756483e-07
9.52	6.7523622e-07
9.53	9.2270331e-07
9.54	9.6809834e-07
9.55	9.0533681e-07
9.56	5.2362104e-07
9.57	9.749312e-07
9.58	8.1655965e-07
9.59	5.2340114e-07
9.6	7.7272478e-07
9.61	5.129371e-07
9.62	5.8535032e-07
9.63	8.5996097e-07
9.64	9.225004e-07
9.65	8.2206441e-07
9.66	4.7551374e-07
9.67	4.3821106e-07
9.68	8.6639537e-07
9.69	9.8664763e-07
9.7	9.2618378e-07
9.71	9.58344e-07
9.72	9.2862529e-07
9.73	5.3321839e-07
9.74	9.7576388e-07
9.75	8.2996759e-07
9.76	8.6522861e-07
9.77	8.9340583e-07
9.78	8.686739e-07
9.79	8.7866231e-07
9.8	9.10577e-07
9.81	9.4124888e-07
9.82	9.3048532e-07
9.83	7.6249107e-07
9.84	9.9271929e-07
9.85	9.9060725e-07
9.86	8.6646309e-07
9.87	8.6946385e-07
9.88	9.4237409e-07
9.89	9.9067183e-07
9.9	8.428944e-07
9.91	8.7851957e-07
9.92	8.3134709e-07
9.93	5.2440169e-07
9.94	9.5933177e-07
9.95	7.6859584e-07
9.96	9.167701e-07
9.97	7.7072174e-07
9.98	8.4002187e-07
9.99	8.9574133e-07
10	9.5063719e-07
10.01	7.681686e-07
10.02	9.9706951e-07
10.03	5.4777641e-07
10.04	8.1344177e-07
10.05	9.8012048e-07
10.06	9.0317014e-07
10.07	8.6533898e-07
10.08	8.8368347e-07
10.09	8.6657061e-07
10.1	8.217235e-07
10.11	9.3068207e-07
10.12	7.8714768e-07
10.13	7.9210625e-07
10.14	7.9081468e-07
10.15	9.0597505e-07
10.16	8.1881708e-07
10.17	8.6113877e-07
10.18	9.8309209e-07
10.19	8.9480683e-07
10.2	8.4107391e-07
10.21	8.3407692e-07
10.22	9.0687922e-07
10.23	8.601495e-07
10.24	7.2546829e-07
10.25	9.9029567e-07
10.26	8.2436114e-07
10.27	9.8081264e-07
10.28	6.7809814e-07
10.29	7.2106521e-07
10.3	6.6803738e-07
10.31	8.262124e-07
10.32	7.832237e-07
10.33	8.4109903e-07
10.34	9.6286004e-07
10.35	7.7119641e-07
10.36	6.6221344e-07
10.37	7.982212e-07
10.38	8.3874969e-07
10.39	8.5783275e-07
10.4	8.7395517e-07
10.41	7.1713015e-07
10.42	8.7410219e-07
10.43	9.0117143e-07
10.44	8.9777921e-07
10.45	6.2823137e-07
10.46	5.749853e-07
10.47	6.6326467e-07
10.48	7.8012632e-07
10.49	7.9969407e-07
10.5	7.9993107e-07
10.51	9.2147657e-07
10.52	7.481936e-07
10.53	9.7922485e-07
10.54	7.9729008e-07
10.55	6.9556605e-07
10.56	5.6658557e-07
10.57	5.112691e-07
10.58	7.1264434e-07
10.59	8.5237793e-07
10.6	8.2405836e-07
10.61	8.8948484e-07
10.62	6.837423e-07
10.63	9.1236481e-07
10.64	8.3177842e-07
10.65	8.0678918e-07
10.66	5.5409053e-07
10.67	4.9484241e-07
10.68	6.7599015e-07
10.69	8.4550843e-07
10.7	8.0952e-07
10.71	8.8652933e-07
10.72	6.5534904e-07
10.73	9.1216366e-07
10.74	7.07745e-07
10.75	6.1616985e-07
10.76	9.8013512e-07
10.77	9.5242683e-07
10.78	6.0181698e-07
10.79	7.7350597e-07
10.8	6.6203958e-07
10.81	7.7320047e-07
10.82	8.8912663e-07
10.83	9.853031e-07
10.84	8.2133932e-07
10.85	9.6194482e-07
10.86	9.0860175e-07
10.87	6.2449682e-07
10.88	9.2888829e-07
10.89	8.7660173e-07
10.9	9.6043636e-07
10.91	9.5189289e-07
10.92	9.2507715e-07
10.93	4.467301e-07
10.94	9.1859367e-07
10.95	8.830851e-07
10.96	7.0903747e-07
10.97	8.8097287e-07
10.98	9.4809597e-07
10.99	8.1837084e-07
11	5.580392e-07
11.01	8.8062286e-07
11.02	9.3329939e-07
11.03	7.9753889e-07
11.04	5.5374647e-07
11.05	8.3176382e-07
11.06	6.663239e-07
11.07	7.9155512e-07
11.08	9.8323222e-07
11.09	8.4685511e-07
11.1	8.2336256e-07
11.11	7.2733822e-07
11.12	9.6545472e-07
11.13	9.8090887e-07
11.14	9.6472315e-07
11.15	8.5691462e-07
11.16	9.4849904e-07
11.17	9.4777232e-07
11.18	5.6288863e-07
11.19	7.318973e-07
11.2	9.3232265e-07
11.21	9.9449316e-07
11.22	8.171732e-07
11.23	7.6696335e-07
11.24	3.8913977e-07
11.25	9.2733266e-07
11.26	8.4867655e-07
11.27	7.778668e-07
11.28	6.9991505e-07
11.29	8.8891162e-07
11.3	9.0189534e-07
11.31	9.7872767e-07
11.32	8.7136848e-07
11.33	6.1547686e-07
11.34	9.7283895e-07
11.35	8.3301028e-07
11.36	9.9334247e-07
11.37	9.9326735e-07
11.38	6.4976556e-07
11.39	7.7454002e-07
11.4	8.748427e-07
11.41	7.7696853e-07
11.42	7.1886252e-07
11.43	5.4904131e-07
11.44	8.5941951e-07
11.45	8.2126249e-07
11.46	6.5738029e-07
11.47	8.9748283e-07
11.48	5.8339214e-07
11.49	4.8554707e-07
11.5	8.0174045e-07
11.51	6.7682957e-07
11.52	6.5943215e-07
11.53	8.9550549e-07
11.54	9.5994413e-07
11.55	8.9379166e-07
11.56	8.6548675e-07
11.57	9.0884888e-07
11.58	9.4841167e-07
11.59	7.1401777e-07
11.6	5.9385662e-07
11.61	9.6046108e-07
11.62	5.3553224e-07
11.63	9.418002e-07
11.64	7.9040444e-07
11.65	6.9544417e-07
11.66	7.2161433e-07
11.67	8.6886815e-07
11.68	9.6275467e-07
11.69	6.9898456e-07
11.7	6.9657498e-07
11.71	6.8951141e-07
11.72	9.0050278e-07
11.73	9.0793487e-07
11.74	8.224781e-07
11.75	9.7922929e-07
11.76	9.1585497e-07
11.77	7.6788448e-07
11.78	8.3731328e-07
11.79	6.2411888e-07
11.8	9.4301519e-07
11.81	9.745602e-07
11.82	9.2494057e-07
11.83	8.2916509e-07
11.84	9.6052018e-07
11.85	9.9814299e-07
11.86	8.4390498e-07
11.87	5.120834e-07
11.88	9.2119063e-07
11.89	8.9893063e-07
11.9	7.8434037e-07
11.91	6.659035e-07
11.92	9.6349154e-07
11.93	5.9151899e-07
11.94	9.1385523e-07
11.95	9.4926371e-07
11.96	8.1550799e-07
11.97	6.5433734e-07
11.98	7.0929897e-07
11.99	6.7901838e-07
12	6.8612598e-07
12.01	7.2914265e-07
12.02	8.0552872e-07
12.03	8.5471769e-07
12.04	9.309918e-07
12.05	9.6664975e-07
12.06	8.4186887e-07
12.07	6.1373697e-07
12.08	7.8532161e-07
12.09	9.3043731e-07
12.1	7.5257105e-07
12.11	7.7406026e-07
12.12	9.3169053e-07
12.13	9.7251318e-07
12.14	9.118407e-07
12.15	8.8150814e-07
12.16	9.554629e-07
12.17	7.3296693e-07
12.18	9.2025258e-07
12.19	8.6237007e-07
12.2	9.5047552e-07
12.21	6.8356508e-07
12.22	9.0303009e-07
12.23	9.673155e-07
12.24	7.4492792e-07
12.25	6.4464319e-07
12.26	9.9013509e-07
12.27	7.6466745e-07
12.28	8.0954793e-07
12.29	9.72306e-07
12.3	7.7501729e-07
12.31	4.9430346e-07
12.32	9.3625555e-07
12.33	6.3200642e-07
12.34	7.5680897e-07
12.35	8.436221e-07
12.36	8.9380791e-07
12.37	9.4488062e-07
12.38	9.4744219e-07
12.39	8.3292545e-07
12.4	7.3183211e-07
12.41	8.9243297e-07
12.42	7.9502195e-07
12.43	8.4537119e-07
12.44	9.0431309e-07
12.45	9.2132184e-07
12.46	8.2785974e-07
12.47	9.5621431e-07
12.48	9.4571158e-07
12.49	9.391743e-07
12.5	6.6754367e-07
12.51	8.7051842e-07
12.52	8.5409865e-07
12.53	6.2884095e-07
12.54	8.1492092e-07
12.55	8.3770982e-07
12.56	9.8410988e-07
12.57	9.8856785e-07
12.58	7.133863e-07
12.59	9.453629e-07
12.6	9.2473804e-07
12.61	9.526319e-07
12.62	9.901681e-07
12.63	9.4815215e-07
12.64	9.4963959e-07
12.65	7.8928163e-07
12.66	8.2221114e-07
12.67	9.9728985e-07
12.68	5.2786798e-07
12.69	6.0888048e-07
12.7	9.8827801e-07
12.71	7.796688e-07
12.72	9.3685033e-07
12.73	7.3992114e-07
12.74	8.0331781e-07
12.75	9.6559765e-07
12.76	9.0797608e-07
12.77	8.6714699e-07
12.78	9.1742713e-07
12.79	9.1668839e-07
12.8	7.3011229e-07
12.81	9.7814477e-07
12.82	7.5103318e-07
12.83	8.5792086e-07
12.84	6.910075e-07
12.85	9.8697198e-07
12.86	9.6178432e-07
12.87	9.6081436e-07
12.88	9.6927149e-07
12.89	8.8399553e-07
12.9	8.9744806e-07
12.91	9.2649417e-07
12.92	8.8661449e-07
12.93	9.7097294e-07
12.94	8.2945631e-07
12.95	9.1405638e-07
12.96	6.2511746e-07
12.97	7.8531717e-07
12.98	9.48872e-07
12.99	7.7072467e-07
13	7.9385482e-07
13.01	9.1205915e-07
13.02	9.9463779e-07
13.03	6.125016e-07
13.04	7.5483412e-07
13.05	8.4610498e-07
13.06	9.2609537e-07
13.07	9.3339294e-07
13.08	9.7690529e-07
13.09	9.5082751e-07
13.1	4.5638959e-07
13.11	6.937363e-07
13.12	9.2452009e-07
13.13	9.1117461e-07
13.14	8.4389753e-07
13.15	7.4903615e-07
13.16	7.7653529e-07
13.17	7.9272662e-07
13.18	5.5318462e-07
13.19	9.4324162e-07
13.2	9.59793e-07
13.21	7.0160729e-07
13.22	8.504481e-07
13.23	7.7219097e-07
13.24	7.4148049e-07
13.25	9.4874766e-07
13.26	9.8318638e-07
13.27	8.9220288e-07
13.28	3.7528956e-07
13.29	8.2464506e-07
13.3	9.8179502e-07
13.31	8.9803973e-07
13.32	4.6441854e-07
13.33	9.5862717e-07
13.34	8.3912053e-07
13.35	6.4232992e-07
13.36	9.1319568e-07
13.37	7.2105579e-07
13.38	9.8490563e-07
13.39	8.9840973e-07
13.4	9.8188334e-07
13.41	7.0962256e-07
13.42	7.1672209e-07
13.43	8.5209647e-07
13.44	9.3542012e-07
13.45	9.7144294e-07
13.46	7.0383762e-07
13.47	9.8473797e-07
13.48	8.4816046e-07
13.49	9.4640004e-07
13.5	8.5883476e-07
13.51	8.9150224e-07
13.52	7.8452562e-07
13.53	9.9989557e-07
13.54	8.9399088e-07
13.55	9.876323e-07
13.56	6.2953888e-07
13.57	6.775802e-07
13.58	8.8153189e-07
13.59	8.1902793e-07
13.6	9.1950912e-07
13.61	9.992468e-07
13.62	9.8255583e-07
13.63	4.6047198e-07
13.64	9.2871523e-07
13.65	9.4589709e-07
13.66	9.5281545e-07
13.67	8.547621e-07
13.68	7.0935615e-07
13.69	6.3668591e-07
13.7	6.3487534e-07
13.71	6.9012294e-07
13.72	8.9631437e-07
13.73	8.4516677e-07
13.74	3.5650672e-07
13.75	5.8715325e-07
13.76	8.5472869e-07
13.77	8.148241e-07
13.78	7.0105371e-07
13.79	9.2591545e-07
13.8	5.7099446e-07
13.81	7.94065e-07
13.82	9.8732761e-07
13.83	7.0593582e-07
13.84	5.6831066e-07
13.85	6.8617658e-07
13.86	9.7922931e-07
13.87	8.7235194e-07
13.88	6.4884331e-07
13.89	8.540702e-07
13.9	9.9252648e-07
13.91	9.7458509e-07
13.92	9.0368846e-07
13.93	9.3485784e-07
13.94	9.3595688e-07
13.95	6.4286828e-07
13.96	9.6879259e-07
13.97	9.4655875e-07
13.98	9.139318e-07
13.99	6.1933986e-07
14	9.532772e-07
14.01	7.3125272e-07
14.02	7.7172808e-07
14.03	6.1469323e-07
14.04	7.0705642e-07
14.05	8.8375449e-07
14.06	9.5939164e-07
14.07	9.8938178e-07
14.08	9.089964e-07
14.09	5.7204305e-07
14.1	6.5676701e-07
14.11	8.9432201e-07
14.12	8.2557496e-07
14.13	6.5421744e-07
14.14	7.6888333e-07
14.15	6.9208767e-07
14.16	5.6362293e-07
14.17	8.568627e-07
14.18	8.2853811e-07
14.19	5.9721036e-07
14.2	9.107631e-07
14.21	8.1497107e-07
14.22	7.5222437e-07
14.23	6.5623392e-07
14.24	6.455488e-07
14.25	9.9382437e-07
14.26	5.9479159e-07
14.27	7.2836257e-07
14.28	4.2098272e-07
14.29	6.5637666e-07
14.3	9.6662683e-07
14.31	6.2515112e-07
14.32	8.022115e-07
14.33	4.8423295e-07
14.34	5.1824754e-07
14.35	7.2083968e-07
14.36	4.3207592e-07
14.37	8.8996727e-07
14.38	9.3895271e-07
14.39	7.9796903e-07
14.4	9.0484251e-07
14.41	7.1300903e-07
14.42	5.6711977e-07
14.43	9.5176058e-07
14.44	8.1676877e-07
14.45	5.7531289e-07
14.46	7.9306194e-07
14.47	7.7451687e-07
14.48	6.7312054e-07
14.49	8.3900088e-07
14.5	6.5254115e-07
14.51	9.7398196e-07
14.52	8.593452e-07
14.53	6.5917902e-07
14.54	7.9164745e-07
14.55	7.1838796e-07
14.56	8.931851e-07
14.57	9.5441132e-07
14.58	6.8358756e-07
14.59	9.0640136e-07
14.6	9.6435844e-07
14.61	8.9177734e-07
14.62	9.7437984e-07
14.63	9.6486622e-07
14.64	8.3411216e-07
14.65	7.9327906e-07
14.66	9.1748325e-07
14.67	7.0680141e-07
14.68	9.3365892e-07
14.69	9.2785407e-07
14.7	4.2071839e-07
14.71	6.8250181e-07
14.72	9.0917251e-07
14.73	6.73435e-07
14.74	7.5835478e-07
14.75	4.6896327e-07
14.76	9.4402133e-07
14.77	5.2050441e-07
14.78	3.822114e-07
14.79	7.7267707e-07
14.8	3.0457637e-07
14.81	8.7773028e-07
14.82	7.7954128e-07
14.83	6.5453696e-07
14.84	7.8964783e-07
14.85	9.447562e-07
14.86	7.8772167e-07
14.87	6.1396351e-07
14.88	8.128677e-07
14.89	8.9261362e-07
14.9	9.3709395e-07
14.91	7.3172384e-07
14.92	4.1061559e-07
14.93	9.6608456e-07
14.94	7.6999036e-07
14.95	9.1094001e-07
14.96	4.0068204e-07
14.97	6.338742e-07
14.98	8.3201017e-07
14.99	3.9912555e-07
15	7.7537244e-07
15.01	8.5129718e-07
15.02	5.1814813e-07
15.03	6.2439042e-07
15.04	7.3895017e-07
15.05	9.1125451e-07
15.06	8.5947689e-07
15.07	7.5712232e-07
15.08	9.6051622e-07
15.09	8.7736529e-07
15.1	5.7812753e-07
15.11	6.2383475e-07
15.12	8.0999667e-07
15.13	7.6092036e-07
15.14	9.8842647e-07
15.15	9.2970052e-07
15.16	7.8169602e-07
15.17	7.9476626e-07
15.18	7.0285821e-07
15.19	8.833891e-07
15.2	8.7765743e-07
15.21	9.5900195e-07
15.22	9.3299534e-07
15.23	7.7662488e-07
15.24	6.780954e-07
15.25	9.9631831e-07
15.26	9.7283539e-07
15.27	7.6300571e-07
15.28	6.3761389e-07
15.29	8.235629e-07
15.3	7.3049764e-07
15.31	5.6406079e-07
15.32	8.3544027e-07
15.33	9.714453e-07
15.34	6.4188385e-07
15.35	6.7960025e-07
15.36	8.1851422e-07
15.37	6.871229e-07
15.38	6.6375061e-07
15.39	9.5736167e-07
15.4	6.2064293e-07
15.41	8.3379858e-07
15.42	7.9653973e-07
15.43	7.5232053e-07
15.44	7.7838815e-07
15.45	6.9159981e-07
15.46	7.9122417e-07
15.47	6.0520169e-07
15.48	5.9142987e-07
15.49	6.2537595e-07
15.5	7.4496797e-07
15.51	9.4481991e-07
15.52	7.7035396e-07
15.53	5.7141509e-07
15.54	8.2683498e-07
15.55	8.1439151e-07
15.56	7.6301244e-07
15.57	6.6176747e-07
15.58	6.6579581e-07
15.59	7.1356655e-07
15.6	9.7414497e-07
15.61	7.5563089e-07
15.62	9.357871e-07
15.63	8.0726795e-07
15.64	9.8465147e-07
15.65	7.1144654e-07
15.66	7.7868037e-07
15.67	9.1335788e-07
15.68	9.6547243e-07
15.69	6.7532994e-07
15.7	6.5259933e-07
15.71	9.2066745e-07
15.72	8.1091864e-07
15.73	8.810875e-07
15.74	7.4269113e-07
15.75	9.0309651e-07
15.76	6.7124427e-07
15.77	7.0452042e-07
15.78	9.8681912e-07
15.79	8.8513831e-07
15.8	8.9778082e-07
15.81	6.6127865e-07
15.82	6.6685152e-07
15.83	9.3909393e-07
15.84	7.2553008e-07
15.85	8.2566563e-07
15.86	9.5273362e-07
15.87	8.7900284e-07
15.88	7.8506967e-07
15.89	9.6628e-07
15.9	9.5709172e-07
15.91	8.7624322e-07
15.92	6.0023854e-07
15.93	7.9791674e-07
15.94	6.7495456e-07
15.95	7.1972471e-07
15.96	6.4260312e-07
15.97	9.2600781e-07
15.98	8.1143975e-07
15.99	5.6234005e-07
16	7.3175797e-07
16.01	6.3707134e-07
16.02	9.2686039e-07
16.03	9.9580384e-07
16.04	8.2857974e-07
16.05	6.9946564e-07
16.06	5.2465586e-07
16.07	8.3118219e-07
16.08	8.9851565e-07
16.09	4.4136317e-07
16.1	5.1102561e-07
16.11	8.5297695e-07
16.12	8.1197767e-07
16.13	8.9246025e-07
16.14	5.7326222e-07
16.15	9.5702983e-07
16.16	6.7004188e-07
16.17	9.0238021e-07
16.18	6.7162395e-07
16.19	8.0827238e-07
16.2	7.8389185e-07
16.21	6.8670953e-07
16.22	9.1907729e-07
16.23	4.9987476e-07
16.24	6.4058185e-07
16.25	7.0945573e-07
16.26	7.9168711e-07
16.27	6.5854831e-07
16.28	6.9390043e-07
16.29	6.4354308e-07
16.3	8.1402906e-07
16.31	4.8526427e-07
16.32	7.8649923e-07
16.33	7.80504e-07
16.34	4.7644271e-07
16.35	8.8897984e-07
16.36	6.6098626e-07
16.37	8.7466783e-07
16.38	6.9837337e-07
16.39	7.762631e-07
16.4	7.655116e-07
16.41	6.2642997e-07
16.42	7.9838899e-07
16.43	6.0585762e-07
16.44	6.540575e-07
16.45	9.0039426e-07
16.46	9.9350809e-07
16.47	8.4206071e-07
16.48	6.8385454e-07
16.49	7.7176662e-07
16.5	8.6487315e-07
16.51	9.3854501e-07
16.52	9.4216907e-07
16.53	6.4507183e-07
16.54	6.6325218e-07
16.55	6.8581005e-07
16.56	6.4044803e-07
16.57	7.8953665e-07
16.58	5.8781947e-07
16.59	8.9119936e-07
16.6	8.7214494e-07
16.61	6.8467996e-07
16.62	8.6416043e-07
16.63	6.756398e-07
16.64	8.4965744e-07
16.65	6.8026552e-07
16.66	5.2612773e-07
16.67	8.0048949e-07
16.68	9.5515294e-07
16.69	9.8563546e-07
16.7	5.6066565e-07
16.71	9.4070802e-07
16.72	6.4041857e-07
16.73	6.2742776e-07
16.74	9.5166817e-07
16.75	7.7382753e-07
16.76	9.8624473e-07
16.77	7.9625849e-07
16.78	5.5730227e-07
16.79	6.4171912e-07
16.8	5.8763695e-07
16.81	7.0996069e-07
16.82	9.6176125e-07
16.83	8.5549505e-07
16.84	8.6261798e-07
16.85	9.4474706e-07
16.86	4.3155462e-07
16.87	7.5876642e-07
16.88	8.0455198e-07
16.89	9.5809434e-07
16.9	4.7776094e-07
16.91	6.7972519e-07
16.92	8.1402401e-07
16.93	8.1631279e-07
16.94	9.240814e-07
16.95	4.1765355e-07
16.96	6.6816359e-07
16.97	8.1878171e-07
16.98	9.2031551e-07
16.99	4.4319606e-07
17	6.1811311e-07
17.01	5.1495777e-07
17.02	7.6577846e-07
17.03	7.4381052e-07
17.04	9.1280855e-07
17.05	9.2579796e-07
17.06	7.8625971e-07
17.07	8.4976214e-07
17.08	8.1932487e-07
17.09	9.0279764e-07
17.1	9.339374e-07
17.11	7.8608736e-07
17.12	5.7359302e-07
17.13	5.1317598e-07
17.14	7.6620706e-07
17.15	9.2232457e-07
17.16	4.5086998e-07
17.17	5.8139158e-07
17.18	4.7954421e-07
17.19	8.0365645e-07
17.2	8.5892654e-07
17.21	7.7100353e-07
17.22	8.6297448e-07
17.23	8.6712827e-07
17.24	7.4095227e-07
17.25	6.2808111e-07
17.26	5.5181509e-07
17.27	5.0887529e-07
17.28	4.9327106e-07
17.29	5.0701267e-07
17.3	5.4873121e-07
17.31	5.9590217e-07
17.32	6.3682268e-07
17.33	6.5168656e-07
17.34	6.4409589e-07
17.35	6.0900809e-07
17.36	5.6532299e-07
17.37	5.1874801e-07
17.38	4.9557042e-07
17.39	9.822709e-07
17.4	6.209839e-07
17.41	6.5642583e-07
17.42	7.1721312e-07
17.43	6.6059726e-07
17.44	5.8307381e-07
17.45	5.3235199e-07
17.46	9.5012209e-07
17.47	5.4557017e-07
17.48	5.5763079e-07
17.49	6.1534819e-07
17.5	5.8098065e-07
17.51	5.4083609e-07
17.52	5.2416266e-07
17.53	9.632684e-07
17.54	5.7860814e-07
17.55	6.0988908e-07
17.56	6.7493709e-07
17.57	6.3005851e-07
17.58	5.6714189e-07
17.59	5.345856e-07
17.6	9.594679e-07
17.61	5.4984747e-07
17.62	5.6439549e-07
17.63	6.2032506e-07
17.64	5.7414311e-07
17.65	5.1721868e-07
17.66	9.706592e-07
17.67	5.3329695e-07
17.68	5.4371007e-07
17.69	6.0416149e-07
17.7	5.5001196e-07
17.71	5.0507169e-07
17.72	9.4332013e-07
17.73	5.2616624e-07
17.74	5.4539485e-07
17.75	6.1222564e-07
17.76	5.740518e-07
17.77	5.2510485e-07
17.78	9.6884039e-07
17.79	5.4457513e-07
17.8	5.5585757e-07
17.81	6.164925e-07
17.82	5.5907052e-07
17.83	5.1064078e-07
17.84	9.430829e-07
17.85	5.0547781e-07
17.86	5.1722887e-07
17.87	9.9310167e-07
17.88	6.5422503e-07
17.89	6.4968638e-07
17.9	6.5925176e-07
17.91	5.8036967e-07
17.92	4.9933644e-07
17.93	8.8494457e-07
17.94	4.6039422e-07
17.95	4.6845467e-07
17.96	8.6761284e-07
17.97	6.11768e-07
17.98	6.0965657e-07
17.99	6.5168842e-07
18	5.9839717e-07
18.01	5.3615734e-07
18.02	9.6047574e-07
18.03	4.8169016e-07
18.04	4.8654715e-07
18.05	8.9891248e-07
18.06	5.9634991e-07
18.07	5.9016274e-07
18.08	6.1286757e-07
18.09	5.708722e-07
18.1	5.1092217e-07
18.11	9.1287265e-07
18.12	4.7383493e-07
18.13	4.7873423e-07
18.14	8.7605953e-07
18.15	5.9887335e-07
18.16	5.8626228e-07
18.17	6.078479e-07
18.18	5.5748028e-07
18.19	5.1056717e-07
18.2	9.1486285e-07
18.21	4.659785e-07
18.22	4.7501042e-07
18.23	8.632628e-07
18.24	5.8382629e-07
18.25	5.7896411e-07
18.26	5.9780488e-07
18.27	5.5872214e-07
18.28	5.0793338e-07
18.29	9.0442766e-07
18.3	4.6982692e-07
18.31	4.7126587e-07
18.32	8.4602177e-07
18.33	5.7081757e-07
18.34	5.6129339e-07
18.35	5.8363575e-07
18.36	5.4007191e-07
18.37	9.9573509e-07
18.38	4.8951464e-07
18.39	4.7829239e-07
18.4	8.5920848e-07
18.41	5.5229736e-07
18.42	5.4729122e-07
18.43	5.7101073e-07
18.44	9.7250368e-07
18.45	5.1214693e-07
18.46	5.0405993e-07
18.47	9.1617897e-07
18.48	5.3733333e-07
18.49	5.340386e-07
18.5	9.7222423e-07
18.51	5.617069e-07
18.52	5.4169715e-07
18.53	9.8887479e-07
18.54	5.4274297e-07
18.55	5.2603545e-07
18.56	9.4993723e-07
18.57	5.2799058e-07
18.58	5.1650096e-07
18.59	9.2879836e-07
18.6	5.2744382e-07
18.61	5.1633823e-07
18.62	9.3469335e-07
18.63	5.2610514e-07
18.64	5.155244e-07
18.65	9.3576989e-07
18.66	5.2564431e-07
18.67	5.1601693e-07
18.68	9.3265823e-07
18.69	5.2451781e-07
18.7	5.1386479e-07
18.71	9.2471941e-07
18.72	5.1954784e-07
18.73	5.0928772e-07
18.74	9.1343063e-07
18.75	5.1561291e-07
18.76	5.0773568e-07
18.77	9.0953537e-07
18.78	5.1624543e-07
18.79	5.0863337e-07
18.8	9.1203009e-07
18.81	5.158058e-07
18.82	5.0714605e-07
18.83	9.0901665e-07
18.84	5.1160643e-07
18.85	5.0298732e-07
18.86	9.0003767e-07
18.87	5.0729471e-07
18.88	4.9964151e-07
18.89	8.9273066e-07
18.9	5.0550077e-07
18.91	4.9856476e-07
18.92	8.8926641e-07
18.93	5.048732e-07
18.94	4.9808545e-07
18.95	8.8611314e-07
18.96	5.0381509e-07
18.97	4.9704581e-07
18.98	8.8136491e-07
18.99	5.0211764e-07
19	4.953833e-07
19.01	8.7543285e-07
19.02	4.9996845e-07
19.03	4.9337931e-07
19.04	8.6968181e-07
19.05	4.9767604e-07
19.06	4.9143856e-07
19.07	8.648747e-07
19.08	4.9550277e-07
19.09	4.8954701e-07
19.1	8.6070859e-07
19.11	4.932382e-07
19.12	4.8744695e-07
19.13	8.5611103e-07
19.14	4.9070327e-07
19.15	4.8518179e-07
19.16	8.5083895e-07
19.17	4.8817788e-07
19.18	4.8305161e-07
19.19	8.4552965e-07
19.2	4.8599038e-07
19.21	4.812629e-07
19.22	8.4071098e-07
19.23	4.8414404e-07
19.24	4.7963445e-07
19.25	8.3607769e-07
19.26	4.822934e-07
19.27	4.7795369e-07
19.28	8.3129751e-07
19.29	4.8035998e-07
19.3	4.7614689e-07
19.31	8.2636053e-07
19.32	4.7827773e-07
19.33	4.7421093e-07
19.34	8.2143032e-07
19.35	4.7601815e-07
19.36	4.7213015e-07
19.37	8.1658879e-07
19.38	4.7361082e-07
19.39	4.6991372e-07
19.4	8.1168066e-07
19.41	4.7109152e-07
19.42	4.6759654e-07
19.43	8.0659313e-07
19.44	4.68526e-07
19.45	4.652724e-07
19.46	8.0139446e-07
19.47	4.6605845e-07
19.48	4.6303793e-07
19.49	7.9629571e-07
19.5	4.6375583e-07
19.51	4.6093756e-07
19.52	7.9139763e-07
19.53	4.6157323e-07
19.54	4.589056e-07
19.55	7.8664594e-07
19.56	4.5942431e-07
19.57	4.5685785e-07
19.58	7.8192422e-07
19.59	4.5722496e-07
19.6	4.5472644e-07
19.61	7.7712522e-07
19.62	4.5491002e-07
19.63	4.5248051e-07
19.64	7.7228926e-07
19.65	4.5247335e-07
19.66	4.5012031e-07
19.67	7.6741925e-07
19.68	4.4993316e-07
19.69	4.4767346e-07
19.7	7.6247537e-07
19.71	4.4732792e-07
19.72	4.4519798e-07
19.73	7.5750725e-07
19.74	4.4471032e-07
19.75	4.4273948e-07
19.76	7.5254609e-07
19.77	4.4214283e-07
19.78	4.4032279e-07
19.79	7.4765748e-07
19.8	4.396452e-07
19.81	4.3796634e-07
19.82	7.4286048e-07
19.83	4.3719267e-07
19.84	4.356381e-07
19.85	7.3812986e-07
19.86	4.3474584e-07
19.87	4.3330225e-07
19.88	7.3343867e-07
19.89	4.3226185e-07
19.9	4.3092256e-07
19.91	7.2871118e-07
19.92	4.2974601e-07
19.93	4.2847538e-07
19.94	7.2393947e-07
19.95	4.2716956e-07
19.96	4.2595521e-07
19.97	7.1911346e-07
19.98	4.2452686e-07
19.99	4.233888e-07
20	7.1422986e-07
20.01	4.2184265e-07
20.02	4.2081467e-07
20.03	7.0931336e-07
20.04	4.1916408e-07
20.05	4.1824038e-07
20.06	7.0442352e-07
20.07	4.1653169e-07
20.08	4.1568272e-07
20.09	6.9959644e-07
20.1	4.1394479e-07
20.11	4.1316026e-07
20.12	6.9483392e-07
20.13	4.1138791e-07
20.14	4.1067179e-07
20.15	6.9011924e-07
20.16	4.0884453e-07
20.17	4.0819223e-07
20.18	6.8542579e-07
20.19	4.0628509e-07
20.2	4.0569325e-07
20.21	6.8071989e-07
20.22	4.0369046e-07
20.23	4.031691e-07
20.24	6.7595612e-07
20.25	4.0107315e-07
20.26	4.0061299e-07
20.27	6.7113533e-07
20.28	3.9841896e-07
20.29	3.9801514e-07
20.3	6.6628289e-07
20.31	3.9575584e-07
20.32	9.9285163e-07
20.33	3.8434349e-07
20.34	3.8333173e-07
20.35	6.6514519e-07
20.36	3.9531687e-07
20.37	3.9140877e-07
20.38	6.4906087e-07
20.39	9.746714e-07
20.4	3.8624864e-07
20.41	3.7970289e-07
20.42	6.7991106e-07
20.43	3.8762612e-07
20.44	3.8518124e-07
20.45	6.3961906e-07
20.46	9.6852651e-07
20.47	3.8172688e-07
20.48	3.747373e-07
20.49	6.741632e-07
20.5	3.8350559e-07
20.51	3.8130247e-07
20.52	6.3434238e-07
20.53	9.6280354e-07
20.54	3.7944927e-07
20.55	3.7081943e-07
20.56	6.7013359e-07
20.57	3.7978806e-07
20.58	3.7693964e-07
20.59	6.2757139e-07
20.6	9.5631653e-07
20.61	3.7714831e-07
20.62	3.6624725e-07
20.63	6.6608492e-07
20.64	3.7705834e-07
20.65	9.9884759e-07
20.66	3.6172798e-07
20.67	3.6139923e-07
20.68	6.3656409e-07
20.69	3.6831384e-07
20.7	9.4301705e-07
20.71	3.5833092e-07
20.72	3.5642538e-07
20.73	6.1396033e-07
20.74	9.7326204e-07
20.75	3.6218559e-07
20.76	3.5882347e-07
20.77	6.4363422e-07
20.78	3.6606549e-07
20.79	9.6633445e-07
20.8	3.5058474e-07
20.81	3.5195127e-07
20.82	6.1491237e-07
20.83	9.7732492e-07
20.84	3.5284117e-07
20.85	3.512007e-07
20.86	6.3153539e-07
20.87	3.573225e-07
20.88	9.3497498e-07
20.89	3.4875525e-07
20.9	3.4605288e-07
20.91	5.9986183e-07
20.92	9.4923562e-07
20.93	3.4914055e-07
20.94	3.4680523e-07
20.95	6.2030916e-07
20.96	9.9906244e-07
20.97	3.510419e-07
20.98	3.4536134e-07
20.99	6.2692414e-07
21	3.489991e-07
21.01	9.3359883e-07
21.02	3.3631549e-07
21.03	3.3915461e-07
21.04	5.8782078e-07
21.05	9.3166985e-07
21.06	3.392454e-07
21.07	3.384449e-07
21.08	6.0356379e-07
21.09	9.6670354e-07
21.1	3.4096545e-07
21.11	3.3872912e-07
21.12	6.1806596e-07
21.13	9.991761e-07
21.14	3.3892241e-07
21.15	3.3572648e-07
21.16	6.1682348e-07
21.17	3.385023e-07
21.18	9.0828204e-07
21.19	3.3156028e-07
21.2	3.2758869e-07
21.21	5.6582147e-07
21.22	9.0049087e-07
21.23	3.2927077e-07
21.24	3.2724458e-07
21.25	5.7973985e-07
21.26	9.3043459e-07
21.27	3.3301562e-07
21.28	3.2961587e-07
21.29	5.9657428e-07
21.3	9.6462217e-07
21.31	3.2927224e-07
21.32	3.2495821e-07
21.33	5.9316536e-07
21.34	9.7130093e-07
21.35	3.2365204e-07
21.36	3.1948966e-07
21.37	5.8235649e-07
21.38	9.5854073e-07
21.39	3.203263e-07
21.4	3.1734317e-07
21.41	5.7625615e-07
21.42	9.5010968e-07
21.43	3.2023089e-07
21.44	3.1670105e-07
21.45	5.8062133e-07
21.46	9.6069655e-07
21.47	3.1942197e-07
21.48	3.1588511e-07
21.49	5.8427465e-07
21.5	9.7396291e-07
21.51	3.1933545e-07
21.52	3.1162418e-07
21.53	5.8254946e-07
21.54	9.8352228e-07
21.55	3.1968333e-07
21.56	3.0947473e-07
21.57	5.9245944e-07
21.58	3.2817216e-07
21.59	8.8673567e-07
21.6	3.0558988e-07
21.61	3.0772166e-07
21.62	5.4159647e-07
21.63	8.759104e-07
21.64	3.1116251e-07
21.65	3.0703089e-07
21.66	5.5660333e-07
21.67	9.0801584e-07
21.68	3.0996814e-07
21.69	3.0457085e-07
21.7	5.6530015e-07
21.71	9.4045255e-07
21.72	3.1541053e-07
21.73	3.0157736e-07
21.74	5.7204301e-07
21.75	9.7445176e-07
21.76	3.1857349e-07
21.77	2.989063e-07
21.78	5.8740385e-07
21.79	3.200525e-07
21.8	8.8754371e-07
21.81	2.9652314e-07
21.82	2.9218993e-07
21.83	5.2490313e-07
21.84	8.6809475e-07
21.85	3.0242547e-07
21.86	2.9297873e-07
21.87	5.4533534e-07
21.88	9.1381304e-07
21.89	3.1444196e-07
21.9	2.9094272e-07
21.91	5.6525592e-07
21.92	9.8041091e-07
21.93	3.3139722e-07
21.94	2.8656413e-07
21.95	5.9250651e-07
21.96	3.2031768e-07
21.97	9.0378673e-07
21.98	2.8581587e-07
21.99	2.8426991e-07
22	5.1973774e-07
22.01	8.8498343e-07
22.02	2.9689976e-07
22.03	2.8333136e-07
22.04	5.4269541e-07
22.05	9.4099513e-07
22.06	3.3611213e-07
22.07	2.8316654e-07
22.08	5.8047811e-07
22.09	3.110765e-07
22.1	8.7917127e-07
22.11	2.8122946e-07
22.12	2.7368177e-07
22.13	5.0283524e-07
22.14	8.518344e-07
22.15	2.9396915e-07
22.16	2.7194827e-07
22.17	5.2164255e-07
22.18	9.0952369e-07
22.19	3.2988295e-07
22.2	2.7132093e-07
22.21	5.6029319e-07
22.22	3.0864066e-07
22.23	8.6599594e-07
22.24	2.707569e-07
22.25	2.6912842e-07
22.26	4.9680577e-07
22.27	8.5767465e-07
22.28	2.9759224e-07
22.29	2.6702444e-07
22.3	5.1760699e-07
22.31	9.1367979e-07
22.32	3.3585175e-07
22.33	2.6641642e-07
22.34	5.5876139e-07
22.35	3.0856231e-07
22.36	8.6425513e-07
22.37	2.6823007e-07
22.38	2.5767978e-07
22.39	4.8153788e-07
22.4	8.3354398e-07
22.41	2.9524091e-07
22.42	2.5654478e-07
22.43	5.0754417e-07
22.44	9.1087009e-07
22.45	3.4818837e-07
22.46	2.5672557e-07
22.47	5.5089323e-07
22.48	3.0462207e-07
22.49	8.6803951e-07
22.5	2.5634335e-07
22.51	2.5311403e-07
22.52	4.8464022e-07
22.53	8.542723e-07
22.54	3.0933858e-07
22.55	2.5128429e-07
22.56	5.1018253e-07
22.57	9.278819e-07
22.58	3.65672e-07
22.59	2.5410673e-07
22.6	5.6716776e-07
22.61	3.1266563e-07
22.62	8.8662103e-07
22.63	2.5861055e-07
22.64	2.379296e-07
22.65	4.6600911e-07
22.66	8.3274013e-07
22.67	3.0944983e-07
22.68	2.3985062e-07
22.69	4.9419979e-07
22.7	9.0933903e-07
22.71	3.5944699e-07
22.72	2.46293e-07
22.73	5.3485994e-07
22.74	2.9786991e-07
22.75	8.5726041e-07
22.76	2.4620267e-07
22.77	2.3482625e-07
22.78	4.5374886e-07
22.79	8.0393191e-07
22.8	3.0021755e-07
22.81	2.3488038e-07
22.82	4.6198243e-07
22.83	8.463377e-07
22.84	3.2323923e-07
22.85	2.368784e-07
22.86	4.8660118e-07
22.87	9.0077764e-07
22.88	3.2266881e-07
22.89	2.3810262e-07
22.9	5.0014421e-07
22.91	9.3066733e-07
22.92	3.3336448e-07
22.93	2.3154677e-07
22.94	5.1478537e-07
22.95	9.4914711e-07
22.96	3.2920992e-07
22.97	2.319837e-07
22.98	5.2203458e-07
22.99	9.7443903e-07
23	3.4334926e-07
23.01	2.2416486e-07
23.02	5.3164793e-07
23.03	2.6573211e-07
23.04	7.8631712e-07
23.05	2.3490083e-07
23.06	2.1497981e-07
23.07	3.9801473e-07
23.08	6.9512267e-07
23.09	9.971551e-07
23.1	2.9375189e-07
23.11	2.1847431e-07
23.12	4.9744928e-07
23.13	9.5118191e-07
23.14	3.5153136e-07
23.15	2.2237017e-07
23.16	5.0496935e-07
23.17	9.7552979e-07
23.18	3.6754074e-07
23.19	2.223243e-07
23.2	5.3238213e-07
23.21	2.8714299e-07
23.22	8.4991663e-07
23.23	2.3087139e-07
23.24	2.1024368e-07
23.25	4.142845e-07
23.26	7.4988356e-07
23.27	2.8534323e-07
23.28	9.7591092e-07
23.29	2.0972674e-07
23.3	2.0563399e-07
23.31	4.3217812e-07
23.32	7.5641173e-07
23.33	2.2755009e-07
23.34	9.7809513e-07
23.35	2.0607096e-07
23.36	2.0500935e-07
23.37	4.1173544e-07
23.38	7.2729246e-07
23.39	2.0131161e-07
23.4	9.5978152e-07
23.41	2.0481469e-07
23.42	2.0100582e-07
23.43	4.0516668e-07
23.44	7.0568803e-07
23.45	2.0086443e-07
23.46	9.3760158e-07
23.47	2.0167437e-07
23.48	1.9920962e-07
23.49	3.9711273e-07
23.5	6.8816047e-07
23.51	9.7299018e-07
23.52	1.959815e-07
23.53	1.9669712e-07
23.54	4.1195469e-07
23.55	7.2406199e-07
23.56	1.9379501e-07
23.57	9.5970596e-07
23.58	1.9919654e-07
23.59	1.9335451e-07
23.6	3.9294688e-07
23.61	6.9151707e-07
23.62	9.8698156e-07
23.63	1.9303438e-07
23.64	1.9024251e-07
23.65	4.0748296e-07
23.66	7.2471918e-07
23.67	1.9154475e-07
23.68	9.7039442e-07
23.69	1.9465341e-07
23.7	1.8971925e-07
23.71	3.9576524e-07
23.72	7.0195818e-07
23.73	1.8799386e-07
23.74	9.2617212e-07
23.75	1.9074229e-07
23.76	1.8716912e-07
23.77	3.8197094e-07
23.78	6.7084032e-07
23.79	9.5422514e-07
23.8	1.8550506e-07
23.81	1.8388436e-07
23.82	3.947317e-07
23.83	6.989957e-07
23.84	9.9774631e-07
23.85	1.8497918e-07
23.86	1.8337323e-07
23.87	4.0626033e-07
23.88	7.3603586e-07
23.89	1.8198917e-07
23.9	9.7432525e-07
23.91	1.8467012e-07
23.92	1.8088203e-07
23.93	3.8753553e-07
23.94	7.0110673e-07
23.95	1.7761026e-07
23.96	9.1993837e-07
23.97	1.8126891e-07
23.98	1.7823278e-07
23.99	3.7129374e-07
24	6.6139026e-07
24.01	9.446855e-07
24.02	1.7782474e-07
24.03	1.7544379e-07
24.04	3.8631568e-07
24.05	6.9414288e-07
24.06	9.9502818e-07
24.07	1.8021645e-07
24.08	1.7533548e-07
24.09	4.0413086e-07
24.1	7.4484285e-07
24.11	1.792105e-07
24.12	9.7211009e-07
24.13	1.7775019e-07
24.14	1.7262243e-07
24.15	3.818891e-07
24.16	7.0565165e-07
24.17	1.7011369e-07
24.18	9.1432619e-07
24.19	1.7269917e-07
24.2	1.7007096e-07
24.21	3.6284325e-07
24.22	6.5749959e-07
24.23	9.459254e-07
24.24	1.7225393e-07
24.25	1.6742059e-07
24.26	3.8334559e-07
24.27	7.0033831e-07
24.28	1.7371356e-07
24.29	9.2625352e-07
24.3	1.73273e-07
24.31	1.662583e-07
24.32	3.6746615e-07
24.33	6.6953547e-07
24.34	9.6770792e-07
24.35	1.7773707e-07
24.36	1.642625e-07
24.37	3.945277e-07
24.38	7.3365994e-07
24.39	1.7347607e-07
24.4	9.3018938e-07
24.41	1.7447136e-07
24.42	1.6316535e-07
24.43	3.6961223e-07
24.44	6.914886e-07
24.45	1.7163926e-07
24.46	8.8924041e-07
24.47	1.66119e-07
24.48	1.5910217e-07
24.49	3.5501611e-07
24.5	6.5461187e-07
24.51	9.4872003e-07
24.52	1.6699355e-07
24.53	1.5738577e-07
24.54	3.8561422e-07
24.55	7.1340082e-07
24.56	1.7827651e-07
24.57	9.1127898e-07
24.58	1.7109695e-07
24.59	1.5505041e-07
24.6	3.6102029e-07
24.61	6.740439e-07
24.62	9.8091304e-07
24.63	1.8590322e-07
24.64	1.5364963e-07
24.65	4.0725924e-07
24.66	7.6477833e-07
24.67	1.9194592e-07
24.68	9.7137928e-07
24.69	1.8350304e-07
24.7	1.5220368e-07
24.71	3.8602573e-07
24.72	7.4182272e-07
24.73	1.7878638e-07
24.74	9.307115e-07
24.75	1.6990351e-07
24.76	1.5121539e-07
24.77	3.6746136e-07
24.78	6.9636399e-07
24.79	1.6759083e-07
24.8	8.888114e-07
24.81	1.6242119e-07
24.82	1.4703866e-07
24.83	3.5091905e-07
24.84	6.5724477e-07
24.85	9.5555324e-07
24.86	1.7148332e-07
24.87	1.4624186e-07
24.88	3.9258628e-07
24.89	7.3391577e-07
24.9	1.7559858e-07
24.91	9.2559301e-07
24.92	1.7615771e-07
24.93	1.4329607e-07
24.94	3.684897e-07
24.95	7.0291571e-07
24.96	1.7548809e-07
24.97	8.9523904e-07
24.98	1.651383e-07
24.99	1.4204353e-07
25	3.5174829e-07
25.01	6.6977291e-07
25.02	9.8000358e-07
25.03	1.8084087e-07
25.04	1.4218041e-07
25.05	4.079592e-07
25.06	7.5971977e-07
25.07	1.8050761e-07
25.08	9.4478422e-07
25.09	1.8210015e-07
25.1	1.406986e-07
25.11	3.8078938e-07
25.12	7.3831891e-07
25.13	1.7491501e-07
25.14	9.211905e-07
25.15	1.6936197e-07
25.16	1.3566255e-07
25.17	3.623512e-07
25.18	6.9869545e-07
25.19	1.6480744e-07
25.2	8.7556478e-07
25.21	1.6194645e-07
25.22	1.3534371e-07
25.23	3.5045349e-07
25.24	6.7042733e-07
25.25	9.7780292e-07
25.26	1.7683385e-07
25.27	1.369396e-07
25.28	4.0675244e-07
25.29	7.5362198e-07
25.3	1.7954519e-07
25.31	9.3532746e-07
25.32	1.7995234e-07
25.33	1.3155768e-07
25.34	3.7305946e-07
25.35	7.2896213e-07
25.36	1.7368009e-07
25.37	9.1036361e-07
25.38	1.6810397e-07
25.39	1.2768638e-07
25.4	3.6507309e-07
25.41	7.0029834e-07
25.42	1.6758796e-07
25.43	8.6910722e-07
25.44	1.6263072e-07
25.45	1.2740616e-07
25.46	3.455283e-07
25.47	6.648776e-07
25.48	9.7436576e-07
25.49	1.8121199e-07
25.5	1.3101824e-07
25.51	4.0887706e-07
25.52	7.6297117e-07
25.53	1.7306871e-07
25.54	9.3647149e-07
25.55	1.8198377e-07
25.56	1.2609966e-07
25.57	3.8169058e-07
25.58	7.4871087e-07
25.59	1.7199131e-07
25.6	9.1442489e-07
25.61	1.7073967e-07
25.62	1.2130265e-07
25.63	3.6494265e-07
25.64	7.1113871e-07
25.65	1.6400759e-07
25.66	8.7702739e-07
25.67	1.6419303e-07
25.68	1.2118455e-07
25.69	3.5406334e-07
25.7	6.8873095e-07
25.71	1.5557709e-07
25.72	8.4436828e-07
25.73	1.5779906e-07
25.74	1.1754901e-07
25.75	3.3871809e-07
25.76	6.5139362e-07
25.77	9.5475538e-07
25.78	1.738746e-07
25.79	1.2782669e-07
25.8	3.9786971e-07
25.81	7.4397294e-07
25.82	1.6671434e-07
25.83	9.2283329e-07
25.84	1.770236e-07
25.85	1.1487728e-07
25.86	3.7459068e-07
25.87	7.2856164e-07
25.88	1.7277039e-07
25.89	8.9363224e-07
25.9	1.6702164e-07
25.91	1.1369147e-07
25.92	3.5899389e-07
25.93	7.0432851e-07
25.94	1.5887723e-07
25.95	8.6912878e-07
25.96	1.5948724e-07
25.97	1.1118053e-07
25.98	3.5054103e-07
25.99	6.7776007e-07
26	9.9201351e-07
26.01	1.8763875e-07
26.02	1.2668053e-07
26.03	4.1965137e-07
26.04	7.8972315e-07
26.05	1.7359431e-07
26.06	9.5741869e-07
26.07	1.8493511e-07
26.08	1.0968651e-07
26.09	3.8701307e-07
26.1	7.6636221e-07
26.11	1.7852773e-07
26.12	9.4024955e-07
26.13	1.7662762e-07
26.14	1.0844022e-07
26.15	3.789807e-07
26.16	7.5481126e-07
26.17	1.6481404e-07
26.18	9.1331667e-07
26.19	1.6867649e-07
26.2	1.0579885e-07
26.21	3.6259945e-07
26.22	7.1618591e-07
26.23	1.6118859e-07
26.24	8.7972797e-07
26.25	1.6232928e-07
26.26	1.0448334e-07
26.27	3.5132203e-07
26.28	6.9564831e-07
26.29	1.4799516e-07
26.3	8.4544889e-07
26.31	1.5531709e-07
26.32	1.0202569e-07
26.33	3.3555844e-07
26.34	6.5824148e-07
26.35	9.657402e-07
26.36	1.7209171e-07
26.37	1.1891254e-07
26.38	4.0398826e-07
26.39	7.5634584e-07
26.4	1.620095e-07
26.41	9.261121e-07
26.42	1.7737126e-07
26.43	1.0069661e-07
26.44	3.7668397e-07
26.45	7.4244262e-07
26.46	1.6869343e-07
26.47	9.0751866e-07
26.48	1.6786884e-07
26.49	9.844413e-08
26.5	3.6373464e-07
26.51	7.231463e-07
26.52	1.5563308e-07
26.53	8.8090802e-07
26.54	1.6133121e-07
26.55	9.7351271e-08
26.56	3.5398805e-07
26.57	6.9694603e-07
26.58	1.540396e-07
26.59	8.5001194e-07
26.6	1.5390488e-07
26.61	9.4956349e-08
26.62	3.3966474e-07
26.63	6.7047352e-07
26.64	9.8573192e-07
26.65	1.695273e-07
26.66	1.1248849e-07
26.67	4.1114395e-07
26.68	7.6898377e-07
26.69	1.6610874e-07
26.7	9.3752075e-07
26.71	1.802464e-07
26.72	9.5651622e-08
26.73	3.8231547e-07
26.74	7.6491594e-07
26.75	1.6160548e-07
26.76	9.3055118e-07
26.77	1.6721478e-07
26.78	9.2089248e-08
26.79	3.6933443e-07
26.8	7.3733745e-07
26.81	1.57886e-07
26.82	8.9748623e-07
26.83	1.6341567e-07
26.84	9.1005876e-08
26.85	3.5693183e-07
26.86	7.1346271e-07
26.87	1.4637211e-07
26.88	8.6921191e-07
26.89	1.5385143e-07
26.9	8.9007277e-08
26.91	3.4333472e-07
26.92	6.8064105e-07
26.93	1.4107515e-07
26.94	8.2794764e-07
26.95	1.4875476e-07
26.96	8.7210543e-08
26.97	3.2774611e-07
26.98	6.5109199e-07
26.99	9.5762098e-07
27	1.5922594e-07
27.01	1.071172e-07
27.02	3.9655234e-07
27.03	7.4448116e-07
27.04	1.5721079e-07
27.05	9.0580325e-07
27.06	1.677594e-07
27.07	8.6682306e-08
27.08	3.7121735e-07
27.09	7.3971203e-07
27.1	1.5275817e-07
27.11	8.9261934e-07
27.12	1.5915974e-07
27.13	8.5160895e-08
27.14	3.560219e-07
27.15	7.1269975e-07
27.16	1.5099919e-07
27.17	8.6485332e-07
27.18	1.5324886e-07
27.19	8.3000505e-08
27.2	3.4718404e-07
27.21	6.9105497e-07
27.22	1.3897933e-07
27.23	8.3262641e-07
27.24	1.4532377e-07
27.25	8.2228449e-08
27.26	3.2892523e-07
27.27	6.5629227e-07
27.28	9.6656885e-07
27.29	1.6291686e-07
27.3	1.0332322e-07
27.31	4.0411468e-07
27.32	7.6135977e-07
27.33	1.5400942e-07
27.34	9.3214726e-07
27.35	1.7097198e-07
27.36	8.191746e-08
27.37	3.7789597e-07
27.38	7.5587039e-07
27.39	1.5793064e-07
27.4	9.10764e-07
27.41	1.6579727e-07
27.42	7.9337374e-08
27.43	3.6232465e-07
27.44	7.3406158e-07
27.45	1.4756891e-07
27.46	9.0196826e-07
27.47	1.5666728e-07
27.48	7.9259129e-08
27.49	3.5561865e-07
27.5	7.1084671e-07
27.51	1.4158209e-07
27.52	8.6242806e-07
27.53	1.5149679e-07
27.54	7.5921904e-08
27.55	3.365917e-07
27.56	6.7972215e-07
27.57	1.3205592e-07
27.58	8.3716304e-07
27.59	1.4302591e-07
27.6	7.5978431e-08
27.61	3.2824098e-07
27.62	6.5207252e-07
27.63	9.6099961e-07
27.64	1.5267069e-07
27.65	1.0018e-07
27.66	4.0787909e-07
27.67	7.6034597e-07
27.68	1.4504418e-07
27.69	9.171661e-07
27.7	1.6584371e-07
27.71	7.6865872e-08
27.72	3.6749004e-07
27.73	7.4472393e-07
27.74	1.5403821e-07
27.75	9.0551286e-07
27.76	1.6020067e-07
27.77	7.3668455e-08
27.78	3.6553144e-07
27.79	7.3217409e-07
27.8	1.4159485e-07
27.81	8.8685e-07
27.82	1.5106543e-07
27.83	7.3288963e-08
27.84	3.4529649e-07
27.85	6.9954119e-07
27.86	1.3950258e-07
27.87	8.5485631e-07
27.88	1.4612737e-07
27.89	7.0891372e-08
27.9	3.3992284e-07
27.91	6.7852365e-07
27.92	9.980805e-07
27.93	1.5480286e-07
27.94	9.7314011e-08
27.95	4.1663873e-07
27.96	7.8539741e-07
27.97	1.5146165e-07
27.98	9.5013691e-07
27.99	1.7230753e-07
28	7.2409795e-08
28.01	3.8109751e-07
28.02	7.7133404e-07
28.03	1.5358354e-07
28.04	9.5168955e-07
28.05	1.6352643e-07
28.06	7.1495693e-08
28.07	3.7489235e-07
28.08	7.5977554e-07
28.09	1.4668647e-07
28.1	9.2199374e-07
28.11	1.5712761e-07
28.12	6.7658671e-08
28.13	3.6009724e-07
28.14	7.2847864e-07
28.15	1.3841482e-07
28.16	8.9597819e-07
28.17	1.4870845e-07
28.18	6.8436801e-08
28.19	3.4831861e-07
28.2	7.0214537e-07
28.21	1.3212397e-07
28.22	8.5703463e-07
28.23	1.4289841e-07
28.24	6.4544845e-08
28.25	3.328173e-07
28.26	6.7104304e-07
28.27	9.9071265e-07
28.28	1.5224954e-07
28.29	9.5391627e-08
28.3	4.0739553e-07
28.31	7.7241347e-07
28.32	1.4639863e-07
28.33	9.4595064e-07
28.34	1.6686754e-07
28.35	6.7362746e-08
28.36	3.8107357e-07
28.37	7.6873559e-07
28.38	1.4781323e-07
28.39	9.3726225e-07
28.4	1.579484e-07
28.41	6.6339941e-08
28.42	3.6501832e-07
28.43	7.4370689e-07
28.44	1.4261879e-07
28.45	9.1228247e-07
28.46	1.5443215e-07
28.47	6.4265462e-08
28.48	3.5661552e-07
28.49	7.2063236e-07
28.5	1.343121e-07
28.51	8.8370701e-07
28.52	1.4406748e-07
28.53	6.3546382e-08
28.54	3.4109717e-07
28.55	6.9244163e-07
28.56	1.2944104e-07
28.57	8.5035414e-07
28.58	1.4126684e-07
28.59	6.1205496e-08
28.6	3.3140023e-07
28.61	6.6557387e-07
28.62	9.8262147e-07
28.63	1.4975995e-07
28.64	9.0386186e-08
28.65	4.0236362e-07
28.66	7.6405031e-07
28.67	1.4146691e-07
28.68	9.3708783e-07
28.69	1.6654543e-07
28.7	6.3473358e-08
28.71	3.7662061e-07
28.72	7.6106982e-07
28.73	1.4794259e-07
28.74	9.3296211e-07
28.75	1.6053929e-07
28.76	6.1341244e-08
28.77	3.6263844e-07
28.78	7.4008372e-07
28.79	1.3855835e-07
28.8	9.1098623e-07
28.81	1.5528009e-07
28.82	5.9767712e-08
28.83	3.5813846e-07
28.84	7.2494329e-07
28.85	1.3611858e-07
28.86	8.9012235e-07
28.87	1.492137e-07
28.88	5.909143e-08
28.89	3.4209094e-07
28.9	6.9655123e-07
28.91	1.2637572e-07
28.92	8.6067365e-07
28.93	1.446688e-07
28.94	5.7332442e-08
28.95	3.3743749e-07
28.96	6.7984855e-07
28.97	1.2522608e-07
28.98	8.344796e-07
28.99	1.3927038e-07
29	5.6609058e-08
29.01	3.2134564e-07
29.02	6.5284071e-07
29.03	9.6535709e-07
29.04	1.4446522e-07
29.05	9.0820049e-08
29.06	4.0095661e-07
29.07	7.5575268e-07
29.08	1.3590657e-07
29.09	9.2430256e-07
29.1	1.6050408e-07
29.11	5.9536496e-08
29.12	3.6889039e-07
29.13	7.4914636e-07
29.14	1.399406e-07
29.15	9.1167031e-07
29.16	1.5596963e-07
29.17	5.586954e-08
29.18	3.6137359e-07
29.19	7.3194832e-07
29.2	1.3667754e-07
29.21	8.979169e-07
29.22	1.5080371e-07
29.23	5.5859135e-08
29.24	3.5409574e-07
29.25	7.1933965e-07
29.26	1.3027483e-07
29.27	8.7520723e-07
29.28	1.4763595e-07
29.29	5.3950071e-08
29.3	3.4572917e-07
29.31	6.986636e-07
29.32	1.2831645e-07
29.33	8.5538473e-07
29.34	1.4269695e-07
29.35	5.3641146e-08
29.36	3.3787649e-07
29.37	6.8510561e-07
29.38	1.2248322e-07
29.39	8.3143922e-07
29.4	1.4051536e-07
29.41	5.2002301e-08
29.42	3.2980718e-07
29.43	6.6424114e-07
29.44	9.7971104e-07
29.45	1.498771e-07
29.46	8.8394818e-08
29.47	4.105595e-07
29.48	7.7887709e-07
29.49	1.3814735e-07
29.5	9.4157473e-07
29.51	1.6893129e-07
29.52	5.6026974e-08
29.53	3.8458563e-07
29.54	7.7987041e-07
29.55	1.469141e-07
29.56	9.5461674e-07
29.57	1.6514059e-07
29.58	5.3157315e-08
29.59	3.8086918e-07
29.6	7.8205291e-07
29.61	1.4165091e-07
29.62	9.440518e-07
29.63	1.6384122e-07
29.64	5.3801448e-08
29.65	3.7760303e-07
29.66	7.677285e-07
29.67	1.4002518e-07
29.68	9.4075349e-07
29.69	1.583401e-07
29.7	5.1609461e-08
29.71	3.7028562e-07
29.72	7.6181871e-07
29.73	1.3388244e-07
29.74	9.1833537e-07
29.75	1.5590581e-07
29.76	5.1816851e-08
29.77	3.6409944e-07
29.78	7.4160502e-07
29.79	1.3255169e-07
29.8	9.0821175e-07
29.81	1.5048262e-07
29.82	4.9797298e-08
29.83	3.5538175e-07
29.84	7.301449e-07
29.85	1.2629081e-07
29.86	8.8168672e-07
29.87	1.4826383e-07
29.88	4.985091e-08
29.89	3.47898e-07
29.9	7.0852207e-07
29.91	1.2526419e-07
29.92	8.6885461e-07
29.93	1.4272945e-07
29.94	4.7985983e-08
29.95	3.3920373e-07
29.96	6.9558763e-07
29.97	1.1888213e-07
29.98	8.4156648e-07
29.99	1.4058709e-07
30	4.7833255e-08
30.01	3.308468e-07
30.02	6.7381556e-07
30.03	9.9686342e-07
30.04	1.4733988e-07
30.05	8.7703415e-08
30.06	4.2033614e-07
30.07	7.9854299e-07
30.08	1.3706939e-07
30.09	9.6925545e-07
30.1	1.6734879e-07
30.11	5.1928006e-08
30.12	3.8981589e-07
30.13	7.9553902e-07
30.14	1.4763629e-07
30.15	9.8180072e-07
30.16	1.6432207e-07
30.17	4.9005369e-08
30.18	3.8996797e-07
30.19	8.0370499e-07
30.2	1.3997162e-07
30.21	9.8007286e-07
30.22	1.6188985e-07
30.23	5.0302389e-08
30.24	3.8420368e-07
30.25	7.8764425e-07
30.26	1.4080335e-07
30.27	9.7227692e-07
30.28	1.5730242e-07
30.29	4.7480793e-08
30.3	3.8008947e-07
30.31	7.8467213e-07
30.32	1.3302088e-07
30.33	9.5812591e-07
30.34	1.5457803e-07
30.35	4.897526e-08
30.36	3.7134398e-07
30.37	7.6115904e-07
30.38	1.3311946e-07
30.39	9.4142512e-07
30.4	1.4967886e-07
30.41	4.5641071e-08
30.42	3.6447207e-07
30.43	7.5328441e-07
30.44	1.2525651e-07
30.45	9.1997035e-07
30.46	1.4646331e-07
30.47	4.7297734e-08
30.48	3.555623e-07
30.49	7.2661886e-07
30.5	1.2525451e-07
30.51	9.0096106e-07
30.52	1.4251122e-07
30.53	4.3741427e-08
30.54	3.4750255e-07
30.55	7.1816531e-07
30.56	1.1800082e-07
30.57	8.7538215e-07
30.58	1.3871745e-07
30.59	4.5605184e-08
30.6	3.3923229e-07
30.61	6.913724e-07
30.62	1.1768046e-07
30.63	8.5578681e-07
30.64	1.3503378e-07
30.65	4.1724569e-08
30.66	3.2961246e-07
30.67	6.8133444e-07
30.68	1.108781e-07
30.69	8.2923834e-07
30.7	1.308235e-07
30.71	4.3711901e-08
30.72	3.219307e-07
30.73	6.5538834e-07
30.74	9.6936414e-07
30.75	1.3885729e-07
30.76	8.0952693e-08
30.77	4.0384544e-07
30.78	7.7493601e-07
30.79	1.2402928e-07
30.8	9.4011742e-07
30.81	1.550552e-07
30.82	4.6346174e-08
30.83	3.7011767e-07
30.84	7.5998837e-07
30.85	1.3712752e-07
30.86	9.4164522e-07
30.87	1.5346816e-07
30.88	4.3543871e-08
30.89	3.7077416e-07
30.9	7.6663616e-07
30.91	1.2592322e-07
30.92	9.3285593e-07
30.93	1.476652e-07
30.94	4.3542692e-08
30.95	3.6098247e-07
30.96	7.4095151e-07
30.97	1.281639e-07
30.98	9.1756284e-07
30.99	1.4504217e-07
31	4.1700935e-08
31.01	3.5592333e-07
31.02	7.3584541e-07
31.03	1.1720464e-07
31.04	8.9429976e-07
31.05	1.3919576e-07
31.06	4.1725355e-08
31.07	3.4475504e-07
31.08	7.0742289e-07
31.09	1.1955442e-07
31.1	8.7331464e-07
31.11	1.3671805e-07
31.12	4.014963e-08
31.13	3.37337e-07
31.14	6.9592391e-07
31.15	1.0975743e-07
31.16	8.4469224e-07
31.17	1.3062055e-07
31.18	4.0017071e-08
31.19	3.2530464e-07
31.2	6.670634e-07
31.21	9.8835549e-07
31.22	1.4055923e-07
31.23	8.1401698e-08
31.24	4.0872523e-07
31.25	7.8535307e-07
31.26	1.2579858e-07
31.27	9.5622662e-07
31.28	1.515856e-07
31.29	4.4274343e-08
31.3	3.7615481e-07
31.31	7.7291396e-07
31.32	1.3557484e-07
31.33	9.4908262e-07
31.34	1.5387192e-07
31.35	4.00365e-08
31.36	3.6999592e-07
31.37	7.6699102e-07
31.38	1.2661458e-07
31.39	9.3646093e-07
31.4	1.4398944e-07
31.41	4.2174377e-08
31.42	3.6104703e-07
31.43	7.4351176e-07
31.44	1.2473225e-07
31.45	9.1379057e-07
31.46	1.4387201e-07
31.47	3.8031326e-08
31.48	3.5157637e-07
31.49	7.273308e-07
31.5	1.1705389e-07
31.51	8.873045e-07
31.52	1.3481811e-07
31.53	4.02465e-08
31.54	3.3922212e-07
31.55	6.9862371e-07
31.56	1.1497031e-07
31.57	8.583841e-07
31.58	1.3386255e-07
31.59	3.6129789e-08
31.6	3.2963438e-07
31.61	6.8057227e-07
31.62	1.0799736e-07
31.63	8.2910594e-07
31.64	1.2536677e-07
31.65	3.8210561e-08
31.66	3.1535172e-07
31.67	6.4922594e-07
31.68	9.6240068e-07
31.69	1.3350265e-07
31.7	7.752942e-08
31.71	3.9637824e-07
31.72	7.5905779e-07
31.73	1.1807457e-07
31.74	9.2528169e-07
31.75	1.4577817e-07
31.76	4.1415017e-08
31.77	3.5753112e-07
31.78	7.3874504e-07
31.79	1.2839229e-07
31.8	9.0988469e-07
31.81	1.4458366e-07
31.82	3.8078487e-08
31.83	3.5468506e-07
31.84	7.3254763e-07
31.85	1.1795093e-07
31.86	8.9370035e-07
31.87	1.3586881e-07
31.88	3.8320698e-08
31.89	3.3766778e-07
31.9	7.0041483e-07
31.91	1.1673188e-07
31.92	8.6226096e-07
31.93	1.3299745e-07
31.94	3.5902723e-08
31.95	3.3194673e-07
31.96	6.8562311e-07
31.97	1.0784411e-07
31.98	8.3611848e-07
31.99	1.2467252e-07
32	3.6339416e-08
32.01	3.1323623e-07
32.02	6.5025495e-07
32.03	9.6489549e-07
32.04	1.343352e-07
32.05	7.6999779e-08
32.06	3.9984157e-07
32.07	7.6706342e-07
32.08	1.1996133e-07
32.09	9.32666e-07
32.1	1.459045e-07
32.11	3.9239801e-08
32.12	3.5807097e-07
32.13	7.444445e-07
32.14	1.2802442e-07
32.15	9.1393353e-07
32.16	1.4327822e-07
32.17	3.5698887e-08
32.18	3.5663874e-07
32.19	7.3746892e-07
32.2	1.1889122e-07
32.21	9.0013032e-07
32.22	1.3403534e-07
32.23	3.6565483e-08
32.24	3.3595725e-07
32.25	7.00478e-07
32.26	1.1556687e-07
32.27	8.6299527e-07
32.28	1.3069243e-07
32.29	3.372918e-08
32.3	3.328287e-07
32.31	6.881596e-07
32.32	1.0703115e-07
32.33	8.3884187e-07
32.34	1.2185895e-07
32.35	3.45993e-08
32.36	3.1085668e-07
32.37	6.4656265e-07
32.38	9.6076737e-07
32.39	1.31355e-07
32.4	7.356588e-08
32.41	3.975742e-07
32.42	7.6640397e-07
32.43	1.2115836e-07
32.44	9.3625072e-07
32.45	1.4286286e-07
32.46	3.8606741e-08
32.47	3.5651916e-07
32.48	7.4157075e-07
32.49	1.2806951e-07
32.5	9.1392564e-07
32.51	1.4090141e-07
32.52	3.4901174e-08
32.53	3.5640719e-07
32.54	7.3993937e-07
32.55	1.2064685e-07
32.56	9.0573753e-07
32.57	1.3145865e-07
32.58	3.5501875e-08
32.59	3.3562373e-07
32.6	7.0110495e-07
32.61	1.1483305e-07
32.62	8.6430337e-07
32.63	1.2840905e-07
32.64	3.2735706e-08
32.65	3.3246596e-07
32.66	6.8963102e-07
32.67	1.0909596e-07
32.68	8.4323511e-07
32.69	1.1950634e-07
32.7	3.318454e-08
32.71	3.0966445e-07
32.72	6.4674811e-07
32.73	9.6275265e-07
32.74	1.3263624e-07
32.75	7.2638612e-08
32.76	4.0279556e-07
32.77	7.7088694e-07
32.78	1.2507136e-07
32.79	9.4184504e-07
32.8	1.4778584e-07
32.81	3.6209839e-08
32.82	3.5989973e-07
32.83	7.51069e-07
32.84	1.3180251e-07
32.85	9.2281688e-07
32.86	1.4540892e-07
32.87	3.4152304e-08
32.88	3.6241661e-07
32.89	7.5020194e-07
32.9	1.2539687e-07
32.91	9.2038631e-07
32.92	1.3707621e-07
32.93	3.3669598e-08
32.94	3.432863e-07
32.95	7.1752391e-07
32.96	1.1989961e-07
32.97	8.8275348e-07
32.98	1.3450686e-07
32.99	3.2524559e-08
33	3.4193728e-07
33.01	7.0598315e-07
33.02	1.1574953e-07
33.03	8.6693615e-07
33.04	1.2705526e-07
33.05	3.2114826e-08
33.06	3.2164821e-07
33.07	6.7146231e-07
33.08	9.9965187e-07
33.09	1.4059936e-07
33.1	7.5770323e-08
33.11	4.1767986e-07
33.12	8.0018023e-07
33.13	1.3476966e-07
33.14	9.8274156e-07
33.15	1.6005938e-07
33.16	3.6990085e-08
33.17	3.8341478e-07
33.18	7.9786313e-07
33.19	1.400936e-07
33.2	9.741625e-07
33.21	1.5910766e-07
33.22	3.4345372e-08
33.23	3.822943e-07
33.24	7.9605255e-07
33.25	1.3865696e-07
33.26	9.8078432e-07
33.27	1.5238295e-07
33.28	3.4800478e-08
33.29	3.7238563e-07
33.3	7.7851154e-07
33.31	1.3056111e-07
33.32	9.4805279e-07
33.33	1.4967299e-07
33.34	3.3046977e-08
33.35	3.6610974e-07
33.36	7.6094836e-07
33.37	1.2895488e-07
33.38	9.3847157e-07
33.39	1.434783e-07
33.4	3.3121586e-08
33.41	3.5412032e-07
33.42	7.3892731e-07
33.43	1.2137448e-07
33.44	9.0002593e-07
33.45	1.4191197e-07
33.46	3.2138911e-08
33.47	3.4664525e-07
33.48	7.1938194e-07
33.49	1.2068691e-07
33.5	8.8454328e-07
33.51	1.3566374e-07
33.52	3.1571622e-08
33.53	3.3349332e-07
33.54	6.9546672e-07
33.55	1.1343292e-07
33.56	8.4706363e-07
33.57	1.3400652e-07
33.58	3.0917879e-08
33.59	3.2690836e-07
33.6	6.7699182e-07
33.61	1.1286104e-07
33.62	8.304513e-07
33.63	1.2790708e-07
33.64	3.0123183e-08
33.65	3.1463257e-07
33.66	6.5476723e-07
33.67	9.7315145e-07
33.68	1.3651345e-07
33.69	7.7393109e-08
33.7	4.055455e-07
33.71	7.7431885e-07
33.72	1.3443014e-07
33.73	9.5042602e-07
33.74	1.5848805e-07
33.75	3.5453415e-08
33.76	3.7818964e-07
33.77	7.8639287e-07
33.78	1.3842856e-07
33.79	9.5513824e-07
33.8	1.5773148e-07
33.81	3.5124236e-08
33.82	3.7555175e-07
33.83	7.7893932e-07
33.84	1.3774332e-07
33.85	9.6315251e-07
33.86	1.5291313e-07
33.87	3.3332872e-08
33.88	3.7206596e-07
33.89	7.7770769e-07
33.9	1.3158808e-07
33.91	9.4580183e-07
33.92	1.5161233e-07
33.93	3.4043935e-08
33.94	3.6631853e-07
33.95	7.6028725e-07
33.96	1.3009123e-07
33.97	9.4002056e-07
33.98	1.464442e-07
33.99	3.2536271e-08
34	3.5997003e-07
34.01	7.52022e-07
34.02	1.2310732e-07
34.03	9.1768568e-07
34.04	1.4459588e-07
34.05	3.2835233e-08
34.06	3.5190298e-07
34.07	7.312048e-07
34.08	1.2249075e-07
34.09	9.0572789e-07
34.1	1.3937685e-07
34.11	3.1546163e-08
34.12	3.461765e-07
34.13	7.227746e-07
34.14	1.1640055e-07
34.15	8.8344778e-07
34.16	1.3784858e-07
34.17	3.1960692e-08
34.18	3.374083e-07
34.19	6.9988723e-07
34.2	1.1620368e-07
34.21	8.688961e-07
34.22	1.3254565e-07
34.23	3.0636129e-08
34.24	3.3214469e-07
34.25	6.9334168e-07
34.26	1.0967652e-07
34.27	8.4645554e-07
34.28	1.3119547e-07
34.29	3.0911229e-08
34.3	3.236193e-07
34.31	6.6992973e-07
34.32	9.9425272e-07
34.33	1.399187e-07
34.34	7.6774273e-08
34.35	4.1801438e-07
34.36	8.0502925e-07
34.37	1.3007117e-07
34.38	9.8527088e-07
34.39	1.6186283e-07
34.4	3.7332727e-08
34.41	3.9113565e-07
34.42	8.0519611e-07
34.43	1.4303807e-07
34.44	6.5494831e-08
34.45	3.7219397e-07
34.46	7.1291187e-07
34.47	1.3379734e-07
34.48	8.7063929e-07
34.49	1.6209379e-07
34.5	3.6011892e-08
34.51	3.6891813e-07
34.52	7.5856216e-07
34.53	1.4638043e-07
34.54	9.3596549e-07
34.55	1.6374065e-07
34.56	3.3468541e-08
34.57	3.8281054e-07
34.58	7.973283e-07
34.59	1.4144948e-07
34.6	9.7936428e-07
34.61	1.6209355e-07
34.62	3.5361409e-08
34.63	3.8678328e-07
34.64	8.0073256e-07
34.65	1.4230204e-07
34.66	9.9229551e-07
34.67	1.5971671e-07
34.68	3.2911467e-08
34.69	3.8890122e-07
34.7	8.1337655e-07
34.71	1.3460294e-07
34.72	9.9797178e-07
34.73	1.5577882e-07
34.74	3.4385532e-08
34.75	3.8562546e-07
34.76	7.9927481e-07
34.77	1.3518111e-07
34.78	9.8862637e-07
34.79	1.5319301e-07
34.8	3.2429498e-08
34.81	3.8063035e-07
34.82	7.9571652e-07
34.83	1.2684364e-07
34.84	9.7653824e-07
34.85	1.4919073e-07
34.86	3.3583512e-08
34.87	3.7480936e-07
34.88	7.7615061e-07
34.89	1.2741866e-07
34.9	9.5810669e-07
34.91	1.4608753e-07
34.92	3.1506348e-08
34.93	3.664442e-07
34.94	7.6485009e-07
34.95	1.1973034e-07
34.96	9.3738758e-07
34.97	1.4151923e-07
34.98	3.2604002e-08
34.99	3.5883044e-07
35	7.4216201e-07
35.01	1.2047754e-07
35.02	9.1674869e-07
35.03	1.3903742e-07
35.04	3.0603334e-08
35.05	3.489185e-07
35.06	7.2786252e-07
35.07	1.129394e-07
35.08	8.9174452e-07
35.09	1.3364674e-07
35.1	3.1454602e-08
35.11	3.4085797e-07
35.12	7.042696e-07
35.13	1.1331903e-07
35.14	8.7047707e-07
35.15	1.31806e-07
35.16	2.9482365e-08
35.17	3.3105067e-07
35.18	6.8927215e-07
35.19	1.0629945e-07
35.2	8.438174e-07
35.21	1.2610727e-07
35.22	3.0175239e-08
35.23	3.2164123e-07
35.24	6.64519e-07
35.25	9.8664687e-07
35.26	1.3637135e-07
35.27	7.6265765e-08
35.28	4.039687e-07
35.29	7.7808961e-07
35.3	1.2048962e-07
35.31	9.5450466e-07
35.32	1.5036812e-07
35.33	3.5662092e-08
35.34	3.6942238e-07
35.35	7.6622208e-07
35.36	1.3165397e-07
35.37	9.4765887e-07
35.38	1.4939169e-07
35.39	3.1510365e-08
35.4	3.6593549e-07
35.41	7.616521e-07
35.42	1.2145383e-07
35.43	9.3596349e-07
35.44	1.4174783e-07
35.45	3.3033151e-08
35.46	3.5460367e-07
35.47	7.3795899e-07
35.48	1.209328e-07
35.49	9.1289725e-07
35.5	1.3954827e-07
35.51	2.9581339e-08
35.52	3.492007e-07
35.53	7.2568226e-07
35.54	1.1183061e-07
35.55	8.8886447e-07
35.56	1.3191404e-07
35.57	3.1233294e-08
35.58	3.3500561e-07
35.59	6.9699419e-07
35.6	1.1127023e-07
35.61	8.60614e-07
35.62	1.2970671e-07
35.63	2.778193e-08
35.64	3.2842292e-07
35.65	6.8197437e-07
35.66	1.032775e-07
35.67	8.331155e-07
35.68	1.22763e-07
35.69	2.9510159e-08
35.7	3.1344892e-07
35.71	6.5182436e-07
35.72	9.683112e-07
35.73	1.3125224e-07
35.74	7.2597377e-08
35.75	3.9710478e-07
35.76	7.64517e-07
35.77	1.1539777e-07
35.78	9.3205224e-07
35.79	1.4328075e-07
35.8	3.3335862e-08
35.81	3.5699e-07
35.82	7.431516e-07
35.83	1.2459873e-07
35.84	9.1616849e-07
35.85	1.4212754e-07
35.86	2.9712778e-08
35.87	3.5557493e-07
35.88	7.3793631e-07
35.89	1.1596728e-07
35.9	9.0046419e-07
35.91	1.3354353e-07
35.92	3.084659e-08
35.93	3.373949e-07
35.94	7.0481814e-07
35.95	1.129341e-07
35.96	8.6937118e-07
35.97	1.3109217e-07
35.98	2.7751868e-08
35.99	3.3295195e-07
36	6.9164573e-07
36.01	1.0506377e-07
36.02	8.4343289e-07
36.03	1.2252373e-07
36.04	2.8583055e-08
36.05	3.1362565e-07
36.06	6.5497355e-07
36.07	9.7362395e-07
36.08	1.3147611e-07
36.09	7.286115e-08
36.1	4.0228195e-07
36.11	7.7401855e-07
36.12	1.1724936e-07
36.13	9.4328846e-07
36.14	1.4509326e-07
36.15	3.3035399e-08
36.16	3.599471e-07
36.17	7.5121537e-07
36.18	1.2748017e-07
36.19	9.2375681e-07
36.2	1.4237805e-07
36.21	2.9158924e-08
36.22	3.5824553e-07
36.23	7.4423963e-07
36.24	1.1661363e-07
36.25	9.1011396e-07
36.26	1.335206e-07
36.27	3.0196703e-08
36.28	3.3830385e-07
36.29	7.0874217e-07
36.3	1.1482621e-07
36.31	8.7162196e-07
36.32	1.2968074e-07
36.33	2.7234131e-08
36.34	3.3369356e-07
36.35	6.9222077e-07
36.36	1.0489369e-07
36.37	8.4699787e-07
36.38	1.209115e-07
36.39	2.809875e-08
36.4	3.121981e-07
36.41	6.5317097e-07
36.42	9.7226576e-07
36.43	1.322063e-07
36.44	7.0386698e-08
36.45	3.9967203e-07
36.46	7.7189352e-07
36.47	1.2038829e-07
36.48	9.4333567e-07
36.49	1.4262911e-07
36.5	3.2057859e-08
36.51	3.5883953e-07
36.52	7.5047809e-07
36.53	1.2821783e-07
36.54	9.203843e-07
36.55	1.4153941e-07
36.56	2.8825187e-08
36.57	3.565998e-07
36.58	7.4328965e-07
36.59	1.1978287e-07
36.6	9.1163065e-07
36.61	1.3127747e-07
36.62	2.9119433e-08
36.63	3.3770244e-07
36.64	7.0780439e-07
36.65	1.1419075e-07
36.66	8.6730304e-07
36.67	1.2814122e-07
36.68	2.655589e-08
36.69	3.3128693e-07
36.7	6.8927817e-07
36.71	1.069911e-07
36.72	8.4553756e-07
36.73	1.1868808e-07
36.74	2.665545e-08
36.75	3.0998253e-07
36.76	6.5045393e-07
36.77	9.6885228e-07
36.78	1.3143405e-07
36.79	6.9613397e-08
36.8	4.0044433e-07
36.81	7.7047604e-07
36.82	1.2375084e-07
36.83	9.4218057e-07
36.84	1.4560252e-07
36.85	3.1298042e-08
36.86	3.6191703e-07
36.87	7.5638719e-07
36.88	1.304495e-07
36.89	9.2214188e-07
36.9	1.4331229e-07
36.91	2.8455148e-08
36.92	3.588707e-07
36.93	7.4854668e-07
36.94	1.2350218e-07
36.95	9.1703596e-07
36.96	1.3431268e-07
36.97	2.8322673e-08
36.98	3.4116965e-07
36.99	7.1681345e-07
37	1.1754452e-07
37.01	8.7519842e-07
37.02	1.3036156e-07
37.03	2.647459e-08
37.04	3.3493154e-07
37.05	6.9792216e-07
37.06	1.1178978e-07
37.07	8.5363488e-07
37.08	1.214674e-07
37.09	2.6252351e-08
37.1	3.1540025e-07
37.11	6.625198e-07
37.12	9.8721346e-07
37.13	1.3556373e-07
37.14	7.0263327e-08
37.15	4.0886133e-07
37.16	7.8607937e-07
37.17	1.3180754e-07
37.18	9.6003043e-07
37.19	1.5495504e-07
37.2	3.1059097e-08
37.21	3.7446652e-07
37.22	7.8197583e-07
37.23	1.3561584e-07
37.24	9.5301568e-07
37.25	1.524674e-07
37.26	2.932077e-08
37.27	3.7155232e-07
37.28	7.7525048e-07
37.29	1.3398613e-07
37.3	9.5115715e-07
37.31	1.4562688e-07
37.32	2.9157485e-08
37.33	3.595978e-07
37.34	7.5470553e-07
37.35	1.2458074e-07
37.36	9.1626638e-07
37.37	1.4096994e-07
37.38	2.7624521e-08
37.39	3.5012698e-07
37.4	7.302175e-07
37.41	1.2248225e-07
37.42	8.9644739e-07
37.43	1.3363208e-07
37.44	2.7125272e-08
37.45	3.3546669e-07
37.46	7.0499155e-07
37.47	1.1333231e-07
37.48	8.5405475e-07
37.49	1.2978147e-07
37.5	2.6207706e-08
37.51	3.2512373e-07
37.52	6.766729e-07
37.53	1.1206508e-07
37.54	8.2879405e-07
37.55	1.2357145e-07
37.56	2.5429544e-08
37.57	3.0921279e-07
37.58	6.4953186e-07
37.59	9.6815213e-07
37.6	1.3451952e-07
37.61	7.1780388e-08
37.62	3.992095e-07
37.63	7.6593906e-07
37.64	1.332536e-07
37.65	9.361887e-07
37.66	1.5643884e-07
37.67	3.0753868e-08
37.68	3.7250836e-07
37.69	7.7770296e-07
37.7	1.3689668e-07
37.71	9.4185345e-07
37.72	1.5483477e-07
37.73	3.0522142e-08
37.74	3.6821225e-07
37.75	7.664008e-07
37.76	1.3606272e-07
37.77	9.4202386e-07
37.78	1.4945652e-07
37.79	2.9009449e-08
37.8	3.6200146e-07
37.81	7.5844874e-07
37.82	1.2871395e-07
37.83	9.1999526e-07
37.84	1.4576719e-07
37.85	2.9155466e-08
37.86	3.542645e-07
37.87	7.3708521e-07
37.88	1.2576114e-07
37.89	9.0403273e-07
37.9	1.3978872e-07
37.91	2.7627354e-08
37.92	3.4410131e-07
37.93	7.2116246e-07
37.94	1.190977e-07
37.95	8.7438574e-07
37.96	1.3686023e-07
37.97	2.7649597e-08
37.98	3.3487061e-07
37.99	6.9584309e-07
38	1.1652576e-07
38.01	8.5269472e-07
38.02	1.3097844e-07
38.03	2.6234328e-08
38.04	3.2383554e-07
38.05	6.7834686e-07
38.06	1.1022322e-07
38.07	8.2401766e-07
38.08	1.2846617e-07
38.09	2.6730659e-08
38.1	3.1472297e-07
38.11	6.5389147e-07
38.12	9.7027417e-07
38.13	1.3910872e-07
38.14	7.3624457e-08
38.15	4.0938048e-07
38.16	7.8510957e-07
38.17	1.3263723e-07
38.18	9.5318419e-07
38.19	1.6387434e-07
38.2	3.3691468e-08
38.21	3.829916e-07
38.22	7.9057477e-07
38.23	1.4525433e-07
38.24	9.6865062e-07
38.25	1.6199244e-07
38.26	3.0652378e-08
38.27	3.8331182e-07
38.28	8.0022298e-07
38.29	1.371087e-07
38.3	9.7844349e-07
38.31	1.5958824e-07
38.32	3.2811592e-08
38.33	3.8031142e-07
38.34	7.8814094e-07
38.35	1.3738854e-07
38.36	9.6858818e-07
38.37	1.5498922e-07
38.38	2.9966839e-08
38.39	3.7564007e-07
38.4	7.8488671e-07
38.41	1.2888482e-07
38.42	9.5890138e-07
38.43	1.5162041e-07
38.44	3.1716893e-08
38.45	3.6853746e-07
38.46	7.63655e-07
38.47	1.2860993e-07
38.48	9.3833965e-07
38.49	1.4658837e-07
38.5	2.8939779e-08
38.51	3.6118726e-07
38.52	7.538517e-07
38.53	1.2077548e-07
38.54	9.1959311e-07
38.55	1.4356052e-07
38.56	3.0558768e-08
38.57	3.5293851e-07
38.58	7.3044448e-07
38.59	1.2037565e-07
38.6	8.9617782e-07
38.61	1.3837431e-07
38.62	2.8136246e-08
38.63	3.441027e-07
38.64	7.1728662e-07
38.65	1.1320029e-07
38.66	8.7367365e-07
38.67	1.3599483e-07
38.68	2.9542648e-08
38.69	3.3679488e-07
38.7	6.9506682e-07
38.71	1.126616e-07
38.72	8.5078256e-07
38.73	1.3137166e-07
38.74	2.7043698e-08
38.75	3.2611691e-07
38.76	6.7908898e-07
38.77	1.0657065e-07
38.78	8.2611872e-07
38.79	1.286409e-07
38.8	2.8378723e-08
38.81	3.1955575e-07
38.82	6.5846495e-07
38.83	9.7717497e-07
38.84	1.373002e-07
38.85	7.5357345e-08
38.86	4.0322138e-07
38.87	7.759341e-07
38.88	1.2316337e-07
38.89	9.4183254e-07
38.9	1.54252e-07
38.91	3.3939452e-08
38.92	3.7267491e-07
38.93	7.6946135e-07
38.94	1.3599331e-07
38.95	9.4199307e-07
38.96	1.5447979e-07
38.97	3.0453429e-08
38.98	3.6781648e-07
38.99	7.6699181e-07
39	1.2621052e-07
39.01	9.3522254e-07
39.02	1.4768809e-07
39.03	3.2091416e-08
39.04	3.6235527e-07
39.05	7.4984821e-07
39.06	1.263159e-07
39.07	9.196659e-07
39.08	1.4593844e-07
39.09	2.9160244e-08
39.1	3.5319279e-07
39.11	7.3634649e-07
39.12	1.1746306e-07
39.13	8.9971623e-07
39.14	1.3880532e-07
39.15	3.0345815e-08
39.16	3.4535067e-07
39.17	7.1519594e-07
39.18	1.1738982e-07
39.19	8.7792225e-07
39.2	1.3665901e-07
39.21	2.7709051e-08
39.22	3.355702e-07
39.23	6.9781825e-07
39.24	1.0955938e-07
39.25	8.5274967e-07
39.26	1.3012215e-07
39.27	2.8826373e-08
39.28	3.2583875e-07
39.29	6.7429907e-07
39.3	1.0892062e-07
39.31	8.2860388e-07
39.32	1.2796039e-07
39.33	2.632877e-08
39.34	3.1628402e-07
39.35	6.5703881e-07
39.36	9.7594843e-07
39.37	1.3092117e-07
39.38	7.347104e-08
39.39	3.9253697e-07
39.4	7.5766389e-07
39.41	1.2334149e-07
39.42	9.2881292e-07
39.43	1.5132156e-07
39.44	3.0700277e-08
39.45	3.6551827e-07
39.46	7.5716449e-07
39.47	1.246156e-07
39.48	9.2614024e-07
39.49	1.4328753e-07
39.5	3.0927146e-08
39.51	3.5276446e-07
39.52	7.3597974e-07
39.53	1.2289455e-07
39.54	9.0504729e-07
39.55	1.4159527e-07
39.56	2.8343643e-08
39.57	3.481603e-07
39.58	7.2306138e-07
39.59	1.140741e-07
39.6	8.8147087e-07
39.61	1.3292997e-07
39.62	2.9432122e-08
39.63	3.3291025e-07
39.64	6.944975e-07
39.65	1.1172966e-07
39.66	8.5213514e-07
39.67	1.3074141e-07
39.68	2.6339291e-08
39.69	3.2569256e-07
39.7	6.7619938e-07
39.71	1.0448802e-07
39.72	8.2285452e-07
39.73	1.2291685e-07
39.74	2.7458628e-08
39.75	3.096691e-07
39.76	6.4588848e-07
39.77	9.5897355e-07
39.78	1.3176044e-07
39.79	7.2185024e-08
39.8	3.9551508e-07
39.81	7.5887171e-07
39.82	1.1708854e-07
39.83	9.1968301e-07
39.84	1.4571223e-07
39.85	3.1739661e-08
39.86	3.5487454e-07
39.87	7.382348e-07
39.88	1.2702388e-07
39.89	9.0413374e-07
39.9	1.4326006e-07
39.91	2.8552188e-08
39.92	3.5174642e-07
39.93	7.3023937e-07
39.94	1.1699241e-07
39.95	8.89009e-07
39.96	1.3509477e-07
39.97	2.9516634e-08
39.98	3.3465161e-07
39.99	6.9824316e-07
40	1.1424608e-07
40.01	8.5643916e-07
40.02	1.3110354e-07
40.03	2.6489744e-08
40.04	3.2860834e-07
40.05	6.8244299e-07
40.06	1.0561645e-07
40.07	8.3116027e-07
40.08	1.2269822e-07
40.09	2.7005459e-08
40.1	3.1012092e-07
40.11	6.4697982e-07
40.12	9.61542e-07
40.13	1.325061e-07
40.14	7.0796767e-08
40.15	3.9769075e-07
40.16	7.6435008e-07
40.17	1.2006753e-07
40.18	9.2872168e-07
40.19	1.4504086e-07
40.2	3.1197843e-08
40.21	3.5638939e-07
40.22	7.426008e-07
40.23	1.2870902e-07
40.24	9.0807215e-07
40.25	1.4303712e-07
40.26	2.7999931e-08
40.27	3.5383117e-07
40.28	7.3472013e-07
40.29	1.1911045e-07
40.3	8.9744016e-07
40.31	1.3293374e-07
40.32	2.8805501e-08
40.33	3.3467868e-07
40.34	7.0001041e-07
40.35	1.1511968e-07
40.36	8.5738015e-07
40.37	1.297546e-07
40.38	2.6087472e-08
40.39	3.2972203e-07
40.4	6.8372187e-07
40.41	1.0708108e-07
40.42	8.3570164e-07
40.43	1.2043409e-07
40.44	2.6399541e-08
40.45	3.0871591e-07
40.46	6.4575496e-07
40.47	9.6116381e-07
40.48	1.3238597e-07
40.49	7.000343e-08
40.5	3.9846783e-07
40.51	7.6399308e-07
40.52	1.2311615e-07
40.53	9.3207111e-07
40.54	1.4511006e-07
40.55	3.0734847e-08
40.56	3.5767096e-07
40.57	7.4670367e-07
40.58	1.296219e-07
40.59	9.0975102e-07
40.6	1.4269277e-07
40.61	2.8130228e-08
40.62	3.5555389e-07
40.63	7.3844173e-07
40.64	1.2216969e-07
40.65	9.0497696e-07
40.66	1.3361881e-07
40.67	2.8187047e-08
40.68	3.3697027e-07
40.69	7.0674961e-07
40.7	1.1602091e-07
40.71	8.6205515e-07
40.72	1.2971628e-07
40.73	2.5957957e-08
40.74	3.3159293e-07
40.75	6.8825442e-07
40.76	1.0998595e-07
40.77	8.4114071e-07
40.78	1.2022208e-07
40.79	2.5695746e-08
40.8	3.1047719e-07
40.81	6.5093603e-07
40.82	9.7012616e-07
40.83	1.341822e-07
40.84	6.9333758e-08
40.85	4.0355724e-07
40.86	7.7305818e-07
40.87	1.2857325e-07
40.88	9.4241283e-07
40.89	1.5066513e-07
40.9	3.0328012e-08
40.91	3.6547537e-07
40.92	7.627865e-07
40.93	1.3297409e-07
40.94	9.2917486e-07
40.95	1.4796498e-07
40.96	2.8354663e-08
40.97	3.6325754e-07
40.98	7.5661555e-07
40.99	1.2856939e-07
41	9.2608835e-07
41.01	1.4046378e-07
41.02	2.8234903e-08
41.03	3.4908439e-07
41.04	7.3184933e-07
41.05	1.2079544e-07
41.06	8.890067e-07
41.07	1.3624364e-07
41.08	2.668062e-08
41.09	3.4055474e-07
41.1	7.1034131e-07
41.11	1.1749111e-07
41.12	8.6816233e-07
41.13	1.2856255e-07
41.14	2.6233253e-08
41.15	3.2465399e-07
41.16	6.8087101e-07
41.17	1.0950853e-07
41.18	8.2442984e-07
41.19	1.2457635e-07
41.2	2.4599504e-08
41.21	3.1397606e-07
41.22	6.5373756e-07
41.23	9.708333e-07
41.24	1.3720048e-07
41.25	7.0082389e-08
41.26	3.9947568e-07
41.27	7.7293531e-07
41.28	1.3187039e-07
41.29	9.3732081e-07
41.3	1.5990204e-07
41.31	3.1087491e-08
41.32	3.7514161e-07
41.33	7.7734374e-07
41.34	1.41936e-07
41.35	9.576232e-07
41.36	1.5540889e-07
41.37	2.9291782e-08
41.38	3.7170493e-07
41.39	7.7953255e-07
41.4	1.3409642e-07
41.41	9.4738635e-07
41.42	1.5322792e-07
41.43	2.9660722e-08
41.44	3.6619692e-07
41.45	7.6196331e-07
41.46	1.3318552e-07
41.47	9.3890469e-07
41.48	1.4659743e-07
41.49	2.8279858e-08
41.5	3.5670534e-07
41.51	7.4865794e-07
41.52	1.2402882e-07
41.53	9.0898704e-07
41.54	1.4308758e-07
41.55	2.8081226e-08
41.56	3.4778004e-07
41.57	7.2337414e-07
41.58	1.2294944e-07
41.59	8.8838183e-07
41.6	1.361986e-07
41.61	2.6724789e-08
41.62	3.3563116e-07
41.63	7.0336319e-07
41.64	1.1430694e-07
41.65	8.5344969e-07
41.66	1.3285241e-07
41.67	2.6643824e-08
41.68	3.2536571e-07
41.69	6.7658901e-07
41.7	1.1324566e-07
41.71	8.2844655e-07
41.72	1.2678584e-07
41.73	2.5224026e-08
41.74	3.1373349e-07
41.75	6.5649125e-07
41.76	9.7722538e-07
41.77	1.3672339e-07
41.78	7.4460211e-08
41.79	4.0349613e-07
41.8	7.7413834e-07
41.81	1.3496651e-07
41.82	9.4367528e-07
41.83	1.6030368e-07
41.84	3.1503158e-08
41.85	3.7855843e-07
41.86	7.8763486e-07
41.87	1.373032e-07
41.88	9.554102e-07
41.89	1.5656236e-07
41.9	3.1817696e-08
41.91	3.727691e-07
41.92	7.7572002e-07
41.93	1.3683332e-07
41.94	9.5090092e-07
41.95	1.5325498e-07
41.96	2.9536112e-08
41.97	3.6931343e-07
41.98	7.7290701e-07
41.99	1.2916196e-07
42	9.3835631e-07
42.01	1.4933098e-07
42.02	3.0378606e-08
42.03	3.6000404e-07
42.04	7.5000144e-07
42.05	1.2774528e-07
42.06	9.1798865e-07
42.07	1.4416581e-07
42.08	2.8011585e-08
42.09	3.533075e-07
42.1	7.3885489e-07
42.11	1.2025435e-07
42.12	8.976219e-07
42.13	1.4044686e-07
42.14	2.8950507e-08
42.15	3.4301851e-07
42.16	7.128313e-07
42.17	1.1888308e-07
42.18	8.7247221e-07
42.19	1.3549694e-07
42.2	2.674941e-08
42.21	3.3505103e-07
42.22	6.9937441e-07
42.23	1.1139322e-07
42.24	8.4896406e-07
42.25	1.3221548e-07
42.26	2.7875238e-08
42.27	3.2481077e-07
42.28	6.7349068e-07
42.29	1.1055527e-07
42.3	8.2370107e-07
42.31	1.2714859e-07
42.32	2.568742e-08
42.33	3.164421e-07
42.34	6.5894009e-07
42.35	9.8000528e-07
42.36	1.3455664e-07
42.37	7.4607564e-08
42.38	4.0119755e-07
42.39	7.7040821e-07
42.4	1.3079199e-07
42.41	9.3813989e-07
42.42	1.5820751e-07
42.43	3.1117614e-08
42.44	3.7413716e-07
42.45	7.7897061e-07
42.46	1.3326792e-07
42.47	9.4975273e-07
42.48	1.5209286e-07
42.49	3.1899177e-08
42.5	3.6846825e-07
42.51	7.6850337e-07
42.52	1.326648e-07
42.53	9.3841041e-07
42.54	1.5018376e-07
42.55	2.9196991e-08
42.56	3.6340278e-07
42.57	7.5947105e-07
42.58	1.2421323e-07
42.59	9.2481149e-07
42.6	1.4429401e-07
42.61	3.0712895e-08
42.62	3.5625822e-07
42.63	7.4006724e-07
42.64	1.2255886e-07
42.65	9.0328064e-07
42.66	1.4156588e-07
42.67	2.776106e-08
42.68	3.466081e-07
42.69	7.232496e-07
42.7	1.1485347e-07
42.71	8.7930999e-07
42.72	1.3585724e-07
42.73	2.9190841e-08
42.74	3.3847934e-07
42.75	7.0197457e-07
42.76	1.1458068e-07
42.77	8.5612143e-07
42.78	1.3341335e-07
42.79	2.6557015e-08
42.8	3.2725271e-07
42.81	6.8153218e-07
42.82	1.0703065e-07
42.83	8.2874768e-07
42.84	1.2749479e-07
42.85	2.7908286e-08
42.86	3.1893762e-07
42.87	6.6025778e-07
42.88	9.7947432e-07
42.89	1.3705705e-07
42.9	7.4761837e-08
42.91	4.0427319e-07
42.92	7.7457044e-07
42.93	1.2342555e-07
42.94	9.3947593e-07
42.95	1.5325859e-07
42.96	3.3476772e-08
42.97	3.7058517e-07
42.98	7.6807758e-07
42.99	1.3510896e-07
43	9.381691e-07
43.01	1.5309191e-07
43.02	2.9820207e-08
43.03	3.6515122e-07
43.04	7.596223e-07
43.05	1.2547443e-07
43.06	9.2780825e-07
43.07	1.4527143e-07
43.08	3.1616917e-08
43.09	3.568747e-07
43.1	7.4111135e-07
43.11	1.2371044e-07
43.12	9.0933568e-07
43.13	1.4307052e-07
43.14	2.8502492e-08
43.15	3.4853564e-07
43.16	7.2455626e-07
43.17	1.1531653e-07
43.18	8.8563327e-07
43.19	1.3504105e-07
43.2	2.9712444e-08
43.21	3.3706798e-07
43.22	7.0035978e-07
43.23	1.1358224e-07
43.24	8.6045667e-07
43.25	1.3283183e-07
43.26	2.6835439e-08
43.27	3.2848286e-07
43.28	6.8257656e-07
43.29	1.0632076e-07
43.3	8.3262802e-07
43.31	1.2561432e-07
43.32	2.8030921e-08
43.33	3.1514093e-07
43.34	6.552067e-07
43.35	9.7284428e-07
43.36	1.3393371e-07
43.37	7.3773114e-08
43.38	4.0095727e-07
43.39	7.6914398e-07
43.4	1.1955669e-07
43.41	9.3402257e-07
43.42	1.4919618e-07
43.43	3.2782299e-08
43.44	3.6143927e-07
43.45	7.5137282e-07
43.46	1.2955321e-07
43.47	9.2231043e-07
43.48	1.4675654e-07
43.49	2.9235146e-08
43.5	3.5844612e-07
43.51	7.4371201e-07
43.52	1.1953163e-07
43.53	9.0641108e-07
43.54	1.3926274e-07
43.55	3.0620912e-08
43.56	3.4327714e-07
43.57	7.1596004e-07
43.58	1.1713591e-07
43.59	8.7847368e-07
43.6	1.3580305e-07
43.61	2.7320722e-08
43.62	3.3741328e-07
43.63	7.0058506e-07
43.64	1.0869243e-07
43.65	8.5269448e-07
43.66	1.2787999e-07
43.67	2.8312217e-08
43.68	3.2001242e-07
43.69	6.6800971e-07
43.7	9.9212598e-07
43.71	1.3702637e-07
43.72	7.4269733e-08
43.73	4.1112654e-07
43.74	7.8878168e-07
43.75	1.2193153e-07
43.76	9.5607824e-07
43.77	1.5093479e-07
43.78	3.2584229e-08
43.79	3.6834042e-07
43.8	7.6661124e-07
43.81	1.3214848e-07
43.82	9.3912887e-07
43.83	1.4880644e-07
43.84	2.9411327e-08
43.85	3.6558146e-07
43.86	7.5941154e-07
43.87	1.2210756e-07
43.88	9.2577367e-07
43.89	1.3934795e-07
43.9	3.0376972e-08
43.91	3.4770076e-07
43.92	7.2510149e-07
43.93	1.186162e-07
43.94	8.8986712e-07
43.95	1.3571398e-07
43.96	2.7428194e-08
43.97	3.4156755e-07
43.98	7.0938701e-07
43.99	1.0986325e-07
44	8.650398e-07
44.01	1.2632593e-07
44.02	2.7948189e-08
44.03	3.2201069e-07
44.04	6.7170213e-07
44.05	9.9901755e-07
44.06	1.372617e-07
44.07	7.322489e-08
44.08	4.1342021e-07
44.09	7.9443045e-07
44.1	1.2542234e-07
44.11	9.667712e-07
44.12	1.5018861e-07
44.13	3.2379274e-08
44.14	3.7023229e-07
44.15	7.7281331e-07
44.16	1.3363827e-07
44.17	9.4438855e-07
44.18	1.4787143e-07
44.19	2.9289551e-08
44.2	3.6798015e-07
44.21	7.6468923e-07
44.22	1.2439549e-07
44.23	9.3551944e-07
44.24	1.380592e-07
44.25	2.9815067e-08
44.26	3.4832006e-07
44.27	7.2868813e-07
44.28	1.1937002e-07
44.29	8.929401e-07
44.3	1.3459451e-07
44.31	2.7177228e-08
44.32	3.4344775e-07
44.33	7.1222181e-07
44.34	1.118557e-07
44.35	8.7163112e-07
44.36	1.2513187e-07
44.37	2.7303338e-08
44.38	3.2152247e-07
44.39	6.7275861e-07
44.4	1.0698235e-07
44.41	8.2499261e-07
44.42	1.2223957e-07
44.43	2.4826957e-08
44.44	3.1610452e-07
44.45	6.5462285e-07
44.46	9.7093793e-07
44.47	1.2910713e-07
44.48	6.8098712e-08
44.49	3.8858105e-07
44.5	7.5190976e-07
44.51	1.243802e-07
44.52	9.1781002e-07
44.53	1.5083758e-07
44.54	2.989241e-08
44.55	3.6596944e-07
44.56	7.5725732e-07
44.57	1.3054873e-07
44.58	9.3088786e-07
44.59	1.423035e-07
44.6	2.882255e-08
44.61	3.5080672e-07
44.62	7.351238e-07
44.63	1.2372677e-07
44.64	9.0222487e-07
44.65	1.3969454e-07
44.66	2.7441613e-08
44.67	3.4918393e-07
44.68	7.2519078e-07
44.69	1.1996056e-07
44.7	8.9030197e-07
44.71	1.3082593e-07
44.72	2.7361387e-08
44.73	3.3182069e-07
44.74	6.9531871e-07
44.75	1.1163294e-07
44.76	8.4984836e-07
44.77	1.2810085e-07
44.78	2.5387101e-08
44.79	3.245894e-07
44.8	6.7449086e-07
44.81	1.0943114e-07
44.82	8.2698522e-07
44.83	1.2035683e-07
44.84	2.5345986e-08
44.85	3.0742421e-07
44.86	6.4406407e-07
44.87	9.5912397e-07
44.88	1.3177599e-07
44.89	7.0003421e-08
44.9	3.9605343e-07
44.91	7.5947585e-07
44.92	1.2685815e-07
44.93	9.2824615e-07
44.94	1.5086766e-07
44.95	3.0123026e-08
44.96	3.6326449e-07
44.97	7.5738219e-07
44.98	1.3150402e-07
44.99	9.2150746e-07
45	1.481636e-07
45.01	2.9109933e-08
45.02	3.5881388e-07
45.03	7.4740524e-07
45.04	1.2974317e-07
45.05	9.1865594e-07
45.06	1.4268651e-07
45.07	2.8349554e-08
45.08	3.4964716e-07
45.09	7.3265606e-07
45.1	1.2174185e-07
45.11	8.8719558e-07
45.12	1.3891114e-07
45.13	2.7283102e-08
45.14	3.4067203e-07
45.15	7.0877812e-07
45.16	1.198196e-07
45.17	8.6999921e-07
45.18	1.3281884e-07
45.19	2.6476176e-08
45.2	3.2797589e-07
45.21	6.8757423e-07
45.22	1.1192862e-07
45.23	8.3145114e-07
45.24	1.2884697e-07
45.25	2.5537957e-08
45.26	3.1835311e-07
45.27	6.6192198e-07
45.28	9.8310785e-07
45.29	1.4177018e-07
45.3	7.351223e-08
45.31	4.1110484e-07
45.32	7.9166548e-07
45.33	1.3543311e-07
45.34	9.575246e-07
45.35	1.6567996e-07
45.36	3.2256526e-08
45.37	3.842398e-07
45.38	7.9562668e-07
45.39	1.4658948e-07
45.4	9.814231e-07
45.41	1.6209966e-07
45.42	3.0069339e-08
45.43	3.8478143e-07
45.44	8.0426272e-07
45.45	1.3910412e-07
45.46	9.7803736e-07
45.47	1.5984524e-07
45.48	3.1277588e-08
45.49	3.7956163e-07
45.5	7.8921803e-07
45.51	1.3825367e-07
45.52	9.7204088e-07
45.53	1.5374555e-07
45.54	2.9340953e-08
45.55	3.7377222e-07
45.56	7.8231442e-07
45.57	1.30054e-07
45.58	9.5011617e-07
45.59	1.502965e-07
45.6	2.9989799e-08
45.61	3.6387009e-07
45.62	7.5634852e-07
45.63	1.2858018e-07
45.64	9.2926255e-07
45.65	1.4424327e-07
45.66	2.8024091e-08
45.67	3.5466462e-07
45.68	7.4297109e-07
45.69	1.2026135e-07
45.7	9.0303879e-07
45.71	1.4087115e-07
45.72	2.886974e-08
45.73	3.4414654e-07
45.74	7.1531004e-07
45.75	1.1990178e-07
45.76	8.7723492e-07
45.77	1.3523464e-07
45.78	2.6800068e-08
45.79	3.3489871e-07
45.8	7.0013586e-07
45.81	1.1207672e-07
45.82	8.5151192e-07
45.83	1.3200152e-07
45.84	2.781866e-08
45.85	3.246447e-07
45.86	6.7329363e-07
45.87	9.9987831e-07
45.88	1.4394846e-07
45.89	7.6212999e-08
45.9	4.206203e-07
45.91	8.072843e-07
45.92	1.3442322e-07
45.93	9.7974969e-07
45.94	1.6542963e-07
45.95	3.4972745e-08
45.96	3.9070026e-07
45.97	8.0686085e-07
45.98	1.4672021e-07
45.99	9.8878735e-07
46	1.6426468e-07
46.01	3.1560767e-08
46.02	3.9126636e-07
46.03	8.1678763e-07
46.04	1.3787374e-07
46.05	9.9569449e-07
46.06	1.6035568e-07
46.07	3.363758e-08
46.08	3.853552e-07
46.09	7.9848699e-07
46.1	1.3755859e-07
46.11	9.814758e-07
46.12	1.5647346e-07
46.13	3.0544954e-08
46.14	3.8101157e-07
46.15	7.9508267e-07
46.16	1.2948125e-07
46.17	9.6840544e-07
46.18	1.520881e-07
46.19	3.194774e-08
46.2	3.7207548e-07
46.21	7.7049584e-07
46.22	1.2860057e-07
46.23	9.4458641e-07
46.24	1.4690909e-07
46.25	2.9307131e-08
46.26	3.6423422e-07
46.27	7.5968918e-07
46.28	1.2092864e-07
46.29	9.2343665e-07
46.3	1.4355153e-07
46.31	3.065927e-08
46.32	3.5502043e-07
46.33	7.3296647e-07
46.34	1.1952745e-07
46.35	8.9779357e-07
46.36	1.388905e-07
46.37	2.8142451e-08
46.38	3.4514748e-07
46.39	7.1834023e-07
46.4	1.1232201e-07
46.41	8.7234768e-07
46.42	1.3518307e-07
46.43	2.9522734e-08
46.44	3.3669459e-07
46.45	6.9384746e-07
46.46	1.121678e-07
46.47	8.4760731e-07
46.48	1.3117534e-07
46.49	2.6915451e-08
46.5	3.2544315e-07
46.51	6.7678857e-07
46.52	1.0509991e-07
46.53	8.2024311e-07
46.54	1.2672366e-07
46.55	2.8146226e-08
46.56	3.1712094e-07
46.57	6.5321142e-07
46.58	9.6866345e-07
46.59	1.3501046e-07
46.6	7.4027313e-08
46.61	3.9900345e-07
46.62	7.6556062e-07
46.63	1.1998097e-07
46.64	9.275479e-07
46.65	1.505441e-07
46.66	3.3267167e-08
46.67	3.6577162e-07
46.68	7.5543352e-07
46.69	1.3259657e-07
46.7	9.2280867e-07
46.71	1.5087463e-07
46.72	2.9566083e-08
46.73	3.5962564e-07
46.74	7.4879274e-07
46.75	1.2254654e-07
46.76	9.1156161e-07
46.77	1.4311102e-07
46.78	3.1392642e-08
46.79	3.5181898e-07
46.8	7.2888748e-07
46.81	1.2176722e-07
46.82	8.9262339e-07
46.83	1.4140604e-07
46.84	2.8186966e-08
46.85	3.4319604e-07
46.86	7.1354633e-07
46.87	1.1302762e-07
46.88	8.6985583e-07
46.89	1.3332243e-07
46.9	2.947019e-08
46.91	3.325719e-07
46.92	6.8903113e-07
46.93	1.1223116e-07
46.94	8.4551566e-07
46.95	1.3136874e-07
46.96	2.6523761e-08
46.97	3.2346589e-07
46.98	6.7217017e-07
46.99	9.9821676e-07
47	1.3465036e-07
47.01	7.481337e-08
47.02	4.0300139e-07
47.03	7.7692749e-07
47.04	1.2749201e-07
47.05	9.5092592e-07
47.06	1.5564819e-07
47.07	3.1233431e-08
47.08	3.7523644e-07
47.09	7.7666564e-07
47.1	1.2882268e-07
47.11	9.493461e-07
47.12	1.472213e-07
47.13	3.1304154e-08
47.14	3.6205904e-07
47.15	7.5602203e-07
47.16	1.2693977e-07
47.17	9.2851127e-07
47.18	1.4505092e-07
47.19	2.89682e-08
47.2	3.5712068e-07
47.21	7.4194333e-07
47.22	1.176092e-07
47.23	9.0410777e-07
47.24	1.3609776e-07
47.25	2.9951584e-08
47.26	3.4105406e-07
47.27	7.1186583e-07
47.28	1.1482216e-07
47.29	8.7309294e-07
47.3	1.334424e-07
47.31	2.6835537e-08
47.32	3.3350598e-07
47.33	6.92726e-07
47.34	1.0721033e-07
47.35	8.4273181e-07
47.36	1.2559204e-07
47.37	2.7779128e-08
47.38	3.1644539e-07
47.39	6.6058889e-07
47.4	9.8102374e-07
47.41	1.3519849e-07
47.42	7.3583029e-08
47.43	4.0409499e-07
47.44	7.7617788e-07
47.45	1.2042354e-07
47.46	9.4018723e-07
47.47	1.4911336e-07
47.48	3.2584247e-08
47.49	3.6283299e-07
47.5	7.5601593e-07
47.51	1.3014787e-07
47.52	9.242817e-07
47.53	1.468099e-07
47.54	2.9202627e-08
47.55	3.5944574e-07
47.56	7.4635264e-07
47.57	1.2018563e-07
47.58	9.0879712e-07
47.59	1.3758763e-07
47.6	3.020227e-08
47.61	3.4162294e-07
47.62	7.1314859e-07
47.63	1.1702275e-07
47.64	8.7506592e-07
47.65	1.3366779e-07
47.66	2.7099958e-08
47.67	3.3558295e-07
47.68	6.9718487e-07
47.69	1.0794211e-07
47.7	8.4924363e-07
47.71	1.2439805e-07
47.72	2.7644778e-08
47.73	3.1642507e-07
47.74	6.6027543e-07
47.75	9.8243291e-07
47.76	1.3505237e-07
47.77	7.2074285e-08
47.78	4.061907e-07
47.79	7.8130486e-07
47.8	1.2302844e-07
47.81	9.4920621e-07
47.82	1.4737741e-07
47.83	3.1720114e-08
47.84	3.6377762e-07
47.85	7.5928222e-07
47.86	1.3130839e-07
47.87	9.2775345e-07
47.88	1.4509661e-07
47.89	2.8698868e-08
47.9	3.6142865e-07
47.91	7.5173132e-07
47.92	1.2191001e-07
47.93	9.1791096e-07
47.94	1.3499157e-07
47.95	2.935417e-08
47.96	3.4218161e-07
47.97	7.1587086e-07
47.98	1.169605e-07
47.99	8.7753077e-07
48	1.3195006e-07
48.01	2.670605e-08
48.02	3.3752555e-07
48.03	7.0039995e-07
48.04	1.0968141e-07
48.05	8.5619341e-07
48.06	1.2250642e-07
48.07	2.6960556e-08
48.08	3.1596293e-07
48.09	6.6099518e-07
48.1	9.8344205e-07
48.11	1.3509689e-07
48.12	7.145385e-08
48.13	4.095137e-07
48.14	7.8353066e-07
48.15	1.2684419e-07
48.16	9.5683225e-07
48.17	1.4924744e-07
48.18	3.1593158e-08
48.19	3.670211e-07
48.2	7.6579142e-07
48.21	1.3287738e-07
48.22	9.357296e-07
48.23	1.4663572e-07
48.24	2.8992443e-08
48.25	3.6608564e-07
48.26	7.5971117e-07
48.27	1.2616517e-07
48.28	9.3143114e-07
48.29	1.3764321e-07
48.3	2.9020886e-08
48.31	3.4659082e-07
48.32	7.2637479e-07
48.33	1.1968327e-07
48.34	8.9028162e-07
48.35	1.3382803e-07
48.36	2.6886749e-08
48.37	3.4324198e-07
48.38	7.1143913e-07
48.39	1.1422074e-07
48.4	8.7102984e-07
48.41	1.2501432e-07
48.42	2.6729975e-08
48.43	3.224326e-07
48.44	6.7553045e-07
48.45	1.0760182e-07
48.46	8.2645098e-07
48.47	1.2252082e-07
48.48	2.4705146e-08
48.49	3.1648614e-07
48.5	6.5561712e-07
48.51	9.7380016e-07
48.52	1.3304787e-07
48.53	6.8566197e-08
48.54	3.938584e-07
48.55	7.6278734e-07
48.56	1.2731222e-07
48.57	9.3000658e-07
48.58	1.5582105e-07
48.59	3.0469015e-08
48.6	3.7267665e-07
48.61	7.7080073e-07
48.62	1.361438e-07
48.63	9.4917079e-07
48.64	1.499974e-07
48.65	2.9211845e-08
48.66	3.6402726e-07
48.67	7.6181437e-07
48.68	1.292543e-07
48.69	9.2951298e-07
48.7	1.4770749e-07
48.71	2.8845469e-08
48.72	3.5979052e-07
48.73	7.4826707e-07
48.74	1.2786956e-07
48.75	9.2196909e-07
48.76	1.4072107e-07
48.77	2.8185793e-08
48.78	3.4834505e-07
48.79	7.2979893e-07
48.8	1.1922352e-07
48.81	8.8625832e-07
48.82	1.3740498e-07
48.83	2.708449e-08
48.84	3.3963805e-07
48.85	7.0547637e-07
48.86	1.1828507e-07
48.87	8.6799571e-07
48.88	1.3158622e-07
48.89	2.6467048e-08
48.9	3.2640384e-07
48.91	6.8356513e-07
48.92	1.1015811e-07
48.93	8.2814007e-07
48.94	1.2821731e-07
48.95	2.5616187e-08
48.96	3.1714463e-07
48.97	6.5874856e-07
48.98	9.7764721e-07
48.99	1.4084427e-07
49	7.3051606e-08
49.01	4.0649301e-07
49.02	7.8380287e-07
49.03	1.3395623e-07
49.04	9.4953346e-07
49.05	1.6360341e-07
49.06	3.2559008e-08
49.07	3.8048115e-07
49.08	7.8710383e-07
49.09	1.444099e-07
49.1	9.7328198e-07
49.11	1.6061831e-07
49.12	3.031337e-08
49.13	3.8027704e-07
49.14	7.9566927e-07
49.15	1.3731159e-07
49.16	9.6746045e-07
49.17	1.5836042e-07
49.18	3.1307504e-08
49.19	3.7525878e-07
49.2	7.8010909e-07
49.21	1.3630633e-07
49.22	9.6339018e-07
49.23	1.5257467e-07
49.24	2.9456409e-08
49.25	3.6972201e-07
49.26	7.7427441e-07
49.27	1.2847542e-07
49.28	9.4020785e-07
49.29	1.4909078e-07
49.3	2.9917613e-08
49.31	3.6035615e-07
49.32	7.487725e-07
49.33	1.2706305e-07
49.34	9.2194665e-07
49.35	1.4315041e-07
49.36	2.8140776e-08
49.37	3.5167777e-07
49.38	7.3675347e-07
49.39	1.1913654e-07
49.4	8.9519112e-07
49.41	1.399771e-07
49.42	2.8728765e-08
49.43	3.4180873e-07
49.44	7.0991275e-07
49.45	1.183903e-07
49.46	8.7186983e-07
49.47	1.3430338e-07
49.48	2.6889366e-08
49.49	3.3272827e-07
49.5	6.9603696e-07
49.51	1.1095496e-07
49.52	8.4654975e-07
49.53	1.3140862e-07
49.54	2.7691373e-08
49.55	3.2293734e-07
49.56	6.691967e-07
49.57	9.9352899e-07
49.58	1.4229045e-07
49.59	7.5660379e-08
49.6	4.186493e-07
49.61	8.0433573e-07
49.62	1.3273114e-07
49.63	9.7624581e-07
49.64	1.644421e-07
49.65	3.4634878e-08
49.66	3.8914092e-07
49.67	8.0382765e-07
49.68	1.4538486e-07
49.69	9.8683844e-07
49.7	1.6320257e-07
49.71	3.1400984e-08
49.72	3.9047524e-07
49.73	8.1524181e-07
49.74	1.3673623e-07
49.75	9.9448973e-07
49.76	1.5965228e-07
49.77	3.3453328e-08
49.78	3.8504512e-07
49.79	7.9757675e-07
49.8	1.368495e-07
49.81	9.8188795e-07
49.82	1.5594404e-07
49.83	3.0425426e-08
49.84	3.8127299e-07
49.85	7.9626405e-07
49.86	1.2843542e-07
49.87	9.699983e-07
49.88	1.5208113e-07
49.89	3.1973593e-08
49.9	3.7249179e-07
49.91	7.71187e-07
49.92	1.2821681e-07
49.93	9.4807072e-07
49.94	1.470253e-07
49.95	2.9238773e-08
49.96	3.6560419e-07
49.97	7.6273143e-07
49.98	1.2074782e-07
49.99	9.2752715e-07
50	1.4364668e-07
