/*--------------------------------*- C++ -*----------------------------------*\
  =========                 |
  \\      /  F ield         | OpenFOAM: The Open Source CFD Toolbox
   \\    /   O peration     | Website:  https://openfoam.org
    \\  /    A nd           | Version:  7
     \\/     M anipulation  |
\*---------------------------------------------------------------------------*/
FoamFile
{
    version     2.0;
    format      ascii;
    class       volScalarField;
    location    "2.6";
    object      T;
}
// * * * * * * * * * * * * * * * * * * * * * * * * * * * * * * * * * * * * * //

dimensions      [0 0 0 1 0 0 0];

internalField   nonuniform List<scalar> 
1000
(
2.93189e-183
3.08358e-183
3.64102e-183
5.23823e-183
9.49822e-183
2.05798e-182
4.91365e-182
1.22449e-181
3.10348e-181
7.9152e-181
2.02301e-180
5.17346e-180
1.32298e-179
3.38233e-179
8.64445e-179
2.20853e-178
5.64035e-178
1.43994e-177
3.67468e-177
9.37404e-177
2.39039e-176
6.09316e-176
1.55256e-175
3.95446e-175
1.00683e-174
2.56246e-174
6.51912e-174
1.65787e-173
4.21445e-173
1.07093e-172
2.72025e-172
6.90692e-172
1.75303e-171
4.44753e-171
1.12791e-170
2.8593e-170
7.24549e-170
1.83528e-169
4.64686e-169
1.17609e-168
2.97541e-168
7.52446e-168
1.90207e-167
4.80616e-167
1.21393e-166
3.06484e-166
7.73468e-166
1.95118e-165
4.92007e-165
1.24012e-164
3.12446e-164
7.86871e-164
1.98084e-163
4.98438e-163
1.25369e-162
3.15198e-162
7.92121e-162
1.98982e-161
4.99633e-161
1.25401e-160
3.14603e-160
7.88927e-160
1.97753e-159
4.95472e-159
1.24087e-158
3.1063e-158
7.77265e-158
1.94403e-157
4.86011e-157
1.2145e-156
3.03356e-156
7.57383e-156
1.8901e-155
4.71474e-155
1.17554e-154
2.92966e-154
7.29798e-154
1.81715e-153
4.52252e-153
1.12505e-152
2.79745e-152
6.95272e-152
1.72721e-151
4.28881e-151
1.06445e-150
2.64065e-150
6.54778e-150
1.62283e-149
4.02021e-149
9.95449e-149
2.46367e-148
6.09455e-148
1.50693e-147
3.72423e-147
9.19966e-147
2.27142e-146
5.60551e-146
1.38268e-145
3.40893e-145
8.40043e-145
2.06906e-144
5.09368e-144
1.25336e-143
3.08253e-143
7.57745e-143
1.86176e-142
4.572e-142
1.12221e-141
2.75309e-141
6.75073e-141
1.65448e-140
4.05276e-140
9.92249e-140
2.42811e-139
5.93874e-139
1.45177e-138
3.54713e-138
8.66226e-138
2.11427e-137
5.1578e-137
1.2576e-136
3.06472e-136
7.46468e-136
1.8172e-135
4.42146e-135
1.07522e-134
2.61335e-134
6.34843e-134
1.54135e-133
3.74028e-133
9.07134e-133
2.19889e-132
5.32721e-132
1.28991e-131
3.12162e-131
7.55029e-131
1.82519e-130
4.40972e-130
1.06481e-129
2.56977e-129
6.1983e-129
1.49419e-128
3.59996e-128
8.66848e-128
2.08613e-127
5.01758e-127
1.20614e-126
2.89771e-126
6.95764e-126
1.66962e-125
4.00427e-125
9.59789e-125
2.2992e-124
5.50455e-124
1.31708e-123
3.14955e-123
7.5271e-123
1.79783e-122
4.29153e-122
1.0238e-121
2.44095e-121
5.81622e-121
1.38503e-120
3.29623e-120
7.8399e-120
1.86354e-119
4.4269e-119
1.05098e-118
2.49357e-118
5.91262e-118
1.4011e-117
3.31807e-117
7.85292e-117
1.85739e-116
4.39039e-116
1.03711e-115
2.44836e-115
5.77626e-115
1.36188e-114
3.20889e-114
7.55596e-114
1.77805e-113
4.18134e-113
9.82661e-113
2.30785e-112
5.41661e-112
1.27046e-111
2.97788e-111
6.97532e-111
1.6328e-110
3.81952e-110
8.92883e-110
2.08587e-109
4.86952e-109
1.13603e-108
2.64849e-108
6.17033e-108
1.43655e-107
3.3422e-107
7.77042e-107
1.80532e-106
4.19142e-106
9.72443e-106
2.25456e-105
5.22339e-105
1.2093e-104
2.79775e-104
6.46805e-104
1.49426e-103
3.44958e-103
7.9578e-103
1.83444e-102
4.22571e-102
9.72696e-102
2.23736e-101
5.14251e-101
1.18112e-100
2.71074e-100
6.2167e-100
1.42464e-99
3.26232e-99
7.46481e-99
1.7068e-98
3.89956e-98
8.9026e-98
2.03088e-97
4.62934e-97
1.05443e-96
2.39983e-96
5.45762e-96
1.24019e-95
2.81598e-95
6.38894e-95
1.44839e-94
3.28092e-94
7.42609e-94
1.67948e-93
3.79527e-93
8.56955e-93
1.9334e-92
4.35843e-92
9.81713e-92
2.20944e-91
4.96845e-91
1.11635e-90
2.50621e-90
5.62177e-90
1.25998e-89
2.82156e-89
6.31316e-89
1.41135e-88
3.15249e-88
7.03559e-88
1.56882e-87
3.4952e-87
7.78024e-87
1.73036e-86
3.84503e-86
8.53652e-86
1.89356e-85
4.19656e-85
9.29225e-85
2.0557e-84
4.5437e-84
1.00339e-83
2.21378e-83
4.87982e-83
1.07468e-82
2.36458e-82
5.19793e-82
1.14158e-81
2.50481e-81
5.49088e-81
1.20254e-80
2.63118e-80
5.75164e-80
1.25609e-79
2.74052e-79
5.97353e-79
1.3008e-78
2.82991e-78
6.15052e-78
1.33545e-77
2.89681e-77
6.27746e-77
1.359e-76
2.93917e-76
6.35033e-76
1.37067e-75
2.95553e-75
6.36645e-75
1.37e-74
2.9451e-74
6.32462e-74
1.35682e-73
2.9078e-73
6.22522e-73
1.33135e-72
2.8443e-72
6.07019e-72
1.29411e-71
2.75599e-71
5.86304e-71
1.24596e-70
2.64494e-70
5.60866e-70
1.18804e-69
2.5138e-69
5.31318e-69
1.12176e-68
2.36574e-68
4.98368e-68
1.0487e-67
2.20426e-67
4.62793e-67
9.70555e-67
2.0331e-66
4.25406e-66
8.89099e-66
1.85608e-65
3.87025e-65
8.0608e-65
1.67691e-64
3.48442e-64
7.23171e-64
1.49912e-63
3.10395e-63
6.41911e-63
1.32591e-62
2.73544e-62
5.63657e-62
1.16004e-61
2.38452e-61
4.89547e-61
1.00381e-60
2.05575e-60
4.20481e-60
8.58972e-60
1.75253e-59
3.5711e-59
7.26754e-59
1.47713e-58
2.99842e-58
6.07865e-58
1.23072e-57
2.48855e-57
5.02535e-57
1.01348e-56
2.04123e-56
4.10576e-56
8.24737e-56
1.65446e-55
3.31447e-55
6.63109e-55
1.32485e-54
2.64336e-54
5.26684e-54
1.04796e-53
2.08229e-53
4.13174e-53
8.18689e-53
1.61993e-52
3.2008e-52
6.3155e-52
1.24434e-51
2.44821e-51
4.80989e-51
9.43613e-51
1.84852e-50
3.61593e-50
7.06285e-50
1.37753e-49
2.68276e-49
5.21695e-49
1.01299e-48
1.96399e-48
3.80208e-48
7.34931e-48
1.41844e-47
2.73345e-47
5.25952e-47
1.01044e-46
1.93822e-46
3.7121e-46
7.09833e-46
1.35522e-45
2.58333e-45
4.91655e-45
9.3422e-45
1.77232e-44
3.35689e-44
6.34791e-44
1.19845e-43
2.25891e-43
4.25077e-43
7.98586e-43
1.49781e-42
2.80461e-42
5.24279e-42
9.78419e-42
1.82287e-41
3.39041e-41
6.29522e-41
1.16688e-40
2.15924e-40
3.98864e-40
7.35525e-40
1.35399e-39
2.48815e-39
4.56431e-39
8.35812e-39
1.52783e-38
2.78784e-38
5.07793e-38
9.23265e-38
1.67566e-37
3.03569e-37
5.48961e-37
9.90909e-37
1.78538e-36
3.21091e-36
5.76399e-36
1.03279e-35
1.84711e-35
3.29731e-35
5.87505e-35
1.04483e-34
1.85461e-34
3.28576e-34
5.81018e-34
1.02544e-33
1.80631e-33
3.17569e-33
5.57235e-33
9.75872e-33
1.70568e-32
2.97542e-32
5.18016e-32
9.00072e-32
1.56081e-31
2.70118e-31
4.6654e-31
8.04174e-31
1.38336e-30
2.37488e-30
4.06877e-30
6.95665e-30
1.18699e-29
2.02116e-29
3.43447e-29
5.82397e-29
9.85546e-29
1.66429e-28
2.80461e-28
4.71634e-28
7.91449e-28
1.32533e-27
2.21464e-27
3.69283e-27
6.14453e-27
1.02021e-26
1.69027e-26
2.7944e-26
4.6098e-26
7.58814e-26
1.24636e-25
2.04271e-25
3.34057e-25
5.45107e-25
8.87541e-25
1.44191e-24
2.33736e-24
3.78053e-24
6.10119e-24
9.82444e-24
1.57845e-23
2.53036e-23
4.04724e-23
6.45889e-23
1.02844e-22
1.63386e-22
2.58981e-22
4.09577e-22
6.46271e-22
1.01743e-21
1.59808e-21
2.50438e-21
3.91567e-21
6.10819e-21
9.50646e-21
1.47613e-20
2.28678e-20
3.53443e-20
5.45014e-20
8.38469e-20
1.28693e-19
1.97067e-19
3.01063e-19
4.58867e-19
6.97751e-19
1.05852e-18
1.60205e-18
2.41899e-18
3.64394e-18
5.47629e-18
8.21069e-18
1.22814e-17
1.83271e-17
2.72843e-17
4.05234e-17
6.00443e-17
8.87586e-17
1.30894e-16
1.92576e-16
2.82654e-16
4.13883e-16
6.04604e-16
8.81118e-16
1.28105e-15
1.8581e-15
2.68869e-15
3.88133e-15
5.58973e-15
8.03102e-15
1.15112e-14
1.64603e-14
2.34816e-14
3.34184e-14
4.74478e-14
6.72074e-14
9.49707e-14
1.33886e-13
1.88301e-13
2.64207e-13
3.69837e-13
5.16477e-13
7.19562e-13
1.00014e-12
1.38686e-12
1.9186e-12
2.64799e-12
3.64609e-12
5.00867e-12
6.86437e-12
9.38565e-12
1.28031e-11
1.74242e-11
2.36581e-11
3.20477e-11
4.33119e-11
5.84e-11
7.85621e-11
1.05442e-10
1.41192e-10
1.88629e-10
2.51427e-10
3.34364e-10
4.43644e-10
5.87299e-10
7.75702e-10
1.02222e-09
1.34403e-09
1.76317e-09
2.30779e-09
3.01386e-09
3.92713e-09
5.10569e-09
6.62313e-09
8.57245e-09
1.10709e-08
1.42658e-08
1.83422e-08
2.35314e-08
3.01225e-08
3.84754e-08
4.90373e-08
6.23625e-08
7.91367e-08
1.00206e-07
1.2661e-07
1.59629e-07
2.00827e-07
2.52119e-07
3.15837e-07
3.9482e-07
4.92511e-07
6.1308e-07
7.61562e-07
9.44027e-07
1.16777e-06
1.44154e-06
1.77582e-06
2.18309e-06
2.67826e-06
3.27903e-06
4.00636e-06
4.8851e-06
5.94452e-06
7.21912e-06
8.74943e-06
1.05829e-05
1.27752e-05
1.5391e-05
1.85058e-05
2.22073e-05
2.65969e-05
3.17921e-05
3.79283e-05
4.51614e-05
5.36705e-05
6.36607e-05
7.53664e-05
8.90552e-05
0.000105031
0.000123641
0.000145274
0.000170375
0.000199443
0.000233038
0.000271793
0.000316412
0.000367686
0.000426496
0.00049382
0.000570747
0.000658481
0.000758353
0.00087183
0.00100053
0.00114621
0.00131083
0.0014965
0.00170553
0.00194043
0.00220393
0.00249897
0.00282874
0.00319666
0.00360643
0.004062
0.00456758
0.00512769
0.00574712
0.00643097
0.00718461
0.00801376
0.00892439
0.00992281
0.0110156
0.0122097
0.0135123
0.0149308
0.016473
0.0181468
0.0199606
0.0219227
0.0240417
0.0263266
0.0287862
0.0314297
0.0342662
0.0373049
0.040555
0.0440256
0.0477259
0.0516649
0.0558513
0.0602938
0.0650006
0.0699798
0.075239
0.0807854
0.0866257
0.0927662
0.0992126
0.10597
0.113042
0.120433
0.128146
0.136183
0.144545
0.153232
0.162245
0.171581
0.181237
0.191212
0.2015
0.212096
0.222994
0.234187
0.245666
0.257422
0.269445
0.281724
0.294248
0.307002
0.319975
0.333151
0.346515
0.360053
0.373747
0.38758
0.401537
0.415598
0.429746
0.443962
0.458229
0.472527
0.486837
0.501142
0.515422
0.52966
0.543836
0.557933
0.571933
0.585818
0.599573
0.613181
0.626626
0.639892
0.652965
0.665831
0.678477
0.69089
0.703059
0.714971
0.726617
0.737987
0.749071
0.759861
0.770351
0.780532
0.790398
0.799944
0.809165
0.818056
0.826613
0.834832
0.842712
0.850248
0.857439
0.864283
0.870778
0.876924
0.882718
0.888159
0.893248
0.897983
0.902363
0.906387
0.910056
0.913368
0.916322
0.918917
0.921152
0.923027
0.924539
0.925688
0.926471
0.926888
0.926936
0.926613
0.925918
0.924848
0.923401
0.921576
0.919369
0.91678
0.913806
0.910445
0.906696
0.902558
0.898029
0.893108
0.887796
0.882092
0.875996
0.86951
0.862636
0.855374
0.847729
0.839703
0.831301
0.822528
0.813389
0.803891
0.794041
0.783846
0.773317
0.762462
0.751292
0.739819
0.728054
0.716011
0.703703
0.691144
0.678349
0.665335
0.652118
0.638713
0.62514
0.611414
0.597556
0.583582
0.569513
0.555366
0.541162
0.526918
0.512654
0.49839
0.484144
0.469935
0.455781
0.4417
0.42771
0.413828
0.400071
0.386455
0.372995
0.359707
0.346604
0.333699
0.321006
0.308536
0.2963
0.284308
0.27257
0.261093
0.249886
0.238955
0.228305
0.217943
0.207871
0.198093
0.188611
0.179428
0.170543
0.161958
0.15367
0.14568
0.137984
0.130581
0.123468
0.116639
0.110093
0.103822
0.0978238
0.0920911
0.0866187
0.0814003
0.0764295
0.0716996
0.0672038
0.0629349
0.0588859
0.0550495
0.0514183
0.0479849
0.0447419
0.0416819
0.0387976
0.0360817
0.033527
0.0311263
0.0288726
0.0267591
0.0247791
0.0229259
0.0211932
0.0195747
0.0180645
0.0166566
0.0153454
0.0141254
0.0129915
0.0119385
0.0109616
0.0100562
0.00921789
0.00844239
0.00772569
0.00706395
0.00645353
0.00589098
0.00537303
0.00489658
0.00445872
0.00405668
0.00368788
0.00334987
0.00304037
0.00275722
0.00249842
0.00226209
0.00204647
0.00184991
0.00167089
0.001508
0.0013599
0.00122537
0.00110328
0.000992566
0.000892261
0.000801464
0.000719344
0.000645134
0.00057813
0.000517684
0.000463199
0.000414129
0.000369973
0.000330272
0.000294606
0.000262591
0.000233878
0.000208147
0.000185107
0.000164493
0.000146066
0.000129605
0.000114914
0.000101813
9.01382e-05
7.97434e-05
7.04954e-05
6.22742e-05
5.49715e-05
4.84897e-05
4.27412e-05
3.76468e-05
3.31357e-05
2.91442e-05
2.56151e-05
2.24972e-05
1.97447e-05
1.73167e-05
1.51765e-05
1.32914e-05
1.16322e-05
1.01731e-05
8.8907e-06
7.76457e-06
6.77636e-06
5.90983e-06
5.15054e-06
4.48572e-06
3.90403e-06
3.39544e-06
2.9511e-06
2.56316e-06
2.22471e-06
1.92965e-06
1.6726e-06
1.44881e-06
1.25413e-06
1.08488e-06
9.37851e-07
8.10211e-07
6.9948e-07
6.03485e-07
5.20323e-07
4.48328e-07
3.86042e-07
3.32194e-07
2.85672e-07
2.45507e-07
2.10853e-07
1.80974e-07
1.5523e-07
1.33064e-07
1.1399e-07
9.75886e-08
8.34943e-08
7.13907e-08
6.10035e-08
5.20949e-08
4.44597e-08
3.79199e-08
3.23221e-08
2.75336e-08
2.34401e-08
1.9943e-08
1.69573e-08
1.44098e-08
1.22375e-08
1.03865e-08
8.81011e-09
7.46848e-09
6.32737e-09
5.35741e-09
4.53344e-09
3.83393e-09
3.24046e-09
2.73731e-09
2.31112e-09
1.95066e-09
1.64695e-09
1.39388e-09
1.19067e-09
1.04903e-09
)
;

boundaryField
{
    sides
    {
        type            zeroGradient;
    }
    empty
    {
        type            empty;
    }
}


// ************************************************************************* //
