/*--------------------------------*- C++ -*----------------------------------*\
  =========                 |
  \\      /  F ield         | OpenFOAM: The Open Source CFD Toolbox
   \\    /   O peration     | Website:  https://openfoam.org
    \\  /    A nd           | Version:  7
     \\/     M anipulation  |
\*---------------------------------------------------------------------------*/
FoamFile
{
    version     2.0;
    format      ascii;
    class       volScalarField;
    location    "2.94";
    object      T;
}
// * * * * * * * * * * * * * * * * * * * * * * * * * * * * * * * * * * * * * //

dimensions      [0 0 0 1 0 0 0];

internalField   nonuniform List<scalar> 
1000
(
0
0
0
0
0
0
0
0
0
0
0
0
0
0
0
0
0
0
0
0
0
0
0
0
0
0
0
0
0
0
0
0
0
0
0
0
0
0
0
0
0
0
0
0
0
0
0
0
0
0
0
0
0
0
0
0
0
0
0
0
0
0
0
0
0
0
0
0
0
0
0
0
0
0
0
0
0
0
0
0
0
0
0
0
0
0
0
0
0
0
0
0
0
0
0
0
0
0
0
0
0
0
0
0
0
0
0
0
0
0
0
0
0
0
0
0
0
0
0
0
0
0
0
0
0
0
0
0
0
0
0
0
0
0
0
0
0
0
0
0
0
0
0
0
0
0
0
0
0
0
0
0
0
0
0
0
1.67314e-229
-1.1461e-226
3.89944e-224
-8.78575e-222
1.47459e-219
-1.96642e-217
2.17014e-215
-2.03847e-213
1.66359e-211
-1.19816e-209
7.71024e-208
-4.47744e-206
2.36572e-204
-1.14513e-202
5.10781e-201
-2.11e-199
8.1075e-198
-2.90869e-196
9.77624e-195
-3.08745e-193
9.18613e-192
-2.58108e-190
6.86337e-189
-1.73052e-187
4.14455e-186
-9.44346e-185
2.05006e-183
-4.24574e-182
8.39877e-181
-1.58866e-179
2.87629e-178
-4.98909e-177
8.2977e-176
-1.32426e-174
2.0294e-173
-2.98822e-172
4.23012e-171
-5.75975e-170
7.54676e-169
-9.51897e-168
1.15621e-166
-1.35276e-165
1.52489e-164
-1.65639e-163
1.73394e-162
-1.74936e-161
1.70092e-160
-1.59371e-159
1.43876e-158
-1.25116e-157
1.04769e-156
-8.44408e-156
6.54674e-155
-4.87908e-154
3.49222e-153
-2.39791e-152
1.57734e-151
-9.92262e-151
5.95622e-150
-3.40186e-149
1.84168e-148
-9.40185e-148
4.49245e-147
-1.9866e-146
7.97797e-146
-2.80621e-145
7.9157e-145
-1.22927e-144
-4.10643e-144
5.01479e-143
-2.91718e-142
1.24428e-141
-3.97282e-141
7.56106e-141
1.04041e-140
-1.80665e-139
9.96602e-139
-3.60219e-138
7.82872e-138
3.6661e-138
-1.30488e-136
7.0726e-136
-2.2695e-135
3.28801e-135
1.17254e-134
-1.05965e-133
4.12779e-133
-8.17475e-133
-9.44332e-133
1.47954e-131
-6.18349e-131
1.2407e-130
1.3635e-130
-2.08795e-129
8.08954e-129
-1.30622e-128
-3.23946e-128
2.87343e-127
-8.88176e-127
6.69272e-127
6.69605e-126
-3.46345e-125
7.03283e-125
7.72508e-125
-1.02002e-123
3.15373e-123
-1.79646e-123
-2.43709e-122
1.06997e-121
-1.5184e-121
-4.79451e-121
3.10813e-120
-6.23387e-120
-7.52592e-120
8.19347e-119
-2.00999e-118
-8.20118e-119
2.0354e-117
-5.65091e-117
-1.97901e-118
4.89465e-116
-1.44309e-115
1.34219e-116
1.15827e-114
-3.40397e-114
1.12333e-115
2.70824e-113
-7.43235e-113
-1.52942e-113
6.20676e-112
-1.48613e-111
-9.72846e-112
1.37079e-110
-2.64713e-110
-3.77903e-110
2.85264e-109
-3.94154e-109
-1.15165e-108
5.44267e-108
-4.00888e-108
-2.94356e-107
9.17088e-107
7.62279e-108
-6.43147e-106
1.27567e-105
1.72873e-105
-1.1942e-104
1.20625e-104
5.47421e-104
-1.82204e-103
-1.08356e-104
1.17954e-102
-2.06455e-102
-3.70535e-102
1.92774e-101
-1.03667e-101
-9.99339e-101
2.28655e-100
2.25084e-100
-1.71911e-99
1.38683e-99
7.88661e-99
-2.00434e-98
-1.52752e-98
1.36571e-97
-1.11034e-97
-6.07151e-97
1.46259e-96
1.34266e-96
-9.79339e-96
5.64213e-96
4.53268e-95
-8.76729e-95
-1.30358e-94
6.19376e-94
-6.5098e-95
-3.12064e-93
3.9365e-93
1.13981e-92
-3.24932e-92
-2.16515e-92
1.8431e-91
-8.59443e-92
-8.12378e-91
1.23077e-90
2.69933e-90
-8.46708e-90
-4.82241e-90
4.42287e-89
-1.73135e-89
-1.89465e-88
2.42553e-88
6.59684e-88
-1.63942e-87
-1.64617e-87
8.59627e-87
7.04916e-88
-3.82661e-86
2.47906e-86
1.47916e-85
-2.08779e-85
-4.89666e-85
1.20463e-84
1.28686e-84
-5.82164e-84
-1.80827e-84
2.49796e-83
-6.86818e-84
-9.73464e-83
7.98673e-83
3.46965e-82
-4.91346e-82
-1.12534e-81
2.45013e-81
3.24764e-81
-1.0864e-80
-7.80712e-81
4.44376e-80
1.19477e-80
-1.70862e-79
1.76143e-80
6.24531e-79
-2.72575e-79
-2.18641e-78
1.64902e-78
7.37141e-78
-7.90234e-78
-2.40387e-77
3.36966e-77
7.61186e-77
-1.33434e-76
-2.34931e-76
5.0109e-76
7.09679e-76
-1.80634e-75
-2.10853e-75
6.29934e-75
6.19861e-75
-2.1365e-74
-1.81617e-74
7.07358e-74
5.34766e-74
-2.29209e-73
-1.59576e-73
7.28158e-73
4.85908e-73
-2.27004e-72
-1.51514e-72
6.94644e-72
4.83332e-72
-2.08554e-71
-1.56934e-71
6.13614e-71
5.14678e-71
-1.76577e-70
-1.69063e-70
4.9551e-70
5.51921e-70
-1.35023e-69
-1.77894e-69
3.55082e-69
5.63091e-69
-8.92847e-69
-1.74266e-68
2.11423e-68
5.25291e-68
-4.58406e-68
-1.53654e-67
8.53747e-68
4.34454e-67
-1.09614e-67
-1.18186e-66
-5.78617e-68
3.07431e-66
1.11722e-66
-7.58e-66
-5.41275e-66
1.74698e-65
1.99569e-65
-3.67105e-65
-6.3847e-65
6.6653e-65
1.84522e-64
-8.86313e-65
-4.88176e-64
6.20758e-66
1.1818e-63
5.15259e-64
-2.58391e-63
-2.43306e-63
4.92847e-63
8.1103e-63
-7.44231e-63
-2.25679e-62
5.44854e-63
5.45379e-62
1.69111e-62
-1.14143e-61
-1.01597e-61
1.97725e-61
3.39811e-61
-2.38118e-61
-8.88692e-61
-1.69847e-62
1.92093e-60
1.23484e-60
-3.34591e-60
-4.78876e-60
3.98741e-60
1.27567e-59
1.77468e-61
-2.654e-59
-1.86671e-59
4.18204e-59
6.79921e-59
-3.67499e-59
-1.65004e-58
-4.70616e-59
2.97023e-58
3.18259e-58
-3.48562e-58
-8.9989e-58
-1.65388e-59
1.75163e-57
1.43389e-57
-2.23988e-57
-4.60295e-57
4.95673e-58
9.21822e-57
6.85373e-57
-1.16004e-56
-2.29427e-56
1.7309e-57
4.43674e-56
3.63288e-56
-4.93714e-56
-1.11808e-55
-1.21875e-56
1.92768e-55
2.02716e-55
-1.57051e-55
-5.15167e-55
-2.14842e-55
7.11287e-55
1.08075e-54
-1.89174e-55
-2.09656e-54
-1.7834e-54
1.8552e-54
5.01701e-54
1.97565e-54
-6.62152e-54
-1.03913e-53
3.31132e-55
1.81577e-53
1.90764e-53
-1.00906e-53
-4.34546e-53
-3.11256e-53
3.84457e-53
9.56299e-53
4.42258e-53
-1.09113e-52
-1.99598e-52
-5.08847e-53
2.71063e-52
4.04248e-52
3.42742e-53
-6.23654e-52
-8.09652e-52
3.54194e-53
1.36575e-51
1.62889e-51
-1.95141e-52
-2.88847e-51
-3.32812e-51
4.42638e-52
5.93903e-51
6.93743e-51
-5.58185e-52
-1.18746e-50
-1.47149e-50
-4.48901e-52
2.29452e-50
3.14811e-50
5.85822e-51
-4.22353e-50
-6.70509e-50
-2.5009e-50
7.19809e-50
1.39938e-49
8.17811e-50
-1.0668e-49
-2.80835e-49
-2.31494e-49
1.12516e-49
5.28566e-49
5.88922e-49
2.37182e-50
-8.95818e-49
-1.35911e-48
-6.01369e-49
1.24905e-48
2.82233e-48
2.2829e-48
-9.95192e-49
-5.119e-48
-6.26696e-48
-1.5647e-48
7.47187e-48
1.40837e-47
1.02021e-47
-6.22566e-48
-2.59316e-47
-3.12587e-47
-8.79409e-48
3.53391e-47
7.06932e-47
5.82301e-47
-1.74195e-47
-1.20537e-46
-1.69627e-46
-8.77983e-47
1.23921e-46
3.44594e-46
3.76988e-46
8.32142e-47
-4.58956e-46
-9.05672e-46
-8.02934e-46
7.6381e-47
1.40812e-45
2.28966e-45
1.69245e-45
-7.29866e-46
-3.96448e-45
-5.72856e-45
-3.66543e-45
2.73597e-45
1.06738e-44
1.44563e-44
8.50478e-45
-8.05668e-45
-2.8012e-44
-3.72033e-44
-2.18192e-44
2.04846e-44
7.21424e-44
9.79108e-44
6.20022e-44
-4.46267e-44
-1.81813e-43
-2.6215e-43
-1.89623e-43
7.31684e-44
4.42685e-43
7.0556e-43
5.9988e-43
-2.10427e-44
-1.01346e-42
-1.87544e-42
-1.89639e-42
-5.42482e-43
2.05731e-42
4.80641e-42
5.83362e-42
3.33866e-42
-3.11158e-42
-1.14586e-41
-1.70631e-41
-1.43156e-41
1.36401e-43
2.3748e-41
4.61914e-41
5.15042e-41
2.52477e-41
-3.50153e-41
-1.10735e-40
-1.61557e-40
-1.38058e-40
-8.06359e-42
2.11992e-40
4.37327e-40
5.26051e-40
3.33086e-40
-2.00731e-40
-9.57832e-40
-1.60581e-39
-1.6673e-39
-7.21521e-40
1.30306e-39
3.86392e-39
5.74197e-39
5.3427e-39
1.40858e-39
-6.01897e-39
-1.47922e-38
-2.05663e-38
-1.79233e-38
-2.82603e-39
2.41586e-38
5.52074e-38
7.50048e-38
6.45746e-38
9.61647e-39
-8.84136e-38
-2.02822e-37
-2.7999e-37
-2.51339e-37
-6.11839e-38
2.94342e-37
7.3101e-37
1.06381e-36
1.03968e-36
4.27683e-37
-8.43513e-37
-2.54161e-36
-4.05037e-36
-4.43539e-36
-2.71728e-36
1.65173e-36
8.21588e-36
1.50737e-35
1.8871e-35
1.55182e-35
1.75169e-36
-2.26717e-35
-5.2802e-35
-7.74163e-35
-8.02738e-35
-4.46499e-35
3.88429e-35
1.62678e-34
2.9444e-34
3.75263e-34
3.29697e-34
9.00657e-35
-3.66236e-34
-9.74953e-34
-1.55477e-33
-1.81019e-33
-1.38864e-33
-2.53686e-36
2.39403e-33
5.41557e-33
8.11755e-33
9.02892e-33
6.43992e-33
-1.0059e-33
-1.34633e-32
-2.89701e-32
-4.28096e-32
-4.76135e-32
-3.46702e-32
3.28138e-33
6.79149e-32
1.50628e-31
2.28861e-31
2.65624e-31
2.1467e-31
3.31161e-32
-2.98392e-31
-7.50823e-31
-1.22386e-30
-1.53542e-30
-1.43646e-30
-6.62936e-31
9.69285e-31
3.43322e-30
6.3484e-30
8.87409e-30
9.70415e-30
7.23708e-30
-1.86367e-32
-1.27895e-29
-3.01994e-29
-4.89305e-29
-6.26908e-29
-6.24035e-29
-3.75621e-29
2.09055e-29
1.16218e-28
2.40234e-28
3.68048e-28
4.54667e-28
4.36442e-28
2.40175e-28
-1.97741e-28
-9.01518e-28
-1.81807e-27
-2.77815e-27
-3.4689e-27
-3.43569e-27
-2.13348e-27
9.53066e-28
6.11084e-27
1.31291e-26
2.09967e-26
2.76407e-26
2.982e-26
2.33235e-26
3.63162e-27
-3.28303e-26
-8.68067e-26
-1.53826e-25
-2.21688e-25
-2.68524e-25
-2.62428e-25
-1.63965e-25
6.71052e-26
4.59804e-25
1.0143e-24
1.67981e-24
2.33127e-24
2.7508e-24
2.623e-24
1.55572e-24
-8.60721e-25
-4.94422e-24
-1.07556e-23
-1.78821e-23
-2.51939e-23
-3.06202e-23
-3.1024e-23
-2.22837e-23
2.85634e-25
4.10309e-23
1.02464e-22
1.83129e-22
2.74918e-22
3.60156e-22
4.09038e-22
3.78369e-22
2.1293e-22
-1.48903e-22
-7.63514e-22
-1.66279e-21
-2.82641e-21
-4.14624e-21
-5.38588e-21
-6.14174e-21
-5.81657e-21
-3.62144e-21
1.37256e-21
1.01074e-20
2.33092e-20
4.11345e-20
6.26805e-20
8.537e-20
1.04263e-19
1.11395e-19
9.53245e-20
4.11398e-20
-6.8699e-20
-2.52254e-19
-5.24225e-19
-8.89796e-19
-1.33581e-18
-1.81922e-18
-2.2531e-18
-2.49162e-18
-2.31619e-18
-1.42681e-18
5.55562e-19
4.06748e-18
9.55203e-18
1.73661e-17
2.76328e-17
4.0026e-17
5.3479e-17
6.58168e-17
7.33258e-17
7.02986e-17
4.86244e-17
-2.45935e-18
-9.62781e-17
-2.48049e-16
-4.73298e-16
-7.84956e-16
-1.18864e-15
-1.67557e-15
-2.21263e-15
-2.7291e-15
-3.09986e-15
-3.12544e-15
-2.50994e-15
-8.3903e-16
2.43787e-15
8.01489e-15
1.67169e-14
2.94532e-14
4.71181e-14
7.04154e-14
9.95733e-14
1.33914e-13
1.71229e-13
2.06917e-13
2.32826e-13
2.35758e-13
1.95607e-13
8.31323e-14
-1.42573e-13
-5.36774e-13
-1.17165e-12
-2.13821e-12
-3.54681e-12
-5.52506e-12
-8.21127e-12
-1.1741e-11
-1.62232e-11
-2.17006e-11
-2.80883e-11
-3.50812e-11
-4.20178e-11
-4.76866e-11
-5.00521e-11
-4.58774e-11
-3.02076e-11
4.32651e-12
6.84369e-11
1.77406e-10
3.52696e-10
6.24031e-10
1.0321e-09
1.63197e-09
2.49751e-09
3.72686e-09
5.4494e-09
7.83439e-09
1.11017e-08
1.5535e-08
2.14983e-08
2.94553e-08
3.9994e-08
5.3856e-08
7.19715e-08
9.55016e-08
1.25889e-07
1.64919e-07
2.14788e-07
2.78193e-07
3.58424e-07
4.59486e-07
5.8623e-07
7.44515e-07
9.41387e-07
1.18529e-06
1.48632e-06
1.85648e-06
2.31002e-06
2.8638e-06
3.53769e-06
4.35505e-06
5.34326e-06
6.53428e-06
7.96538e-06
9.67984e-06
1.17278e-05
1.41671e-05
1.70646e-05
2.04968e-05
2.45516e-05
2.93294e-05
3.49447e-05
4.15275e-05
4.92257e-05
5.82061e-05
6.86575e-05
8.07922e-05
9.48488e-05
0.000111095
0.000129829
0.000151386
0.000176135
0.000204491
0.00023691
0.000273898
0.000316012
0.000363867
0.000418137
0.000479562
0.00054895
0.000627186
0.000715231
0.000814131
0.000925021
0.00104913
0.00118778
0.00134241
0.00151456
0.00170588
0.00191814
0.00215324
0.00241321
0.00270019
0.00301648
0.00336451
0.00374685
0.00416623
0.00462551
0.00512772
0.00567602
0.00627374
0.00692435
0.00763149
0.00839894
0.00923062
0.0101306
0.0111031
0.0121526
0.0132834
0.0145002
0.0158078
0.0172109
0.0187146
0.0203239
0.0220439
0.0238799
0.025837
0.0279206
0.0301359
0.0324885
0.0349835
0.0376263
0.0404222
0.0433763
0.046494
0.0497801
0.0532397
0.0568776
0.0606983
0.0647065
0.0689064
0.0733021
0.0778974
0.082696
0.0877009
0.0929167
0.0983391
0.103999
0.109784
0.116152
0.121295
0.132358
)
;

boundaryField
{
    sides
    {
        type            zeroGradient;
    }
    empty
    {
        type            empty;
    }
}


// ************************************************************************* //
