/*--------------------------------*- C++ -*----------------------------------*\
  =========                 |
  \\      /  F ield         | OpenFOAM: The Open Source CFD Toolbox
   \\    /   O peration     | Website:  https://openfoam.org
    \\  /    A nd           | Version:  7
     \\/     M anipulation  |
\*---------------------------------------------------------------------------*/
FoamFile
{
    version     2.0;
    format      ascii;
    class       volScalarField;
    location    "0.3";
    object      T;
}
// * * * * * * * * * * * * * * * * * * * * * * * * * * * * * * * * * * * * * //

dimensions      [0 0 0 1 0 0 0];

internalField   nonuniform List<scalar> 
1000
(
0
0
0
0
0
0
0
0
0
0
0
0
0
0
0
0
0
0
0
0
0
0
0
0
0
0
0
0
0
0
0
0
0
0
0
0
0
0
0
0
0
0
0
0
0
0
0
0
0
0
0
0
0
0
0
0
0
0
0
0
0
0
0
0
0
0
0
0
0
0
0
0
0
0
0
0
0
0
0
0
0
0
0
0
0
0
0
0
0
0
0
0
0
0
0
0
0
0
0
0
0
0
0
0
0
0
0
0
0
0
0
0
0
0
0
0
0
0
0
0
0
0
0
0
0
0
0
0
0
0
0
0
0
0
0
0
0
0
0
0
0
0
0
0
0
0
0
0
0
0
0
0
0
0
0
0
0
0
0
0
0
0
0
0
0
0
0
0
0
0
0
0
0
0
0
0
0
0
0
0
0
0
0
0
0
0
0
0
0
0
0
0
0
0
0
0
0
0
0
0
0
0
0
0
0
0
0
0
0
0
0
0
0
0
0
0
0
0
0
0
0
0
0
0
0
0
0
0
0
0
0
0
0
0
0
0
0
0
0
0
0
0
0
0
0
0
0
0
0
0
0
0
0
0
0
0
0
0
0
0
0
0
0
0
0
0
0
0
0
0
0
0
0
0
0
0
0
0
0
0
0
0
0
0
0
0
0
0
0
0
0
0
0
0
0
0
0
0
0
0
0
0
0
0
0
0
0
0
0
0
0
0
0
0
0
0
0
0
0
0
0
0
0
0
0
0
0
0
0
0
0
0
0
0
0
0
0
0
0
0
0
0
0
0
0
0
0
0
0
0
0
0
0
0
0
0
0
0
0
0
0
0
0
0
0
0
0
0
0
0
0
0
0
0
0
0
0
0
0
0
0
0
0
0
0
0
0
0
0
0
0
0
0
0
0
0
0
0
0
0
0
0
0
0
0
0
0
0
0
0
0
0
0
0
0
0
0
0
0
0
4.21272e-33
-1.09109e-30
1.36061e-28
-1.08743e-26
6.25505e-25
-2.75666e-23
9.67429e-22
-2.7739e-20
6.61499e-19
-1.32854e-17
2.26681e-16
-3.30463e-15
4.12917e-14
-4.42528e-13
4.0602e-12
-3.17359e-11
2.09425e-10
-1.14899e-09
5.10285e-09
-1.74219e-08
4.02421e-08
-3.2456e-08
-1.63506e-07
6.67616e-07
-5.84528e-07
-2.63803e-06
6.94951e-06
5.62746e-06
-3.66976e-05
-1.10209e-05
0.000155323
7.98137e-05
-0.000549872
-0.000714125
0.00117127
0.00384041
0.00198738
-0.00837133
-0.02188
-0.0221198
0.0104357
0.0869163
0.203855
0.345635
0.492207
0.626534
0.738427
0.824665
0.886986
0.929654
0.957555
0.975092
0.985744
0.992023
0.995626
0.997646
0.998754
0.999351
0.999667
0.999831
0.999915
0.999958
0.99998
0.99999
0.999995
0.999998
0.999999
0.999999
1
1
1
1
1
1
1
1
1
1
1
1
1
1
1
1
1
1
1
1
1
1
1
1
1
1
1
1
1
1
1
1
1
1
1
1
1
1
1
1
1
1
1
1
1
1
1
1
1
1
1
1
1
1
1
0.999999
1
1
0.999993
0.999994
1.00004
1.00001
0.999845
0.99992
1.00055
1.00071
0.998829
0.99616
0.998013
1.00837
1.02188
1.02212
0.989564
0.913084
0.796145
0.654365
0.507793
0.373466
0.261573
0.175335
0.113014
0.0703455
0.0424452
0.0249077
0.0142557
0.00797734
0.00437384
0.00235399
0.0012456
0.000648921
0.000333259
0.000168897
8.45525e-05
4.18477e-05
2.04923e-05
9.93528e-06
4.77213e-06
2.27212e-06
1.07289e-06
5.02678e-07
2.33785e-07
1.0797e-07
4.95344e-08
2.25822e-08
1.02333e-08
4.61081e-09
2.06614e-09
9.21026e-10
4.08515e-10
1.80327e-10
7.92343e-11
3.46614e-11
1.50985e-11
6.55004e-12
2.83038e-12
1.21842e-12
5.22585e-13
2.23348e-13
9.51315e-14
4.03861e-14
1.70903e-14
7.20984e-15
3.03249e-15
1.27177e-15
5.31858e-16
2.21816e-16
9.22649e-17
3.82788e-17
1.58413e-17
6.53977e-18
2.69341e-18
1.10672e-18
4.53728e-19
1.85609e-19
7.57662e-20
3.08635e-20
1.25467e-20
5.09042e-21
2.06127e-21
8.33091e-22
3.36084e-22
1.35337e-22
5.44026e-23
2.18309e-23
8.74558e-24
3.49774e-24
1.39663e-24
5.56787e-25
2.21626e-25
8.80832e-26
3.49556e-26
1.38518e-26
5.48119e-27
2.16587e-27
8.54659e-28
3.36795e-28
1.32545e-28
5.20947e-29
2.04489e-29
8.01682e-30
3.13905e-30
1.22764e-30
4.79539e-31
1.87099e-31
7.29153e-32
2.83842e-32
1.1037e-32
4.28699e-33
1.66337e-33
6.44709e-34
2.49625e-34
9.65536e-35
3.73088e-35
1.4402e-35
5.55409e-36
2.13985e-36
8.23654e-37
3.16739e-37
1.21691e-37
4.67114e-38
1.79143e-38
6.86429e-39
2.62794e-39
1.00523e-39
3.84193e-40
1.46714e-40
5.59811e-41
2.13432e-41
8.13077e-42
3.09502e-42
1.17722e-42
4.47427e-43
1.69925e-43
6.44868e-44
2.44548e-44
9.26709e-45
3.50923e-45
1.32792e-45
5.02147e-46
1.89753e-46
7.1656e-47
2.70411e-47
1.01978e-47
3.84331e-48
1.44751e-48
5.4483e-49
2.04939e-49
7.70403e-50
2.89429e-50
1.08668e-50
4.07754e-51
1.5291e-51
5.73083e-52
2.14657e-52
8.03569e-53
3.00644e-53
1.12419e-53
4.20127e-54
1.56922e-54
5.85801e-55
2.18566e-55
8.15045e-56
3.03775e-56
1.13161e-56
4.21322e-57
1.56787e-57
5.83158e-58
2.16793e-58
8.05541e-59
2.99169e-59
1.11054e-59
4.12045e-60
1.52808e-60
5.66428e-61
2.09865e-61
7.77201e-62
2.87692e-62
1.06445e-62
3.93666e-63
1.45525e-63
5.3772e-64
1.98602e-64
7.33204e-65
2.7057e-65
9.98045e-66
3.67992e-66
1.35627e-66
4.99657e-67
1.84002e-67
6.77324e-68
2.49227e-68
9.1669e-69
3.37037e-69
1.23869e-69
4.55073e-70
1.67121e-70
6.13503e-71
2.25132e-71
8.25842e-72
3.02827e-72
1.11002e-72
4.06735e-73
1.48982e-73
5.45508e-74
1.9967e-74
7.30589e-75
2.67227e-75
9.77097e-76
3.57146e-76
1.30498e-76
4.76669e-77
1.74054e-77
6.3534e-78
2.31838e-78
8.45711e-79
3.08402e-79
1.12428e-79
4.09722e-80
1.49269e-80
5.43639e-81
1.97933e-81
7.20425e-82
2.62136e-82
9.53527e-83
3.46743e-83
1.26052e-83
4.58105e-84
1.66437e-84
6.04516e-85
2.19502e-85
7.96792e-86
2.89151e-86
1.04902e-86
3.80466e-87
1.37952e-87
5.00055e-88
1.81213e-88
6.56507e-89
2.37778e-89
8.60966e-90
3.11662e-90
1.12788e-90
4.08067e-91
1.47599e-91
5.33729e-92
1.92951e-92
6.97364e-93
2.51977e-93
9.10233e-94
3.28726e-94
1.18688e-94
4.28422e-95
1.54607e-95
5.57799e-96
2.01197e-96
7.25538e-97
2.61574e-97
9.4281e-98
3.39743e-98
1.22398e-98
4.40856e-99
1.58751e-99
5.71528e-100
2.05711e-100
7.40249e-101
2.66318e-101
9.57909e-102
3.4447e-102
1.23846e-102
4.45158e-103
1.59975e-103
5.74772e-104
2.06464e-104
7.4148e-105
2.66232e-105
9.55719e-106
3.4301e-106
1.23082e-106
4.41558e-107
1.58377e-107
5.67945e-108
2.03625e-108
7.29908e-109
2.61587e-109
9.37298e-110
3.35777e-110
1.20265e-110
4.30664e-111
1.54189e-111
5.51931e-112
1.97529e-112
7.06793e-113
2.52854e-113
9.04409e-114
3.23428e-114
1.1564e-114
4.13386e-115
1.47749e-115
5.27971e-116
1.88632e-116
6.73818e-117
2.40652e-117
8.59327e-118
3.06795e-118
1.09512e-118
3.90836e-119
1.39461e-119
4.97545e-120
1.77475e-120
6.32943e-121
2.25693e-121
8.04628e-122
2.86813e-122
1.02218e-122
3.64236e-123
1.29767e-123
4.62246e-124
1.6463e-124
5.86237e-125
2.08721e-125
7.42995e-126
2.64445e-126
9.41053e-127
3.34829e-127
1.19114e-127
4.23673e-128
1.50671e-128
5.35749e-129
1.90469e-129
6.77046e-130
2.40627e-130
8.55075e-131
3.03806e-131
1.07925e-131
3.83337e-132
1.36136e-132
4.83394e-133
1.71618e-133
6.092e-134
2.16218e-134
7.6729e-135
2.72247e-135
9.65835e-136
3.42594e-136
1.21505e-136
4.30867e-137
1.52768e-137
5.41574e-138
1.91965e-138
6.80337e-139
2.41082e-139
8.54173e-140
3.02597e-140
1.07183e-140
3.79598e-141
1.3442e-141
4.7593e-142
1.68486e-142
5.96383e-143
2.11071e-143
7.46918e-144
2.64277e-144
9.3495e-145
3.30719e-145
1.1697e-145
4.13648e-146
1.46262e-146
5.171e-147
1.82794e-147
6.46091e-148
2.28333e-148
8.06845e-149
2.85073e-149
1.00708e-149
3.55731e-150
1.25639e-150
4.4368e-151
1.56662e-151
5.531e-152
1.95249e-152
6.89164e-153
2.43222e-153
8.58282e-154
3.02834e-154
1.06838e-154
3.76876e-155
1.32928e-155
4.68797e-156
1.65311e-156
5.82862e-157
2.05485e-157
7.24341e-158
2.55303e-158
8.99744e-159
3.17053e-159
1.11711e-159
3.93558e-160
1.38635e-160
4.88302e-161
1.71971e-161
6.05581e-162
2.13227e-162
7.50693e-163
2.64262e-163
9.30165e-164
3.27369e-164
1.15204e-164
4.05369e-165
1.42622e-165
5.01735e-166
1.76488e-166
6.20743e-167
2.18304e-167
7.67652e-168
2.69912e-168
9.48929e-169
3.3358e-169
1.17252e-169
4.12094e-170
1.4482e-170
5.08878e-171
1.78795e-171
6.28134e-172
2.20651e-172
7.75022e-173
2.72194e-173
9.55874e-174
3.35644e-174
1.17846e-174
4.13718e-175
1.45229e-175
5.09752e-176
1.78905e-176
6.2783e-177
2.20303e-177
7.7296e-178
2.71176e-178
9.5127e-179
3.33668e-179
1.17026e-179
4.10404e-180
1.43913e-180
5.04597e-181
1.76909e-181
6.20175e-182
2.1739e-182
7.61943e-183
2.67034e-183
9.35771e-184
3.27893e-184
1.1491e-184
3.85753e-185
)
;

boundaryField
{
    sides
    {
        type            zeroGradient;
    }
    empty
    {
        type            empty;
    }
}


// ************************************************************************* //
