/*--------------------------------*- C++ -*----------------------------------*\
  =========                 |
  \\      /  F ield         | OpenFOAM: The Open Source CFD Toolbox
   \\    /   O peration     | Website:  https://openfoam.org
    \\  /    A nd           | Version:  7
     \\/     M anipulation  |
\*---------------------------------------------------------------------------*/
FoamFile
{
    version     2.0;
    format      ascii;
    class       volScalarField;
    location    "3.15";
    object      T;
}
// * * * * * * * * * * * * * * * * * * * * * * * * * * * * * * * * * * * * * //

dimensions      [0 0 0 1 0 0 0];

internalField   nonuniform List<scalar> 
1000
(
9.15626e-183
9.24874e-183
9.58649e-183
1.05383e-182
1.30181e-182
1.92925e-182
3.49819e-182
7.40176e-182
1.70917e-181
4.11171e-181
1.00643e-180
2.48051e-180
6.12921e-180
1.51569e-179
3.74843e-179
9.2683e-179
2.29093e-178
5.66065e-178
1.39815e-177
3.45199e-177
8.51952e-177
2.10178e-176
5.18304e-176
1.27764e-175
3.14817e-175
7.75412e-175
1.90911e-174
4.69844e-174
1.15585e-173
2.84229e-173
6.98651e-173
1.71662e-172
4.21608e-172
1.03506e-171
2.54005e-171
6.23072e-171
1.52776e-170
3.74447e-170
9.17371e-170
2.24656e-169
5.4993e-169
1.3456e-168
3.29108e-168
8.04597e-168
1.96623e-167
4.80291e-167
1.17271e-166
2.86213e-166
6.98237e-166
1.70267e-165
4.15019e-165
1.01116e-164
2.46253e-164
5.99453e-164
1.45861e-163
3.54759e-163
8.62457e-163
2.0958e-162
5.09062e-162
1.23595e-161
2.99941e-161
7.27576e-161
1.76412e-160
4.27545e-160
1.03572e-159
2.50788e-159
6.06981e-159
1.46841e-158
3.55077e-158
8.58223e-158
2.07338e-157
5.0068e-157
1.20848e-156
2.91556e-156
7.03078e-156
1.69466e-155
4.08283e-155
9.83191e-155
2.36653e-154
5.69353e-154
1.36914e-153
3.29086e-153
7.90617e-153
1.89853e-152
4.55682e-152
1.0932e-151
2.62138e-151
6.28278e-151
1.5051e-150
3.60388e-150
8.6251e-150
2.06323e-149
4.93311e-149
1.17891e-148
2.81599e-148
6.72305e-148
1.60431e-147
3.82645e-147
9.12197e-147
2.17353e-146
5.17639e-146
1.23217e-145
2.93156e-145
6.9712e-145
1.65691e-144
3.93612e-144
9.34586e-144
2.21794e-143
5.26088e-143
1.24722e-142
2.95535e-142
6.99921e-142
1.65678e-141
3.91974e-141
9.26882e-141
2.19061e-140
5.17462e-140
1.2217e-139
2.88285e-139
6.79911e-139
1.6027e-138
3.7759e-138
8.89118e-138
2.09251e-137
4.92199e-137
1.15713e-136
2.71888e-136
6.38504e-136
1.49865e-135
3.51563e-135
8.24269e-135
1.93151e-134
4.52363e-134
1.05886e-133
2.47713e-133
5.79189e-133
1.35347e-132
3.1611e-132
7.37876e-132
1.72141e-131
4.01368e-131
9.35311e-131
2.17833e-130
5.07042e-130
1.17955e-129
2.74248e-129
6.37264e-129
1.47995e-128
3.43497e-128
7.96799e-128
1.84723e-127
4.27999e-127
9.91083e-127
2.29363e-126
5.30493e-126
1.22626e-125
2.83286e-125
6.54053e-125
1.50918e-124
3.48025e-124
8.02082e-124
1.84742e-123
4.25258e-123
9.78307e-123
2.24923e-122
5.16809e-122
1.18675e-121
2.72347e-121
6.24626e-121
1.43169e-120
3.2795e-120
7.50755e-120
1.71758e-119
3.92705e-119
8.97309e-119
2.04901e-118
4.67598e-118
1.06642e-117
2.43055e-117
5.53611e-117
1.26016e-116
2.86663e-116
6.51681e-116
1.48054e-115
3.36141e-115
7.62678e-115
1.72933e-114
3.91858e-114
8.87352e-114
2.00806e-113
4.54118e-113
1.0263e-112
2.31787e-112
5.23137e-112
1.17991e-111
2.65945e-111
5.99019e-111
1.34833e-110
3.03288e-110
6.81739e-110
1.53139e-109
3.43758e-109
7.7112e-109
1.72858e-108
3.8722e-108
8.66808e-108
1.93903e-107
4.33453e-107
9.68264e-107
2.16142e-106
4.82144e-106
1.07475e-105
2.39401e-105
5.32886e-105
1.18531e-104
2.6346e-104
5.85173e-104
1.29879e-103
2.88056e-103
6.38407e-103
1.41384e-102
3.12884e-102
6.91903e-102
1.52892e-101
3.376e-101
7.44895e-101
1.64234e-100
3.61829e-100
7.96558e-100
1.75227e-99
3.85174e-99
8.4602e-99
1.85683e-98
4.0722e-98
8.92386e-98
1.95407e-97
4.27553e-97
9.34763e-97
2.04208e-96
4.45764e-96
9.72287e-96
2.11905e-95
4.61469e-95
1.00415e-94
2.18327e-94
4.74316e-94
1.02962e-93
2.23326e-93
4.84003e-93
1.0481e-92
2.26779e-92
4.90284e-92
1.05909e-91
2.28593e-91
4.92983e-91
1.06228e-90
2.2871e-90
4.92e-90
1.0575e-89
2.27107e-89
4.87318e-89
1.04478e-88
2.23803e-88
4.79e-88
1.02431e-87
2.18853e-87
4.67195e-87
9.96474e-87
2.12351e-86
4.52129e-86
9.61809e-86
2.04424e-85
4.341e-85
9.21006e-85
1.9523e-84
4.13469e-84
8.74878e-84
1.84953e-83
3.90643e-83
8.24337e-83
1.73793e-82
3.66069e-82
7.7036e-82
1.61966e-81
3.40213e-81
7.13961e-81
1.4969e-80
3.13547e-80
6.56152e-80
1.37182e-79
2.86534e-79
5.97919e-79
1.24651e-78
2.59615e-78
5.4019e-78
1.12291e-77
2.33195e-77
4.83808e-77
1.00277e-76
2.07637e-76
4.29515e-76
8.87612e-76
1.83247e-75
3.77936e-75
7.7869e-75
1.60278e-74
3.2957e-74
6.76988e-74
1.38923e-73
2.84788e-73
5.83211e-73
1.19312e-72
2.43834e-72
4.97798e-72
1.01522e-71
2.06831e-71
4.20936e-71
8.55775e-71
1.73798e-70
3.52588e-70
7.14545e-70
1.44653e-69
2.92522e-69
5.90912e-69
1.19239e-68
2.40348e-68
4.83939e-68
9.73343e-68
1.95553e-67
3.92449e-67
7.86724e-67
1.57536e-66
3.15102e-66
6.29559e-66
1.25642e-65
2.50462e-65
4.98721e-65
9.91926e-65
1.97063e-64
3.91051e-64
7.75106e-64
1.53457e-63
3.03467e-63
5.99416e-63
1.1826e-62
2.33044e-62
4.58698e-62
9.01781e-62
1.77076e-61
3.47298e-61
6.80337e-61
1.33114e-60
2.60137e-60
5.07753e-60
9.89864e-60
1.92739e-59
3.74826e-59
7.28044e-59
1.41237e-58
2.73654e-58
5.29559e-58
1.02349e-57
1.97565e-57
3.80882e-57
7.33366e-57
1.41026e-56
2.70849e-56
5.19516e-56
9.95206e-56
1.904e-55
3.63799e-55
6.9421e-55
1.32298e-54
2.51797e-54
4.78602e-54
9.08505e-54
1.72229e-53
3.26067e-53
6.16493e-53
1.16404e-52
2.19496e-52
4.1333e-52
7.77286e-52
1.45973e-51
2.73763e-51
5.1272e-51
9.58934e-51
1.79101e-50
3.34046e-50
6.22172e-50
1.1572e-49
2.14931e-49
3.98638e-49
7.3832e-49
1.36551e-48
2.52191e-48
4.65098e-48
8.56518e-48
1.57509e-47
2.89231e-47
5.30344e-47
9.71044e-47
1.77536e-46
3.24114e-46
5.90842e-46
1.07549e-45
1.95477e-45
3.54764e-45
6.42891e-45
1.16328e-44
2.10175e-44
3.7916e-44
6.82978e-44
1.22838e-43
2.20595e-43
3.95546e-43
7.0816e-43
1.26589e-42
2.2594e-42
4.02639e-42
7.16411e-42
1.27272e-41
2.25747e-41
3.99787e-41
7.06889e-41
1.24792e-40
2.19955e-40
3.87069e-40
6.80064e-40
1.19293e-39
2.08921e-39
3.65298e-39
6.37692e-39
1.1114e-38
1.93383e-38
3.35938e-38
5.82623e-38
1.00879e-37
1.74381e-37
3.00939e-37
5.18485e-37
8.91806e-37
1.53137e-36
2.62519e-36
4.49275e-36
7.67593e-36
1.30923e-35
2.22928e-35
3.78943e-35
6.43046e-35
1.08935e-34
1.84225e-34
3.11015e-34
5.24162e-34
8.81857e-34
1.48108e-33
2.48314e-33
4.15591e-33
6.94339e-33
1.15802e-32
1.92795e-32
3.20412e-32
5.31564e-32
8.80302e-32
1.45524e-31
2.40141e-31
3.95568e-31
6.50426e-31
1.06757e-30
1.74909e-30
2.86052e-30
4.66973e-30
7.60943e-30
1.23772e-29
2.00958e-29
3.25681e-29
5.2685e-29
8.50718e-29
1.37115e-28
2.20591e-28
3.54232e-28
5.67786e-28
9.08402e-28
1.45066e-27
2.3123e-27
3.67888e-27
5.84219e-27
9.26026e-27
1.46507e-26
2.31354e-26
3.64652e-26
5.73671e-26
9.008e-26
1.4118e-25
2.20849e-25
3.44821e-25
5.37362e-25
8.35825e-25
1.29759e-24
2.01061e-24
3.10951e-24
4.7998e-24
7.39475e-24
1.13708e-23
1.74511e-23
2.67314e-23
4.08681e-23
6.23604e-23
9.49721e-23
1.44359e-22
2.19004e-22
3.31604e-22
5.01126e-22
7.55841e-22
1.13781e-21
1.7095e-21
2.56343e-21
3.83645e-21
5.73048e-21
8.54292e-21
1.27109e-20
1.88754e-20
2.7975e-20
4.13804e-20
6.10901e-20
9.00115e-20
1.32366e-19
1.94269e-19
2.84564e-19
4.16012e-19
6.06991e-19
8.83909e-19
1.28464e-18
1.86339e-18
2.69759e-18
3.89758e-18
5.62036e-18
8.08875e-18
1.16184e-17
1.66557e-17
2.38301e-17
3.40281e-17
4.84953e-17
6.8978e-17
9.792e-17
1.38734e-16
1.96175e-16
2.76856e-16
3.89957e-16
5.48189e-16
7.69123e-16
1.07699e-15
1.50516e-15
2.09946e-15
2.92271e-15
4.06086e-15
5.63127e-15
7.7938e-15
1.07659e-14
1.48425e-14
2.04231e-14
2.80477e-14
3.84442e-14
5.25928e-14
7.18096e-14
9.78592e-14
1.33102e-13
1.80689e-13
2.44818e-13
3.31071e-13
4.46857e-13
6.01982e-13
8.09409e-13
1.08624e-12
1.45496e-12
1.94515e-12
2.59556e-12
3.45687e-12
4.59529e-12
6.09707e-12
8.0744e-12
1.06728e-11
1.4081e-11
1.85426e-11
2.43721e-11
3.19745e-11
4.187e-11
5.47259e-11
7.1396e-11
9.29714e-11
1.20843e-10
1.56779e-10
2.03027e-10
2.62433e-10
3.386e-10
4.36072e-10
5.60577e-10
7.19316e-10
9.21326e-10
1.17793e-09
1.50326e-09
1.91499e-09
2.43509e-09
3.09087e-09
3.91623e-09
4.95311e-09
6.25333e-09
7.88081e-09
9.91423e-09
1.24502e-08
1.56073e-08
1.95305e-08
2.43969e-08
3.04225e-08
3.78701e-08
4.70587e-08
5.83753e-08
7.22878e-08
8.93614e-08
1.10277e-07
1.35855e-07
1.6708e-07
2.05129e-07
2.51416e-07
3.07624e-07
3.75762e-07
4.58219e-07
5.57831e-07
6.77959e-07
8.22581e-07
9.96393e-07
1.20493e-06
1.4547e-06
1.75335e-06
2.10985e-06
2.53467e-06
3.04006e-06
3.64029e-06
4.35197e-06
5.19439e-06
6.18989e-06
7.36435e-06
8.74765e-06
1.03742e-05
1.22838e-05
1.45218e-05
1.71405e-05
2.01997e-05
2.37677e-05
2.79224e-05
3.27525e-05
3.83586e-05
4.48552e-05
5.23716e-05
6.10541e-05
7.10676e-05
8.2598e-05
9.58543e-05
0.000111071
0.00012851
0.000148465
0.000171264
0.000197272
0.000226894
0.000260581
0.000298832
0.0003422
0.000391292
0.000446782
0.000509407
0.00057998
0.000659388
0.000748606
0.000848693
0.00096081
0.00108621
0.00122628
0.00138248
0.00155642
0.00174984
0.0019646
0.00220272
0.00246635
0.00275781
0.00307957
0.00343427
0.00382474
0.00425396
0.00472511
0.00524157
0.0058069
0.00642485
0.00709939
0.00783467
0.00863506
0.00950511
0.0104496
0.0114735
0.0125819
0.0137803
0.0150741
0.0164692
0.0179712
0.0195865
0.021321
0.0231812
0.0251736
0.0273047
0.0295812
0.0320097
0.0345972
0.0373505
0.0402762
0.0433813
0.0466726
0.0501566
0.05384
0.0577293
0.0618308
0.0661506
0.0706945
0.0754684
0.0804774
0.0857268
0.0912212
0.0969649
0.102962
0.109216
0.11573
0.122506
0.129546
0.136853
0.144426
0.152267
0.160375
0.168749
0.177387
0.186288
0.195449
0.204866
0.214535
0.224452
0.23461
0.245004
0.255627
0.266472
0.27753
0.288793
0.300252
0.311897
0.323717
0.335702
0.347841
0.360121
0.37253
0.385056
0.397686
0.410406
0.423204
0.436065
0.448975
0.46192
0.474886
0.487859
0.500825
0.513769
0.526676
0.539534
0.552327
0.565042
0.577666
0.590184
0.602585
0.614854
0.626979
0.638948
0.65075
0.662372
0.673804
0.685034
0.696053
0.706851
0.717418
0.727745
0.737824
0.747646
0.757203
0.766489
0.775496
0.784217
0.792647
0.80078
0.80861
0.816132
0.823341
0.830233
0.836804
0.843049
0.848965
0.854548
0.859795
0.864703
0.86927
0.873492
0.877367
0.880892
0.884066
0.886886
0.88935
0.891456
0.893203
0.894589
0.895611
0.89627
0.896564
0.896491
0.89605
0.895241
0.894062
0.892514
0.890596
0.888308
0.885649
0.882621
0.879224
0.875458
0.871325
0.866827
0.861965
0.856742
0.85116
0.845223
0.838933
0.832296
0.825314
0.817994
0.81034
0.802358
0.794055
0.785437
0.776513
0.76729
0.757776
0.74798
0.737912
0.727583
0.717001
0.706179
0.695128
0.68386
0.672387
0.660721
0.648876
0.636865
0.624701
0.6124
0.599974
0.587439
0.574808
0.562097
0.549321
0.536493
0.52363
0.510745
0.497853
0.48497
0.472109
0.459284
0.44651
0.433801
0.421169
0.408627
0.396189
0.383867
0.371672
0.359615
0.347709
0.335962
0.324385
0.312987
0.301776
0.290761
0.27995
0.269348
0.258964
0.248801
0.238865
0.229162
0.219694
0.210465
0.201478
0.192734
0.184236
0.175985
0.167981
0.160223
0.152713
0.145448
0.138427
0.131648
0.12511
0.118809
0.112742
0.106907
0.101299
0.0959152
0.0907505
0.0858007
0.0810612
0.0765272
0.0721938
0.0680556
0.0641075
0.0603441
0.0567599
0.0533495
0.0501072
0.0470274
0.0441046
0.0413332
0.0387077
0.0362224
0.033872
0.031651
0.029554
0.027576
0.0257116
0.0239559
0.0223039
0.0207507
0.0192918
0.0179225
0.0166384
0.0154352
0.0143087
0.0132549
0.0122699
0.01135
0.0104915
0.00969107
0.00894533
0.00825112
0.00760538
0.00700521
0.00644785
0.00593065
0.00545109
0.00500679
0.00459548
0.00421501
0.00386334
0.00353854
0.0032388
0.00296239
0.00270769
0.00247318
0.00225742
0.00205907
0.00187685
0.00170959
0.00155617
0.00141555
0.00128676
0.0011689
0.00106111
0.000962612
0.000872667
0.000790594
0.000715759
0.000647574
0.000585493
0.000529011
0.00047766
0.000431007
0.000388654
0.000350231
0.000315399
0.000283845
0.00025528
0.00022944
0.000206081
0.00018498
0.000165931
0.000148748
0.000133258
0.000119305
0.000106744
9.5444e-05
8.5286e-05
7.61605e-05
6.79683e-05
6.0619e-05
5.40307e-05
4.81294e-05
4.28493e-05
3.81345e-05
3.39443e-05
3.02691e-05
2.71746e-05
2.49214e-05
)
;

boundaryField
{
    sides
    {
        type            zeroGradient;
    }
    empty
    {
        type            empty;
    }
}


// ************************************************************************* //
