/*--------------------------------*- C++ -*----------------------------------*\
  =========                 |
  \\      /  F ield         | OpenFOAM: The Open Source CFD Toolbox
   \\    /   O peration     | Website:  https://openfoam.org
    \\  /    A nd           | Version:  7
     \\/     M anipulation  |
\*---------------------------------------------------------------------------*/
FoamFile
{
    version     2.0;
    format      ascii;
    class       volScalarField;
    location    "2.63";
    object      T;
}
// * * * * * * * * * * * * * * * * * * * * * * * * * * * * * * * * * * * * * //

dimensions      [0 0 0 1 0 0 0];

internalField   nonuniform List<scalar> 
1000
(
0
0
0
0
0
0
0
0
0
0
0
0
0
0
0
0
0
0
0
0
0
0
0
0
0
0
0
0
0
0
0
0
0
0
0
0
0
0
0
0
0
0
0
0
0
0
0
0
0
0
0
0
0
0
0
0
0
0
0
0
0
0
0
0
0
0
0
0
0
0
0
0
0
0
0
0
0
0
0
0
0
0
0
0
0
0
0
0
0
0
0
0
0
0
0
0
0
0
0
0
0
0
0
0
0
0
0
0
0
0
0
0
0
0
0
0
0
0
0
0
0
0
0
0
0
0
0
0
0
0
0
0
0
0
0
0
0
0
0
0
0
0
0
0
0
0
0
0
0
0
0
0
0
0
0
0
0
0
-1.97626e-323
-4.64273e-320
-8.79071e-317
-1.60818e-313
-2.83807e-310
-4.82352e-307
-7.88054e-304
-1.23515e-300
-1.85305e-297
-2.65448e-294
-3.62064e-291
-4.68755e-288
-5.74001e-285
-6.62076e-282
-7.15916e-279
-7.21667e-276
-6.73602e-273
-5.77387e-270
-4.4977e-267
-3.14071e-264
-1.92919e-261
-1.01352e-258
-4.34494e-256
-1.37954e-253
-2.35127e-251
3.53736e-249
3.24385e-246
4.46226e-244
-2.22734e-241
-5.98023e-239
1.95826e-236
4.12443e-234
-2.36372e-231
1.49835e-229
1.68546e-226
-7.73148e-224
2.02439e-221
-3.94568e-219
6.25127e-217
-8.41511e-215
9.88801e-213
-1.03294e-210
9.72248e-209
-8.33036e-207
6.55052e-205
-4.75885e-203
3.21181e-201
-2.02331e-199
1.19453e-197
-6.63252e-196
3.47419e-194
-1.72151e-192
8.08926e-191
-3.61248e-189
1.53624e-187
-6.23239e-186
2.41603e-184
-8.96308e-183
3.18652e-181
-1.08701e-179
3.56218e-178
-1.12264e-176
3.40599e-175
-9.95714e-174
2.80734e-172
-7.63976e-171
2.00827e-169
-5.10311e-168
1.25432e-166
-2.98415e-165
6.87584e-164
-1.53522e-162
3.32339e-161
-6.97869e-160
1.42217e-158
-2.81389e-157
5.40777e-156
-1.00985e-154
1.8331e-153
-3.23557e-152
5.5552e-151
-9.28033e-150
1.50893e-148
-2.38856e-147
3.68193e-146
-5.52829e-145
8.08688e-144
-1.15275e-142
1.60155e-141
-2.16907e-140
2.86423e-139
-3.68815e-138
4.63167e-137
-5.67348e-136
6.77943e-135
-7.90338e-134
8.9897e-133
-9.97753e-132
1.08062e-130
-1.14213e-129
1.17805e-128
-1.18585e-127
1.16497e-126
-1.1169e-125
1.045e-124
-9.54131e-124
8.50083e-123
-7.39002e-122
6.26789e-121
-5.18609e-120
4.18547e-119
-3.29432e-118
2.5283e-117
-1.89166e-116
1.37945e-115
-9.80179e-115
6.78432e-114
-4.57259e-113
2.99989e-112
-1.9149e-111
1.18869e-110
-7.17183e-110
4.20292e-109
-2.39063e-108
1.31871e-107
-7.04743e-107
3.64471e-106
-1.82162e-105
8.78432e-105
-4.07907e-104
1.81952e-103
-7.77236e-103
3.16665e-102
-1.22385e-101
4.45207e-101
-1.50649e-100
4.6488e-100
-1.25893e-99
2.71746e-99
-2.98942e-99
-1.09061e-98
9.50319e-98
-4.34554e-97
1.49123e-96
-3.9223e-96
6.61016e-96
3.10153e-96
-8.11079e-95
3.93712e-94
-1.24735e-93
2.57934e-93
-1.14356e-93
-1.83312e-92
9.88371e-92
-3.02041e-91
5.20011e-91
3.02687e-91
-5.95221e-90
2.38145e-89
-5.27107e-89
2.30375e-89
3.49094e-88
-1.64753e-87
3.85171e-87
-1.97351e-87
-2.35632e-86
1.07893e-85
-2.25835e-85
-1.58274e-87
1.77775e-84
-6.48463e-84
9.62125e-84
1.54535e-83
-1.26462e-82
3.16755e-82
-1.26851e-82
-1.90978e-81
7.13537e-81
-9.02518e-81
-2.26931e-80
1.34163e-79
-2.48136e-79
-1.9371e-79
2.28264e-78
-5.26067e-78
-5.73357e-79
3.69924e-77
-9.74746e-77
1.76344e-77
5.92439e-76
-1.65287e-75
3.97088e-76
9.56806e-75
-2.60503e-74
2.79392e-75
1.55696e-73
-3.7967e-73
-8.66772e-74
2.50176e-72
-4.98195e-72
-4.20119e-72
3.84362e-71
-5.51273e-71
-1.11927e-70
5.42542e-70
-4.19858e-70
-2.28345e-69
6.66642e-69
5.10497e-70
-3.79827e-68
6.43435e-68
9.64441e-68
-5.12814e-67
3.31231e-67
2.20329e-66
-5.2559e-66
-3.43137e-66
3.26586e-65
-3.07022e-65
-1.23407e-64
3.31583e-64
1.66066e-64
-1.89104e-63
1.66544e-63
7.21967e-63
-1.72424e-62
-1.41214e-62
1.003e-61
-4.85905e-62
-4.23461e-61
6.95818e-61
1.24569e-60
-4.5417e-60
-1.17966e-60
2.20381e-59
-1.56017e-59
-8.54513e-59
1.46671e-58
2.5451e-58
-8.63905e-58
-4.19743e-58
4.1055e-57
-1.284e-57
-1.67573e-56
1.72717e-56
5.95289e-56
-1.11575e-55
-1.79832e-55
5.71834e-55
4.15792e-55
-2.57415e-54
-3.51356e-55
1.05937e-53
-3.5881e-54
-4.06902e-53
3.14421e-53
1.47719e-52
-1.78372e-52
-5.11367e-52
8.55871e-52
1.7003e-51
-3.73667e-51
-5.46944e-51
1.53261e-50
1.71688e-50
-6.00913e-50
-5.32149e-50
2.2766e-49
1.65553e-49
-8.39222e-49
-5.27791e-49
3.02347e-48
1.76076e-48
-1.06719e-47
-6.22565e-48
3.69303e-47
2.32753e-47
-1.25172e-46
-9.05477e-47
4.14394e-46
3.58787e-46
-1.33356e-45
-1.42018e-45
4.14034e-45
5.53411e-45
-1.22571e-44
-2.10111e-44
3.39283e-44
7.71266e-44
-8.45743e-44
-2.71911e-43
1.72972e-43
9.14257e-43
-1.90123e-43
-2.90565e-42
-6.29348e-43
8.6143e-42
5.82802e-42
-2.32965e-41
-2.89461e-41
5.49377e-41
1.14939e-40
-9.99211e-41
-3.9391e-40
6.42045e-41
1.18329e-39
5.39794e-40
-3.0618e-39
-3.52512e-39
6.36619e-39
1.43068e-38
-7.9281e-39
-4.57033e-38
-1.13418e-38
1.18085e-37
1.21461e-37
-2.28845e-37
-5.13467e-37
2.03459e-37
1.55446e-36
7.66923e-37
-3.49345e-36
-5.10163e-36
4.69027e-36
1.76917e-35
4.05281e-36
-4.23288e-35
-5.0933e-35
5.99298e-35
1.9002e-34
3.67876e-35
-4.46725e-34
-5.53916e-34
5.48387e-34
1.97422e-33
7.5205e-34
-4.09863e-33
-6.39775e-33
2.95688e-33
1.9095e-32
1.47102e-32
-2.94603e-32
-7.04693e-32
-1.27842e-32
1.5443e-31
2.19379e-31
-9.82058e-32
-6.45495e-31
-5.83006e-31
7.81256e-31
2.38344e-30
1.27933e-30
-3.88703e-30
-8.16802e-30
-1.97842e-30
1.62185e-29
2.68694e-29
1.22846e-32
-6.15852e-29
-8.72237e-29
1.5638e-29
2.20668e-28
2.85884e-28
-7.81614e-29
-7.59445e-28
-9.60429e-28
2.5091e-28
2.52584e-27
3.31818e-27
-4.7267e-28
-8.08665e-27
-1.16805e-26
-7.08666e-28
2.4545e-26
4.11149e-26
1.30792e-26
-6.83511e-26
-1.41236e-25
-8.61548e-26
1.62103e-25
4.59923e-25
4.31233e-25
-2.53698e-25
-1.3653e-24
-1.82472e-24
-2.61621e-25
3.44545e-24
6.66366e-24
4.53571e-24
-6.04894e-24
-2.05789e-23
-2.45926e-23
-1.393e-24
4.95042e-23
9.47362e-23
7.22202e-23
-6.42154e-23
-2.73403e-22
-3.84401e-22
-1.60246e-22
4.98756e-22
1.30059e-21
1.48516e-21
1.83889e-22
-2.74298e-21
-5.81077e-21
-5.83572e-21
4.42472e-22
1.30476e-20
2.54604e-20
2.4612e-20
-2.63288e-21
-5.65352e-20
-1.11259e-19
-1.13589e-19
-6.20776e-21
2.22391e-19
4.81328e-19
5.58466e-19
1.91861e-19
-7.45127e-19
-1.9969e-18
-2.76851e-18
-1.87537e-18
1.63439e-18
7.44816e-18
1.29945e-17
1.33138e-17
2.70819e-18
-2.1435e-17
-5.35331e-17
-7.60576e-17
-6.12094e-17
1.81337e-17
1.67451e-16
3.45198e-16
4.4676e-16
3.17569e-16
-1.86404e-16
-1.08747e-15
-2.15108e-15
-2.79309e-15
-2.12847e-15
7.37781e-16
6.13565e-15
1.30625e-14
1.85114e-14
1.73876e-14
3.60581e-15
-2.71767e-14
-7.3243e-14
-1.21886e-13
-1.46034e-13
-1.05709e-13
4.20054e-14
3.21908e-13
7.09289e-13
1.09473e-12
1.2593e-12
8.82079e-13
-3.94149e-13
-2.81672e-12
-6.29147e-12
-1.00941e-11
-1.2603e-11
-1.1193e-11
-2.48267e-12
1.68465e-11
4.84813e-11
9.01223e-11
1.32581e-10
1.56981e-10
1.33253e-10
2.16726e-11
-2.20368e-10
-6.24064e-10
-1.18569e-09
-1.83374e-09
-2.38961e-09
-2.529e-09
-1.75751e-09
5.79013e-10
5.2213e-09
1.28264e-08
2.36639e-08
3.71461e-08
5.11774e-08
6.13385e-08
5.99756e-08
3.53476e-08
-2.89053e-08
-1.53555e-07
-3.62242e-07
-6.77764e-07
-1.11512e-06
-1.66994e-06
-2.30065e-06
-2.90244e-06
-3.2708e-06
-3.05235e-06
-1.68027e-06
1.70798e-06
8.3731e-06
2.00987e-05
3.93396e-05
6.9395e-05
0.000114606
0.000180577
0.000274418
0.000405003
0.000583243
0.000822363
0.00113817
0.00154934
0.00207762
0.00274806
0.00358916
0.00463301
0.00591525
0.0074751
0.0093552
0.0116014
0.0142623
0.0173891
0.0210349
0.0252538
0.0301009
0.0356308
0.041897
0.0489511
0.0568418
0.0656138
0.0753071
0.0859561
0.0975884
0.110224
0.123877
0.138549
0.154236
0.170925
0.188591
0.207201
0.226714
0.247078
0.268236
0.290119
0.312655
0.335764
0.359361
0.383357
0.407661
0.432178
0.456814
0.481474
0.506066
0.530499
0.554685
0.57854
0.601985
0.624949
0.647362
0.669165
0.690303
0.71073
0.730405
0.749296
0.767377
0.784628
0.801039
0.816602
0.831317
0.845191
0.858232
0.870455
0.881881
0.89253
0.902428
0.911603
0.920086
0.927907
0.935099
0.941695
0.94773
0.953237
0.95825
0.962801
0.966924
0.970648
0.974006
0.977025
0.979734
0.982159
0.984324
0.986254
0.987969
0.989491
0.990838
0.992027
0.993076
0.993997
0.994804
0.995508
0.99612
0.996648
0.997098
0.997475
0.997783
0.998023
0.998193
0.99829
0.998307
0.998236
0.998064
0.997776
0.997353
0.996772
0.996007
0.995027
0.9938
0.992286
0.990445
0.988232
0.985599
0.982495
0.978869
0.974667
0.969833
0.964315
0.958058
0.951012
0.943128
0.934361
0.924672
0.914027
0.902398
0.889764
0.876114
0.861444
0.845757
0.82907
0.811405
0.792796
0.773284
0.75292
0.731763
0.70988
0.687344
0.664235
0.640638
0.616642
0.592339
0.567822
0.543186
0.518525
0.493933
0.469501
0.445315
0.42146
0.398015
0.375051
0.352638
0.330835
0.309697
0.28927
0.269595
0.250704
0.232623
0.215372
0.198961
0.183398
0.168683
0.154809
0.141768
0.129545
0.118119
0.10747
0.0975719
0.0883965
0.0799141
0.0720932
0.0649012
0.0583047
0.0522699
0.0467629
0.0417502
0.0371988
0.0330764
0.0293514
0.0259938
0.0229745
0.0202657
0.0178411
0.0156759
0.0137468
0.0120319
0.0105107
0.00916441
0.00797548
0.00692777
0.00600649
0.0051981
0.00449024
0.0038717
0.00333233
0.00286293
0.00245527
0.00210192
0.00179626
0.00153236
0.00130496
0.0011094
0.000941523
0.000797696
0.0006747
0.000569712
0.000480261
0.000404187
0.000339605
0.000284877
0.000238583
0.000199491
0.000166538
0.000138809
0.000115514
9.59792e-05
7.96242e-05
6.59544e-05
5.4548e-05
4.50458e-05
3.71427e-05
3.05804e-05
2.51401e-05
2.06371e-05
1.69159e-05
1.38454e-05
1.13159e-05
9.23526e-06
7.52642e-06
6.12509e-06
4.97765e-06
4.03951e-06
3.27364e-06
2.64931e-06
2.14111e-06
1.72804e-06
1.39278e-06
1.12105e-06
9.01136e-07
7.234e-07
5.79956e-07
4.64347e-07
3.71301e-07
2.96516e-07
2.3649e-07
1.88375e-07
1.4986e-07
1.19069e-07
9.44864e-08
7.4886e-08
5.92782e-08
4.68659e-08
3.70074e-08
2.91873e-08
2.2992e-08
1.80901e-08
1.42163e-08
1.11589e-08
8.7487e-09
6.85109e-09
5.35886e-09
4.18681e-09
3.26736e-09
2.54693e-09
1.9831e-09
1.54235e-09
1.19822e-09
9.29834e-10
7.20768e-10
5.58095e-10
4.31665e-10
3.33514e-10
2.57402e-10
1.98447e-10
1.52831e-10
1.17577e-10
9.0359e-11
6.93692e-11
5.31997e-11
4.0757e-11
3.11923e-11
2.38478e-11
1.8214e-11
1.38971e-11
1.05927e-11
8.06586e-12
6.1357e-12
4.66281e-12
3.54001e-12
2.68494e-12
2.03443e-12
1.54003e-12
1.16466e-12
8.7994e-13
6.64191e-13
5.00866e-13
3.77347e-13
2.84023e-13
2.1358e-13
1.6046e-13
1.2044e-13
9.03186e-14
6.76687e-14
5.06529e-14
3.78817e-14
2.83051e-14
2.11306e-14
1.57606e-14
1.17449e-14
8.74473e-15
6.50523e-15
4.83506e-15
3.59058e-15
2.66412e-15
1.97501e-15
1.46291e-15
1.08267e-15
8.00588e-16
5.91503e-16
4.36659e-16
3.22083e-16
2.37374e-16
1.74801e-16
1.28616e-16
9.45576e-17
6.94616e-17
5.09851e-17
3.73932e-17
2.74027e-17
2.00671e-17
1.46709e-17
1.08169e-17
7.18795e-18
)
;

boundaryField
{
    sides
    {
        type            zeroGradient;
    }
    empty
    {
        type            empty;
    }
}


// ************************************************************************* //
