/*--------------------------------*- C++ -*----------------------------------*\
  =========                 |
  \\      /  F ield         | OpenFOAM: The Open Source CFD Toolbox
   \\    /   O peration     | Website:  https://openfoam.org
    \\  /    A nd           | Version:  7
     \\/     M anipulation  |
\*---------------------------------------------------------------------------*/
FoamFile
{
    version     2.0;
    format      ascii;
    class       volScalarField;
    location    "0.9";
    object      T;
}
// * * * * * * * * * * * * * * * * * * * * * * * * * * * * * * * * * * * * * //

dimensions      [0 0 0 1 0 0 0];

internalField   nonuniform List<scalar> 
1000
(
0
0
0
0
0
0
0
0
0
0
0
0
0
0
0
0
0
0
0
0
0
0
0
0
0
0
0
0
0
0
0
0
0
0
0
0
0
0
0
0
0
0
0
0
0
0
0
0
0
0
0
0
0
0
0
0
0
0
0
0
0
0
0
0
0
0
0
0
0
0
0
0
0
0
0
0
0
0
0
0
0
0
0
0
0
0
0
0
0
0
0
0
0
0
0
0
0
0
0
0
0
0
0
0
0
0
0
0
0
0
0
0
0
0
0
0
0
0
0
0
0
0
0
0
0
0
0
0
0
0
0
0
0
0
0
0
0
0
0
0
0
0
0
0
0
0
0
0
0
0
0
0
0
0
0
0
0
0
0
0
0
0
0
0
0
0
0
0
0
0
0
0
0
0
0
0
0
0
0
0
0
0
0
0
0
0
0
0
0
0
0
0
0
0
0
0
0
0
0
0
0
0
0
0
0
0
0
0
0
0
0
0
0
0
0
0
0
0
0
0
0
0
0
0
0
0
0
0
0
0
0
0
0
0
0
0
0
0
0
0
0
0
0
0
0
0
0
0
0
0
0
0
0
0
0
0
0
0
0
0
0
0
0
0
0
0
0
0
0
0
0
0
0
0
0
0
0
0
0
0
0
0
0
0
0
0
0
0
0
0
0
0
0
0
0
0
0
0
0
0
0
0
0
0
0
0
0
0
0
0
0
0
0
0
0
0
0
0
0
0
0
0
0
0
0
0
0
0
0
0
0
0
0
0
0
0
0
0
0
0
0
0
0
0
0
0
0
0
0
0
0
0
0
0
0
0
0
0
0
0
9.25524e-71
-1.93434e-68
1.97747e-66
-1.31736e-64
6.42805e-63
-2.44816e-61
7.57258e-60
-1.95435e-58
4.29025e-57
-8.12565e-56
1.34204e-54
-1.94845e-53
2.50156e-52
-2.8519e-51
2.8944e-50
-2.61744e-49
2.10711e-48
-1.50521e-47
9.48014e-47
-5.20358e-46
2.43669e-45
-9.32011e-45
2.59916e-44
-2.88162e-44
-1.96696e-43
1.53177e-42
-5.77565e-42
1.05441e-41
1.80324e-41
-2.04565e-40
6.92759e-40
-6.86353e-40
-4.40638e-39
2.31504e-38
-3.97171e-38
-7.96348e-38
6.0533e-37
-1.14411e-36
-1.73979e-36
1.39146e-35
-2.24398e-35
-4.97066e-35
2.79572e-34
-2.65974e-34
-1.36351e-33
4.48559e-33
3.85833e-34
-2.89432e-32
4.65214e-32
9.80901e-32
-4.17611e-31
4.13979e-32
2.23793e-30
-3.049e-30
-8.04186e-30
2.44451e-29
1.4311e-29
-1.31966e-28
5.25173e-29
5.61907e-28
-6.75065e-28
-1.97134e-27
4.19255e-27
5.67906e-27
-2.02189e-26
-1.25274e-26
8.42394e-26
1.42734e-26
-3.17967e-25
4.30833e-26
1.11866e-24
-3.80244e-25
-3.74007e-24
1.70562e-24
1.20376e-23
-5.83852e-24
-3.75469e-23
1.60623e-23
1.13503e-22
-3.29294e-23
-3.30376e-22
2.69767e-23
9.14264e-22
1.73784e-22
-2.35964e-21
-1.24873e-21
5.51723e-21
5.34277e-21
-1.11049e-20
-1.80028e-20
1.6989e-20
5.05049e-20
-9.79201e-21
-1.17788e-19
-5.25665e-20
2.17169e-19
2.5968e-19
-2.61682e-19
-7.22015e-19
-3.90258e-20
1.38424e-18
1.23128e-18
-1.56461e-18
-3.70014e-18
-5.29478e-19
6.21631e-18
7.03995e-18
-3.88558e-18
-1.6318e-17
-1.07014e-17
1.60998e-17
3.61469e-17
1.47792e-17
-4.23581e-17
-7.55122e-17
-2.45531e-17
9.1032e-17
1.57416e-16
6.2781e-17
-1.65788e-16
-3.283e-16
-1.99718e-16
2.31556e-16
6.52867e-16
6.06841e-16
-1.07939e-16
-1.12003e-15
-1.58245e-15
-7.52517e-16
1.27807e-15
3.27918e-15
3.42681e-15
5.80695e-16
-4.44183e-15
-8.59719e-15
-7.96672e-15
-3.82628e-16
1.20612e-14
2.24584e-14
2.17221e-14
3.97692e-15
-2.76883e-14
-5.87186e-14
-6.69059e-14
-3.29946e-14
4.53186e-14
1.42847e-13
2.07685e-13
1.78237e-13
1.4655e-14
-2.65734e-13
-5.66357e-13
-7.21074e-13
-5.4645e-13
6.86039e-14
1.06176e-12
2.12867e-12
2.7368e-12
2.25834e-12
2.23635e-13
-3.35599e-12
-7.70248e-12
-1.11671e-11
-1.14525e-11
-6.24514e-12
5.7721e-12
2.37264e-11
4.35478e-11
5.76429e-11
5.57614e-11
2.74121e-11
-3.41557e-11
-1.26918e-10
-2.35133e-10
-3.26214e-10
-3.51546e-10
-2.53289e-10
2.14524e-11
4.99123e-10
1.15305e-09
1.87649e-09
2.463e-09
2.60428e-09
1.91658e-09
5.94575e-12
-3.42116e-09
-8.40266e-09
-1.45328e-08
-2.07669e-08
-2.52617e-08
-2.53099e-08
-1.74427e-08
2.21715e-09
3.72723e-08
8.99723e-08
1.5971e-07
2.41126e-07
3.2192e-07
3.80618e-07
3.84626e-07
2.89114e-07
3.74337e-08
-4.36047e-07
-1.1996e-06
-2.31302e-06
-3.81031e-06
-5.67469e-06
-7.80428e-06
-9.96697e-06
-1.1743e-05
-1.24541e-05
-1.10777e-05
-6.14709e-06
4.36487e-06
2.31755e-05
5.38362e-05
0.000100888
0.000170024
0.000268263
0.000404118
0.000587769
0.000831218
0.00114845
0.00155553
0.00207077
0.00271474
0.00351031
0.00448271
0.00565942
0.00707009
0.00874641
0.0107219
0.0130316
0.0157121
0.0188005
0.0223348
0.026353
0.0308928
0.035991
0.0416833
0.0480034
0.0549828
0.06265
0.0710304
0.0801456
0.0900132
0.100646
0.112052
0.124235
0.137193
0.150918
0.165397
0.180612
0.19654
0.213151
0.230413
0.248288
0.266731
0.285698
0.305138
0.324999
0.345224
0.365757
0.386537
0.407506
0.428603
0.449767
0.470938
0.492059
0.513071
0.533919
0.554549
0.574913
0.594961
0.61465
0.633938
0.652788
0.671166
0.689043
0.706391
0.723189
0.739417
0.75506
0.770107
0.78455
0.798384
0.811607
0.82422
0.836228
0.847636
0.858454
0.868692
0.878362
0.88748
0.896061
0.904122
0.91168
0.918754
0.925364
0.93153
0.937271
0.942608
0.947562
0.952151
0.956397
0.960318
0.963934
0.967263
0.970323
0.973132
0.975704
0.978056
0.980201
0.982151
0.983919
0.985514
0.986943
0.988213
0.989328
0.990289
0.991096
0.991747
0.992236
0.992553
0.992689
0.99263
0.992358
0.991855
0.991097
0.990061
0.988719
0.987041
0.984996
0.98255
0.979671
0.976321
0.972467
0.968072
0.963102
0.957523
0.951302
0.944411
0.93682
0.928508
0.919452
0.909637
0.89905
0.887683
0.875535
0.862608
0.84891
0.834454
0.819259
0.803349
0.786752
0.769504
0.751641
0.733207
0.714249
0.694816
0.674962
0.654742
0.634215
0.613438
0.592473
0.571379
0.550218
0.529048
0.50793
0.48692
0.466073
0.445444
0.425081
0.405034
0.385346
0.366058
0.347209
0.328831
0.310955
0.293607
0.27681
0.260582
0.244939
0.229892
0.215449
0.201615
0.188392
0.175779
0.163772
0.152364
0.141546
0.131308
0.121637
0.112519
0.103939
0.0958782
0.08832
0.0812454
0.0746352
0.0684695
0.0627284
0.0573915
0.0524388
0.0478501
0.0436056
0.0396859
0.0360718
0.0327447
0.0296866
0.0268801
0.0243083
0.0219553
0.0198055
0.0178442
0.0160576
0.0144325
0.0129563
0.0116172
0.0104042
0.00930701
0.00831582
0.00742163
0.00661602
0.00589116
0.00523981
0.00465527
0.00413136
0.00366237
0.00324308
0.00286869
0.00253478
0.00223736
0.00197275
0.0017376
0.00152889
0.00134386
0.00118001
0.00103509
0.000907042
0.000794042
0.000694427
0.000606711
0.000529555
0.000461762
0.000402259
0.000350089
0.000304395
0.000264416
0.000229472
0.000198962
0.000172349
0.000149159
0.000128973
0.000111417
9.61654e-05
8.29276e-05
7.14491e-05
6.15055e-05
5.28997e-05
4.54588e-05
3.90311e-05
3.34838e-05
2.87006e-05
2.45801e-05
2.10336e-05
1.7984e-05
1.53639e-05
1.31149e-05
1.1186e-05
9.53316e-06
8.11806e-06
6.90754e-06
5.87291e-06
4.98935e-06
4.23543e-06
3.59266e-06
3.04511e-06
2.57905e-06
2.18268e-06
1.84584e-06
1.55982e-06
1.31714e-06
1.11141e-06
9.37124e-07
7.89598e-07
6.64818e-07
5.59356e-07
4.7029e-07
3.95127e-07
3.31745e-07
2.78335e-07
2.33363e-07
1.95523e-07
1.63707e-07
1.36975e-07
1.14531e-07
9.57003e-08
7.99126e-08
6.66853e-08
5.56109e-08
4.63453e-08
3.85985e-08
3.21258e-08
2.67215e-08
2.22122e-08
1.84521e-08
1.53189e-08
1.27098e-08
1.05385e-08
8.7328e-09
7.23204e-09
5.98553e-09
4.95088e-09
4.0926e-09
3.3811e-09
2.79163e-09
2.30356e-09
1.89971e-09
1.56575e-09
1.28974e-09
1.06178e-09
8.73605e-10
7.18371e-10
5.90387e-10
4.8493e-10
3.98087e-10
3.26615e-10
2.67826e-10
2.19498e-10
1.79792e-10
1.47188e-10
1.20432e-10
9.8486e-11
8.04963e-11
6.57577e-11
5.36893e-11
4.38127e-11
3.57342e-11
2.91302e-11
2.37344e-11
1.93281e-11
1.57318e-11
1.27981e-11
1.04062e-11
8.45711e-12
6.86963e-12
5.57737e-12
4.52595e-12
3.67094e-12
2.97599e-12
2.41142e-12
1.95302e-12
1.58099e-12
1.27921e-12
1.03455e-12
8.36283e-13
6.75694e-13
5.45687e-13
4.40488e-13
3.55404e-13
2.86623e-13
2.31047e-13
1.86162e-13
1.49928e-13
1.20692e-13
9.71137e-14
7.81065e-14
6.27914e-14
5.0457e-14
4.05276e-14
3.25379e-14
2.61119e-14
2.09459e-14
1.67947e-14
1.34604e-14
1.07835e-14
8.63528e-15
6.91208e-15
5.53042e-15
4.42309e-15
3.53599e-15
2.82564e-15
2.25706e-15
1.80215e-15
1.43834e-15
1.14751e-15
9.15111e-16
7.29486e-16
5.8128e-16
4.63e-16
3.68641e-16
2.93396e-16
2.33418e-16
1.85629e-16
1.47566e-16
1.17262e-16
9.31458e-17
7.39608e-17
5.87048e-17
4.65779e-17
3.69422e-17
2.92887e-17
2.32122e-17
1.83895e-17
1.45634e-17
1.1529e-17
9.12355e-18
7.21731e-18
5.70728e-18
4.51154e-18
3.56503e-18
2.81608e-18
2.22368e-18
1.75527e-18
1.38504e-18
1.09251e-18
8.61461e-19
6.79039e-19
5.35059e-19
4.21462e-19
3.31867e-19
2.61229e-19
2.05556e-19
1.61692e-19
1.27146e-19
9.99465e-20
7.85393e-20
6.16965e-20
4.84495e-20
3.80342e-20
2.9848e-20
2.3416e-20
1.8364e-20
1.43973e-20
1.12838e-20
8.84066e-21
6.92445e-21
5.4202e-21
4.25882e-21
3.16107e-21
)
;

boundaryField
{
    sides
    {
        type            zeroGradient;
    }
    empty
    {
        type            empty;
    }
}


// ************************************************************************* //
