/*--------------------------------*- C++ -*----------------------------------*\
  =========                 |
  \\      /  F ield         | OpenFOAM: The Open Source CFD Toolbox
   \\    /   O peration     | Website:  https://openfoam.org
    \\  /    A nd           | Version:  7
     \\/     M anipulation  |
\*---------------------------------------------------------------------------*/
FoamFile
{
    version     2.0;
    format      ascii;
    class       volScalarField;
    location    "2.48";
    object      T;
}
// * * * * * * * * * * * * * * * * * * * * * * * * * * * * * * * * * * * * * //

dimensions      [0 0 0 1 0 0 0];

internalField   nonuniform List<scalar> 
1000
(
7.74032e-70
1.03537e-69
1.64562e-69
2.80902e-69
4.91435e-69
8.66378e-69
1.53052e-68
2.70446e-68
4.77723e-68
8.43429e-68
1.48823e-67
2.62442e-67
4.62524e-67
8.1465e-67
1.43398e-66
2.52261e-66
4.43496e-66
7.79224e-66
1.36826e-65
2.40106e-65
4.21085e-65
7.38015e-65
1.29268e-64
2.26278e-64
3.95843e-64
6.92038e-64
1.2091e-63
2.11115e-63
3.68384e-63
6.42399e-63
1.11952e-62
1.94976e-62
3.39351e-62
5.90254e-62
1.026e-61
1.78227e-61
3.09398e-61
5.36758e-61
9.30582e-61
1.6123e-60
2.79159e-60
4.83026e-60
8.35221e-60
1.44326e-59
2.49228e-59
4.30091e-59
7.41708e-59
1.27824e-58
2.20141e-58
3.78873e-58
6.51618e-58
1.11994e-57
1.92355e-57
3.30152e-57
5.66273e-57
9.70596e-57
1.66246e-56
2.84553e-56
4.86714e-56
8.3192e-56
1.42097e-55
2.42541e-55
4.13694e-55
7.05126e-55
1.20101e-54
2.04418e-54
3.47682e-54
5.90929e-54
1.00364e-53
1.70336e-53
2.88884e-53
4.89583e-53
8.29115e-53
1.40309e-52
2.3727e-52
4.0094e-52
6.77015e-52
1.14234e-51
1.92608e-51
3.24512e-51
5.46342e-51
9.19125e-51
1.54511e-50
2.59549e-50
4.35664e-50
7.30729e-50
1.22471e-49
2.05106e-49
3.43237e-49
5.73954e-49
9.5902e-49
1.60119e-48
2.67132e-48
4.45319e-48
7.41787e-48
1.23467e-47
2.05343e-47
3.41248e-47
5.66657e-47
9.40214e-47
1.5588e-46
2.58231e-46
4.27446e-46
7.06981e-46
1.16839e-45
1.92937e-45
3.18343e-45
5.24835e-45
8.64567e-45
1.42305e-44
2.34039e-44
3.84593e-44
6.31475e-44
1.03599e-43
1.69821e-43
2.78144e-43
4.55184e-43
7.44288e-43
1.21599e-42
1.98499e-42
3.23756e-42
5.27606e-42
8.5908e-42
1.39762e-41
2.27181e-41
3.68964e-41
5.98719e-41
9.70706e-41
1.57245e-40
2.54501e-40
4.11551e-40
6.64934e-40
1.07338e-39
1.7312e-39
2.7897e-39
4.49141e-39
7.22477e-39
1.16112e-38
1.86442e-38
2.99104e-38
4.79412e-38
7.67723e-38
1.22831e-37
1.96343e-37
3.13566e-37
5.00316e-37
7.97559e-37
1.27023e-36
2.02116e-36
3.21304e-36
5.10304e-36
8.09725e-36
1.28363e-35
2.03299e-35
3.21678e-35
5.08509e-35
8.0309e-35
1.26712e-34
1.99736e-34
3.14543e-34
4.94866e-34
7.77815e-34
1.22137e-33
1.916e-33
3.00277e-33
4.70138e-33
7.35366e-33
1.14909e-32
1.79382e-32
2.79753e-32
4.35852e-32
6.78378e-32
1.0548e-31
1.63846e-31
2.54251e-31
3.94143e-31
6.10386e-31
9.44311e-31
1.45943e-30
2.25325e-30
3.47527e-30
5.35454e-30
8.24152e-30
1.2672e-29
1.94638e-29
2.98649e-29
4.57763e-29
7.00913e-29
1.07209e-28
1.63809e-28
2.50027e-28
3.81218e-28
5.80627e-28
8.83399e-28
1.34261e-27
2.03833e-27
3.09123e-27
4.68293e-27
7.08649e-27
1.0712e-26
1.61747e-26
2.43962e-26
3.67562e-26
5.53171e-26
8.31584e-26
1.24873e-25
1.87305e-25
2.80634e-25
4.19995e-25
6.27854e-25
9.37521e-25
1.39833e-24
2.08327e-24
3.10017e-24
4.60814e-24
6.84175e-24
1.01463e-23
1.50295e-23
2.22371e-23
3.28628e-23
4.85091e-23
7.15208e-23
1.05325e-22
1.54923e-22
2.27607e-22
3.33996e-22
4.89528e-22
7.16628e-22
1.04783e-21
1.53025e-21
2.23208e-21
3.25185e-21
4.73176e-21
6.87679e-21
9.98199e-21
1.44715e-20
2.09545e-20
3.03042e-20
4.37713e-20
6.31446e-20
9.09789e-20
1.30919e-19
1.88155e-19
2.70074e-19
3.8717e-19
5.5433e-19
7.92652e-19
1.13199e-18
1.61453e-18
2.2998e-18
3.27172e-18
4.64836e-18
6.59568e-18
9.34661e-18
1.32276e-17
1.86956e-17
2.63893e-17
3.72e-17
5.237e-17
7.36287e-17
1.03379e-16
1.44957e-16
2.02985e-16
2.83861e-16
3.96426e-16
5.52879e-16
7.70033e-16
1.07102e-15
1.48763e-15
2.06346e-15
2.85825e-15
3.95372e-15
5.46151e-15
7.53385e-15
1.03781e-14
1.42762e-14
1.9611e-14
2.69016e-14
3.68506e-14
5.04078e-14
6.88551e-14
9.392e-14
1.27927e-13
1.73998e-13
2.36322e-13
3.20508e-13
4.34059e-13
5.8699e-13
7.92652e-13
1.06882e-12
1.43909e-12
1.93482e-12
2.59749e-12
3.482e-12
4.66083e-12
6.22951e-12
8.31382e-12
1.1079e-11
1.47419e-11
1.95863e-11
2.59838e-11
3.4419e-11
4.55238e-11
6.01202e-11
7.92763e-11
1.04377e-10
1.37216e-10
1.8011e-10
2.36051e-10
3.08891e-10
4.03584e-10
5.26491e-10
6.85764e-10
8.91831e-10
1.15801e-09
1.50129e-09
1.94328e-09
2.51144e-09
3.2406e-09
4.17487e-09
5.36998e-09
6.89625e-09
8.84222e-09
1.13192e-08
1.4467e-08
1.84605e-08
2.35185e-08
2.99141e-08
3.79876e-08
4.8162e-08
6.09624e-08
7.70395e-08
9.7198e-08
1.22431e-07
1.53962e-07
1.93297e-07
2.42281e-07
3.0318e-07
3.78759e-07
4.72396e-07
5.88206e-07
7.31191e-07
9.07421e-07
1.12425e-06
1.39056e-06
1.71707e-06
2.11669e-06
2.60494e-06
3.2004e-06
3.92536e-06
4.80639e-06
5.8752e-06
7.1695e-06
8.73407e-06
1.0622e-05
1.28959e-05
1.56299e-05
1.89112e-05
2.28421e-05
2.75428e-05
3.31537e-05
3.98391e-05
4.77901e-05
5.72289e-05
6.84137e-05
8.16429e-05
9.72614e-05
0.000115667
0.000137317
0.000162736
0.000192524
0.000227369
0.000268051
0.000315462
0.00037061
0.000434638
0.000508836
0.000594658
0.000693738
0.000807907
0.000939215
0.00108995
0.00126265
0.00146016
0.00168559
0.0019424
0.00223441
0.0025658
0.00294117
0.00336552
0.00384433
0.00438355
0.00498963
0.00566953
0.00643077
0.00728143
0.00823016
0.00928621
0.0104594
0.0117603
0.0131998
0.0147897
0.0165422
0.0184701
0.020587
0.0229065
0.0254433
0.0282122
0.0312283
0.0345074
0.0380652
0.0419178
0.0460814
0.050572
0.0554059
0.0605988
0.0661663
0.0721235
0.0784849
0.0852645
0.0924752
0.100129
0.108237
0.116809
0.125853
0.135376
0.145384
0.155879
0.166864
0.178337
0.190298
0.20274
0.215658
0.229042
0.242882
0.257164
0.271872
0.286989
0.302494
0.318365
0.334577
0.351105
0.367921
0.384995
0.402296
0.41979
0.437445
0.455226
0.473098
0.491024
0.508968
0.526893
0.544764
0.562544
0.580197
0.59769
0.614988
0.632059
0.648871
0.665395
0.681602
0.697466
0.712963
0.72807
0.742767
0.757036
0.77086
0.784226
0.797123
0.80954
0.82147
0.832909
0.843853
0.854301
0.864253
0.873712
0.882682
0.891168
0.899177
0.906717
0.913796
0.920425
0.926614
0.932374
0.937716
0.942652
0.947194
0.951353
0.955141
0.958569
0.961648
0.964388
0.966798
0.968887
0.970663
0.972132
0.9733
0.974172
0.974751
0.97504
0.97504
0.974751
0.974172
0.9733
0.972132
0.970663
0.968887
0.966798
0.964388
0.961648
0.958569
0.955141
0.951353
0.947194
0.942652
0.937716
0.932374
0.926614
0.920425
0.913796
0.906717
0.899177
0.891168
0.882682
0.873712
0.864253
0.854301
0.843853
0.832909
0.82147
0.80954
0.797123
0.784226
0.77086
0.757036
0.742767
0.72807
0.712963
0.697466
0.681602
0.665395
0.648871
0.632059
0.614988
0.59769
0.580197
0.562544
0.544764
0.526893
0.508968
0.491024
0.473098
0.455226
0.437445
0.41979
0.402296
0.384995
0.367921
0.351105
0.334577
0.318365
0.302494
0.286989
0.271872
0.257164
0.242882
0.229042
0.215658
0.20274
0.190298
0.178337
0.166864
0.155879
0.145384
0.135376
0.125853
0.116809
0.108237
0.100129
0.0924752
0.0852645
0.0784849
0.0721235
0.0661663
0.0605988
0.0554059
0.050572
0.0460814
0.0419178
0.0380652
0.0345074
0.0312283
0.0282122
0.0254433
0.0229065
0.020587
0.0184701
0.0165422
0.0147897
0.0131998
0.0117603
0.0104594
0.00928621
0.00823016
0.00728143
0.00643077
0.00566953
0.00498963
0.00438355
0.00384433
0.00336552
0.00294117
0.0025658
0.00223441
0.0019424
0.00168559
0.00146016
0.00126265
0.00108995
0.000939215
0.000807907
0.000693738
0.000594658
0.000508836
0.000434638
0.00037061
0.000315462
0.000268051
0.000227369
0.000192524
0.000162736
0.000137317
0.000115667
9.72614e-05
8.16429e-05
6.84137e-05
5.72289e-05
4.77901e-05
3.98391e-05
3.31537e-05
2.75428e-05
2.28421e-05
1.89112e-05
1.56299e-05
1.28959e-05
1.0622e-05
8.73407e-06
7.1695e-06
5.8752e-06
4.80639e-06
3.92536e-06
3.2004e-06
2.60494e-06
2.11669e-06
1.71707e-06
1.39056e-06
1.12425e-06
9.07421e-07
7.31191e-07
5.88206e-07
4.72396e-07
3.78759e-07
3.0318e-07
2.42281e-07
1.93297e-07
1.53962e-07
1.22431e-07
9.7198e-08
7.70395e-08
6.09624e-08
4.8162e-08
3.79876e-08
2.99141e-08
2.35185e-08
1.84605e-08
1.4467e-08
1.13192e-08
8.84222e-09
6.89625e-09
5.36998e-09
4.17487e-09
3.2406e-09
2.51144e-09
1.94328e-09
1.50129e-09
1.15801e-09
8.91831e-10
6.85764e-10
5.26491e-10
4.03584e-10
3.08891e-10
2.36051e-10
1.8011e-10
1.37216e-10
1.04377e-10
7.92763e-11
6.01202e-11
4.55238e-11
3.4419e-11
2.59838e-11
1.95863e-11
1.47419e-11
1.1079e-11
8.31382e-12
6.22951e-12
4.66083e-12
3.482e-12
2.59749e-12
1.93482e-12
1.43909e-12
1.06882e-12
7.92652e-13
5.8699e-13
4.34059e-13
3.20508e-13
2.36322e-13
1.73998e-13
1.27927e-13
9.392e-14
6.88551e-14
5.04078e-14
3.68506e-14
2.69016e-14
1.9611e-14
1.42762e-14
1.03781e-14
7.53385e-15
5.46151e-15
3.95372e-15
2.85825e-15
2.06346e-15
1.48763e-15
1.07102e-15
7.70033e-16
5.52879e-16
3.96426e-16
2.83861e-16
2.02985e-16
1.44957e-16
1.03379e-16
7.36287e-17
5.237e-17
3.72e-17
2.63893e-17
1.86956e-17
1.32276e-17
9.34661e-18
6.59568e-18
4.64836e-18
3.27172e-18
2.2998e-18
1.61453e-18
1.13199e-18
7.92652e-19
5.5433e-19
3.8717e-19
2.70074e-19
1.88155e-19
1.30919e-19
9.09789e-20
6.31446e-20
4.37713e-20
3.03042e-20
2.09545e-20
1.44715e-20
9.98199e-21
6.87679e-21
4.73176e-21
3.25185e-21
2.23208e-21
1.53025e-21
1.04783e-21
7.16628e-22
4.89528e-22
3.33996e-22
2.27607e-22
1.54923e-22
1.05325e-22
7.15208e-23
4.85091e-23
3.28628e-23
2.22371e-23
1.50295e-23
1.01463e-23
6.84175e-24
4.60814e-24
3.10017e-24
2.08327e-24
1.39833e-24
9.37521e-25
6.27854e-25
4.19995e-25
2.80634e-25
1.87305e-25
1.24873e-25
8.31584e-26
5.53171e-26
3.67562e-26
2.43962e-26
1.61747e-26
1.0712e-26
7.08649e-27
4.68293e-27
3.09123e-27
2.03833e-27
1.34261e-27
8.83399e-28
5.80627e-28
3.81218e-28
2.50027e-28
1.63809e-28
1.07209e-28
7.00913e-29
4.57763e-29
2.98649e-29
1.94638e-29
1.2672e-29
8.24152e-30
5.35454e-30
3.47527e-30
2.25325e-30
1.45943e-30
9.44311e-31
6.10386e-31
3.94143e-31
2.54251e-31
1.63846e-31
1.0548e-31
6.78378e-32
4.35852e-32
2.79753e-32
1.79382e-32
1.14909e-32
7.35366e-33
4.70138e-33
3.00277e-33
1.916e-33
1.22137e-33
7.77815e-34
4.94866e-34
3.14543e-34
1.99736e-34
1.26712e-34
8.0309e-35
5.08509e-35
3.21678e-35
2.03299e-35
1.28363e-35
8.09725e-36
5.10304e-36
3.21304e-36
2.02116e-36
1.27023e-36
7.97559e-37
5.00316e-37
3.13566e-37
1.96343e-37
1.22831e-37
7.67723e-38
4.79412e-38
2.99104e-38
1.86442e-38
1.16112e-38
7.22477e-39
4.49141e-39
2.7897e-39
1.7312e-39
1.07338e-39
6.64934e-40
4.11551e-40
2.54501e-40
1.57245e-40
9.70706e-41
5.98719e-41
3.68964e-41
2.27181e-41
1.39762e-41
8.5908e-42
5.27606e-42
3.23756e-42
1.98499e-42
1.21599e-42
7.44288e-43
4.55184e-43
2.78144e-43
1.69821e-43
1.03599e-43
6.31475e-44
3.84593e-44
2.34039e-44
1.42305e-44
8.64567e-45
5.24835e-45
3.18343e-45
1.92937e-45
1.16839e-45
7.06981e-46
4.27446e-46
2.58231e-46
1.5588e-46
9.40214e-47
5.66657e-47
3.41248e-47
2.05343e-47
1.23467e-47
7.41787e-48
4.45319e-48
2.67132e-48
1.60119e-48
9.5902e-49
5.73954e-49
3.43237e-49
2.05106e-49
1.22471e-49
7.30729e-50
4.35664e-50
2.59549e-50
1.54511e-50
9.19125e-51
5.46342e-51
3.24512e-51
1.92608e-51
1.14234e-51
6.77015e-52
4.0094e-52
2.3727e-52
1.40309e-52
8.29115e-53
4.89583e-53
2.88884e-53
1.70336e-53
1.00364e-53
5.90929e-54
3.47682e-54
2.04418e-54
1.20101e-54
7.05126e-55
4.13694e-55
2.42541e-55
1.42097e-55
8.3192e-56
4.86714e-56
2.84553e-56
1.66246e-56
9.70596e-57
5.66273e-57
3.30152e-57
1.92355e-57
1.11994e-57
6.51618e-58
3.78873e-58
2.20141e-58
1.27824e-58
7.41708e-59
4.30091e-59
2.49228e-59
1.44326e-59
8.35221e-60
4.83026e-60
2.79159e-60
1.6123e-60
9.30582e-61
5.36758e-61
3.09398e-61
1.78227e-61
1.026e-61
5.90254e-62
3.39351e-62
1.94976e-62
1.11952e-62
6.42399e-63
3.68384e-63
2.11115e-63
1.2091e-63
6.92038e-64
3.95843e-64
2.26278e-64
1.29268e-64
7.38015e-65
4.21085e-65
2.40106e-65
1.36826e-65
7.79224e-66
4.43496e-66
2.52261e-66
1.43398e-66
8.1465e-67
4.62524e-67
2.62442e-67
1.48823e-67
8.43429e-68
4.77723e-68
2.70446e-68
1.53052e-68
8.66378e-69
4.91435e-69
2.80902e-69
1.64562e-69
1.03537e-69
7.74032e-70
)
;

boundaryField
{
    sides
    {
        type            zeroGradient;
    }
    empty
    {
        type            empty;
    }
}


// ************************************************************************* //
