/*--------------------------------*- C++ -*----------------------------------*\
  =========                 |
  \\      /  F ield         | OpenFOAM: The Open Source CFD Toolbox
   \\    /   O peration     | Website:  https://openfoam.org
    \\  /    A nd           | Version:  7
     \\/     M anipulation  |
\*---------------------------------------------------------------------------*/
FoamFile
{
    version     2.0;
    format      ascii;
    class       volScalarField;
    location    "4.78";
    object      T;
}
// * * * * * * * * * * * * * * * * * * * * * * * * * * * * * * * * * * * * * //

dimensions      [0 0 0 1 0 0 0];

internalField   nonuniform List<scalar> 
1000
(
0
0
0
0
0
0
0
0
0
0
0
0
0
0
0
0
0
0
0
0
0
0
0
0
0
0
0
0
0
0
0
0
0
0
0
0
0
0
0
0
0
0
0
0
0
0
0
4.94066e-324
5.43472e-323
-7.17383e-321
1.52098e-319
1.89902e-318
-1.83557e-316
3.7062e-315
4.63539e-314
-4.5452e-312
1.00633e-310
6.88955e-310
-1.07113e-307
2.91053e-306
-6.37727e-306
-2.23425e-303
8.23235e-302
-1.0117e-300
-3.28821e-299
2.04088e-297
-4.79385e-296
9.91773e-296
3.61393e-293
-1.48697e-291
2.87396e-290
7.86077e-290
-2.69926e-287
1.05416e-285
-2.2134e-284
7.88279e-284
1.477e-281
-7.16216e-280
1.99759e-278
-3.22456e-277
-1.42663e-276
3.29494e-274
-1.44931e-272
4.31092e-271
-9.33589e-270
1.14411e-268
1.77955e-267
-1.82881e-265
8.02537e-264
-2.73986e-262
8.13464e-261
-2.19261e-259
5.48411e-258
-1.28953e-256
2.87515e-255
-6.11538e-254
1.24644e-252
-2.44292e-251
4.61676e-250
-8.43205e-249
1.49111e-247
-2.55713e-246
4.25844e-245
-6.89464e-244
1.08638e-242
-1.66745e-241
2.49502e-240
-3.64214e-239
5.19014e-238
-7.22428e-237
9.82723e-236
-1.30706e-234
1.70051e-233
-2.16497e-232
2.6982e-231
-3.29297e-230
3.93666e-229
-4.61122e-228
5.29376e-227
-5.95764e-226
6.57417e-225
-7.11461e-224
7.55236e-223
-7.86517e-222
8.03698e-221
-8.05927e-220
7.93177e-219
-7.66237e-218
7.26636e-217
-6.76501e-216
6.1837e-215
-5.54988e-214
4.89097e-213
-4.23253e-212
3.59673e-211
-3.00142e-210
2.45956e-209
-1.97923e-208
1.56399e-207
-1.21355e-206
9.24581e-206
-6.91628e-205
5.07935e-204
-3.66197e-203
2.59147e-202
-1.79992e-201
1.22681e-200
-8.20441e-200
5.38258e-199
-3.46354e-198
2.18544e-197
-1.35189e-196
8.19603e-196
-4.86844e-195
2.83235e-194
-1.61326e-193
8.99227e-193
-4.90253e-192
2.61282e-191
-1.36035e-190
6.91386e-190
-3.42718e-189
1.65523e-188
-7.77969e-188
3.55319e-187
-1.57422e-186
6.75082e-186
-2.79439e-185
1.11245e-184
-4.2384e-184
1.53459e-183
-5.224e-183
1.6423e-182
-4.60671e-182
1.06028e-181
-1.41216e-181
-3.46818e-181
3.88533e-180
-2.05507e-179
8.36911e-179
-2.8228e-178
7.75495e-178
-1.50619e-177
3.14062e-178
1.49974e-176
-9.1905e-176
3.70769e-175
-1.13454e-174
2.45304e-174
-1.62692e-174
-1.72054e-173
1.12802e-172
-4.37559e-172
1.19409e-171
-1.86211e-171
-2.45276e-171
3.21204e-170
-1.42771e-169
4.12401e-169
-6.71977e-169
-7.25637e-169
1.0337e-167
-4.42309e-167
1.16213e-166
-1.34749e-166
-4.76917e-166
3.57925e-165
-1.23777e-164
2.39636e-164
5.81004e-165
-2.51911e-163
1.09251e-162
-2.5871e-162
1.47298e-162
1.72009e-161
-8.87135e-161
2.28838e-160
-1.84094e-160
-1.26397e-159
6.95713e-159
-1.78339e-158
1.25192e-158
1.0451e-157
-5.31708e-157
1.22992e-156
-3.22758e-157
-9.21636e-156
3.86124e-155
-7.11892e-155
-5.16999e-155
7.88306e-154
-2.52261e-153
2.86024e-153
1.01512e-152
-6.01726e-152
1.34398e-151
5.27498e-153
-1.09402e-150
3.78045e-150
-4.42264e-150
-1.45952e-149
8.41083e-149
-1.68895e-148
-8.92537e-149
1.59362e-147
-4.51148e-147
2.42943e-147
2.63916e-146
-1.0178e-145
1.21119e-145
3.82571e-145
-2.07165e-144
3.47618e-144
4.7274e-144
-3.94225e-143
8.19324e-143
4.53002e-143
-7.1881e-142
1.73193e-141
2.02634e-142
-1.28024e-140
3.40737e-140
-4.00549e-141
-2.26107e-139
6.35528e-139
-1.34263e-139
-3.99904e-138
1.13344e-137
-2.11402e-138
-7.10545e-137
1.93579e-136
-9.16491e-138
-1.26338e-135
3.15043e-135
6.86233e-136
-2.22607e-134
4.82541e-134
3.11834e-134
-3.8341e-133
6.7901e-133
9.07945e-133
-6.35076e-132
8.35072e-132
2.16308e-131
-9.92299e-131
7.82053e-131
4.49298e-130
-1.42561e-129
1.99462e-130
8.30369e-129
-1.80605e-128
-1.40403e-128
1.36654e-127
-1.83695e-127
-4.59589e-127
1.9714e-126
-1.01504e-126
-9.70094e-126
2.38824e-125
1.29111e-125
-1.61882e-124
2.14241e-124
5.5295e-124
-2.18879e-123
6.15982e-124
1.13624e-122
-2.25477e-122
-2.6451e-122
1.69391e-121
-1.26618e-121
-7.36501e-121
1.85931e-120
1.15093e-120
-1.19319e-119
1.18297e-119
4.69347e-119
-1.33126e-118
-5.79503e-119
7.94922e-118
-8.19649e-118
-3.06385e-117
8.55405e-117
4.43734e-117
-5.06801e-116
4.40357e-116
2.05114e-115
-4.91307e-115
-4.3003e-115
3.05077e-114
-1.57162e-114
-1.35585e-113
2.41636e-113
3.96565e-113
-1.66994e-112
-6.59357e-114
8.36028e-112
-8.94566e-112
-3.13627e-111
7.75188e-111
7.10138e-111
-4.50387e-110
1.17472e-110
2.05082e-109
-2.59332e-109
-7.26993e-109
1.9287e-108
1.62943e-108
-1.06004e-107
1.96785e-108
4.7819e-107
-5.1014e-107
-1.77945e-106
3.85653e-106
4.99397e-106
-2.17179e-105
-5.49673e-106
1.02953e-104
-5.38603e-105
-4.23541e-104
5.52533e-104
1.49587e-103
-3.51156e-103
-4.21445e-103
1.83412e-102
6.45991e-103
-8.44832e-102
2.49173e-102
3.51746e-101
-3.18528e-101
-1.32981e-100
2.12517e-100
4.50535e-100
-1.14877e-99
-1.30598e-99
5.52275e-99
2.74418e-99
-2.44783e-98
4.94764e-101
1.01779e-97
-4.52113e-98
-4.00614e-97
3.51913e-97
1.49918e-96
-2.01572e-96
-5.3375e-96
1.00794e-95
1.80233e-95
-4.64822e-95
-5.72308e-95
2.02779e-94
1.67699e-94
-8.48903e-94
-4.33881e-94
3.4418e-93
8.66427e-94
-1.3603e-92
-4.32552e-94
5.26698e-92
-8.33046e-93
-2.00591e-91
6.48297e-92
7.53964e-91
-3.51009e-91
-2.80504e-90
1.6428e-90
1.03552e-89
-7.06998e-90
-3.80123e-89
2.87137e-89
1.38982e-88
-1.11458e-88
-5.06741e-88
4.1612e-88
1.84376e-87
-1.4977e-87
-6.69541e-87
5.19242e-87
2.42565e-86
-1.72662e-86
-8.75902e-86
5.45599e-86
3.14807e-85
-1.60821e-85
-1.12408e-84
4.24601e-85
3.97868e-84
-8.95643e-85
-1.39232e-83
7.46754e-85
4.80261e-83
6.60253e-84
-1.62709e-82
-5.7124e-83
5.391e-82
3.19762e-82
-1.73728e-81
-1.51955e-81
5.40482e-81
6.57104e-81
-1.60554e-80
-2.65732e-80
4.47195e-80
1.01755e-79
-1.12771e-79
-3.70981e-79
2.36072e-79
1.28936e-78
-2.80903e-79
-4.26283e-78
-7.81413e-79
1.33283e-77
8.03239e-78
-3.8959e-77
-4.24481e-77
1.04115e-76
1.81174e-76
-2.42167e-76
-6.82134e-76
4.22884e-76
2.32983e-75
-1.28876e-76
-7.25972e-75
-3.42773e-75
2.043e-74
2.16473e-74
-5.0226e-74
-9.42084e-74
9.78562e-74
3.41736e-73
-9.10308e-74
-1.08032e-72
-3.91857e-73
2.97619e-72
3.0513e-72
-6.85465e-72
-1.34887e-71
1.12483e-71
4.71552e-71
-7.89114e-73
-1.38128e-70
-9.44144e-71
3.33587e-70
5.12759e-70
-5.88252e-70
-1.90738e-69
2.61553e-70
5.64674e-69
3.57447e-69
-1.32696e-68
-2.05145e-68
2.12108e-68
7.47482e-68
1.03978e-69
-2.08354e-67
-1.75504e-67
4.32831e-67
8.53293e-67
-4.67846e-67
-2.75854e-66
-1.12092e-66
6.57973e-66
8.92655e-66
-9.92269e-66
-3.32974e-65
-3.60766e-66
8.67538e-65
9.07861e-65
-1.47846e-64
-3.84326e-64
2.66735e-65
1.0517e-63
9.56871e-64
-1.84893e-63
-4.37243e-63
4.97936e-64
1.20212e-62
1.09516e-62
-2.02397e-62
-4.96069e-62
9.21603e-64
1.29967e-61
1.35609e-61
-1.91135e-61
-5.56095e-61
-1.12277e-61
1.30506e-60
1.72736e-60
-1.41497e-60
-5.98739e-60
-3.15452e-60
1.16052e-59
2.12605e-59
-4.80236e-60
-5.9121e-59
-5.70091e-59
8.11424e-59
2.38696e-58
8.21689e-59
-4.95615e-58
-8.0304e-58
2.51449e-58
2.29359e-57
2.20599e-57
-2.91047e-57
-9.0512e-57
-4.23418e-57
1.67853e-56
3.16775e-56
-3.47133e-58
-7.74247e-56
-9.9421e-56
5.78391e-56
3.15882e-55
2.77001e-55
-3.92416e-55
-1.18813e-54
-6.53588e-55
1.95862e-54
4.21612e-54
1.08747e-54
-8.52774e-54
-1.43411e-53
2.9988e-55
3.43039e-53
4.73815e-53
-1.39749e-53
-1.3113e-52
-1.53991e-52
8.65142e-53
4.8437e-52
4.98867e-52
-4.02572e-52
-1.74794e-51
-1.63305e-51
1.63869e-51
6.20742e-51
5.47011e-51
-6.11312e-51
-2.1789e-50
-1.89126e-50
2.12326e-50
7.57306e-50
6.76416e-50
-6.86106e-50
-2.60416e-49
-2.48998e-49
2.02582e-49
8.82985e-49
9.33604e-49
-5.18448e-49
-2.93387e-48
-3.5198e-48
9.57821e-49
9.46133e-48
1.317e-47
1.96795e-49
-2.918e-47
-4.83039e-47
-1.4377e-47
8.39925e-47
1.71553e-46
9.92186e-47
-2.1513e-46
-5.82033e-46
-5.05788e-46
4.31431e-46
1.85308e-45
2.21365e-45
-2.91202e-46
-5.38078e-45
-8.66327e-45
-3.20535e-45
1.34454e-44
3.05539e-44
2.41793e-44
-2.42849e-44
-9.58572e-44
-1.17165e-43
4.06584e-46
2.56241e-43
4.59235e-43
2.69921e-43
-5.1037e-43
-1.51284e-42
-1.64835e-42
2.66875e-43
4.06079e-42
6.89904e-42
3.96462e-42
-7.55717e-42
-2.26196e-41
-2.59246e-41
1.93596e-43
5.61994e-41
1.05571e-40
7.89136e-41
-7.70253e-41
-3.1616e-40
-4.38951e-40
-1.63772e-40
6.25422e-40
1.55759e-39
1.67742e-39
-7.23743e-41
-3.72515e-39
-7.12643e-39
-6.02341e-39
3.35104e-39
1.94491e-38
3.13521e-38
2.08335e-38
-2.52206e-38
-9.46694e-38
-1.36044e-37
-7.22621e-38
1.43182e-37
4.4272e-37
5.93809e-37
2.68858e-37
-7.09838e-37
-2.02089e-36
-2.64201e-36
-1.15837e-36
3.1978e-36
9.0628e-36
1.20418e-35
5.90701e-36
-1.31004e-35
-3.98661e-35
-5.59796e-35
-3.36686e-35
4.69951e-35
1.70317e-34
2.62129e-34
1.98647e-34
-1.28326e-34
-6.92269e-34
-1.21352e-33
-1.15148e-33
7.07725e-35
2.57291e-33
5.42238e-33
6.36666e-33
2.46941e-33
-7.97836e-33
-2.26351e-32
-3.28949e-32
-2.48293e-32
1.42749e-32
8.36043e-32
1.55233e-31
1.69396e-31
5.1677e-32
-2.39648e-31
-6.44186e-31
-9.42086e-31
-7.67808e-31
2.43254e-31
2.15662e-30
4.37107e-30
5.4008e-30
3.13138e-30
-4.16505e-30
-1.6064e-29
-2.80604e-29
-3.07804e-29
-1.20944e-29
3.64949e-29
1.09589e-28
1.77397e-28
1.82471e-28
5.34384e-29
-2.56908e-28
-7.117e-28
-1.12878e-27
-1.16018e-27
-3.68054e-28
1.55761e-27
4.44618e-27
7.26325e-27
7.92765e-27
3.65567e-27
-7.86295e-27
-2.63961e-26
-4.66689e-26
-5.66333e-26
-3.84178e-26
2.5939e-26
1.42792e-25
2.90625e-25
4.04847e-25
3.74248e-25
6.31426e-26
-6.28434e-25
-1.66471e-24
-2.7547e-24
-3.26546e-24
-2.25307e-24
1.28796e-24
7.88193e-24
1.67556e-23
2.49431e-23
2.67453e-23
1.42108e-23
-2.06003e-23
-8.10319e-23
-1.59123e-22
-2.28315e-22
-2.38975e-22
-1.21978e-22
1.93392e-22
7.42285e-22
1.46802e-21
2.1568e-21
2.38812e-21
1.54232e-21
-1.08102e-21
-5.9814e-21
-1.29888e-20
-2.06514e-20
-2.56368e-20
-2.24506e-20
-3.93049e-21
3.69387e-20
1.03416e-19
1.89487e-19
2.73084e-19
3.09897e-19
2.31203e-19
-4.92381e-20
-6.13192e-19
-1.49537e-18
-2.6183e-18
-3.71022e-18
-4.2245e-18
-3.29645e-18
2.06297e-19
7.46684e-18
1.92574e-17
3.51763e-17
5.25914e-17
6.5418e-17
6.30547e-17
3.00556e-17
-5.25915e-17
-2.03455e-16
-4.32707e-16
-7.29258e-16
-1.04288e-15
-1.26286e-15
-1.19758e-15
-5.63356e-16
1.00426e-15
3.89787e-15
8.42141e-15
1.45852e-14
2.1794e-14
2.84275e-14
3.13441e-14
2.53971e-14
3.1329e-15
-4.50466e-14
-1.29846e-13
-2.60606e-13
-4.40744e-13
-6.604e-13
-8.85733e-13
-1.04472e-12
-1.01019e-12
-5.82179e-13
5.25748e-13
2.68861e-12
6.34819e-12
1.19494e-11
1.98108e-11
2.9897e-11
4.14583e-11
5.24953e-11
5.90162e-11
5.40656e-11
2.6543e-11
-4.01094e-11
-1.69159e-10
-3.91416e-10
-7.45038e-10
-1.27332e-09
-2.01898e-09
-3.01274e-09
-4.25305e-09
-5.67257e-09
-7.08536e-09
-8.10679e-09
-8.03555e-09
-5.68391e-09
8.61263e-10
1.4569e-08
3.9914e-08
8.34791e-08
1.54752e-07
2.67168e-07
4.39451e-07
6.97327e-07
1.0757e-06
1.62133e-06
2.39624e-06
3.48179e-06
4.98368e-06
7.03802e-06
9.81854e-06
1.35451e-05
1.84939e-05
2.50091e-05
3.35164e-05
4.45389e-05
5.87146e-05
7.68169e-05
9.97771e-05
0.00012871
0.00016494
0.000210035
0.000265836
0.000334496
0.000418517
0.000520789
0.000644635
0.000793855
0.000972771
0.00118627
0.00143986
0.00173969
0.00209265
0.00250633
0.00298915
0.0035503
0.00419987
0.00494879
0.00580888
0.00679287
0.00791438
0.00918792
0.0106289
0.0122534
0.0140785
0.0161219
0.0184019
0.0209374
0.0237479
0.0268531
0.030273
0.0340276
0.0381369
0.0426208
0.0474986
0.0527894
0.0585111
0.0646811
0.0713156
0.0784294
0.086036
0.0941473
0.102773
0.111922
0.121599
0.13181
0.142554
0.153831
0.165639
0.17797
0.190817
0.204167
0.218008
0.232324
0.247095
0.2623
0.277916
0.293917
0.310275
0.326961
0.343944
0.361191
0.378668
0.396339
0.414168
0.432119
0.450155
0.468238
0.486331
0.504397
0.5224
0.540303
0.558073
0.575674
0.593076
0.610246
0.627155
0.643775
0.660081
0.676048
0.691654
0.70688
0.721707
0.73612
0.750105
0.76365
0.776746
0.789386
0.801564
0.813276
0.824521
0.835298
0.845609
0.855458
0.864848
0.873787
0.882279
0.890334
0.89796
0.905167
0.911964
0.918363
0.924374
0.930008
0.935276
0.940189
0.944758
0.948993
0.952904
0.9565
0.959789
0.96278
0.965478
0.967889
0.970018
0.971869
0.973443
0.974741
0.975763
0.976507
0.976969
0.977146
0.97703
0.976616
0.975895
0.974856
0.97349
0.971784
0.969726
0.967302
0.964498
0.961301
0.957694
0.953662
0.949192
0.944266
0.938877
0.932982
0.926693
0.919476
0.913465
0.899934
)
;

boundaryField
{
    sides
    {
        type            zeroGradient;
    }
    empty
    {
        type            empty;
    }
}


// ************************************************************************* //
