/*--------------------------------*- C++ -*----------------------------------*\
  =========                 |
  \\      /  F ield         | OpenFOAM: The Open Source CFD Toolbox
   \\    /   O peration     | Website:  https://openfoam.org
    \\  /    A nd           | Version:  7
     \\/     M anipulation  |
\*---------------------------------------------------------------------------*/
FoamFile
{
    version     2.0;
    format      ascii;
    class       volScalarField;
    location    "4.79";
    object      T;
}
// * * * * * * * * * * * * * * * * * * * * * * * * * * * * * * * * * * * * * //

dimensions      [0 0 0 1 0 0 0];

internalField   nonuniform List<scalar> 
1000
(
0
0
0
0
0
0
0
0
0
0
0
0
0
0
0
0
0
0
0
0
0
0
0
0
0
0
0
-4.94066e-324
2.51973e-322
-8.21137e-321
2.54256e-319
-7.7127e-318
2.29204e-316
-6.67481e-315
1.90534e-313
-5.33252e-312
1.46361e-310
-3.94052e-309
1.04092e-307
-2.69841e-306
6.86628e-305
-1.71532e-303
4.20791e-302
-1.01383e-300
2.39952e-299
-5.57982e-298
1.27505e-296
-2.86364e-295
6.32214e-294
-1.37224e-292
2.92877e-291
-6.14738e-290
1.26913e-288
-2.57748e-287
5.15006e-286
-1.01255e-284
1.9591e-283
-3.73068e-282
6.99296e-281
-1.2904e-279
2.34437e-278
-4.19383e-277
7.38793e-276
-1.28176e-274
2.19029e-273
-3.68679e-272
6.11347e-271
-9.98746e-270
1.60763e-268
-2.54988e-267
3.98552e-266
-6.13927e-265
9.32064e-264
-1.39477e-262
2.05739e-261
-2.99169e-260
4.28872e-259
-6.06145e-258
8.44674e-257
-1.16061e-255
1.57252e-254
-2.10104e-253
2.76838e-252
-3.5974e-251
4.61043e-250
-5.82778e-249
7.26591e-248
-8.93548e-247
1.08393e-245
-1.29705e-244
1.53106e-243
-1.78288e-242
2.04814e-241
-2.32121e-240
2.59533e-239
-2.86289e-238
3.11572e-237
-3.34548e-236
3.54413e-235
-3.7044e-234
3.8202e-233
-3.887e-232
3.90217e-231
-3.86511e-230
3.77727e-229
-3.64212e-228
3.46486e-227
-3.25215e-226
3.01162e-225
-2.7515e-224
2.48011e-223
-2.20543e-222
1.93476e-221
-1.67441e-220
1.42948e-219
-1.20384e-218
1.00003e-217
-8.19389e-217
6.62193e-216
-5.27806e-215
4.14891e-214
-3.21618e-213
2.45847e-212
-1.85301e-211
1.37705e-210
-1.00889e-209
7.28658e-209
-5.18742e-208
3.63986e-207
-2.51697e-206
1.71508e-205
-1.15146e-204
7.61584e-204
-4.96171e-203
3.18365e-202
-2.01155e-201
1.25133e-200
-7.66253e-200
4.61788e-199
-2.73837e-198
1.59742e-197
-9.16459e-197
5.1696e-196
-2.8663e-195
1.56158e-194
-8.35666e-194
4.3909e-193
-2.26433e-192
1.14546e-191
-5.68121e-191
2.76096e-190
-1.31383e-189
6.11705e-189
-2.78404e-188
1.23734e-187
-5.36345e-187
2.26417e-186
-9.29195e-186
3.69896e-185
-1.42433e-184
5.28568e-184
-1.88094e-183
6.3726e-183
-2.033e-182
5.99457e-182
-1.57548e-181
3.37018e-181
-3.89883e-181
-1.24113e-180
1.18582e-179
-5.90646e-179
2.30805e-178
-7.57507e-178
2.06872e-177
-4.24817e-177
3.25708e-177
2.51213e-176
-1.7754e-175
7.52053e-175
-2.4314e-174
5.97528e-174
-8.6438e-174
-1.2246e-173
1.52327e-172
-6.99754e-172
2.24229e-171
-5.04409e-171
4.72432e-171
2.4042e-170
-1.69136e-169
6.34805e-169
-1.61173e-168
2.10966e-168
4.59658e-168
-4.22921e-167
1.64071e-166
-4.05268e-166
4.43708e-166
1.57683e-165
-1.14493e-164
3.9318e-164
-7.9678e-164
1.59631e-164
6.32381e-163
-2.99256e-162
7.8432e-162
-8.70523e-162
-2.96599e-161
2.0403e-160
-6.26206e-160
9.39989e-160
1.32026e-159
-1.34632e-158
4.49795e-158
-7.33665e-158
-7.2864e-158
9.00185e-157
-3.01774e-156
4.66793e-156
6.07502e-156
-6.14314e-155
1.89233e-154
-2.35889e-154
-6.06093e-154
4.15037e-153
-1.07443e-152
7.32144e-153
5.67543e-152
-2.63106e-151
5.11055e-151
1.91261e-151
-4.57371e-150
1.45887e-149
-1.61748e-149
-5.38604e-149
3.04624e-148
-6.29452e-148
-1.44738e-148
5.11311e-147
-1.57549e-146
1.40761e-146
6.87907e-146
-3.21574e-145
5.25145e-145
6.48597e-145
-5.75027e-144
1.31296e-143
4.00152e-145
-9.31805e-143
2.76328e-142
-1.73556e-142
-1.39745e-141
5.26103e-141
-5.61821e-141
-1.97476e-140
9.39158e-140
-1.30102e-139
-2.68788e-139
1.60728e-138
-2.58998e-138
-3.64421e-138
2.67734e-137
-4.69222e-137
-5.16724e-137
4.38407e-136
-7.9183e-136
-8.05029e-136
7.09204e-135
-1.25474e-134
-1.39934e-134
1.13343e-133
-1.86219e-133
-2.6268e-133
1.7812e-132
-2.55168e-132
-5.05611e-132
2.72812e-131
-3.11765e-131
-9.57059e-131
4.02008e-130
-3.09839e-130
-1.73543e-129
5.5984e-129
-1.64702e-129
-2.96507e-128
7.17414e-128
2.5407e-128
-4.70956e-127
8.0649e-127
1.10923e-126
-6.84603e-126
7.06263e-126
2.53985e-125
-8.88813e-125
2.48538e-125
4.543e-124
-9.82341e-124
-7.35887e-124
6.79897e-123
-8.1178e-123
-2.30972e-122
8.50506e-122
-2.10955e-122
-4.26785e-121
8.36683e-121
9.03362e-121
-5.98863e-120
4.94938e-120
2.39125e-119
-6.43834e-119
-2.48677e-119
3.77296e-118
-4.49744e-118
-1.2846e-117
4.26145e-117
3.32201e-118
-2.2427e-116
3.06717e-116
7.0791e-116
-2.55534e-115
-3.56362e-117
1.29324e-114
-1.73126e-114
-4.15554e-114
1.40923e-113
2.29822e-114
-7.25334e-113
8.03763e-113
2.55034e-112
-7.05495e-112
-3.83753e-112
3.8712e-111
-2.71036e-111
-1.54275e-110
3.05974e-110
3.89329e-110
-1.88245e-109
2.21077e-110
8.6117e-109
-1.01696e-108
-2.95389e-108
7.7601e-108
5.81247e-108
-4.15412e-107
1.40244e-107
1.76352e-106
-2.30999e-106
-5.84317e-106
1.57867e-105
1.20652e-105
-8.1411e-105
1.69545e-105
3.474e-104
-3.66502e-104
-1.23024e-103
2.6046e-103
3.31677e-103
-1.39338e-102
-3.76361e-103
6.30749e-102
-3.00609e-102
-2.49047e-101
3.03871e-101
8.50859e-101
-1.86321e-100
-2.36412e-100
9.36945e-100
3.99184e-100
-4.15968e-99
8.48977e-100
1.67399e-98
-1.31332e-98
-6.14826e-98
8.74551e-98
2.04321e-97
-4.6177e-97
-5.94165e-97
2.15592e-96
1.35738e-96
-9.26621e-96
-1.23411e-96
3.73768e-95
-1.09791e-95
-1.42962e-94
1.00044e-94
5.21397e-94
-5.84071e-94
-1.81746e-93
2.88981e-93
6.0522e-93
-1.30431e-92
-1.91817e-92
5.54096e-92
5.73585e-92
-2.25294e-91
-1.58886e-91
8.85856e-91
3.91104e-91
-3.3924e-90
-7.57311e-91
1.27194e-89
4.96056e-91
-4.68848e-89
5.51158e-90
1.7048e-88
-4.25691e-89
-6.13219e-88
2.20007e-88
2.18717e-87
-9.73087e-88
-7.75018e-87
3.9337e-87
2.73247e-86
-1.49182e-86
-9.59539e-86
5.36818e-86
3.35798e-85
-1.83937e-85
-1.17119e-84
5.98629e-85
4.06934e-84
-1.83249e-84
-1.40724e-83
5.15714e-84
4.83687e-83
-1.26181e-83
-1.64943e-82
2.21997e-83
5.56821e-82
6.62179e-84
-1.8559e-81
-3.32474e-82
6.08799e-81
2.24879e-81
-1.95792e-80
-1.15e-80
6.1433e-80
5.17226e-80
-1.86839e-79
-2.14713e-79
5.4569e-79
8.39964e-79
-1.50811e-78
-3.12764e-78
3.84035e-78
1.11352e-77
-8.49584e-78
-3.79496e-77
1.3478e-77
1.2361e-76
3.48861e-78
-3.8307e-76
-1.59753e-76
1.11982e-75
9.50081e-76
-3.03942e-75
-4.21178e-75
7.42101e-75
1.61396e-74
-1.50815e-74
-5.58364e-74
1.8678e-74
1.76765e-73
3.22417e-74
-5.10978e-73
-3.60673e-73
1.32459e-72
1.77815e-72
-2.9298e-72
-6.8549e-72
4.69622e-72
2.2718e-71
-3.63693e-73
-6.61362e-71
-3.89375e-71
1.6683e-70
2.15986e-70
-3.41551e-70
-8.36705e-70
4.2803e-70
2.6601e-69
5.70527e-70
-7.12524e-69
-6.51428e-69
1.54588e-68
2.91686e-68
-2.22566e-68
-9.7329e-68
-9.7273e-69
2.62092e-67
2.24111e-67
-5.50393e-67
-1.03903e-66
6.95593e-67
3.38298e-66
8.05904e-67
-8.52682e-66
-9.13212e-66
1.54747e-65
3.74561e-65
-9.98191e-66
-1.08694e-64
-6.67737e-65
2.31231e-64
3.79915e-64
-2.75495e-64
-1.24897e-63
-4.02396e-64
2.91187e-63
3.73232e-63
-4.13779e-63
-1.35976e-62
-2.11013e-63
3.32144e-62
3.74248e-62
-4.92642e-62
-1.44464e-61
-1.63955e-62
3.53161e-61
3.96645e-61
-4.96915e-61
-1.51441e-60
-3.01104e-61
3.51272e-60
4.43389e-60
-4.1538e-60
-1.55321e-59
-6.24389e-60
3.20202e-59
5.03596e-59
-2.43549e-59
-1.51651e-58
-1.0839e-58
2.52603e-58
5.51583e-58
6.50147e-60
-1.34342e-57
-1.56349e-57
1.46161e-57
5.5103e-57
2.93223e-57
-9.87298e-57
-1.88519e-56
1.18836e-57
4.67903e-56
5.40182e-56
-4.60087e-56
-1.85771e-55
-1.20409e-55
2.92099e-55
6.52475e-55
1.31151e-55
-1.37703e-54
-2.06913e-54
5.84786e-55
5.62173e-54
5.94042e-54
-5.39443e-54
-2.09862e-53
-1.5194e-53
2.8641e-53
7.36618e-53
3.27421e-53
-1.26229e-52
-2.47542e-52
-4.77026e-53
5.04357e-52
8.07711e-52
-3.32757e-53
-1.89653e-51
-2.59123e-51
6.65087e-52
6.84926e-51
8.27214e-51
-3.6742e-51
-2.40554e-50
-2.65808e-50
1.55978e-50
8.28154e-50
8.68218e-50
-5.77349e-50
-2.80773e-49
-2.90146e-49
1.92726e-49
9.39145e-49
9.93632e-49
-5.78985e-49
-3.09646e-48
-3.47422e-48
1.5027e-48
1.0027e-47
1.2305e-47
-2.88156e-48
-3.16741e-47
-4.3692e-47
3.44162e-49
9.65344e-47
1.5378e-46
3.57289e-47
-2.78829e-46
-5.30265e-46
-2.54964e-46
7.3905e-46
1.76901e-45
1.31027e-45
-1.67279e-45
-5.62477e-45
-5.76697e-45
2.5073e-45
1.66909e-44
2.27952e-44
2.6701e-45
-4.45803e-44
-8.19993e-44
-4.49235e-44
9.87347e-44
2.67279e-43
2.52602e-43
-1.32035e-43
-7.71674e-43
-1.07358e-42
-2.45188e-43
1.85688e-42
3.82198e-42
2.86058e-42
-3.01376e-42
-1.14962e-41
-1.43234e-41
-1.51297e-42
2.76316e-41
5.35578e-41
3.94303e-41
-4.09609e-41
-1.58792e-40
-2.06894e-40
-4.84215e-41
3.46341e-40
7.48659e-40
6.7287e-40
-3.1122e-40
-2.00231e-39
-3.13431e-39
-1.74365e-39
3.25922e-39
9.88594e-39
1.21174e-38
2.58815e-39
-2.03833e-38
-4.48687e-38
-4.44804e-38
7.16737e-39
1.06945e-37
1.94638e-37
1.59436e-37
-9.16326e-38
-5.13705e-37
-8.28281e-37
-5.7828e-37
5.70271e-37
2.34523e-36
3.52303e-36
2.21884e-36
-2.8405e-36
-1.03641e-35
-1.51579e-35
-9.37084e-36
1.2305e-35
4.46543e-35
6.62549e-35
4.39874e-35
-4.63744e-35
-1.87224e-34
-2.93074e-34
-2.23214e-34
1.40016e-34
7.55166e-34
1.29715e-33
1.17155e-33
-2.06249e-34
-2.85776e-33
-5.64319e-33
-6.11441e-33
-1.40204e-33
9.62112e-33
2.35422e-32
3.0804e-32
1.7885e-32
-2.48542e-32
-9.07736e-32
-1.4608e-31
-1.31227e-31
1.43823e-32
3.01922e-31
6.33276e-31
7.71884e-31
3.98711e-31
-7.07816e-31
-2.39041e-30
-3.85547e-30
-3.66838e-30
-2.55816e-31
6.97797e-30
1.61839e-29
2.20396e-29
1.63835e-29
-8.3274e-30
-5.25683e-29
-1.02203e-28
-1.24402e-28
-7.34597e-29
8.79834e-29
3.52652e-28
6.2872e-28
7.2145e-28
3.70765e-28
-6.26787e-28
-2.21442e-27
-3.85175e-27
-4.40726e-27
-2.35467e-27
3.56182e-27
1.31832e-26
2.36111e-26
2.8412e-26
1.83952e-26
-1.49949e-26
-7.3322e-26
-1.43038e-25
-1.8909e-25
-1.56036e-25
1.66668e-26
3.60868e-25
8.30324e-25
1.25091e-24
1.30064e-24
5.60894e-25
-1.32206e-24
-4.35387e-24
-7.83612e-24
-1.0076e-23
-8.39587e-24
2.67457e-25
1.7942e-23
4.3381e-23
6.94713e-23
8.13995e-23
5.73412e-23
-2.623e-23
-1.82993e-22
-3.9914e-22
-6.13183e-22
-7.01495e-22
-4.82861e-22
2.41674e-22
1.59983e-21
3.50774e-21
5.49968e-21
6.58507e-21
5.23138e-21
-3.94989e-22
-1.17959e-20
-2.90429e-20
-4.9289e-20
-6.52267e-20
-6.41742e-20
-2.88392e-20
5.89535e-20
2.10394e-19
4.17244e-19
6.35997e-19
7.72475e-19
6.74188e-19
1.41443e-19
-1.02929e-18
-2.95697e-18
-5.53653e-18
-8.25776e-18
-1.00183e-17
-9.00333e-18
-2.74672e-18
1.14726e-17
3.57325e-17
6.99373e-17
1.09643e-16
1.43468e-16
1.50685e-16
1.00117e-16
-4.79837e-17
-3.34847e-16
-7.88433e-16
-1.39899e-15
-2.08435e-15
-2.64754e-15
-2.73428e-15
-1.80541e-15
8.5145e-16
6.03686e-15
1.44381e-14
2.6266e-14
4.06932e-14
5.50852e-14
6.40743e-14
5.86205e-14
2.53475e-14
-5.33675e-14
-1.97842e-13
-4.27124e-13
-7.51464e-13
-1.16e-12
-1.60263e-12
-1.96573e-12
-2.04267e-12
-1.50247e-12
1.36284e-13
3.51418e-12
9.40274e-12
1.86111e-11
3.17888e-11
4.90756e-11
6.95396e-11
9.03409e-11
1.05565e-10
1.0469e-10
7.07113e-11
-2.197e-11
-2.09613e-10
-5.40644e-10
-1.07572e-09
-1.88495e-09
-3.04003e-09
-4.59836e-09
-6.57438e-09
-8.89214e-09
-1.13106e-08
-1.33101e-08
-1.39263e-08
-1.15109e-08
-3.39705e-09
1.45622e-08
4.86187e-08
1.07963e-07
2.05819e-07
3.60873e-07
5.99098e-07
9.56078e-07
1.47992e-06
2.23488e-06
3.30582e-06
4.80366e-06
6.87192e-06
9.69462e-06
1.35056e-05
1.85997e-05
2.53452e-05
3.41993e-05
4.57247e-05
6.06094e-05
7.96888e-05
0.00010397
0.000134661
0.000173198
0.000221281
0.000280911
0.000354426
0.000444542
0.000554401
0.000687614
0.000848308
0.00104117
0.00127151
0.0015453
0.00186921
0.00225067
0.00269791
0.00322
0.00382687
0.00452937
0.00533925
0.0062692
0.00733283
0.0085447
0.00992028
0.0114759
0.0132287
0.0151967
0.0173986
0.0198535
0.0225814
0.0256025
0.0289372
0.0326062
0.0366302
0.0410296
0.0458246
0.0510348
0.0566792
0.0627756
0.0693412
0.0763915
0.0839407
0.0920016
0.100585
0.109699
0.119351
0.129545
0.140283
0.151565
0.163387
0.175744
0.188627
0.202025
0.215925
0.23031
0.245161
0.260457
0.276173
0.292284
0.308761
0.325573
0.34269
0.360077
0.377698
0.39552
0.413503
0.43161
0.449804
0.468046
0.486298
0.504522
0.52268
0.540735
0.558653
0.576398
0.593937
0.611239
0.628273
0.645011
0.661426
0.677495
0.693195
0.708505
0.723407
0.737887
0.751929
0.765523
0.778658
0.791329
0.803529
0.815255
0.826507
0.837283
0.847587
0.857422
0.866792
0.875705
0.884168
0.892188
0.899776
0.906942
0.913696
0.920049
0.926014
0.931601
0.936822
0.941688
0.946212
0.950403
0.954272
0.957828
0.961082
0.964039
0.966709
0.969096
0.971206
0.973043
0.974608
0.975902
0.976927
0.977678
0.978154
0.978351
0.978261
0.977878
0.977192
0.976195
0.974875
0.973219
0.971216
0.96885
0.966106
0.962971
0.959428
0.955461
0.951054
0.946198
0.940843
0.935119
0.928441
0.923021
0.910258
)
;

boundaryField
{
    sides
    {
        type            zeroGradient;
    }
    empty
    {
        type            empty;
    }
}


// ************************************************************************* //
