/*--------------------------------*- C++ -*----------------------------------*\
  =========                 |
  \\      /  F ield         | OpenFOAM: The Open Source CFD Toolbox
   \\    /   O peration     | Website:  https://openfoam.org
    \\  /    A nd           | Version:  7
     \\/     M anipulation  |
\*---------------------------------------------------------------------------*/
FoamFile
{
    version     2.0;
    format      ascii;
    class       volScalarField;
    location    "2.31";
    object      T;
}
// * * * * * * * * * * * * * * * * * * * * * * * * * * * * * * * * * * * * * //

dimensions      [0 0 0 1 0 0 0];

internalField   nonuniform List<scalar> 
1000
(
6.17327e-184
6.72243e-184
8.74874e-184
1.46159e-183
3.04951e-183
7.25095e-183
1.8277e-182
4.71225e-182
1.22482e-181
3.19219e-181
8.32574e-181
2.17155e-180
5.66264e-180
1.47615e-179
3.84674e-179
1.00207e-178
2.60942e-178
6.79249e-178
1.76748e-177
4.59747e-177
1.19542e-176
3.10714e-176
8.07307e-176
2.09678e-175
5.44383e-175
1.41283e-174
3.66533e-174
9.5054e-174
2.46412e-173
6.38538e-173
1.65404e-172
4.2829e-172
1.10857e-171
2.86826e-171
7.41831e-171
1.91789e-170
4.95647e-170
1.28042e-169
3.30643e-169
8.53485e-169
2.20222e-168
5.68007e-168
1.46445e-167
3.77416e-167
9.72285e-167
2.50376e-166
6.4449e-166
1.65831e-165
4.26518e-165
1.09656e-164
2.81807e-164
7.23925e-164
1.8589e-163
4.77135e-163
1.22418e-162
3.13958e-162
8.04853e-162
2.06244e-161
5.28279e-161
1.35258e-160
3.46164e-160
8.85556e-160
2.26447e-159
5.78806e-159
1.47882e-158
3.77668e-158
9.64094e-158
2.46004e-157
6.27448e-157
1.59965e-156
4.07647e-156
1.03837e-155
2.64383e-155
6.72857e-155
1.71168e-154
4.3524e-154
1.10622e-153
2.81038e-153
7.13663e-153
1.81145e-152
4.59586e-152
1.1655e-151
2.95433e-151
7.48531e-151
1.89568e-150
4.79866e-150
1.21416e-149
3.07068e-149
7.76235e-149
1.96133e-148
4.95344e-148
1.25044e-147
3.1551e-147
7.95722e-147
2.00588e-146
5.05412e-146
1.27286e-145
3.20411e-145
8.06176e-145
2.02742e-144
5.09624e-144
1.2804e-143
3.2154e-143
8.07072e-143
2.02478e-142
5.0773e-142
1.27255e-141
3.1879e-141
7.98215e-141
1.99766e-140
4.99696e-140
1.24932e-139
3.12196e-139
7.79763e-139
1.94661e-138
4.85709e-138
1.21131e-137
3.01933e-137
7.52222e-137
1.87309e-136
4.66176e-136
1.15962e-135
2.88309e-135
7.16432e-135
1.77937e-134
4.41702e-134
1.09589e-133
2.71752e-133
6.73521e-133
1.6684e-132
4.13063e-132
1.02212e-131
2.52787e-131
6.24846e-131
1.54368e-130
3.8116e-130
9.40635e-130
2.32005e-129
5.71922e-129
1.40909e-128
3.46975e-128
8.53923e-128
2.10038e-127
5.1634e-127
1.26862e-126
3.11516e-126
7.64516e-126
1.8752e-125
4.59685e-125
1.12623e-124
2.75768e-124
6.74857e-124
1.65056e-123
4.03457e-123
9.85625e-123
2.40643e-122
5.87193e-122
1.43197e-121
3.49004e-121
8.501e-121
2.06944e-120
5.03472e-120
1.22416e-119
2.97468e-119
7.22406e-119
1.75331e-118
4.25279e-118
1.03091e-117
2.4975e-117
6.04676e-117
1.46309e-116
3.53794e-116
8.54989e-116
2.0649e-115
4.98386e-115
1.20215e-114
2.89787e-114
6.98107e-114
1.6807e-113
4.04371e-113
9.72281e-113
2.33627e-112
5.61016e-112
1.34631e-111
3.22873e-111
7.73809e-111
1.85332e-110
4.43591e-110
1.06103e-109
2.53618e-109
6.05823e-109
1.44617e-108
3.44987e-108
8.22415e-108
1.95923e-107
4.66427e-107
1.10965e-106
2.63809e-106
6.26749e-106
1.48798e-105
3.5302e-105
8.36949e-105
1.98287e-104
4.69444e-104
1.11062e-103
2.62568e-103
6.20307e-103
1.46441e-102
3.45465e-102
8.14394e-102
1.91845e-101
4.51596e-101
1.06226e-100
2.49688e-100
5.86464e-100
1.37646e-99
3.22824e-99
7.56559e-99
1.77172e-98
4.14592e-98
9.69433e-98
2.26509e-97
5.28839e-97
1.23375e-96
2.87607e-96
6.69941e-96
1.55933e-95
3.62659e-95
8.42795e-95
1.95706e-94
4.54091e-94
1.05278e-93
2.43887e-93
5.64538e-93
1.30571e-92
3.01754e-92
6.96799e-92
1.60771e-91
3.70643e-91
8.53779e-91
1.96507e-90
4.5191e-90
1.0384e-89
2.38405e-89
5.46892e-89
1.25349e-88
2.87061e-88
6.56839e-88
1.50166e-87
3.43016e-87
7.82855e-87
1.78514e-86
4.06712e-86
9.2581e-86
2.1056e-85
4.78463e-85
1.08626e-84
2.46398e-84
5.58406e-84
1.26437e-83
2.86027e-83
6.46467e-83
1.45979e-82
3.29335e-82
7.42312e-82
1.67161e-81
3.7608e-81
8.45321e-81
1.89826e-80
4.25877e-80
9.54555e-80
2.1375e-79
4.78186e-79
1.06874e-78
2.38633e-78
5.32314e-78
1.18627e-77
2.64105e-77
5.87412e-77
1.30521e-76
2.89728e-76
6.4249e-76
1.42334e-75
3.15004e-75
6.96441e-75
1.5382e-74
3.39389e-74
7.48065e-74
1.64715e-73
3.62309e-73
7.9611e-73
1.74749e-72
3.83177e-72
8.39319e-72
1.83651e-71
4.01421e-71
8.76477e-71
1.91168e-70
4.16504e-70
9.06468e-70
1.97066e-69
4.27952e-69
9.28325e-69
2.01152e-68
4.35376e-68
9.4128e-68
2.03276e-67
4.38492e-67
9.4481e-67
2.03344e-66
4.37141e-66
9.38663e-66
2.01324e-65
4.31296e-65
9.22884e-65
1.97246e-64
4.21071e-64
8.97815e-64
1.91205e-63
4.06716e-63
8.64089e-63
1.83358e-62
3.88607e-62
8.22603e-62
1.73914e-61
3.67233e-61
7.74476e-61
1.63129e-60
3.4317e-60
7.21004e-60
1.51291e-59
3.17057e-59
6.63593e-59
1.3871e-58
2.89566e-58
6.03703e-58
1.25698e-57
2.61375e-57
5.42778e-57
1.12565e-56
2.33133e-56
4.8219e-56
9.9597e-56
2.0544e-55
4.23183e-55
8.70514e-55
1.78823e-54
3.66833e-54
7.51462e-54
1.53722e-53
3.14017e-53
6.40551e-53
1.30477e-52
2.65396e-52
5.39049e-52
1.09328e-51
2.21414e-51
4.47755e-51
9.04145e-51
1.82302e-50
3.6703e-50
7.37837e-50
1.48104e-49
2.96836e-49
5.94027e-49
1.18695e-48
2.36806e-48
4.71716e-48
9.382e-48
1.86308e-47
3.69393e-47
7.31238e-47
1.44524e-46
2.85187e-46
5.61854e-46
1.10514e-45
2.17024e-45
4.25491e-45
8.32841e-45
1.62749e-44
3.1751e-44
6.18405e-44
1.20244e-43
2.33411e-43
4.52321e-43
8.75051e-43
1.68997e-42
3.2582e-42
6.27085e-42
1.20482e-41
2.31078e-41
4.4242e-41
8.45561e-41
1.61319e-40
3.07221e-40
5.84034e-40
1.10827e-39
2.09925e-39
3.96911e-39
7.49079e-39
1.41112e-38
2.65336e-38
4.97993e-38
9.32907e-38
1.74437e-37
3.25551e-37
6.06423e-37
1.12747e-36
2.09219e-36
3.8749e-36
7.16275e-36
1.32146e-35
2.43321e-35
4.47147e-35
8.20095e-35
1.50112e-34
2.74221e-34
4.99937e-34
9.09608e-34
1.65163e-33
2.99289e-33
5.41225e-33
9.76729e-33
1.75903e-32
3.16134e-32
5.66975e-32
1.01472e-31
1.81224e-31
3.22973e-31
5.74374e-31
1.01928e-30
1.80495e-30
3.18933e-30
5.62334e-30
9.89337e-30
1.73678e-29
3.04225e-29
5.31725e-29
9.27296e-29
1.61355e-28
2.80143e-28
4.8529e-28
8.38775e-28
1.44646e-27
2.48876e-27
4.27235e-27
7.3174e-27
1.2504e-26
2.13175e-26
3.62592e-26
6.15303e-26
1.04171e-25
1.75947e-25
2.96481e-25
4.98407e-25
8.35874e-25
1.3985e-24
2.33425e-24
3.88678e-24
6.45635e-24
1.06988e-23
1.76859e-23
2.91652e-23
4.79781e-23
7.87328e-23
1.28885e-22
2.10464e-22
3.42829e-22
5.57059e-22
9.02908e-22
1.45983e-21
2.35436e-21
3.78751e-21
6.07773e-21
9.72818e-21
1.55318e-20
2.4735e-20
3.92912e-20
6.22544e-20
9.83862e-20
1.5509e-19
2.43848e-19
3.82416e-19
5.98178e-19
9.33258e-19
1.45227e-18
2.25405e-18
3.4894e-18
5.38773e-18
8.29709e-18
1.27441e-17
1.95233e-17
2.98304e-17
4.54592e-17
6.90941e-17
1.04741e-16
1.58359e-16
2.38793e-16
3.5913e-16
5.38679e-16
8.05855e-16
1.20235e-15
1.78917e-15
2.65532e-15
3.9303e-15
5.802e-15
8.54227e-15
1.25433e-14
1.83692e-14
2.68294e-14
3.90816e-14
5.67773e-14
8.22655e-14
1.18878e-13
1.71327e-13
2.46258e-13
3.53017e-13
5.0471e-13
7.19664e-13
1.02343e-12
1.45155e-12
2.05328e-12
2.89673e-12
4.0758e-12
5.71956e-12
8.00497e-12
1.11739e-11
1.5556e-11
2.15994e-11
2.99113e-11
4.13126e-11
5.69095e-11
7.81884e-11
1.07142e-10
1.46431e-10
1.99603e-10
2.71373e-10
3.67985e-10
4.97692e-10
6.71367e-10
9.03297e-10
1.2122e-09
1.62254e-09
2.16618e-09
2.88452e-09
3.83122e-09
5.07558e-09
6.70693e-09
8.84001e-09
1.16219e-08
1.52404e-08
1.99351e-08
2.60102e-08
3.38512e-08
4.39455e-08
5.69072e-08
7.35082e-08
9.47162e-08
1.21741e-07
1.56089e-07
1.99636e-07
2.54707e-07
3.24173e-07
4.1158e-07
5.21287e-07
6.58637e-07
8.30172e-07
1.04387e-06
1.30943e-06
1.63864e-06
2.04574e-06
2.54794e-06
3.16595e-06
3.92463e-06
4.85375e-06
5.98886e-06
7.3723e-06
9.05438e-06
1.10947e-05
1.35636e-05
1.65443e-05
2.01341e-05
2.44476e-05
2.96184e-05
3.58027e-05
4.31819e-05
5.19665e-05
6.24003e-05
7.47645e-05
8.93829e-05
0.000106627
0.000126924
0.000150758
0.000178685
0.000211334
0.000249419
0.000293746
0.000345226
0.000404882
0.000473861
0.000553449
0.000645076
0.000750339
0.000871007
0.00100904
0.0011666
0.00134608
0.00155008
0.00178149
0.00204342
0.00233931
0.00267284
0.00304806
0.00346929
0.00394124
0.00446892
0.00505773
0.00571345
0.00644221
0.00725055
0.00814539
0.00913403
0.0102242
0.0114239
0.0127417
0.0141863
0.015767
0.0174933
0.0193749
0.0214221
0.0236452
0.0260547
0.0286615
0.0314764
0.0345106
0.0377751
0.041281
0.0450393
0.0490608
0.0533564
0.0579365
0.0628112
0.0679904
0.0734833
0.0792988
0.0854451
0.0919298
0.0987596
0.105941
0.113478
0.121376
0.129639
0.138267
0.147263
0.156626
0.166355
0.176449
0.186903
0.197712
0.208872
0.220373
0.232209
0.244369
0.256842
0.269616
0.282678
0.296013
0.309607
0.323441
0.3375
0.351764
0.366216
0.380834
0.395599
0.410489
0.425484
0.440561
0.455698
0.470874
0.486067
0.501253
0.516411
0.531519
0.546555
0.561499
0.576329
0.591026
0.605569
0.619941
0.634122
0.648096
0.661847
0.675358
0.688615
0.701604
0.714313
0.72673
0.738844
0.750645
0.762125
0.773276
0.78409
0.794562
0.804686
0.814459
0.823877
0.832936
0.841635
0.849972
0.857947
0.865559
0.872807
0.879692
0.886216
0.892378
0.898181
0.903624
0.90871
0.91344
0.917815
0.921835
0.925503
0.928819
0.931783
0.934395
0.936657
0.938566
0.940123
0.941326
0.942173
0.942664
0.942796
0.942567
0.941973
0.941011
0.939679
0.937973
0.935888
0.933422
0.93057
0.927328
0.923693
0.919661
0.915228
0.910391
0.905147
0.899493
0.893428
0.886951
0.880059
0.872753
0.865034
0.856903
0.848362
0.839415
0.830065
0.820317
0.810178
0.799655
0.788756
0.777491
0.76587
0.753905
0.741608
0.728994
0.716076
0.70287
0.689395
0.675665
0.661702
0.647523
0.633148
0.618598
0.603895
0.589059
0.574113
0.559079
0.54398
0.528837
0.513674
0.498513
0.483377
0.468287
0.453265
0.438333
0.423511
0.40882
0.394278
0.379905
0.365719
0.351736
0.337973
0.324444
0.311165
0.298148
0.285406
0.272949
0.260787
0.248929
0.237383
0.226155
0.215251
0.204676
0.194432
0.184523
0.174949
0.165711
0.156809
0.148241
0.140005
0.132098
0.124517
0.117257
0.110312
0.103678
0.0973486
0.0913165
0.0855751
0.0801168
0.0749339
0.0700184
0.0653621
0.0609564
0.0567927
0.0528624
0.0491567
0.0456668
0.0423839
0.0392992
0.0364042
0.0336902
0.0311488
0.0287717
0.0265507
0.0244779
0.0225456
0.0207462
0.0190724
0.0175172
0.0160736
0.0147353
0.0134957
0.0123489
0.0112891
0.0103107
0.00940831
0.00857702
0.00781198
0.00710866
0.00646274
0.00587016
0.00532706
0.00482982
0.00437503
0.0039595
0.00358021
0.00323435
0.0029193
0.00263258
0.00237192
0.00213517
0.00192036
0.00172563
0.0015493
0.00138976
0.00124557
0.00111537
0.000997911
0.000892053
0.000796738
0.000710997
0.000633941
0.000564754
0.000502692
0.000447071
0.000397268
0.000352718
0.0003129
0.000277346
0.000245628
0.000217356
0.00019218
0.00016978
0.000149867
0.000132182
0.000116489
0.000102576
9.02513e-05
7.93435e-05
6.96979e-05
6.11759e-05
5.36531e-05
4.70179e-05
4.11707e-05
3.60222e-05
3.14927e-05
2.75112e-05
2.40143e-05
2.09455e-05
1.82548e-05
1.58974e-05
1.38338e-05
1.20288e-05
1.04513e-05
9.07381e-06
7.87188e-06
6.82399e-06
5.91114e-06
5.11656e-06
4.42547e-06
3.82487e-06
3.30333e-06
2.85079e-06
2.45843e-06
2.11852e-06
1.82427e-06
1.56974e-06
1.34974e-06
1.15974e-06
9.95758e-07
8.54351e-07
7.325e-07
6.2758e-07
5.37305e-07
4.5969e-07
3.93009e-07
3.35764e-07
2.86656e-07
2.4456e-07
2.085e-07
1.77634e-07
1.51233e-07
1.28667e-07
1.09393e-07
9.29424e-08
7.89121e-08
6.69542e-08
5.677e-08
4.81024e-08
4.07308e-08
3.44658e-08
2.9145e-08
2.46293e-08
2.07994e-08
1.75535e-08
1.48044e-08
1.24777e-08
1.05098e-08
8.84649e-09
7.4416e-09
6.25578e-09
5.25553e-09
4.41239e-09
3.70214e-09
3.10424e-09
2.60126e-09
2.17839e-09
1.82312e-09
1.52483e-09
1.27455e-09
1.06468e-09
8.88821e-10
7.41548e-10
6.18297e-10
5.15214e-10
4.29054e-10
3.57085e-10
2.97007e-10
2.46887e-10
2.05101e-10
1.70285e-10
1.41294e-10
1.17169e-10
9.71047e-11
8.04288e-11
6.65773e-11
5.50788e-11
4.55395e-11
3.76303e-11
3.10766e-11
2.56493e-11
2.11577e-11
1.74425e-11
1.43714e-11
1.18343e-11
9.73945e-12
8.01088e-12
6.58537e-12
5.41046e-12
4.44266e-12
3.64593e-12
2.99041e-12
2.4514e-12
2.00847e-12
1.64479e-12
1.34657e-12
1.10283e-12
9.05631e-13
7.51569e-13
6.46891e-13
)
;

boundaryField
{
    sides
    {
        type            zeroGradient;
    }
    empty
    {
        type            empty;
    }
}


// ************************************************************************* //
