/*--------------------------------*- C++ -*----------------------------------*\
  =========                 |
  \\      /  F ield         | OpenFOAM: The Open Source CFD Toolbox
   \\    /   O peration     | Website:  https://openfoam.org
    \\  /    A nd           | Version:  7
     \\/     M anipulation  |
\*---------------------------------------------------------------------------*/
FoamFile
{
    version     2.0;
    format      ascii;
    class       volScalarField;
    location    "2.95";
    object      T;
}
// * * * * * * * * * * * * * * * * * * * * * * * * * * * * * * * * * * * * * //

dimensions      [0 0 0 1 0 0 0];

internalField   nonuniform List<scalar> 
1000
(
0
0
0
0
0
0
0
0
0
0
0
0
0
0
0
0
0
0
0
0
0
0
0
0
0
0
0
0
0
0
0
0
0
0
0
0
0
0
0
0
0
0
0
0
0
0
0
0
0
0
0
0
0
0
0
0
0
0
0
0
0
0
0
0
0
0
0
0
0
0
0
0
0
0
0
0
0
0
0
0
0
0
0
0
0
0
0
0
0
0
0
0
0
0
0
0
0
0
0
0
0
0
0
0
0
0
0
0
0
0
0
0
0
0
0
0
0
0
0
0
0
0
0
0
0
0
0
0
0
0
0
0
0
0
0
0
0
0
0
0
0
0
0
0
0
0
0
0
0
0
0
0
0
0
0
0
0
0
0
0
0
0
0
0
0
0
0
0
0
0
0
0
0
0
0
0
0
0
0
0
0
0
0
0
0
0
0
0
0
0
0
0
0
0
0
0
0
0
0
0
0
0
0
0
0
0
0
0
0
0
0
0
0
3.35965e-322
1.58249e-320
7.19552e-319
3.26087e-317
1.47422e-315
6.649e-314
2.99163e-312
1.3428e-310
6.01253e-309
2.68561e-307
1.19663e-305
5.31864e-304
2.35808e-302
1.04287e-300
4.60048e-299
2.0243e-297
8.88453e-296
3.88936e-294
1.69823e-292
7.39577e-291
3.21241e-289
1.39166e-287
6.01283e-286
2.59098e-284
1.11347e-282
4.77217e-281
2.03971e-279
8.69415e-278
3.6956e-276
1.56651e-274
6.62162e-273
2.79106e-271
1.17311e-269
4.91663e-268
2.05468e-266
8.56171e-265
3.5572e-263
1.47359e-261
6.08641e-260
2.50639e-258
1.02904e-256
4.21212e-255
1.71888e-253
6.99292e-252
2.83615e-250
1.14669e-248
4.6217e-247
1.85689e-245
7.43682e-244
2.96891e-242
1.18142e-240
4.68596e-239
1.85255e-237
7.29973e-236
2.86681e-234
1.12211e-232
4.3773e-231
1.70176e-229
6.59328e-228
2.54568e-226
9.79477e-225
3.75544e-223
1.4348e-221
5.46228e-220
2.07203e-218
7.83154e-217
2.94926e-215
1.10658e-213
4.13656e-212
1.54055e-210
5.71575e-209
2.11262e-207
7.7787e-206
2.85309e-204
1.0424e-202
3.79356e-201
1.37512e-199
4.96481e-198
1.78532e-196
6.3939e-195
2.28054e-193
8.1006e-192
2.86542e-190
1.00933e-188
3.54031e-187
1.23649e-185
4.30002e-184
1.48888e-182
5.13266e-181
1.76158e-179
6.01899e-178
2.04732e-176
6.93223e-175
2.33651e-173
7.83878e-172
2.61758e-170
8.69965e-169
2.87763e-167
9.47285e-166
3.10326e-164
1.01164e-162
3.28163e-161
1.05921e-159
3.4016e-158
1.08686e-156
3.45487e-155
1.09253e-153
3.43684e-152
1.07543e-150
3.34721e-149
1.03618e-147
3.19021e-146
9.76799e-145
2.97421e-143
9.00517e-142
2.71107e-140
8.11509e-139
2.41503e-137
7.14495e-136
2.10135e-134
6.14315e-133
1.78505e-131
5.15518e-130
1.4796e-128
4.2201e-127
1.19604e-125
3.3681e-124
9.42337e-123
2.61926e-121
7.23216e-120
1.98354e-118
5.40336e-117
1.46185e-115
3.92751e-114
1.0478e-112
2.77549e-111
7.29913e-110
1.9056e-108
4.93832e-107
1.27021e-105
3.24251e-104
8.21396e-103
2.06464e-101
5.14892e-100
1.27386e-98
3.12618e-97
7.60935e-96
1.83685e-94
4.39687e-93
1.04354e-91
2.45534e-90
5.72674e-89
1.32385e-87
3.03283e-86
6.88467e-85
1.5484e-83
3.44977e-82
7.61278e-81
1.66372e-79
3.60026e-78
7.71334e-77
1.63582e-75
3.43358e-74
7.13188e-73
1.46566e-71
2.9796e-70
5.99107e-69
1.19122e-67
2.34173e-66
4.55047e-65
8.73904e-64
1.65833e-62
3.10873e-61
5.75582e-60
1.05232e-58
1.89932e-57
3.38344e-56
5.9473e-55
1.03127e-53
1.76359e-52
2.97359e-51
4.94193e-50
8.09316e-49
1.30561e-47
2.07417e-46
3.24392e-45
4.99278e-44
7.55979e-43
1.12567e-41
1.64772e-40
2.37001e-39
3.34839e-38
4.64464e-37
6.32272e-36
8.4428e-35
1.10532e-33
1.41803e-32
1.78173e-31
2.19138e-30
2.63667e-29
3.10158e-28
3.56467e-27
4.00004e-26
4.37928e-25
4.67417e-24
4.85979e-23
4.91778e-22
4.83913e-21
4.62585e-20
4.2914e-19
3.85935e-18
3.36071e-17
2.83014e-16
2.30179e-15
1.80543e-14
1.36359e-13
9.9003e-13
6.89753e-12
4.60224e-11
2.93462e-10
1.78416e-09
1.0316e-08
5.65689e-08
2.93292e-07
1.43287e-06
6.57165e-06
2.81769e-05
0.000112424
0.00041528
0.00141208
0.00439225
0.0124119
0.031633
0.0721696
0.146374
0.262546
0.415811
0.584189
0.737454
0.853626
0.92783
0.968367
0.987588
0.995608
0.998588
0.999585
0.999888
0.999972
0.999993
0.999999
1
1
1
1
1
1
1
1
1
1
1
1
1
1
1
1
1
1
1
1
1
1
1
1
1
1
1
1
1
1
1
1
1
1
1
1
1
1
1
1
1
1
1
1
1
1
1
1
1
1
1
1
1
1
1
1
1
1
1
1
1
1
1
1
1
1
1
1
1
1
1
1
1
1
0.999999
0.999993
0.999972
0.999888
0.999585
0.998588
0.995608
0.987588
0.968367
0.92783
0.853626
0.737454
0.584189
0.415811
0.262546
0.146374
0.0721696
0.031633
0.0124119
0.00439225
0.00141208
0.00041528
0.000112424
2.81769e-05
6.57165e-06
1.43287e-06
2.93292e-07
5.65689e-08
1.0316e-08
1.78416e-09
2.93462e-10
4.60224e-11
6.89753e-12
9.9003e-13
1.36359e-13
1.80543e-14
2.30179e-15
2.83014e-16
3.36071e-17
3.85935e-18
4.2914e-19
4.62585e-20
4.83913e-21
4.91778e-22
4.85979e-23
4.67417e-24
4.37928e-25
4.00004e-26
3.56467e-27
3.10158e-28
2.63667e-29
2.19138e-30
1.78173e-31
1.41803e-32
1.10532e-33
8.4428e-35
6.32272e-36
4.64464e-37
3.34839e-38
2.37001e-39
1.64772e-40
1.12567e-41
7.55979e-43
4.99278e-44
3.24392e-45
2.07417e-46
1.30561e-47
8.09316e-49
4.94193e-50
2.97359e-51
1.76359e-52
1.03127e-53
5.9473e-55
3.38344e-56
1.89932e-57
1.05232e-58
5.75582e-60
3.10873e-61
1.65833e-62
8.73904e-64
4.55047e-65
2.34173e-66
1.19122e-67
5.99107e-69
2.9796e-70
1.46566e-71
7.13188e-73
3.43358e-74
1.63582e-75
7.71334e-77
3.60026e-78
1.66372e-79
7.61278e-81
3.44977e-82
1.5484e-83
6.88467e-85
3.03283e-86
1.32385e-87
5.72674e-89
2.45534e-90
1.04354e-91
4.39687e-93
1.83685e-94
7.60935e-96
3.12618e-97
1.27386e-98
5.14892e-100
2.06464e-101
8.21396e-103
3.24251e-104
1.27021e-105
4.93832e-107
1.9056e-108
7.29913e-110
2.77549e-111
1.0478e-112
3.92751e-114
1.46185e-115
5.40336e-117
1.98354e-118
7.23216e-120
2.61926e-121
9.42337e-123
3.3681e-124
1.19604e-125
4.2201e-127
1.4796e-128
5.15518e-130
1.78505e-131
6.14315e-133
2.10135e-134
7.14495e-136
2.41503e-137
8.11509e-139
2.71107e-140
9.00517e-142
2.97421e-143
9.76799e-145
3.19021e-146
1.03618e-147
3.34721e-149
1.07543e-150
3.43684e-152
1.09253e-153
3.45487e-155
1.08686e-156
3.4016e-158
1.05921e-159
3.28163e-161
1.01164e-162
3.10326e-164
9.47285e-166
2.87763e-167
8.69965e-169
2.61758e-170
7.83878e-172
2.33651e-173
6.93223e-175
2.04732e-176
6.01899e-178
1.76158e-179
5.13266e-181
1.48888e-182
4.30002e-184
1.23649e-185
3.54031e-187
1.00933e-188
2.86542e-190
8.1006e-192
2.28054e-193
6.3939e-195
1.78532e-196
4.96481e-198
1.37512e-199
3.79356e-201
1.0424e-202
2.85309e-204
7.7787e-206
2.11262e-207
5.71575e-209
1.54055e-210
4.13656e-212
1.10658e-213
2.94926e-215
7.83154e-217
2.07203e-218
5.46228e-220
1.4348e-221
3.75544e-223
9.79477e-225
2.54568e-226
6.59328e-228
1.70176e-229
4.3773e-231
1.12211e-232
2.86681e-234
7.29973e-236
1.85255e-237
4.68596e-239
1.18142e-240
2.96891e-242
7.43682e-244
1.85689e-245
4.6217e-247
1.14669e-248
2.83615e-250
6.99292e-252
1.71888e-253
4.21212e-255
1.02904e-256
2.50639e-258
6.08641e-260
1.47359e-261
3.5572e-263
8.56171e-265
2.05468e-266
4.91663e-268
1.17311e-269
2.79106e-271
6.62162e-273
1.56651e-274
3.6956e-276
8.69415e-278
2.03971e-279
4.77217e-281
1.11347e-282
2.59098e-284
6.01283e-286
1.39166e-287
3.21241e-289
7.39577e-291
1.69823e-292
3.88936e-294
8.88453e-296
2.0243e-297
4.60048e-299
1.04287e-300
2.35808e-302
5.31864e-304
1.19663e-305
2.68561e-307
6.01253e-309
1.3428e-310
2.99163e-312
6.649e-314
1.47422e-315
3.26087e-317
7.19557e-319
1.58249e-320
3.35965e-322
0
0
0
0
0
0
0
0
0
0
0
0
0
0
0
0
0
0
0
0
0
0
0
0
0
0
0
0
0
0
0
0
0
0
0
0
0
0
0
0
0
0
0
0
0
0
0
0
0
0
0
0
0
0
0
0
0
0
0
0
0
0
0
0
0
0
0
0
0
0
0
0
0
0
0
0
0
0
0
0
0
0
0
0
0
0
0
0
0
0
0
0
0
0
0
0
0
0
0
0
0
0
0
0
0
0
0
0
0
0
0
0
0
0
0
0
0
0
0
0
0
0
0
0
0
0
0
0
0
0
0
0
0
0
0
0
0
0
0
0
0
0
0
0
0
0
0
0
0
0
0
0
0
0
0
0
0
0
0
0
0
0
0
0
0
0
0
0
0
0
0
0
0
0
0
0
0
0
0
0
0
0
0
0
0
0
0
0
0
0
0
0
0
0
0
0
0
0
0
0
0
0
0
0
0
0
0
0
0
0
0
0
0
)
;

boundaryField
{
    sides
    {
        type            zeroGradient;
    }
    empty
    {
        type            empty;
    }
}


// ************************************************************************* //
