/*--------------------------------*- C++ -*----------------------------------*\
  =========                 |
  \\      /  F ield         | OpenFOAM: The Open Source CFD Toolbox
   \\    /   O peration     | Website:  https://openfoam.org
    \\  /    A nd           | Version:  7
     \\/     M anipulation  |
\*---------------------------------------------------------------------------*/
FoamFile
{
    version     2.0;
    format      ascii;
    class       volScalarField;
    location    "0.66";
    object      T;
}
// * * * * * * * * * * * * * * * * * * * * * * * * * * * * * * * * * * * * * //

dimensions      [0 0 0 1 0 0 0];

internalField   nonuniform List<scalar> 
1000
(
9.30369e-203
1.43748e-202
3.38823e-202
9.64494e-202
2.89908e-201
8.83064e-201
2.6979e-200
8.24703e-200
2.52093e-199
7.7047e-199
2.35434e-198
7.1928e-198
2.19705e-197
6.7096e-197
2.04864e-196
6.25385e-196
1.90872e-195
5.82436e-195
1.77691e-194
5.41995e-194
1.65286e-193
5.0395e-193
1.5362e-192
4.68189e-192
1.4266e-191
4.34604e-191
1.32371e-190
4.0309e-190
1.22721e-189
3.73546e-189
1.13678e-188
3.45873e-188
1.05212e-187
3.19976e-187
9.72919e-187
2.95762e-186
8.98904e-186
2.73142e-185
8.29794e-185
2.52032e-184
7.65323e-184
2.32347e-183
7.05235e-183
2.14009e-182
6.49284e-182
1.96942e-181
5.97232e-181
1.81071e-180
5.48855e-180
1.66328e-179
5.03934e-179
1.52645e-178
4.62263e-178
1.39957e-177
4.23643e-177
1.28204e-176
3.87885e-176
1.17328e-175
3.5481e-175
1.07272e-174
3.24246e-174
9.79844e-174
2.96029e-173
8.94144e-173
2.70006e-172
8.15145e-172
2.46031e-171
7.42397e-171
2.23963e-170
6.75472e-170
2.03672e-169
6.13968e-169
1.85034e-168
5.57502e-168
1.67931e-167
5.05715e-167
1.52254e-166
4.5827e-166
1.37899e-165
4.14848e-165
1.24768e-164
3.75149e-164
1.12769e-163
3.38893e-163
1.01817e-162
3.05816e-162
9.18304e-162
2.75674e-161
8.27347e-161
2.48234e-160
7.44592e-160
2.23283e-159
6.69384e-159
2.0062e-158
6.0111e-158
1.80058e-157
5.39199e-157
1.61423e-156
4.83123e-156
1.44553e-155
4.32389e-155
1.293e-154
3.86542e-154
1.15523e-153
3.45158e-153
1.03095e-152
3.07846e-152
9.1897e-152
2.74246e-151
8.18185e-151
2.44025e-150
7.27588e-150
2.16874e-149
6.46247e-149
1.92512e-148
5.73304e-148
1.70679e-147
5.07973e-147
1.51136e-146
4.49531e-146
1.33665e-145
3.97318e-145
1.18065e-144
3.50728e-144
1.04155e-143
3.09208e-143
9.17662e-143
2.72254e-142
8.0747e-142
2.39407e-141
7.09586e-141
2.10248e-140
6.2275e-140
1.84396e-139
5.45816e-139
1.61508e-138
4.77746e-138
1.41271e-137
4.17601e-137
1.23402e-136
3.64529e-136
1.07645e-135
3.17763e-135
9.37697e-135
2.76611e-134
8.15688e-134
2.4045e-133
7.08551e-133
2.08719e-132
6.14608e-132
1.80916e-131
5.32351e-131
1.56589e-130
4.60431e-130
1.35334e-129
3.97641e-129
1.16792e-128
3.42903e-128
1.00639e-127
2.95256e-127
8.65893e-127
2.53843e-126
7.43872e-126
2.17903e-125
6.3806e-125
1.86762e-124
5.46445e-124
1.5982e-123
4.67247e-123
1.36549e-122
3.9889e-122
1.16478e-121
3.39986e-121
9.91971e-121
2.89308e-120
8.43415e-120
2.45778e-119
7.1592e-119
2.08451e-118
6.0668e-118
1.76495e-117
5.13238e-117
1.49183e-116
4.33445e-116
1.25881e-115
3.65424e-115
1.06034e-114
3.07538e-114
8.91583e-114
2.58363e-113
7.48352e-113
2.16663e-112
6.26998e-112
1.81364e-111
5.24367e-111
1.51537e-110
4.37726e-110
1.26381e-109
3.64719e-109
1.05203e-108
3.03315e-108
8.74078e-108
2.51767e-107
7.24829e-107
2.08575e-106
5.99896e-106
1.72455e-105
4.95519e-105
1.42308e-104
4.08487e-104
1.17195e-103
3.36062e-103
9.63181e-103
2.75914e-102
7.89975e-102
2.26062e-101
6.46567e-101
1.84829e-100
5.28078e-100
1.50797e-99
4.30383e-99
1.22767e-98
3.50003e-98
9.97297e-98
2.84013e-97
8.08369e-97
2.29953e-96
6.53769e-96
1.85765e-95
5.27541e-95
1.49727e-94
4.24709e-94
1.20401e-93
3.41128e-93
9.65935e-93
2.73351e-92
7.73097e-92
2.18518e-91
6.17272e-91
1.74262e-90
4.91656e-90
1.38628e-89
3.90637e-89
1.10008e-88
3.09598e-88
8.70757e-88
2.44748e-87
6.87482e-87
1.92984e-86
5.41376e-86
1.51772e-85
4.25202e-85
1.19044e-84
3.33067e-84
9.31236e-84
2.60191e-83
7.26485e-83
2.02703e-82
5.65186e-82
1.57477e-81
4.38468e-81
1.21996e-80
3.39192e-80
9.42388e-80
2.61636e-79
7.25849e-79
2.01221e-78
5.57414e-78
1.54296e-77
4.2678e-77
1.17956e-76
3.25766e-76
8.98986e-76
2.47891e-75
6.83011e-75
1.8804e-74
5.17279e-74
1.42184e-73
3.90501e-73
1.07161e-72
2.9383e-72
8.04995e-72
2.20356e-71
6.02685e-71
1.64697e-70
4.49682e-70
1.22673e-69
3.3436e-69
9.10535e-69
2.47738e-68
6.7344e-68
1.829e-67
4.96284e-67
1.34539e-66
3.64387e-66
9.85989e-66
2.66545e-65
7.19874e-65
1.94234e-64
5.23566e-64
1.40992e-63
3.79305e-63
1.01941e-62
2.73701e-62
7.3411e-62
1.96699e-61
5.26497e-61
1.40779e-60
3.76029e-60
1.00333e-59
2.67426e-59
7.1202e-59
1.89368e-58
5.03088e-58
1.33505e-57
3.53887e-57
9.36997e-57
2.47808e-56
6.54621e-56
1.72726e-55
4.55212e-55
1.19827e-54
3.15044e-54
8.27295e-54
2.16979e-53
5.68378e-53
1.48701e-52
3.88543e-52
1.01394e-51
2.64255e-51
6.87809e-51
1.78789e-50
4.64125e-50
1.20322e-49
3.11505e-49
8.05355e-49
2.07925e-48
5.36062e-48
1.38009e-47
3.54794e-47
9.10783e-47
2.33462e-46
5.97548e-46
1.52714e-45
3.89694e-45
9.92894e-45
2.52585e-44
6.41551e-44
1.62691e-43
4.11907e-43
1.04119e-42
2.6275e-42
6.61963e-42
1.66492e-41
4.18035e-41
1.04781e-40
2.62176e-40
6.54841e-40
1.63268e-39
4.0633e-39
1.00939e-38
2.50285e-38
6.19428e-38
1.5301e-37
3.77234e-37
9.28221e-37
2.27946e-36
5.58652e-36
1.36637e-35
3.33502e-35
8.1231e-35
1.97436e-34
4.7885e-34
1.15885e-33
2.79833e-33
6.74215e-33
1.62074e-32
3.88715e-32
9.30116e-32
2.22032e-31
5.28752e-31
1.25612e-30
2.97674e-30
7.03656e-30
1.65912e-29
3.90187e-29
9.15234e-29
2.1411e-28
4.99539e-28
1.16228e-27
2.69679e-27
6.23956e-27
1.43951e-26
3.31139e-26
7.59486e-26
1.73669e-25
3.95911e-25
8.99753e-25
2.03834e-24
4.60297e-24
1.03605e-23
2.32426e-23
5.19664e-23
1.1579e-22
2.57101e-22
5.68849e-22
1.25407e-21
2.75455e-21
6.02779e-21
1.31405e-20
2.85357e-20
6.17238e-20
1.32977e-19
2.85315e-19
6.09635e-19
1.29711e-18
2.74798e-18
5.79618e-18
1.21711e-17
2.54413e-17
5.29341e-17
1.09617e-16
2.25907e-16
4.63288e-16
9.45368e-16
1.91928e-15
3.87632e-15
7.78761e-15
1.55613e-14
3.09244e-14
6.11116e-14
1.20079e-13
2.34576e-13
4.55539e-13
8.79311e-13
1.68689e-12
3.21591e-12
6.09181e-12
1.14647e-11
2.14336e-11
3.98012e-11
7.34024e-11
1.34426e-10
2.44435e-10
4.41258e-10
7.90716e-10
1.40634e-09
2.48228e-09
4.34758e-09
7.55488e-09
1.30238e-08
2.22706e-08
3.77707e-08
6.35272e-08
1.0595e-07
1.75199e-07
2.87218e-07
4.66763e-07
7.51883e-07
1.20043e-06
1.89943e-06
2.97839e-06
4.62789e-06
7.12534e-06
1.087e-05
1.64302e-05
2.46055e-05
3.65081e-05
5.36675e-05
7.81626e-05
0.000112787
0.000161249
0.000228417
0.000320605
0.000445906
0.000614571
0.000839434
0.00113636
0.00152476
0.00202803
0.00267412
0.00349594
0.00453179
0.00582572
0.0074277
0.00939371
0.0117857
0.014671
0.0181225
0.0222169
0.0270345
0.0326576
0.0391693
0.0466515
0.0551832
0.0648388
0.0756857
0.0877829
0.101178
0.115908
0.131993
0.14944
0.16824
0.188365
0.209771
0.232398
0.256169
0.280989
0.306753
0.33334
0.360621
0.388456
0.416702
0.445208
0.473825
0.502405
0.530801
0.558873
0.586488
0.613523
0.639863
0.665407
0.690067
0.713764
0.736436
0.758034
0.77852
0.797871
0.816073
0.833126
0.849039
0.863829
0.877524
0.890156
0.901764
0.912393
0.92209
0.930905
0.938891
0.946101
0.952588
0.958406
0.963607
0.968241
0.972356
0.976
0.979217
0.982047
0.984531
0.986704
0.9886
0.990249
0.991679
0.992916
0.993983
0.994901
0.995689
0.996364
0.996939
0.997429
0.997845
0.998196
0.998493
0.998742
0.99895
0.999122
0.999262
0.999375
0.999461
0.999523
0.99956
0.99957
0.999552
0.9995
0.999408
0.999267
0.999064
0.998786
0.998412
0.997921
0.997285
0.996471
0.995442
0.994153
0.992555
0.990593
0.988203
0.98532
0.981871
0.977778
0.972961
0.967339
0.960828
0.953346
0.944815
0.93516
0.924313
0.912216
0.898821
0.884092
0.868007
0.85056
0.83176
0.811635
0.790229
0.767601
0.743831
0.719011
0.693247
0.66666
0.639379
0.611544
0.583298
0.554792
0.526175
0.497595
0.469199
0.441127
0.413512
0.386477
0.360137
0.334593
0.309933
0.286236
0.263564
0.241966
0.22148
0.202129
0.183927
0.166874
0.150961
0.136171
0.122476
0.109844
0.098236
0.0876072
0.0779104
0.0690951
0.061109
0.053899
0.0474116
0.0415936
0.0363931
0.0317594
0.0276439
0.0239999
0.0207833
0.0179526
0.0154688
0.0132959
0.0114003
0.00975145
0.00832119
0.00708397
0.00601663
0.00509833
0.00431032
0.00363589
0.00306014
0.00256989
0.00215346
0.00180062
0.00150238
0.00125089
0.00103933
0.000861762
0.000713076
0.000588853
0.000485301
0.000399169
0.000327683
0.000268481
0.000219554
0.000179205
0.000145998
0.000118725
9.637e-05
7.80831e-05
6.31532e-05
5.09877e-05
4.10938e-05
3.30624e-05
2.65552e-05
2.12926e-05
1.70443e-05
1.36211e-05
1.08675e-05
8.65652e-06
6.88429e-06
5.4662e-06
4.33339e-06
3.43001e-06
2.71077e-06
2.13909e-06
1.68543e-06
1.326e-06
1.04168e-06
8.17126e-07
6.40052e-07
5.00633e-07
3.91027e-07
3.04989e-07
2.37551e-07
1.8477e-07
1.43521e-07
1.1133e-07
8.62437e-08
6.67219e-08
5.15513e-08
3.97784e-08
3.06546e-08
2.35935e-08
1.81359e-08
1.39234e-08
1.06761e-08
8.17615e-09
6.25398e-09
4.77795e-09
3.64594e-09
2.77884e-09
2.11549e-09
1.60862e-09
1.22179e-09
9.2693e-10
7.02435e-10
5.31717e-10
4.02044e-10
3.03661e-10
2.29104e-10
1.72666e-10
1.29993e-10
9.77618e-11
7.34452e-11
5.51195e-11
4.13237e-11
3.09491e-11
2.31557e-11
1.73073e-11
1.29231e-11
9.64001e-12
7.18391e-12
5.34838e-12
3.978e-12
2.95592e-12
2.19436e-12
1.62748e-12
1.20592e-12
8.92726e-13
6.60268e-13
4.87896e-13
3.60199e-13
2.65686e-13
1.95799e-13
1.44168e-13
1.06059e-13
7.79561e-14
5.72504e-14
4.20085e-14
3.07984e-14
2.25608e-14
1.65127e-14
1.2076e-14
8.82412e-15
6.44267e-15
4.70013e-15
3.42615e-15
2.49549e-15
1.8162e-15
1.32078e-15
9.59753e-16
6.96872e-16
5.05608e-16
3.6656e-16
2.65551e-16
1.92232e-16
1.39053e-16
1.00511e-16
7.25985e-17
5.23994e-17
3.7793e-17
2.72386e-17
1.96178e-17
1.41191e-17
1.01545e-17
7.2981e-18
5.24154e-18
3.76192e-18
2.69814e-18
1.93385e-18
1.38513e-18
9.91446e-19
7.09183e-19
5.06946e-19
3.62143e-19
2.58534e-19
1.84448e-19
1.31508e-19
9.37026e-20
6.67234e-20
4.74823e-20
3.37686e-20
2.40008e-20
1.70479e-20
1.21019e-20
8.58554e-21
6.08725e-21
4.31335e-21
3.05456e-21
2.16185e-21
1.52914e-21
1.08098e-21
7.63716e-22
5.39259e-22
3.80552e-22
2.684e-22
1.89193e-22
1.33286e-22
9.38472e-23
6.60414e-23
4.64485e-23
3.26505e-23
2.29388e-23
1.6107e-23
1.13039e-23
7.9288e-24
5.55848e-24
3.89471e-24
2.72751e-24
1.90911e-24
1.33558e-24
9.33869e-25
6.52648e-25
4.5588e-25
3.18275e-25
2.22093e-25
1.549e-25
1.07982e-25
7.52378e-26
5.23971e-26
3.64726e-26
2.53755e-26
1.76463e-26
1.22655e-26
8.52133e-27
5.91731e-27
4.10711e-27
2.84934e-27
1.97583e-27
1.36948e-27
9.48765e-28
6.56997e-28
4.54747e-28
3.14616e-28
2.17568e-28
1.50388e-28
1.03906e-28
7.17586e-29
4.95355e-29
3.41797e-29
2.35739e-29
1.62519e-29
1.11993e-29
7.71423e-30
5.31139e-30
3.65544e-30
2.51471e-30
1.72924e-30
1.18861e-30
8.16665e-31
5.60879e-31
3.8505e-31
2.64233e-31
1.81251e-31
1.24279e-31
8.51808e-32
5.83595e-32
3.99677e-32
2.73611e-32
1.87236e-32
1.28078e-32
8.75768e-33
5.98599e-33
4.08993e-33
2.79338e-33
1.90712e-33
1.30155e-33
8.87932e-34
6.0553e-34
4.1279e-34
2.81295e-34
1.91617e-34
1.3048e-34
8.88174e-35
6.04356e-35
4.11083e-35
2.79518e-35
1.89992e-35
1.29094e-35
8.7684e-36
5.95363e-36
4.04102e-36
2.74188e-36
1.85975e-36
1.26098e-36
8.54702e-37
5.79123e-37
3.92265e-37
2.65607e-37
1.79785e-37
1.21652e-37
8.2289e-38
5.56441e-38
3.76142e-38
2.5418e-38
1.71707e-38
1.15956e-38
7.82808e-39
5.28297e-39
3.56418e-39
2.40383e-39
1.62072e-39
1.09238e-39
7.36041e-40
4.95786e-40
3.33849e-40
2.24734e-40
1.51236e-40
1.01743e-40
6.84262e-41
4.60052e-41
3.09213e-41
2.07768e-41
1.39562e-41
9.37183e-42
6.29147e-42
4.22231e-42
2.83282e-42
1.90003e-42
1.27401e-42
8.54004e-43
5.72294e-43
3.834e-43
2.5678e-43
1.71927e-43
1.15081e-43
7.70082e-44
5.15167e-44
3.44538e-44
2.30358e-44
1.53974e-44
1.0289e-44
6.87346e-45
4.59048e-45
3.06494e-45
2.04581e-45
1.36519e-45
9.10752e-46
6.07422e-46
4.05008e-46
2.69973e-46
1.79912e-46
1.19863e-46
7.98356e-47
5.31609e-47
3.53894e-47
2.35528e-47
1.5671e-47
1.04241e-47
6.93216e-48
4.60879e-48
3.06333e-48
2.03559e-48
1.35231e-48
8.98158e-49
5.96375e-49
3.95893e-49
2.6274e-49
1.74328e-49
1.15638e-49
7.66882e-50
5.0845e-50
3.37025e-50
2.23341e-50
1.47969e-50
9.80096e-51
6.49025e-51
4.29684e-51
2.84403e-51
1.88198e-51
1.24507e-51
8.23512e-52
5.44558e-52
3.60012e-52
2.37953e-52
1.57246e-52
1.03904e-52
6.86934e-53
4.55699e-53
3.07525e-53
2.24338e-53
)
;

boundaryField
{
    sides
    {
        type            zeroGradient;
    }
    empty
    {
        type            empty;
    }
}


// ************************************************************************* //
