/*--------------------------------*- C++ -*----------------------------------*\
  =========                 |
  \\      /  F ield         | OpenFOAM: The Open Source CFD Toolbox
   \\    /   O peration     | Website:  https://openfoam.org
    \\  /    A nd           | Version:  7
     \\/     M anipulation  |
\*---------------------------------------------------------------------------*/
FoamFile
{
    version     2.0;
    format      ascii;
    class       volScalarField;
    location    "4.13";
    object      T;
}
// * * * * * * * * * * * * * * * * * * * * * * * * * * * * * * * * * * * * * //

dimensions      [0 0 0 1 0 0 0];

internalField   nonuniform List<scalar> 
1000
(
0
0
0
0
0
0
0
0
0
0
0
0
0
0
0
0
0
0
0
0
0
0
0
0
0
0
0
0
0
0
0
0
0
0
0
0
0
0
0
0
0
0
0
0
0
0
0
0
0
0
0
0
0
0
0
0
0
0
0
0
0
0
0
0
0
0
0
0
0
0
0
0
0
0
0
0
0
0
0
0
0
0
0
0
0
0
0
0
0
0
0
0
0
0
0
0
0
0
0
0
0
0
0
0
0
0
0
0
0
0
0
0
0
0
0
0
0
0
0
0
0
0
0
0
0
0
0
0
0
0
0
0
0
0
0
0
0
0
0
0
0
0
0
0
0
0
0
0
0
0
0
0
0
0
0
0
0
0
0
0
0
0
0
0
0
0
0
0
0
0
0
0
0
0
0
0
0
0
0
0
0
0
0
0
0
0
0
0
0
0
0
0
0
0
0
0
0
4.94066e-322
1.98318e-320
7.68979e-319
2.97017e-317
1.14436e-315
4.39807e-314
1.68606e-312
6.44745e-311
2.45925e-309
9.35641e-308
3.5506e-306
1.34393e-304
5.07368e-303
1.91046e-301
7.17487e-300
2.68748e-298
1.00398e-296
3.74062e-295
1.38995e-293
5.15087e-292
1.90364e-290
7.0162e-289
2.57886e-287
9.45263e-286
3.45518e-284
1.25944e-282
4.57783e-281
1.65926e-279
5.99702e-278
2.16128e-276
7.76672e-275
2.78295e-273
9.94277e-272
3.5419e-270
1.25801e-268
4.45493e-267
1.5729e-265
5.53678e-264
1.94312e-262
6.79863e-261
2.37144e-259
8.24643e-258
2.85873e-256
9.87927e-255
3.4034e-253
1.16877e-251
4.00096e-250
1.36524e-248
4.6436e-247
1.57432e-245
5.32002e-244
1.79188e-242
6.01543e-241
2.0127e-239
6.71179e-238
2.23066e-236
7.38843e-235
2.43887e-233
8.02287e-232
2.63007e-230
8.59191e-229
2.79697e-227
9.073e-226
2.93271e-224
9.4456e-223
3.03126e-221
9.69257e-220
3.08792e-218
9.80148e-217
3.09961e-215
9.76558e-214
3.06517e-212
9.58442e-211
2.98551e-209
9.26406e-208
2.86353e-206
8.81673e-205
2.704e-203
8.26013e-202
2.51324e-200
7.61617e-199
2.2987e-197
6.90963e-196
2.06844e-194
6.16644e-193
1.83069e-191
5.41212e-190
1.59324e-188
4.67026e-187
1.36312e-185
3.96134e-184
1.14618e-182
3.30181e-181
9.46943e-180
2.70366e-178
7.68461e-177
2.17429e-175
6.12382e-174
1.7168e-172
4.79067e-171
1.33055e-169
3.678e-168
1.01185e-166
2.77034e-165
7.54815e-164
2.04654e-162
5.5215e-161
1.48228e-159
3.95934e-158
1.05224e-156
2.7822e-155
7.31851e-154
1.91513e-152
4.98536e-151
1.29091e-149
3.32487e-148
8.51755e-147
2.17016e-145
5.49905e-144
1.38573e-142
3.4725e-141
8.65278e-140
2.14386e-138
5.28132e-137
1.29351e-135
3.14957e-134
7.62369e-133
1.83437e-131
4.38724e-130
1.04292e-128
2.46401e-127
5.78544e-126
1.34992e-124
3.12988e-123
7.21058e-122
1.65046e-120
3.75323e-119
8.47891e-118
1.90274e-116
4.24125e-115
9.3897e-114
2.06453e-112
4.50787e-111
9.77392e-110
2.10416e-108
4.4975e-107
9.5435e-106
2.01027e-104
4.20315e-103
8.72236e-102
1.79636e-100
3.67125e-99
7.4449e-98
1.49791e-96
2.98992e-95
5.92015e-94
1.1627e-92
2.26474e-91
4.37463e-90
8.37904e-89
1.59122e-87
2.99571e-86
5.5906e-85
1.03408e-83
1.89558e-82
3.44324e-81
6.19695e-80
1.10489e-78
1.95138e-77
3.41337e-76
5.91274e-75
1.01415e-73
1.72209e-72
2.89466e-71
4.81568e-70
7.92818e-69
1.29145e-67
2.08116e-66
3.31728e-65
5.22925e-64
8.15082e-63
1.25601e-61
1.9131e-60
2.87973e-59
4.28309e-58
6.29315e-57
9.13264e-56
1.30874e-54
1.85159e-53
2.58571e-52
3.56333e-51
4.84479e-50
6.49728e-49
8.59247e-48
1.12027e-46
1.43957e-45
1.82276e-44
2.27347e-43
2.79245e-42
3.37665e-41
4.01842e-40
4.70493e-39
5.41793e-38
6.13399e-37
6.82537e-36
7.46137e-35
8.01033e-34
8.44199e-33
8.73006e-32
8.85474e-31
8.80482e-30
8.57911e-29
8.18697e-28
7.64778e-27
6.98941e-26
6.24579e-25
5.454e-24
4.65102e-23
3.87078e-22
3.14167e-21
2.48495e-20
1.91394e-19
1.4343e-18
1.0449e-17
7.39329e-17
5.07579e-16
3.37774e-15
2.17636e-14
1.35615e-13
8.1625e-13
4.73912e-12
2.65042e-11
1.42566e-10
7.36363e-10
3.64572e-09
1.72691e-08
7.81038e-08
3.36539e-07
1.37826e-06
5.35116e-06
1.9642e-05
6.79594e-05
0.000220924
0.000672463
0.00190958
0.00503936
0.0123101
0.027725
0.0573562
0.108641
0.188001
0.29706
0.429393
0.570607
0.70294
0.811999
0.891359
0.942644
0.972275
0.98769
0.994961
0.99809
0.999328
0.999779
0.999932
0.99998
0.999995
0.999999
1
1
1
1
1
1
1
1
1
1
1
1
1
1
1
1
1
1
1
1
1
1
1
1
1
1
1
1
1
1
1
1
1
1
1
1
1
1
1
1
1
1
1
1
1
1
1
1
1
1
1
1
1
1
1
1
1
1
1
1
1
1
1
1
1
1
1
1
1
1
0.999999
0.999995
0.99998
0.999932
0.999779
0.999328
0.99809
0.994961
0.98769
0.972275
0.942644
0.891359
0.811999
0.70294
0.570607
0.429393
0.29706
0.188001
0.108641
0.0573562
0.027725
0.0123101
0.00503936
0.00190958
0.000672463
0.000220924
6.79594e-05
1.9642e-05
5.35116e-06
1.37826e-06
3.36539e-07
7.81038e-08
1.72691e-08
3.64572e-09
7.36363e-10
1.42566e-10
2.65042e-11
4.73912e-12
8.1625e-13
1.35615e-13
2.17636e-14
3.37774e-15
5.07579e-16
7.39329e-17
1.0449e-17
1.4343e-18
1.91394e-19
2.48495e-20
3.14167e-21
3.87078e-22
4.65102e-23
5.454e-24
6.24579e-25
6.98941e-26
7.64778e-27
8.18697e-28
8.57911e-29
8.80482e-30
8.85474e-31
8.73006e-32
8.44199e-33
8.01033e-34
7.46137e-35
6.82537e-36
6.13399e-37
5.41793e-38
4.70493e-39
4.01842e-40
3.37665e-41
2.79245e-42
2.27347e-43
1.82276e-44
1.43957e-45
1.12027e-46
8.59247e-48
6.49728e-49
4.84479e-50
3.56333e-51
2.58571e-52
1.85159e-53
1.30874e-54
9.13264e-56
6.29315e-57
4.28309e-58
2.87973e-59
1.9131e-60
1.25601e-61
8.15082e-63
5.22925e-64
3.31728e-65
2.08116e-66
1.29145e-67
7.92818e-69
4.81568e-70
2.89466e-71
1.72209e-72
1.01415e-73
5.91274e-75
3.41337e-76
1.95138e-77
1.10489e-78
6.19695e-80
3.44324e-81
1.89558e-82
1.03408e-83
5.5906e-85
2.99571e-86
1.59122e-87
8.37904e-89
4.37463e-90
2.26474e-91
1.1627e-92
5.92015e-94
2.98992e-95
1.49791e-96
7.4449e-98
3.67125e-99
1.79636e-100
8.72236e-102
4.20315e-103
2.01027e-104
9.5435e-106
4.4975e-107
2.10416e-108
9.77392e-110
4.50787e-111
2.06453e-112
9.3897e-114
4.24125e-115
1.90274e-116
8.47891e-118
3.75323e-119
1.65046e-120
7.21058e-122
3.12988e-123
1.34992e-124
5.78544e-126
2.46401e-127
1.04292e-128
4.38724e-130
1.83437e-131
7.62369e-133
3.14957e-134
1.29351e-135
5.28132e-137
2.14386e-138
8.65278e-140
3.4725e-141
1.38573e-142
5.49905e-144
2.17016e-145
8.51755e-147
3.32487e-148
1.29091e-149
4.98536e-151
1.91513e-152
7.31851e-154
2.7822e-155
1.05224e-156
3.95934e-158
1.48228e-159
5.5215e-161
2.04654e-162
7.54815e-164
2.77034e-165
1.01185e-166
3.678e-168
1.33055e-169
4.79067e-171
1.7168e-172
6.12382e-174
2.17429e-175
7.68461e-177
2.70366e-178
9.46943e-180
3.30181e-181
1.14618e-182
3.96134e-184
1.36312e-185
4.67026e-187
1.59324e-188
5.41212e-190
1.83069e-191
6.16644e-193
2.06844e-194
6.90963e-196
2.2987e-197
7.61617e-199
2.51324e-200
8.26013e-202
2.704e-203
8.81673e-205
2.86353e-206
9.26406e-208
2.98551e-209
9.58442e-211
3.06517e-212
9.76558e-214
3.09961e-215
9.80148e-217
3.08792e-218
9.69257e-220
3.03126e-221
9.4456e-223
2.93271e-224
9.073e-226
2.79697e-227
8.59191e-229
2.63007e-230
8.02287e-232
2.43887e-233
7.38843e-235
2.23066e-236
6.71179e-238
2.0127e-239
6.01543e-241
1.79188e-242
5.32002e-244
1.57432e-245
4.6436e-247
1.36524e-248
4.00096e-250
1.16877e-251
3.4034e-253
9.87927e-255
2.85873e-256
8.24643e-258
2.37144e-259
6.79863e-261
1.94312e-262
5.53678e-264
1.5729e-265
4.45493e-267
1.25801e-268
3.5419e-270
9.94277e-272
2.78295e-273
7.76672e-275
2.16128e-276
5.99702e-278
1.65926e-279
4.57783e-281
1.25944e-282
3.45518e-284
9.45263e-286
2.57886e-287
7.0162e-289
1.90364e-290
5.15087e-292
1.38995e-293
3.74062e-295
1.00398e-296
2.68748e-298
7.17487e-300
1.91046e-301
5.07368e-303
1.34393e-304
3.5506e-306
9.35641e-308
2.45925e-309
6.44745e-311
1.68606e-312
4.39807e-314
1.14436e-315
2.97017e-317
7.68979e-319
1.98318e-320
4.94066e-322
0
0
0
0
0
0
0
0
0
0
0
0
0
0
0
0
0
0
0
0
0
0
0
0
0
0
0
0
0
0
0
0
0
0
0
0
0
0
0
0
0
0
0
0
0
0
0
0
0
0
0
0
0
0
0
0
0
0
0
0
0
0
0
0
0
0
0
0
0
0
0
0
0
0
0
0
0
0
0
0
0
0
0
0
0
0
0
0
0
0
0
0
0
0
0
0
0
0
0
0
0
0
0
0
0
0
0
0
0
0
0
0
0
0
0
0
0
0
0
0
0
0
0
0
0
0
0
0
0
0
0
0
0
0
0
0
0
0
0
0
0
0
0
0
0
0
0
0
0
0
0
0
0
0
0
0
0
0
0
0
0
0
0
0
0
0
0
0
0
0
0
0
0
0
0
0
0
0
0
0
0
0
0
0
0
0
0
0
0
0
0
0
0
0
0
0
0
)
;

boundaryField
{
    sides
    {
        type            zeroGradient;
    }
    empty
    {
        type            empty;
    }
}


// ************************************************************************* //
