/*--------------------------------*- C++ -*----------------------------------*\
  =========                 |
  \\      /  F ield         | OpenFOAM: The Open Source CFD Toolbox
   \\    /   O peration     | Website:  https://openfoam.org
    \\  /    A nd           | Version:  7
     \\/     M anipulation  |
\*---------------------------------------------------------------------------*/
FoamFile
{
    version     2.0;
    format      ascii;
    class       volScalarField;
    location    "4.28";
    object      T;
}
// * * * * * * * * * * * * * * * * * * * * * * * * * * * * * * * * * * * * * //

dimensions      [0 0 0 1 0 0 0];

internalField   nonuniform List<scalar> 
1000
(
0
0
0
0
0
0
0
0
0
0
0
0
0
0
0
0
0
0
0
0
0
0
0
0
0
0
0
0
0
0
0
0
0
0
0
0
0
0
0
0
0
0
0
0
0
0
0
0
0
0
0
0
0
0
0
0
0
0
0
0
0
0
0
0
0
0
0
-4.94066e-323
3.36953e-321
-1.09683e-321
-2.94633e-318
4.32272e-317
1.9381e-315
-6.79285e-314
-6.01564e-313
6.94011e-311
-6.75104e-310
-4.8422e-308
1.48335e-306
1.3779e-305
-1.55999e-303
1.97464e-302
9.3822e-301
-3.73103e-299
1.65861e-299
3.18244e-296
-7.59977e-295
-9.10774e-294
8.78282e-292
-1.44353e-290
-3.7792e-289
2.24215e-287
-2.88515e-286
-1.10826e-284
5.62781e-283
-7.02735e-282
-2.6812e-280
1.41637e-278
-2.15477e-277
-5.10335e-276
3.48448e-274
-7.29688e-273
-4.54624e-272
7.71089e-270
-2.34563e-268
1.99895e-267
1.22713e-265
-6.26843e-264
1.37096e-262
-1.17445e-262
-1.09231e-259
4.50489e-258
-9.46484e-257
2.35741e-256
6.80147e-254
-3.13837e-252
8.23332e-251
-1.11457e-249
-1.66029e-248
1.67876e-246
-6.54805e-245
1.76705e-243
-3.27575e-242
1.86977e-241
1.70843e-239
-1.02121e-237
3.91016e-236
-1.23501e-234
3.45764e-233
-8.85946e-232
2.11444e-230
-4.75253e-229
1.01355e-227
-2.06212e-226
4.01896e-225
-7.52727e-224
1.35835e-222
-2.3668e-221
3.98895e-220
-6.51273e-219
1.03143e-217
-1.58629e-216
2.37149e-215
-3.44933e-214
4.885e-213
-6.74079e-212
9.06871e-211
-1.19018e-209
1.52452e-208
-1.9068e-207
2.32977e-206
-2.78177e-205
3.24697e-204
-3.70613e-203
4.13783e-202
-4.52008e-201
4.8322e-200
-5.05661e-199
5.18053e-198
-5.19711e-197
5.10611e-196
-4.91379e-195
4.63224e-194
-4.27817e-193
3.87127e-192
-3.43248e-191
2.98223e-190
-2.53905e-189
2.11839e-188
-1.732e-187
1.38768e-186
-1.08949e-185
8.38155e-185
-6.31784e-184
4.66573e-183
-3.37547e-182
2.39199e-181
-1.6601e-180
1.12819e-179
-7.50626e-179
4.88832e-178
-3.11517e-177
1.94207e-176
-1.18404e-175
7.05712e-175
-4.1102e-174
2.33812e-173
-1.29838e-172
7.03388e-172
-3.71479e-171
1.91098e-170
-9.56614e-170
4.65454e-169
-2.19825e-168
1.00604e-167
-4.45248e-167
1.90068e-166
-7.79982e-166
3.06323e-165
-1.14411e-164
4.02622e-164
-1.31505e-163
3.87918e-163
-9.72924e-163
1.70504e-162
5.46114e-163
-2.35197e-161
1.41718e-160
-6.10186e-160
2.12976e-159
-6.01696e-159
1.21654e-158
-5.02072e-159
-1.05485e-157
6.68369e-157
-2.68897e-156
8.03768e-156
-1.62537e-155
4.56618e-156
1.46961e-154
-8.46436e-154
3.01594e-153
-7.26864e-153
7.22962e-153
3.64993e-152
-2.60713e-151
9.58761e-151
-2.22162e-150
1.56097e-150
1.41424e-149
-8.40043e-149
2.67214e-148
-4.6409e-148
-3.65715e-148
6.09941e-147
-2.4642e-146
5.52401e-146
-2.02293e-146
-4.18766e-145
2.03062e-144
-5.04698e-144
3.43765e-144
3.05726e-143
-1.59581e-142
3.956e-142
-2.31335e-142
-2.5068e-141
1.21286e-140
-2.68685e-140
2.43578e-141
2.18765e-139
-8.66268e-139
1.47779e-138
1.62855e-138
-1.83261e-137
5.4414e-137
-4.9366e-137
-2.63201e-136
1.34069e-135
-2.63694e-135
-1.44805e-135
2.58971e-134
-7.73239e-134
5.94512e-134
4.01786e-133
-1.79072e-132
2.78404e-132
4.64108e-132
-3.599e-131
7.90853e-131
2.17947e-131
-6.56569e-130
1.85085e-129
-7.77057e-130
-1.12115e-128
3.88681e-128
-3.28076e-128
-1.8432e-127
7.62209e-127
-8.48571e-127
-3.00765e-126
1.42796e-125
-1.80627e-125
-5.02667e-125
2.58991e-124
-3.39327e-124
-8.80787e-124
4.57503e-123
-5.72925e-123
-1.62413e-122
7.86745e-122
-8.59914e-122
-3.09642e-121
1.30838e-120
-1.08861e-120
-5.93094e-120
2.07753e-119
-9.5511e-120
-1.10922e-118
3.086e-118
1.84005e-119
-1.97693e-117
4.14463e-117
3.45411e-117
-3.28523e-116
4.69625e-116
1.04463e-115
-4.96745e-115
3.60961e-115
2.27467e-114
-6.58764e-114
-8.70917e-115
4.06369e-113
-7.09612e-113
-1.06847e-112
6.08234e-112
-4.75221e-112
-2.663e-111
7.39014e-111
2.42562e-111
-4.60866e-110
6.37799e-110
1.53207e-109
-6.07046e-109
1.26584e-109
3.15799e-108
-5.64576e-108
-8.5782e-108
4.38327e-107
-1.9251e-107
-2.08057e-106
4.06479e-106
5.28105e-106
-2.90747e-105
1.25539e-105
1.35818e-104
-2.49161e-104
-3.76603e-104
1.78512e-103
-3.55914e-104
-8.71693e-103
1.26923e-102
2.87594e-102
-9.89578e-102
-2.73844e-102
5.28025e-101
-4.69376e-101
-2.09207e-100
4.63861e-100
5.23492e-100
-2.83043e-99
4.25008e-100
1.3283e-98
-1.55097e-98
-4.83644e-98
1.21331e-97
1.13922e-97
-6.81487e-97
9.05597e-98
3.11515e-96
-3.17825e-96
-1.17239e-95
2.46534e-95
3.34997e-95
-1.40249e-94
-4.12319e-95
6.69063e-94
-3.22795e-94
-2.7709e-93
3.45973e-93
9.9016e-93
-2.22183e-92
-2.87404e-92
1.16692e-91
5.0893e-92
-5.40631e-91
1.08628e-91
2.27167e-90
-1.77777e-90
-8.73209e-90
1.23353e-89
3.05462e-89
-6.77898e-89
-9.48433e-89
3.29597e-88
2.42161e-88
-1.47754e-87
-3.59434e-88
6.23253e-87
-1.04213e-87
-2.50279e-86
1.35729e-86
9.63891e-86
-8.77353e-86
-3.57806e-85
4.62445e-85
1.28479e-84
-2.19557e-84
-4.47471e-84
9.75849e-84
1.51506e-83
-4.14056e-83
-4.99814e-83
1.69673e-82
1.61106e-82
-6.76638e-82
-5.09496e-82
2.64007e-81
1.59153e-81
-1.01179e-80
-4.96458e-81
3.81972e-80
1.57223e-80
-1.42346e-79
-5.16428e-80
5.24365e-79
1.79642e-79
-1.91083e-78
-6.68909e-79
6.88927e-78
2.65084e-78
-2.45631e-77
-1.09736e-77
8.65134e-77
4.64218e-77
-3.0048e-76
-1.97059e-76
1.0266e-75
8.29e-76
-3.4385e-75
-3.42953e-75
1.12384e-74
1.38869e-74
-3.56122e-74
-5.4875e-74
1.08362e-73
2.11148e-73
-3.11747e-73
-7.89511e-73
8.24099e-73
2.86208e-72
-1.87585e-72
-1.00293e-71
2.93403e-72
3.38334e-71
2.13559e-72
-1.09228e-70
-4.72853e-71
3.34414e-70
2.83382e-70
-9.56403e-70
-1.30203e-69
2.48384e-69
5.2139e-69
-5.49043e-69
-1.89271e-68
8.24842e-69
6.30677e-68
5.59091e-69
-1.92587e-67
-1.16958e-67
5.30612e-67
6.44938e-67
-1.26543e-66
-2.67373e-66
2.3064e-66
9.42589e-66
-1.34233e-66
-2.90973e-65
-1.39098e-65
7.79883e-65
9.10156e-65
-1.71804e-64
-3.81572e-64
2.49556e-64
1.28723e-63
1.60116e-64
-3.63238e-63
-3.04747e-63
8.29661e-63
1.48485e-62
-1.27913e-62
-5.21016e-62
-3.27264e-63
1.4553e-61
1.23247e-61
-3.13078e-61
-5.98359e-61
3.91352e-61
1.99522e-60
5.72601e-61
-5.05957e-60
-5.90421e-60
8.86804e-60
2.39914e-59
-3.13543e-60
-6.84036e-59
-5.32113e-59
1.37329e-58
2.70826e-58
-1.18485e-58
-8.40836e-58
-4.81886e-58
1.78737e-57
3.02072e-57
-1.79452e-57
-9.78886e-57
-5.03484e-57
2.07354e-56
3.43497e-56
-1.90677e-56
-1.0957e-55
-6.49385e-56
2.16257e-55
3.98622e-55
-1.30745e-55
-1.1691e-54
-9.41449e-55
1.95928e-54
4.58352e-54
1.40027e-55
-1.14949e-53
-1.34419e-53
1.36425e-53
4.96805e-53
2.35932e-53
-9.69281e-53
-1.73765e-52
3.46952e-53
4.74281e-52
4.8792e-52
-5.79859e-52
-1.91769e-51
-9.42999e-52
3.53999e-51
6.75395e-51
-1.28549e-52
-1.66482e-50
-2.10097e-50
1.33496e-50
6.82461e-50
5.69062e-50
-8.97723e-50
-2.55818e-49
-1.25331e-49
4.44829e-49
8.99989e-49
1.61303e-49
-1.9216e-48
-3.02556e-48
3.67787e-49
7.66681e-48
9.86872e-48
-4.15184e-48
-2.90758e-47
-3.17095e-47
2.25877e-47
1.06641e-46
1.0201e-46
-9.93243e-47
-3.82569e-46
-3.34096e-46
3.89448e-46
1.35221e-45
1.13011e-45
-1.40683e-45
-4.72735e-45
-3.97895e-45
4.72113e-45
1.6358e-44
1.45562e-44
-1.45853e-44
-5.58854e-44
-5.47552e-44
4.0067e-44
1.87417e-43
2.08585e-43
-8.79572e-44
-6.11097e-43
-7.91796e-43
8.27479e-44
1.90887e-42
2.95012e-42
6.05033e-43
-5.57602e-42
-1.06348e-41
-5.39502e-42
1.45479e-41
3.65296e-41
2.97424e-41
-3.01184e-41
-1.17239e-40
-1.35084e-40
2.50792e-41
3.40724e-40
5.38241e-40
1.93454e-40
-8.40247e-40
-1.90566e-39
-1.53751e-39
1.42878e-39
5.90709e-39
7.47874e-39
6.03727e-40
-1.51763e-38
-2.88605e-38
-1.96556e-38
2.66185e-38
9.14777e-38
1.11093e-37
7.88847e-39
-2.25308e-37
-4.37372e-37
-3.33314e-37
3.15585e-37
1.31288e-36
1.80797e-36
6.16167e-37
-2.70571e-36
-6.50332e-36
-6.70025e-36
1.00345e-36
1.62815e-35
2.94865e-35
2.26988e-35
-1.85515e-35
-8.48606e-35
-1.2764e-34
-7.15241e-35
1.29918e-34
4.10836e-34
5.4429e-34
2.17595e-34
-7.18638e-34
-1.91181e-33
-2.3451e-33
-7.08417e-34
3.52677e-33
8.70953e-33
1.03935e-32
2.95183e-33
-1.58904e-32
-3.91377e-32
-4.77044e-32
-1.67221e-32
6.57622e-32
1.73135e-31
2.25325e-31
1.10176e-31
-2.41813e-31
-7.45176e-31
-1.07657e-30
-7.29138e-31
7.04636e-31
3.04672e-30
5.07858e-30
4.56219e-30
-7.92766e-31
-1.1307e-29
-2.29629e-29
-2.64156e-29
-9.65796e-30
3.4223e-29
9.56458e-29
1.39472e-28
1.08328e-28
-5.18421e-29
-3.42524e-28
-6.56182e-28
-7.51431e-28
-3.12213e-28
8.71185e-28
2.61991e-27
4.10393e-27
3.82525e-27
1.09957e-28
-7.7553e-27
-1.79601e-26
-2.49373e-26
-1.97255e-26
6.72792e-27
5.67975e-26
1.17421e-25
1.53731e-25
1.12114e-25
-5.99807e-26
-3.74649e-25
-7.52613e-25
-9.84785e-25
-7.45617e-25
2.98704e-25
2.26541e-24
4.74824e-24
6.55182e-24
5.68564e-24
-1.16798e-25
-1.21643e-23
-2.89401e-23
-4.41635e-23
-4.59428e-23
-1.86559e-23
5.08772e-23
1.62446e-22
2.88656e-22
3.63847e-22
2.8514e-22
-6.28304e-23
-7.50369e-22
-1.71328e-21
-2.6516e-21
-2.96319e-21
-1.78509e-21
1.7726e-21
8.1386e-21
1.65545e-20
2.42733e-20
2.60434e-20
1.4445e-20
-1.82484e-20
-7.6142e-20
-1.53719e-19
-2.28818e-19
-2.57178e-19
-1.72923e-19
9.93293e-20
6.15143e-19
1.36103e-18
2.18953e-18
2.75448e-18
2.47775e-18
5.94794e-19
-3.66351e-18
-1.07014e-17
-1.99839e-17
-2.93148e-17
-3.41468e-17
-2.72628e-17
6.5835e-19
5.89549e-17
1.5276e-16
2.76314e-16
4.04197e-16
4.82046e-16
4.20137e-16
9.52721e-17
-6.31464e-16
-1.87237e-15
-3.63844e-15
-5.7293e-15
-7.59501e-15
-8.19454e-15
-5.90101e-15
1.46418e-15
1.63527e-14
4.08238e-14
7.53459e-14
1.1696e-13
1.56818e-13
1.77311e-13
1.4939e-13
3.11457e-14
-2.3062e-13
-6.93357e-13
-1.40313e-12
-2.36686e-12
-3.50909e-12
-4.61144e-12
-5.23617e-12
-4.64096e-12
-1.70198e-12
5.12433e-12
1.77512e-11
3.82502e-11
6.83776e-11
1.08712e-10
1.57251e-10
2.07306e-10
2.4457e-10
2.43276e-10
1.61549e-10
-6.36807e-11
-5.21402e-10
-1.32937e-09
-2.63259e-09
-4.59343e-09
-7.36751e-09
-1.10568e-08
-1.56278e-08
-2.07786e-08
-2.57324e-08
-2.8929e-08
-2.75762e-08
-1.70148e-08
1.01627e-08
6.5312e-08
1.65344e-07
3.34841e-07
6.08815e-07
1.03623e-06
1.6845e-06
2.64505e-06
4.04033e-06
6.03224e-06
8.8325e-06
1.2715e-05
1.80306e-05
2.52243e-05
3.48557e-05
4.76221e-05
6.43855e-05
8.62029e-05
0.00011436
0.000150412
0.000196219
0.000254
0.000326377
0.000416432
0.00052776
0.000664531
0.000831548
0.00103432
0.0012791
0.00157298
0.00192394
0.00234089
0.00283374
0.00341345
0.00409206
0.00488273
0.00579974
0.00685855
0.00807574
0.00946899
0.0110571
0.0128599
0.0148981
0.0171934
0.0197683
0.0226456
0.025849
0.0294023
0.0333295
0.0376544
0.0424007
0.0475916
0.0532494
0.0593957
0.0660506
0.0732329
0.0809597
0.0892462
0.0981054
0.107548
0.117582
0.128212
0.139442
0.15127
0.163693
0.176704
0.190293
0.204445
0.219146
0.234374
0.250108
0.26632
0.282982
0.300063
0.317529
0.335344
0.353469
0.371865
0.39049
0.409302
0.428259
0.447315
0.466427
0.485551
0.504643
0.52366
0.542561
0.561304
0.57985
0.598161
0.616201
0.633937
0.651336
0.66837
0.685011
0.701235
0.717021
0.732349
0.747203
0.761568
0.775435
0.788793
0.801637
0.813963
0.825769
0.837056
0.847827
0.858085
0.867837
0.877092
0.885858
0.894145
0.901966
0.909334
0.91626
0.922761
0.928849
0.93454
0.939848
0.944789
0.949377
0.953626
0.95755
0.961162
0.964475
0.967501
0.970249
0.97273
0.974952
0.976921
0.978644
0.980124
0.981363
0.982364
0.983124
0.983641
0.983912
0.98393
0.983687
0.983175
0.982382
0.981295
0.979902
0.978186
0.976131
0.97372
0.970934
0.967753
0.964159
0.96013
0.955648
0.950692
0.945242
0.93928
0.932789
0.925751
0.918151
0.909977
0.901217
0.891862
0.881904
0.871341
0.86017
0.848393
0.836015
0.823044
0.809489
0.795366
0.780691
0.765485
0.749772
0.733577
0.716929
0.699861
0.682406
0.6646
0.646483
0.628095
0.609475
0.590668
0.571716
0.552664
0.533555
0.514434
0.495344
0.476328
0.457429
0.438688
0.420143
0.401833
0.383794
0.366059
0.34866
0.331627
0.314987
0.298763
0.282977
0.26765
0.252796
0.238431
0.224564
0.211208
0.198354
0.186076
0.174032
0.163909
0.147473
)
;

boundaryField
{
    sides
    {
        type            zeroGradient;
    }
    empty
    {
        type            empty;
    }
}


// ************************************************************************* //
