/*--------------------------------*- C++ -*----------------------------------*\
  =========                 |
  \\      /  F ield         | OpenFOAM: The Open Source CFD Toolbox
   \\    /   O peration     | Website:  https://openfoam.org
    \\  /    A nd           | Version:  7
     \\/     M anipulation  |
\*---------------------------------------------------------------------------*/
FoamFile
{
    version     2.0;
    format      ascii;
    class       volScalarField;
    location    "2.07";
    object      T;
}
// * * * * * * * * * * * * * * * * * * * * * * * * * * * * * * * * * * * * * //

dimensions      [0 0 0 1 0 0 0];

internalField   nonuniform List<scalar> 
1000
(
0
0
0
0
0
0
0
0
0
0
0
0
0
0
0
0
0
0
0
0
0
0
0
0
0
0
0
0
0
0
0
0
0
0
0
0
0
0
0
0
0
0
0
0
0
0
0
0
0
0
0
0
0
0
0
0
0
0
0
0
0
0
0
0
0
0
0
0
0
0
0
0
0
0
0
0
0
0
0
0
0
0
0
0
0
0
0
0
0
0
0
0
0
0
0
0
0
0
0
0
0
0
0
0
0
0
0
0
0
0
0
0
0
0
0
0
0
0
0
0
0
0
0
0
0
0
0
0
0
0
0
0
0
0
0
0
0
0
0
0
0
0
0
0
0
0
0
0
0
0
0
0
0
0
0
0
0
0
0
0
0
0
0
0
0
0
0
0
0
0
0
0
0
0
0
0
0
0
0
0
0
0
0
0
0
0
0
0
0
0
0
0
0
0
0
0
0
0
0
0
0
0
0
0
0
0
0
0
0
0
0
0
0
0
0
0
0
0
0
0
0
0
0
0
0
0
0
0
0
0
0
0
0
0
0
0
0
0
0
0
0
0
0
-1.14914e-187
1.06927e-184
-4.94299e-182
1.51353e-179
-3.45318e-177
6.26155e-175
-9.39902e-173
1.20124e-170
-1.33431e-168
1.30849e-166
-1.14695e-164
9.07644e-163
-6.53821e-161
4.31692e-159
-2.62789e-157
1.48236e-155
-7.78241e-154
3.81733e-152
-1.75535e-150
7.58987e-149
-3.09418e-147
1.1922e-145
-4.35108e-144
1.50713e-142
-4.96357e-141
1.55685e-139
-4.6576e-138
1.3309e-136
-3.63708e-135
9.51688e-134
-2.38696e-132
5.74436e-131
-1.32767e-129
2.94965e-128
-6.3042e-127
1.29717e-125
-2.57139e-124
4.91396e-123
-9.0583e-122
1.6116e-120
-2.76877e-119
4.59568e-118
-7.37289e-117
1.14375e-115
-1.71631e-114
2.49221e-113
-3.50298e-112
4.76741e-111
-6.28399e-110
8.02414e-109
-9.92809e-108
1.19047e-106
-1.38364e-105
1.55898e-104
-1.70302e-103
1.80383e-102
-1.85264e-101
1.8451e-100
-1.78189e-99
1.66863e-98
-1.51508e-97
1.33372e-96
-1.13813e-95
9.41334e-95
-7.54455e-94
5.85802e-93
-4.40521e-92
3.20721e-91
-2.2597e-90
1.54003e-89
-1.01464e-88
6.45827e-88
-3.96832e-87
2.35175e-86
-1.3428e-85
7.3776e-85
-3.89451e-84
1.97165e-83
-9.55147e-83
4.41521e-82
-1.94044e-81
8.06921e-81
-3.15396e-80
1.1475e-79
-3.82677e-79
1.13819e-78
-2.84697e-78
4.98896e-78
4.92379e-79
-5.43143e-77
3.01106e-76
-1.11735e-75
3.06277e-75
-5.3174e-75
-1.9066e-75
6.02552e-74
-2.82376e-73
8.20653e-73
-1.3445e-72
-1.10344e-72
1.70415e-71
-6.69495e-71
1.47049e-70
-6.0749e-71
-9.8831e-70
4.60251e-69
-1.05132e-68
4.2314e-69
6.82839e-68
-2.94104e-67
5.61007e-67
2.35344e-67
-5.15457e-66
1.62903e-65
-1.72419e-65
-6.29173e-65
3.3354e-64
-6.18246e-64
-4.41851e-64
5.74575e-63
-1.42527e-62
2.28736e-63
9.10722e-62
-2.72992e-61
1.4437e-61
1.41969e-60
-4.70057e-60
2.93958e-60
2.27418e-59
-7.48175e-59
3.76376e-59
3.76333e-58
-1.0978e-57
1.77448e-58
6.22209e-57
-1.43861e-56
-6.62985e-57
9.75079e-56
-1.55634e-55
-2.55881e-55
1.36492e-54
-1.08033e-54
-5.63466e-54
1.57822e-53
3.79374e-54
-9.12675e-53
1.26766e-52
2.83336e-52
-1.09404e-51
1.50929e-52
5.39271e-51
-8.28243e-51
-1.59231e-50
6.21286e-50
-3.48307e-52
-3.03202e-49
3.62565e-49
1.03672e-48
-2.87557e-48
-1.7911e-48
1.52643e-47
-6.9707e-48
-6.31658e-47
9.00614e-47
2.03791e-46
-5.74999e-46
-4.28861e-46
2.85052e-45
-2.75798e-46
-1.20465e-44
9.37684e-45
4.47555e-44
-6.67171e-44
-1.46703e-43
3.54753e-43
4.13937e-43
-1.63353e-42
-9.14356e-43
6.86965e-42
8.98337e-43
-2.71219e-41
5.5422e-42
1.02327e-40
-4.9029e-41
-3.73855e-40
2.63732e-40
1.33698e-39
-1.18115e-39
-4.72193e-39
4.7545e-39
1.65831e-38
-1.77009e-38
-5.81633e-38
6.15827e-38
2.04007e-37
-2.00003e-37
-7.14257e-37
5.98453e-37
2.48444e-36
-1.59331e-36
-8.52533e-36
3.42086e-36
2.86054e-35
-3.56769e-36
-9.2854e-35
-1.74863e-35
2.87737e-34
1.58039e-34
-8.35809e-34
-8.2759e-34
2.20997e-33
3.51981e-33
-5.01171e-33
-1.30607e-32
8.14435e-33
4.3069e-32
3.93892e-34
-1.25426e-31
-7.74973e-32
3.11994e-31
4.24896e-31
-5.99128e-31
-1.6139e-30
5.21508e-31
4.87236e-30
2.25284e-30
-1.16165e-29
-1.54288e-29
1.88173e-29
5.73393e-29
-9.864e-31
-1.53266e-28
-1.35427e-28
2.77688e-28
6.14449e-28
-1.30427e-28
-1.7119e-27
-1.37548e-27
2.96198e-27
6.55715e-27
-5.35922e-28
-1.70035e-26
-1.72682e-26
2.29165e-26
6.84894e-26
2.25821e-26
-1.4065e-25
-2.21718e-25
7.23645e-26
6.21112e-25
5.97978e-25
-7.24594e-25
-2.34118e-24
-1.32381e-24
3.75483e-24
8.08604e-24
2.16581e-24
-1.57649e-23
-2.67852e-23
-1.29118e-24
5.94208e-23
8.81338e-23
-6.96337e-24
-2.09427e-22
-2.9518e-22
2.68431e-23
7.00748e-22
1.01526e-21
1.80248e-23
-2.21916e-21
-3.55325e-21
-8.01371e-22
6.49856e-21
1.23551e-20
6.18309e-21
-1.6585e-20
-4.12583e-20
-3.40411e-20
3.08166e-20
1.26469e-19
1.54021e-19
-4.8571e-22
-3.30222e-19
-5.89052e-19
-3.58207e-19
6.01214e-19
1.86134e-18
2.16405e-18
9.29132e-20
-4.3935e-18
-8.50222e-18
-6.95215e-18
4.52127e-18
2.33315e-17
3.59737e-17
2.1748e-17
-3.22314e-17
-1.09559e-16
-1.52311e-16
-7.8994e-17
1.56654e-16
4.84685e-16
6.72134e-16
3.86006e-16
-5.89989e-16
-2.03872e-15
-3.08248e-15
-2.32674e-15
1.40755e-15
7.84231e-15
1.4057e-14
1.43796e-14
2.42515e-15
-2.43718e-14
-5.89761e-14
-8.09934e-14
-5.95842e-14
3.30529e-14
1.97807e-13
3.81941e-13
4.65577e-13
2.82516e-13
-3.07719e-13
-1.29802e-12
-2.39611e-12
-2.94431e-12
-1.998e-12
1.34332e-12
7.32473e-12
1.47527e-11
2.0337e-11
1.86398e-11
3.19896e-12
-3.07366e-11
-8.18789e-11
-1.37807e-10
-1.71016e-10
-1.39068e-10
7.5946e-12
3.07121e-10
7.56161e-10
1.27165e-09
1.65419e-09
1.5703e-09
5.77459e-10
-1.78095e-09
-5.7875e-09
-1.12617e-08
-1.71915e-08
-2.13532e-08
-2.00445e-08
-8.12326e-09
2.03986e-08
7.09215e-08
1.45721e-07
2.40143e-07
3.37577e-07
4.03625e-07
3.80382e-07
1.82464e-07
-3.02718e-07
-1.20698e-06
-2.66109e-06
-4.75663e-06
-7.48341e-06
-1.06352e-05
-1.36762e-05
-1.55609e-05
-1.45008e-05
-7.67303e-06
9.13219e-06
4.19242e-05
9.89812e-05
0.000191368
0.000333489
0.000543658
0.000844666
0.00126432
0.0018359
0.0025986
0.00359773
0.00488487
0.0065178
0.00856026
0.0110814
0.0141552
0.0178594
0.0222744
0.0274819
0.0335635
0.0405989
0.0486638
0.0578291
0.0681578
0.0797042
0.0925121
0.106613
0.122025
0.138753
0.156784
0.176093
0.196638
0.218362
0.241193
0.265046
0.289824
0.315417
0.341708
0.368572
0.395878
0.423491
0.451275
0.479095
0.506817
0.534312
0.561456
0.588135
0.614238
0.639669
0.66434
0.688173
0.711102
0.733073
0.754043
0.773979
0.79286
0.810675
0.827422
0.843107
0.857745
0.871359
0.883976
0.895628
0.906355
0.916195
0.925194
0.933397
0.94085
0.947601
0.953697
0.959185
0.964111
0.968519
0.972452
0.975952
0.979057
0.981804
0.984228
0.98636
0.988232
0.989869
0.991299
0.992543
0.993624
0.99456
0.995369
0.996066
0.996665
0.997179
0.997619
0.997995
0.998316
0.998589
0.998821
0.999019
0.999186
0.999328
0.999446
0.999542
0.999617
0.999668
0.999692
0.999682
0.999629
0.999519
0.999336
0.999057
0.998656
0.998099
0.997349
0.996359
0.99508
0.993454
0.991417
0.9889
0.98583
0.982129
0.977716
0.972511
0.96643
0.959396
0.951332
0.942168
0.93184
0.920294
0.907486
0.893386
0.877974
0.861247
0.843215
0.823906
0.803361
0.781638
0.758807
0.734954
0.710176
0.684583
0.658292
0.631427
0.604122
0.576509
0.548725
0.520905
0.493183
0.465688
0.438543
0.411865
0.385762
0.360331
0.33566
0.311827
0.288898
0.266927
0.245957
0.226021
0.20714
0.189325
0.172578
0.156893
0.142255
0.128641
0.116024
0.104372
0.0936455
0.0838048
0.0748059
0.0666033
0.0591502
0.0523993
0.0463032
0.0408152
0.0358893
0.0314811
0.0275477
0.024048
0.020943
0.0181959
0.0157722
0.0136396
0.0117683
0.0101306
0.00870104
0.00745649
0.00637576
0.00543967
0.00463087
0.0039338
0.00333449
0.00282047
0.00238066
0.00200523
0.0016855
0.00141384
0.00118355
0.000988776
0.000824398
0.000685983
0.000569686
0.000472182
0.000390609
0.00032251
0.000265777
0.000218611
0.00017948
0.00014708
0.000120308
9.82297e-05
8.00583e-05
6.51317e-05
5.2894e-05
4.28801e-05
3.47013e-05
2.80339e-05
2.26087e-05
1.82023e-05
1.463e-05
1.17391e-05
9.40375e-06
7.5206e-06
6.00474e-06
4.78664e-06
3.8095e-06
3.027e-06
2.40143e-06
1.90215e-06
1.50433e-06
1.18787e-06
9.36545e-07
7.37272e-07
5.79524e-07
4.54845e-07
3.5646e-07
2.78944e-07
2.17965e-07
1.7007e-07
1.32508e-07
1.03094e-07
8.00955e-08
6.21401e-08
4.81424e-08
3.72461e-08
2.87764e-08
2.22023e-08
1.71068e-08
1.3163e-08
1.01149e-08
7.76227e-09
5.94901e-09
4.55337e-09
3.48062e-09
2.65717e-09
2.02594e-09
1.5427e-09
1.17324e-09
8.91147e-10
6.76037e-10
5.12218e-10
3.8762e-10
2.92973e-10
2.21169e-10
1.66762e-10
1.2559e-10
9.447e-11
7.09779e-11
5.32652e-11
3.99264e-11
2.98934e-11
2.23559e-11
1.66999e-11
1.24608e-11
9.28731e-12
6.91431e-12
5.14193e-12
3.81966e-12
2.83432e-12
2.10087e-12
1.55554e-12
1.15053e-12
8.50063e-13
6.27399e-13
4.62572e-13
3.40691e-13
2.50663e-13
1.84235e-13
1.35272e-13
9.922e-14
7.27029e-14
5.32189e-14
3.89176e-14
2.84311e-14
2.07497e-14
1.51288e-14
1.10197e-14
8.01893e-15
5.82965e-15
4.23402e-15
3.07219e-15
2.22706e-15
1.6129e-15
1.16701e-15
8.43607e-16
6.09259e-16
4.39607e-16
3.16906e-16
2.28245e-16
1.6424e-16
1.18077e-16
8.48137e-17
6.08667e-17
4.36425e-17
3.1265e-17
2.23783e-17
1.60037e-17
1.1435e-17
8.16361e-18
5.82312e-18
4.15012e-18
2.95529e-18
2.10268e-18
1.49481e-18
1.06178e-18
7.53577e-19
5.34396e-19
3.78656e-19
2.68085e-19
1.89649e-19
1.34054e-19
9.46805e-20
6.68186e-20
4.71184e-20
3.32003e-20
2.33751e-20
1.64448e-20
1.15602e-20
8.12027e-21
5.69957e-21
3.99745e-21
2.80152e-21
1.96191e-21
1.37289e-21
9.60002e-22
6.70787e-22
4.68356e-22
3.26775e-22
2.27827e-22
1.58725e-22
1.10502e-22
7.68747e-23
5.34424e-23
3.7126e-23
2.57729e-23
1.7879e-23
1.23941e-23
8.58593e-24
5.94369e-24
4.11173e-24
2.84247e-24
1.96367e-24
1.35564e-24
9.35249e-25
6.44788e-25
4.44237e-25
3.0586e-25
2.10447e-25
1.44702e-25
9.94305e-26
6.8278e-26
4.68553e-26
3.21333e-26
2.20227e-26
1.50837e-26
1.03244e-26
7.06232e-27
4.82785e-27
3.29827e-27
2.25189e-27
1.53651e-27
1.04774e-27
7.14006e-28
4.86277e-28
3.30977e-28
2.25138e-28
1.5305e-28
1.03985e-28
7.05729e-29
4.81927e-29
2.97592e-29
)
;

boundaryField
{
    sides
    {
        type            zeroGradient;
    }
    empty
    {
        type            empty;
    }
}


// ************************************************************************* //
