/*--------------------------------*- C++ -*----------------------------------*\
  =========                 |
  \\      /  F ield         | OpenFOAM: The Open Source CFD Toolbox
   \\    /   O peration     | Website:  https://openfoam.org
    \\  /    A nd           | Version:  7
     \\/     M anipulation  |
\*---------------------------------------------------------------------------*/
FoamFile
{
    version     2.0;
    format      ascii;
    class       volScalarField;
    location    "1.5";
    object      T;
}
// * * * * * * * * * * * * * * * * * * * * * * * * * * * * * * * * * * * * * //

dimensions      [0 0 0 1 0 0 0];

internalField   nonuniform List<scalar> 
1000
(
0
0
0
0
0
0
0
0
0
0
0
0
0
0
0
0
0
0
0
0
0
0
0
0
0
0
0
0
0
0
0
0
0
0
0
0
0
0
0
0
0
0
0
0
0
0
0
0
0
0
0
0
0
0
0
0
0
0
0
0
0
0
0
0
0
0
0
0
0
0
0
0
0
0
0
0
0
0
0
0
0
0
0
0
0
0
0
0
0
0
0
0
0
0
0
0
0
0
0
0
0
0
0
0
0
0
0
0
0
0
0
0
0
0
0
0
0
0
0
0
0
0
0
0
0
0
0
0
0
0
0
0
0
0
0
0
0
0
0
0
0
0
0
0
0
0
0
0
0
0
0
0
0
0
0
0
0
0
0
0
0
0
0
0
0
0
0
0
0
0
0
0
0
0
0
0
0
0
0
0
0
0
0
0
0
0
0
0
0
0
0
0
0
0
0
0
0
0
0
0
0
0
0
0
0
0
0
0
0
0
0
0
0
0
0
0
0
0
0
0
0
0
0
0
0
0
0
0
0
0
0
0
0
0
0
0
0
0
0
0
0
0
0
0
0
2.2233e-322
1.22658e-318
6.51505e-315
3.41303e-311
1.76285e-307
8.97411e-304
4.50103e-300
2.22337e-296
1.08123e-292
5.17428e-289
2.43569e-285
1.12729e-281
5.12727e-278
2.29064e-274
1.00466e-270
4.32353e-267
1.82457e-263
7.5461e-260
3.05665e-256
1.21181e-252
4.6987e-249
1.78051e-245
6.58851e-242
2.37865e-238
8.37106e-235
2.86888e-231
9.56474e-228
3.0987e-224
9.74337e-221
2.96963e-217
8.76096e-214
2.49805e-210
6.87288e-207
1.82131e-203
4.63966e-200
1.13372e-196
2.65101e-193
5.91624e-190
1.25639e-186
2.53047e-183
4.81537e-180
8.62049e-177
1.44456e-173
2.25266e-170
3.24633e-167
4.28724e-164
5.13503e-161
5.50504e-158
5.19129e-155
4.20339e-152
2.81852e-149
1.47211e-146
5.25789e-144
7.78726e-142
-2.67395e-139
-1.09675e-136
2.32557e-134
7.09277e-132
-3.96913e-129
9.45764e-127
-1.52523e-124
1.88891e-122
-1.90793e-120
1.62902e-118
-1.20419e-116
7.8408e-115
-4.55612e-113
2.38705e-111
-1.13701e-109
4.9576e-108
-1.99014e-106
7.39134e-105
-2.55045e-103
8.20642e-102
-2.47016e-100
6.97523e-99
-1.85243e-97
4.63708e-96
-1.09631e-94
2.45241e-93
-5.19899e-92
1.04603e-90
-2.00006e-89
3.63852e-88
-6.30461e-87
1.04151e-85
-1.64177e-84
2.47144e-83
-3.5553e-82
4.89055e-81
-6.4362e-80
8.10767e-79
-9.77981e-78
1.12999e-76
-1.25097e-75
1.32717e-74
-1.3495e-73
1.31524e-72
-1.22861e-71
1.09992e-70
-9.43541e-70
7.75347e-69
-6.10102e-68
4.59478e-67
-3.30987e-66
2.27879e-65
-1.49805e-64
9.39209e-64
-5.60769e-63
3.1828e-62
-1.71341e-61
8.72371e-61
-4.1853e-60
1.88279e-59
-7.88809e-59
3.0474e-58
-1.06881e-57
3.31098e-57
-8.54841e-57
1.54238e-56
-8.01725e-59
-1.54796e-55
8.33169e-55
-2.85456e-54
6.57639e-54
-5.81242e-54
-3.24402e-53
2.03845e-52
-6.37811e-52
1.03979e-51
9.9637e-52
-1.28953e-50
4.40066e-50
-6.84536e-50
-8.98498e-50
8.72224e-49
-2.45543e-48
1.97792e-48
1.1646e-47
-5.31183e-47
8.62143e-47
1.1035e-46
-9.40204e-46
1.99842e-45
7.13328e-46
-1.53892e-44
3.65322e-44
5.33807e-45
-2.47926e-43
5.7094e-43
1.96664e-43
-3.95647e-42
7.56215e-42
7.43029e-42
-5.98587e-41
7.65457e-41
1.94584e-40
-7.94254e-40
3.45314e-40
3.75864e-39
-8.1428e-39
-6.97625e-39
5.36621e-38
-4.34884e-38
-2.13031e-37
5.11584e-37
3.92304e-37
-3.01309e-36
1.71047e-36
1.25011e-35
-2.17737e-35
-3.58096e-35
1.35994e-34
3.56169e-35
-6.44024e-34
3.82507e-34
2.52545e-33
-3.53772e-33
-8.3533e-33
2.04074e-32
2.25666e-32
-9.69312e-32
-4.20304e-32
4.10673e-31
-9.10257e-33
-1.61325e-30
5.93368e-31
6.02273e-30
-3.84591e-30
-2.17655e-29
1.83002e-29
7.72518e-29
-7.47011e-29
-2.72117e-28
2.73705e-28
9.56558e-28
-9.09748e-28
-3.35495e-27
2.70676e-27
1.16724e-26
-6.84488e-27
-3.98661e-26
1.21914e-26
1.31788e-25
3.2948e-27
-4.14192e-25
-1.69791e-25
1.20797e-24
1.0616e-24
-3.14456e-24
-4.79027e-24
6.72664e-24
1.79284e-23
-8.74169e-24
-5.71954e-23
-1.30044e-23
1.52691e-22
1.46693e-22
-3.13608e-22
-6.47971e-22
3.31216e-22
2.0276e-21
8.64948e-22
-4.6124e-21
-6.51664e-21
5.87498e-21
2.25917e-20
7.5036e-21
-4.98586e-20
-7.1465e-20
4.79594e-20
2.3091e-19
1.42567e-19
-4.01629e-19
-8.21788e-19
-2.02056e-20
1.94923e-18
2.4973e-18
-1.42183e-18
-7.7388e-18
-6.96203e-18
8.58184e-18
2.79281e-17
1.94026e-17
-3.6228e-17
-9.66148e-17
-6.02049e-17
1.27546e-16
3.28478e-16
2.21585e-16
-3.82837e-16
-1.09675e-15
-9.20791e-16
9.03185e-16
3.50243e-15
3.89727e-15
-9.84466e-16
-1.01087e-14
-1.54502e-14
-5.48339e-15
2.33029e-14
5.36721e-14
4.81777e-14
-2.51954e-14
-1.48971e-13
-2.2723e-13
-1.18208e-13
2.50986e-13
7.35834e-13
9.17228e-13
2.76493e-13
-1.36461e-12
-3.33312e-12
-3.94856e-12
-1.18009e-12
5.76629e-12
1.45282e-11
1.87122e-11
9.71379e-12
-1.79398e-11
-5.89947e-11
-9.16653e-11
-7.96103e-11
1.31362e-11
1.94126e-10
4.10139e-10
5.29245e-10
3.61581e-10
-2.62153e-10
-1.35607e-09
-2.62487e-09
-3.36689e-09
-2.53897e-09
9.18836e-10
7.46304e-09
1.61192e-08
2.37076e-08
2.45566e-08
1.12456e-08
-2.31316e-08
-8.09764e-08
-1.54829e-07
-2.21825e-07
-2.40098e-07
-1.50121e-07
1.15553e-07
6.11023e-07
1.34255e-06
2.22198e-06
3.01366e-06
3.28581e-06
2.38434e-06
-5.46642e-07
-6.46712e-06
-1.62318e-05
-3.02339e-05
-4.78694e-05
-6.6797e-05
-8.19825e-05
-8.4531e-05
-6.03329e-05
1.1428e-05
0.000159835
0.000423775
0.000853347
0.00151102
0.00247242
0.00382667
0.00567608
0.0081353
0.0113297
0.015393
0.0204646
0.0266858
0.0341959
0.0431282
0.0536051
0.0657343
0.0796044
0.095281
0.112804
0.132185
0.153405
0.176417
0.20114
0.227466
0.25526
0.284363
0.314593
0.345753
0.377633
0.410015
0.442676
0.475396
0.507959
0.540159
0.5718
0.602704
0.63271
0.661677
0.689482
0.716027
0.741233
0.765042
0.787417
0.808338
0.827806
0.845833
0.862449
0.877693
0.891617
0.904278
0.915741
0.926076
0.935355
0.943652
0.951041
0.957595
0.963387
0.968486
0.972957
0.976865
0.980267
0.983219
0.985771
0.987969
0.989857
0.991473
0.992852
0.994024
0.995018
0.995858
0.996565
0.997159
0.997657
0.998072
0.998418
0.998705
0.998942
0.999139
0.9993
0.999433
0.999541
0.99963
0.999702
0.999761
0.999808
0.999845
0.999876
0.9999
0.999919
0.999936
0.999952
0.999968
0.999986
1.00001
1.00003
1.00005
1.00007
1.00008
1.00005
0.999983
0.999836
0.999573
0.999144
0.998487
0.997526
0.996172
0.994323
0.991864
0.98867
0.984607
0.979535
0.973314
0.965804
0.956872
0.946395
0.934266
0.920396
0.904719
0.887196
0.867815
0.846595
0.823583
0.79886
0.772534
0.74474
0.715637
0.685407
0.654247
0.622367
0.589985
0.557324
0.524604
0.492041
0.459841
0.4282
0.397296
0.36729
0.338323
0.310518
0.283973
0.258767
0.234958
0.212583
0.191662
0.172194
0.154167
0.137551
0.122307
0.108383
0.0957219
0.0842587
0.0739238
0.064645
0.0563483
0.0489594
0.0424049
0.036613
0.0315143
0.0270426
0.0231352
0.019733
0.0167814
0.0142294
0.0120306
0.0101425
0.00852651
0.00714793
0.00597567
0.00498201
0.00414235
0.00343499
0.00284091
0.00234343
0.00192808
0.00158229
0.00129524
0.00105762
0.000861465
0.000699976
0.000567388
0.000458817
0.000370146
0.000297915
0.000239226
0.00019166
0.000153205
0.000122193
9.72426e-05
7.72179e-05
6.11844e-05
4.83763e-05
3.81686e-05
3.00517e-05
2.3612e-05
1.85142e-05
1.44876e-05
1.13139e-05
8.81798e-06
6.85914e-06
5.32507e-06
4.12613e-06
3.19104e-06
2.46321e-06
1.89784e-06
1.45953e-06
1.12039e-06
8.58501e-07
6.56644e-07
5.01357e-07
3.82119e-07
2.90732e-07
2.20819e-07
1.67431e-07
1.26736e-07
9.57715e-08
7.22519e-08
5.44185e-08
4.09199e-08
3.072e-08
2.30256e-08
1.72311e-08
1.28745e-08
9.60443e-09
7.15389e-09
5.32044e-09
3.95089e-09
2.92947e-09
2.16888e-09
1.6034e-09
1.18361e-09
8.72468e-10
6.42191e-10
4.72019e-10
3.4645e-10
2.5393e-10
1.85858e-10
1.35848e-10
9.91584e-11
7.228e-11
5.26166e-11
3.82516e-11
2.77716e-11
2.01365e-11
1.45815e-11
1.05454e-11
7.61667e-12
5.49436e-12
3.95843e-12
2.84831e-12
2.04698e-12
1.46928e-12
1.05334e-12
7.54233e-13
5.39414e-13
3.8532e-13
2.74921e-13
1.95923e-13
1.39463e-13
9.91583e-14
7.04211e-14
4.99554e-14
3.53974e-14
2.50539e-14
1.77131e-14
1.25094e-14
8.82474e-15
6.21864e-15
4.37744e-15
3.07808e-15
2.16211e-15
1.51711e-15
1.06341e-15
7.44617e-16
5.20854e-16
3.6396e-16
2.54067e-16
1.77176e-16
1.23431e-16
8.59036e-17
5.97267e-17
4.14856e-17
2.87874e-17
1.99566e-17
1.38214e-17
9.56318e-18
6.61058e-18
4.56528e-18
3.14983e-18
2.17122e-18
1.49526e-18
1.0288e-18
7.07213e-19
4.85708e-19
3.33279e-19
2.28483e-19
1.56499e-19
1.07099e-19
7.32286e-20
5.00261e-20
3.41456e-20
2.32863e-20
1.5867e-20
1.08024e-20
7.34813e-21
4.99425e-21
3.39157e-21
2.3013e-21
1.56022e-21
1.05693e-21
7.15401e-22
4.83842e-22
3.2697e-22
2.20784e-22
1.48964e-22
1.00427e-22
6.76521e-23
4.55379e-23
3.06287e-23
2.0585e-23
1.38242e-23
9.27677e-24
6.22052e-24
4.16802e-24
2.79067e-24
1.86708e-24
1.24824e-24
8.33901e-25
5.5669e-25
3.71361e-25
2.47552e-25
1.64902e-25
1.09767e-25
7.30152e-26
4.85341e-26
3.22386e-26
2.13994e-26
1.41947e-26
9.40918e-27
6.23274e-27
4.12581e-27
2.72927e-27
1.80422e-27
1.1919e-27
7.86871e-28
5.19131e-28
3.42267e-28
2.25511e-28
1.48486e-28
9.77062e-29
6.42508e-29
4.22236e-29
2.77303e-29
1.82003e-29
1.19379e-29
7.82536e-30
5.12635e-30
3.35616e-30
2.19588e-30
1.43584e-30
9.38292e-31
6.12781e-31
3.99953e-31
2.60886e-31
1.70072e-31
1.10804e-31
7.21472e-32
4.69491e-32
3.05337e-32
1.98462e-32
1.28921e-32
8.36986e-33
5.43078e-33
3.52174e-33
2.28247e-33
1.47845e-33
9.5711e-34
6.19261e-34
4.00445e-34
2.58804e-34
1.6717e-34
1.07921e-34
6.96329e-35
4.49042e-35
2.89417e-35
1.86434e-35
1.20031e-35
7.7238e-36
4.96748e-36
3.19309e-36
2.05143e-36
1.31727e-36
8.45404e-37
5.42287e-37
3.47672e-37
2.22785e-37
1.42685e-37
9.1338e-38
5.8439e-38
3.7371e-38
2.38862e-38
1.52596e-38
9.74366e-39
6.2185e-39
3.96674e-39
2.52912e-39
1.61173e-39
1.0266e-39
6.53586e-40
4.15904e-40
2.6453e-40
1.6817e-40
1.0686e-40
6.78697e-41
4.30855e-41
2.7339e-41
1.73393e-41
1.0992e-41
6.96499e-42
4.41127e-42
2.79259e-42
1.76706e-42
1.11763e-42
7.06559e-43
4.4648e-43
2.82007e-43
1.78042e-43
1.12355e-43
7.08712e-44
4.46842e-44
2.81612e-44
1.77364e-44
1.12139e-44
6.48417e-45
)
;

boundaryField
{
    sides
    {
        type            zeroGradient;
    }
    empty
    {
        type            empty;
    }
}


// ************************************************************************* //
