/*--------------------------------*- C++ -*----------------------------------*\
  =========                 |
  \\      /  F ield         | OpenFOAM: The Open Source CFD Toolbox
   \\    /   O peration     | Website:  https://openfoam.org
    \\  /    A nd           | Version:  7
     \\/     M anipulation  |
\*---------------------------------------------------------------------------*/
FoamFile
{
    version     2.0;
    format      ascii;
    class       volScalarField;
    location    "0.22";
    object      T;
}
// * * * * * * * * * * * * * * * * * * * * * * * * * * * * * * * * * * * * * //

dimensions      [0 0 0 1 0 0 0];

internalField   nonuniform List<scalar> 
1000
(
0
0
0
0
0
0
0
0
0
0
0
0
0
0
0
0
0
0
0
0
0
0
0
0
0
0
0
0
0
0
0
0
0
0
0
0
0
0
0
0
0
0
0
0
0
0
0
0
0
0
0
0
0
0
0
0
0
0
0
0
0
0
0
0
0
0
0
0
0
0
0
0
0
0
0
0
0
0
0
0
0
0
0
0
0
0
0
0
0
0
0
0
0
0
0
0
0
0
0
0
0
0
0
0
0
0
0
0
0
0
0
0
0
0
0
0
0
0
0
0
0
0
0
0
0
0
0
0
0
0
0
0
0
0
0
0
0
0
0
0
0
0
0
0
0
0
0
0
0
0
0
0
0
0
0
0
0
0
0
0
0
0
0
0
0
0
0
0
0
0
0
0
0
0
0
0
0
0
0
0
0
0
0
0
0
0
0
0
0
0
0
0
0
0
0
0
0
0
0
0
0
0
0
0
0
0
0
0
0
0
0
0
0
0
0
0
0
0
0
0
0
0
0
0
0
0
0
0
0
0
0
0
0
0
0
0
0
0
0
0
0
0
0
0
0
0
0
0
0
0
0
0
0
0
0
0
0
0
0
0
0
0
0
0
0
0
0
0
0
0
0
0
0
0
0
0
0
0
0
0
0
0
0
0
0
0
0
0
0
0
0
0
0
0
0
0
0
0
0
0
0
0
0
0
0
0
0
0
0
0
0
0
0
0
0
0
0
0
0
0
0
0
0
0
0
0
0
0
0
0
0
0
0
0
0
0
0
0
0
0
0
0
0
0
0
0
0
0
0
0
0
0
0
0
0
0
0
0
0
0
0
0
0
0
0
0
0
0
0
0
0
0
0
0
0
0
0
0
0
0
0
0
0
0
0
0
0
0
0
0
0
0
0
0
0
0
0
0
0
0
0
0
0
0
0
0
0
0
0
0
0
0
0
0
0
0
0
0
0
0
0
0
0
0
0
0
0
0
1.81139e-24
-3.43561e-22
3.09303e-20
-1.75677e-18
7.05614e-17
-2.12888e-15
5.00101e-14
-9.35372e-13
1.41189e-11
-1.73181e-10
1.72799e-09
-1.39519e-08
8.99223e-08
-4.50101e-07
1.65252e-06
-3.82934e-06
2.10875e-06
1.86229e-05
-5.32182e-05
-1.62674e-05
0.000285528
-9.20881e-05
-0.00122702
6.01616e-05
0.00469489
0.00435899
-0.0101596
-0.0301905
-0.0258731
0.0330536
0.153776
0.316452
0.488807
0.643354
0.765752
0.85387
0.912743
0.949805
0.972036
0.984849
0.991989
0.995854
0.997895
0.99895
0.999484
0.99975
0.99988
0.999944
0.999974
0.999988
0.999994
0.999997
0.999999
0.999999
1
1
1
1
1
1
1
1
1
1
1
1
1
1
1
1
1
1
1
1
1
1
1
1
1
1
1
1
1
1
1
1
1
1
1
1
1
1
1
1
1
1
1
1
1
1
1
1
1
1
1
1
1
1
1
1
1
1
1
1
0.999998
1
0.999998
0.999981
1.00005
1.00002
0.999714
1.00009
1.00123
0.99994
0.995305
0.995641
1.01016
1.03019
1.02587
0.966946
0.846224
0.683548
0.511193
0.356646
0.234248
0.14613
0.0872571
0.0501949
0.0279637
0.0151512
0.00801145
0.00414593
0.00210474
0.00105026
0.000515996
0.000249956
0.000119531
5.64893e-05
2.6407e-05
1.22207e-05
5.60291e-06
2.54652e-06
1.14802e-06
5.13619e-07
2.28153e-07
1.00667e-07
4.41352e-08
1.92343e-08
8.33479e-09
3.59228e-09
1.54034e-09
6.57265e-10
2.79153e-10
1.18036e-10
4.96979e-11
2.08399e-11
8.70484e-12
3.62244e-12
1.50204e-12
6.20669e-13
2.55621e-13
1.0494e-13
4.29486e-14
1.75252e-14
7.13062e-15
2.89325e-15
1.17079e-15
4.72542e-16
1.90244e-16
7.6405e-17
3.0613e-17
1.22375e-17
4.88106e-18
1.94265e-18
7.71551e-19
3.05806e-19
1.20967e-19
4.77578e-20
1.88194e-20
7.40238e-21
2.90643e-21
1.13918e-21
4.45747e-22
1.74126e-22
6.79104e-23
2.64437e-23
1.02811e-23
3.99119e-24
1.54713e-24
5.98857e-25
2.31478e-25
8.93505e-26
3.44429e-26
1.32596e-26
5.09797e-27
1.95757e-27
7.50753e-28
2.87575e-28
1.10024e-28
4.20452e-29
1.6049e-29
6.11919e-30
2.33056e-30
8.86662e-31
3.36973e-31
1.27932e-31
4.85199e-32
1.83833e-32
6.95826e-33
2.63121e-33
9.94026e-34
3.75174e-34
1.41471e-34
5.3298e-35
2.00617e-35
7.54474e-36
2.83496e-36
1.06434e-36
3.99258e-37
1.49648e-37
5.6045e-38
2.09729e-38
7.84221e-39
2.93011e-39
1.09396e-39
4.08125e-40
1.52147e-40
5.66789e-41
2.10993e-41
7.84887e-42
2.91773e-42
1.08389e-42
4.02376e-43
1.49276e-43
5.5343e-44
2.05047e-44
7.5922e-45
2.80936e-45
1.03891e-45
3.83955e-46
1.41815e-46
5.23481e-47
1.93119e-47
7.12028e-48
2.62373e-48
9.66259e-49
3.55652e-49
1.30833e-49
4.81028e-50
1.76762e-50
6.49197e-51
2.38306e-51
8.74314e-52
3.2061e-52
1.17507e-52
4.30462e-53
1.57612e-53
5.76807e-54
2.1099e-54
7.71406e-55
2.81903e-55
1.0297e-55
3.75945e-56
1.37194e-56
5.0044e-57
1.82462e-57
6.64968e-58
2.42236e-58
8.8204e-59
3.21034e-59
1.16796e-59
4.24742e-60
1.54398e-60
5.6102e-61
2.03769e-61
7.39815e-62
2.68494e-62
9.74037e-63
3.53221e-63
1.28041e-63
4.63965e-64
1.68057e-64
6.08508e-65
2.20249e-65
7.96895e-66
2.88224e-66
1.04208e-66
3.76635e-67
1.36077e-67
4.91468e-68
1.77442e-68
6.40423e-69
2.31063e-69
8.33385e-70
3.00481e-70
1.08304e-70
3.90237e-71
1.40563e-71
5.06144e-72
1.82196e-72
6.5564e-73
2.35861e-73
8.48224e-74
3.04952e-74
1.09603e-74
3.93802e-75
1.4145e-75
5.07927e-76
1.82335e-76
6.54352e-77
2.34762e-77
8.42012e-78
3.01915e-78
1.08225e-78
3.87839e-79
1.38948e-79
4.97662e-80
1.78196e-80
6.37884e-81
2.28281e-81
8.16736e-82
2.92132e-82
1.04463e-82
3.73449e-83
1.33471e-83
4.76908e-84
1.70361e-84
6.08409e-85
2.17226e-85
7.75392e-86
2.76709e-86
9.87232e-87
3.52135e-87
1.25573e-87
4.47689e-88
1.59571e-88
5.68632e-89
2.02585e-89
7.21573e-90
2.56953e-90
9.14807e-91
3.25616e-91
1.15873e-91
4.12254e-92
1.46639e-92
5.21482e-93
1.8541e-93
6.59074e-94
2.34229e-94
8.3225e-95
2.95648e-95
1.05004e-95
3.72857e-96
1.3237e-96
4.69839e-97
1.66732e-97
5.91561e-98
2.09842e-98
7.44214e-99
2.63886e-99
9.35514e-100
3.31587e-100
1.17506e-100
4.16331e-101
1.4748e-101
5.22329e-102
1.84958e-102
6.54817e-103
2.31785e-103
8.20293e-104
2.9025e-104
1.02682e-104
3.63195e-105
1.28442e-105
4.54143e-106
1.60547e-106
5.67457e-107
2.00534e-107
7.08543e-108
2.50305e-108
8.84089e-109
3.12211e-109
1.10237e-109
3.89161e-110
1.3736e-110
4.84749e-111
1.71041e-111
6.03411e-112
2.1284e-112
7.50625e-113
2.6468e-113
9.33145e-114
3.28933e-114
1.1593e-114
4.08521e-115
1.43935e-115
5.07046e-116
1.78592e-116
6.28938e-117
2.21456e-117
7.79652e-118
2.7444e-118
9.65891e-119
3.39894e-119
1.1959e-119
4.20706e-120
1.47979e-120
5.20422e-121
1.82999e-121
6.43397e-122
2.26176e-122
7.94969e-123
2.79378e-123
9.81687e-124
3.44899e-124
1.21157e-124
4.25546e-125
1.49445e-125
5.24758e-126
1.84236e-126
6.46744e-127
2.27002e-127
7.96653e-128
2.79544e-128
9.80781e-129
3.44062e-129
1.20682e-129
4.23247e-130
1.48418e-130
5.20382e-131
1.82433e-131
6.39479e-132
2.24127e-132
7.85431e-133
2.75211e-133
9.64203e-134
3.37767e-134
1.18307e-134
4.14335e-135
1.4509e-135
5.08009e-136
1.77849e-136
6.22557e-137
2.17898e-137
7.62565e-138
2.66838e-138
9.33611e-139
3.26613e-139
1.14248e-139
3.9959e-140
1.39743e-140
4.88644e-141
1.70847e-141
5.9727e-142
2.08778e-142
7.29709e-143
2.55015e-143
8.91112e-144
3.11351e-144
1.08773e-144
3.79963e-145
1.32713e-145
4.6349e-146
1.61852e-146
5.65131e-147
1.97303e-147
6.88764e-148
2.40414e-148
8.39083e-149
2.92821e-149
1.02177e-149
3.56501e-150
1.24372e-150
4.33848e-151
1.51324e-151
5.27757e-152
1.84041e-152
6.4173e-153
2.23741e-153
7.79998e-154
2.71893e-154
9.47675e-155
3.30276e-155
1.15094e-155
4.01036e-156
1.39725e-156
4.86765e-157
1.6956e-157
5.90589e-158
2.05686e-158
7.16281e-159
2.49413e-159
8.6839e-160
3.02321e-160
1.0524e-160
3.66314e-161
1.27493e-161
4.43686e-162
1.54392e-162
5.37201e-163
1.86899e-163
6.50186e-164
2.26167e-164
7.86648e-165
2.73585e-165
9.51407e-166
3.30827e-166
1.15026e-166
3.99902e-167
1.39019e-167
4.83229e-168
1.67956e-168
5.83714e-169
2.02846e-169
7.0485e-170
2.449e-170
8.50831e-171
2.95571e-171
1.0267e-171
3.56604e-172
1.23849e-172
4.30095e-173
1.49348e-173
5.18558e-174
1.80036e-174
6.25009e-175
2.16959e-175
7.53065e-176
2.61368e-176
9.07063e-177
3.14766e-177
1.0922e-177
3.7895e-178
1.3147e-178
4.56077e-179
1.58203e-179
5.48727e-180
1.90311e-180
6.59991e-181
2.28865e-181
7.9357e-182
2.75143e-182
9.53889e-183
3.30677e-183
1.14624e-183
3.97299e-184
1.37697e-184
4.77199e-185
1.65364e-185
5.72995e-186
1.98531e-186
6.87817e-187
2.38279e-187
8.25403e-188
2.85901e-188
9.90222e-189
3.4294e-189
1.18761e-189
4.1124e-190
1.42392e-190
4.93071e-191
1.65045e-191
)
;

boundaryField
{
    sides
    {
        type            zeroGradient;
    }
    empty
    {
        type            empty;
    }
}


// ************************************************************************* //
