/*--------------------------------*- C++ -*----------------------------------*\
  =========                 |
  \\      /  F ield         | OpenFOAM: The Open Source CFD Toolbox
   \\    /   O peration     | Website:  https://openfoam.org
    \\  /    A nd           | Version:  7
     \\/     M anipulation  |
\*---------------------------------------------------------------------------*/
FoamFile
{
    version     2.0;
    format      ascii;
    class       volScalarField;
    location    "1.49";
    object      T;
}
// * * * * * * * * * * * * * * * * * * * * * * * * * * * * * * * * * * * * * //

dimensions      [0 0 0 1 0 0 0];

internalField   nonuniform List<scalar> 
1000
(
0
0
0
0
0
0
0
0
0
0
0
0
0
0
0
0
0
0
0
0
0
0
0
0
0
0
0
0
0
0
0
0
0
0
0
0
0
0
0
0
0
0
0
0
0
0
0
0
0
0
0
0
0
0
0
0
0
0
0
0
0
0
0
0
0
0
0
0
0
0
0
0
0
0
0
0
0
0
0
0
0
0
0
0
0
0
0
0
0
0
0
0
0
0
0
0
0
0
0
0
0
0
0
0
0
0
0
0
0
0
0
0
0
0
0
0
0
0
0
0
0
0
0
0
0
0
0
0
0
0
0
0
0
0
0
0
0
0
0
0
0
0
0
0
0
0
0
0
0
0
0
0
0
0
0
0
0
0
0
0
0
0
0
0
0
0
0
0
0
0
0
0
0
0
0
0
0
0
0
0
0
0
0
0
0
0
0
0
0
0
0
0
0
0
0
0
0
0
0
0
0
0
0
0
0
0
0
0
0
0
0
0
0
0
0
0
0
0
0
0
0
0
0
0
0
0
0
0
0
0
0
0
0
0
0
0
0
0
0
0
0
0
0
0
0
0
0
0
0
0
0
0
0
0
0
0
0
0
0
0
0
0
0
0
0
0
0
0
0
0
0
0
0
0
0
0
0
0
0
0
0
0
0
0
0
0
0
0
0
0
0
0
0
0
0
0
0
0
0
0
0
-2.75164e-135
1.84222e-132
-6.11202e-130
1.33972e-127
-2.1824e-125
2.81792e-123
-3.00383e-121
2.7187e-119
-2.1325e-117
1.47246e-115
-9.06081e-114
5.01841e-112
-2.52225e-110
1.15824e-108
-4.88778e-107
1.90496e-105
-6.88638e-104
2.31769e-102
-7.2864e-101
2.14602e-99
-5.9367e-98
1.54616e-96
-3.79896e-95
8.82243e-94
-1.9398e-92
4.04417e-91
-8.00583e-90
1.5067e-88
-2.69885e-87
4.6058e-86
-7.49557e-85
1.16422e-83
-1.72711e-82
2.44874e-81
-3.32016e-80
4.30714e-79
-5.34839e-78
6.3595e-77
-7.243e-76
7.90338e-75
-8.26375e-74
8.28043e-73
-7.95154e-72
7.31725e-71
-6.45187e-70
5.44964e-69
-4.40814e-68
3.41323e-67
-2.52848e-66
1.79076e-65
-1.21152e-64
7.82138e-64
-4.81209e-63
2.81702e-62
-1.56601e-61
8.24649e-61
-4.10045e-60
1.91724e-59
-8.38223e-59
3.39967e-58
-1.26395e-57
4.22432e-57
-1.22336e-56
2.8123e-56
-3.57781e-56
-8.48556e-56
8.19881e-55
-3.51935e-54
1.02738e-53
-1.83134e-53
-5.88695e-54
1.94358e-52
-8.41922e-52
2.06094e-51
-1.70195e-51
-1.02703e-50
5.63445e-50
-1.40723e-49
9.19352e-50
7.67901e-49
-3.52565e-48
6.64732e-48
3.63035e-48
-6.14687e-47
1.73514e-46
-1.06434e-46
-9.00872e-46
3.42043e-45
-3.69215e-45
-1.27616e-44
5.91697e-44
-7.20029e-44
-1.98297e-43
9.4707e-43
-1.02135e-42
-3.48243e-42
1.40063e-41
-9.44131e-42
-6.30093e-41
1.82394e-40
5.73668e-42
-1.04367e-39
1.86532e-39
2.47822e-39
-1.43149e-38
9.99096e-39
6.00239e-38
-1.42283e-37
-1.03391e-37
8.65178e-37
-6.30232e-37
-3.47476e-36
7.29398e-36
8.26518e-36
-4.37968e-35
7.36302e-36
1.95409e-34
-2.1929e-34
-6.84683e-34
1.55927e-33
1.76395e-33
-8.10541e-33
-1.85069e-33
3.55846e-32
-1.40743e-32
-1.39218e-31
1.30407e-31
4.99601e-31
-7.38271e-31
-1.67893e-30
3.46636e-30
5.3889e-30
-1.464e-29
-1.69173e-29
5.76203e-29
5.3545e-29
-2.15268e-28
-1.767e-28
7.70643e-28
6.22475e-28
-2.65163e-27
-2.3388e-27
8.74519e-27
9.14584e-27
-2.73945e-26
-3.60162e-26
8.00473e-26
1.38746e-25
-2.10658e-25
-5.11369e-25
4.60174e-25
1.77041e-24
-6.10412e-25
-5.6482e-24
-1.06717e-24
1.61645e-23
1.24181e-23
-3.94788e-23
-6.08264e-23
7.21319e-23
2.21931e-22
-4.11976e-23
-6.46404e-22
-3.92182e-22
1.44232e-21
2.26805e-21
-1.89277e-21
-7.70829e-21
-2.13055e-21
1.80767e-20
2.31623e-20
-2.31247e-20
-8.27573e-20
-2.90619e-20
1.75838e-19
2.67236e-19
-1.30637e-19
-8.06206e-19
-6.38363e-19
1.17387e-18
2.98238e-18
9.64605e-19
-5.81887e-18
-9.89429e-18
3.93115e-19
2.3521e-17
3.16245e-17
-9.5187e-18
-8.58383e-17
-1.03206e-16
4.14642e-17
2.94257e-16
3.55623e-16
-1.05203e-16
-9.53396e-16
-1.28554e-15
2.00601e-17
2.84672e-15
4.67771e-15
1.6766e-15
-7.27176e-15
-1.61516e-14
-1.25496e-14
1.24583e-14
4.9094e-14
6.22229e-14
9.43538e-15
-1.1451e-13
-2.34109e-13
-2.00795e-13
1.09627e-13
6.33852e-13
1.00599e-12
6.53297e-13
-8.05238e-13
-2.98215e-12
-4.36636e-12
-2.72121e-12
3.46889e-12
1.28875e-11
1.98873e-11
1.54208e-11
-8.27207e-12
-4.98099e-11
-9.11778e-11
-9.67314e-11
-2.50008e-11
1.4451e-10
3.76062e-10
5.51481e-10
4.78561e-10
-4.23791e-11
-1.08788e-09
-2.44507e-09
-3.48155e-09
-3.15881e-09
-3.00788e-10
5.82093e-09
1.46417e-08
2.34284e-08
2.67981e-08
1.71897e-08
-1.31538e-08
-6.83808e-08
-1.43623e-07
-2.19023e-07
-2.55226e-07
-1.93328e-07
3.71274e-08
4.98652e-07
1.2126e-06
2.11276e-06
2.99042e-06
3.44136e-06
2.83201e-06
3.08815e-07
-5.11848e-06
-1.43844e-05
-2.80298e-05
-4.56835e-05
-6.53372e-05
-8.2399e-05
-8.85268e-05
-7.02669e-05
-7.54189e-06
0.00012794
0.000374267
0.000780776
0.00140928
0.00233491
0.0036465
0.00544637
0.00784947
0.0109818
0.0149782
0.0199793
0.0261281
0.0335659
0.0424281
0.0528393
0.0649094
0.0787292
0.0943664
0.111863
0.131231
0.152453
0.175483
0.200239
0.226614
0.254471
0.28365
0.313968
0.345226
0.377211
0.409703
0.442478
0.475312
0.507987
0.540295
0.572039
0.603039
0.633133
0.662177
0.69005
0.716651
0.741903
0.765747
0.788145
0.809081
0.828554
0.846578
0.863182
0.878409
0.892309
0.904942
0.916374
0.926674
0.935917
0.944176
0.951526
0.958043
0.963797
0.96886
0.973297
0.977171
0.980542
0.983464
0.985989
0.988163
0.990028
0.991623
0.992983
0.994138
0.995117
0.995943
0.996639
0.997222
0.997711
0.998118
0.998457
0.998738
0.99897
0.999162
0.99932
0.999449
0.999555
0.999641
0.999712
0.999768
0.999814
0.999851
0.99988
0.999903
0.999922
0.999938
0.999953
0.999968
0.999986
1.00001
1.00003
1.00005
1.00007
1.00008
1.00006
1
0.999868
0.999623
0.999217
0.998589
0.997664
0.996352
0.994553
0.99215
0.989018
0.985021
0.98002
0.973872
0.966434
0.957572
0.947161
0.935091
0.921271
0.905634
0.888137
0.868769
0.847547
0.824517
0.799761
0.773386
0.745529
0.71635
0.686032
0.654774
0.622789
0.590297
0.557522
0.524688
0.492013
0.459705
0.427961
0.396961
0.366867
0.337823
0.30995
0.283349
0.258097
0.234253
0.211855
0.190919
0.171446
0.153422
0.136818
0.121591
0.107691
0.0950576
0.0836261
0.0733258
0.0640834
0.0558244
0.0484736
0.0419571
0.0362025
0.0311401
0.0267032
0.0228289
0.0194581
0.0165357
0.0140109
0.0118371
0.00997185
0.00837666
0.00701691
0.00586157
0.00488302
0.0040568
0.00336135
0.00277774
0.00228944
0.00188209
0.00154326
0.00126222
0.00102978
0.000838068
0.000680376
0.000551019
0.000445189
0.000358835
0.000288554
0.000231501
0.000185304
0.000147991
0.000117926
9.37612e-05
7.43849e-05
5.8885e-05
4.65151e-05
3.66658e-05
2.88414e-05
2.26396e-05
1.7735e-05
1.38646e-05
1.08171e-05
8.4227e-06
6.54537e-06
5.07657e-06
3.92978e-06
3.03624e-06
2.34144e-06
1.80225e-06
1.38466e-06
1.06188e-06
8.12861e-07
6.21122e-07
4.73766e-07
3.60732e-07
2.74187e-07
2.08045e-07
1.57588e-07
1.19166e-07
8.99608e-08
6.78e-08
5.10141e-08
3.83213e-08
2.87401e-08
2.15198e-08
1.60879e-08
1.20082e-08
8.94905e-09
6.65895e-09
4.94731e-09
3.67006e-09
2.71846e-09
2.0106e-09
1.48486e-09
1.09499e-09
8.06317e-10
5.92891e-10
4.35335e-10
3.19197e-10
2.33714e-10
1.70886e-10
1.24775e-10
9.09825e-11
6.62519e-11
4.81787e-11
3.49891e-11
2.53768e-11
1.83811e-11
1.32966e-11
9.60614e-12
6.93111e-12
4.99465e-12
3.59469e-12
2.5839e-12
1.85503e-12
1.33013e-12
9.52589e-13
6.81385e-13
4.8681e-13
3.47383e-13
2.47596e-13
1.76267e-13
1.25341e-13
8.90252e-14
6.31591e-14
4.47574e-14
3.16814e-14
2.24004e-14
1.58207e-14
1.11614e-14
7.86561e-15
5.53701e-15
3.89359e-15
2.73501e-15
1.91914e-15
1.34523e-15
9.41956e-16
6.58889e-16
4.60411e-16
3.21391e-16
2.2412e-16
1.5613e-16
1.08657e-16
7.55432e-17
5.2469e-17
3.64069e-17
2.52372e-17
1.74774e-17
1.20919e-17
8.35787e-18
5.77145e-18
3.98167e-18
2.74434e-18
1.88976e-18
1.30009e-18
8.93597e-19
6.1364e-19
4.2101e-19
2.88589e-19
1.97642e-19
1.35236e-19
9.24531e-20
6.31496e-20
4.30964e-20
2.93856e-20
2.00196e-20
1.36272e-20
9.26801e-21
6.29797e-21
4.27613e-21
2.90094e-21
1.96638e-21
1.3318e-21
9.01271e-22
6.09422e-22
4.11747e-22
2.77968e-22
1.87504e-22
1.26382e-22
8.51167e-23
5.72803e-23
3.85174e-23
2.58806e-23
1.73762e-23
1.16575e-23
7.81493e-24
5.235e-24
3.50414e-24
2.34381e-24
1.56654e-24
1.04626e-24
6.98262e-25
4.65673e-25
3.10333e-25
2.06663e-25
1.37526e-25
9.14532e-26
6.07721e-26
4.03556e-26
2.67793e-26
1.77579e-26
1.17675e-26
7.79247e-27
5.15667e-27
3.41011e-27
2.25358e-27
1.48828e-27
9.82213e-28
6.47794e-28
4.26953e-28
2.81214e-28
1.85102e-28
1.21759e-28
8.004e-29
5.25817e-29
3.4521e-29
2.26493e-29
1.48509e-29
9.73136e-30
6.37269e-30
4.17062e-30
2.72778e-30
1.78299e-30
1.16472e-30
7.60375e-31
4.96101e-31
3.23482e-31
2.10799e-31
1.37286e-31
8.93563e-32
5.81255e-32
3.77878e-32
2.45518e-32
1.59426e-32
1.03463e-32
6.71053e-33
4.34991e-33
2.8181e-33
1.82467e-33
1.18077e-33
7.63663e-34
4.93622e-34
3.18893e-34
2.05899e-34
1.32869e-34
8.56949e-35
5.52392e-35
3.5588e-35
2.29152e-35
1.47472e-35
9.48559e-36
6.09797e-36
3.9181e-36
2.51615e-36
1.61498e-36
1.03603e-36
6.64278e-37
4.25699e-37
2.72665e-37
1.74556e-37
1.11691e-37
7.14294e-38
4.56581e-38
2.91702e-38
1.8627e-38
1.18885e-38
7.58398e-39
4.83562e-39
3.08171e-39
1.96299e-39
1.24978e-39
7.95311e-40
5.0586e-40
3.21598e-40
2.04357e-40
1.29795e-40
8.23982e-41
5.22845e-41
3.31607e-41
2.10218e-41
1.33203e-41
8.43639e-42
5.34069e-42
3.37939e-42
2.13737e-42
1.35121e-42
8.5382e-43
5.39281e-43
3.40461e-43
2.14844e-43
1.35515e-43
8.54391e-44
5.38436e-44
3.39171e-44
2.13557e-44
1.34407e-44
8.45375e-45
5.33751e-45
3.08273e-45
)
;

boundaryField
{
    sides
    {
        type            zeroGradient;
    }
    empty
    {
        type            empty;
    }
}


// ************************************************************************* //
