/*--------------------------------*- C++ -*----------------------------------*\
  =========                 |
  \\      /  F ield         | OpenFOAM: The Open Source CFD Toolbox
   \\    /   O peration     | Website:  https://openfoam.org
    \\  /    A nd           | Version:  7
     \\/     M anipulation  |
\*---------------------------------------------------------------------------*/
FoamFile
{
    version     2.0;
    format      ascii;
    class       volScalarField;
    location    "1.57";
    object      T;
}
// * * * * * * * * * * * * * * * * * * * * * * * * * * * * * * * * * * * * * //

dimensions      [0 0 0 1 0 0 0];

internalField   nonuniform List<scalar> 
1000
(
0
0
0
0
0
0
0
0
0
0
0
0
0
0
0
0
0
0
0
0
0
0
0
0
0
0
0
0
0
0
0
0
0
0
0
0
0
0
0
0
0
0
0
0
0
0
0
0
0
0
0
0
0
0
0
0
0
0
0
0
0
0
0
0
0
0
0
0
0
0
0
0
0
0
0
0
0
0
0
0
0
0
0
0
0
0
0
0
0
0
0
0
0
0
0
0
0
0
0
0
0
0
0
0
0
0
0
0
0
0
0
0
0
0
0
0
0
0
0
0
0
0
0
0
0
0
0
0
0
0
0
0
0
0
0
0
0
0
0
0
0
0
0
0
0
0
0
0
0
0
0
0
0
0
0
0
0
0
0
0
0
0
0
0
0
0
0
0
0
0
0
0
0
0
0
0
0
0
0
0
0
0
0
0
0
0
0
0
0
0
0
0
0
0
0
0
0
0
0
0
0
0
0
0
0
0
0
0
0
0
0
0
0
0
0
0
0
0
0
0
0
0
0
0
0
0
0
0
0
0
0
0
0
0
0
0
0
0
0
0
0
0
0
0
0
0
0
0
0
0
0
0
0
0
0
0
0
0
0
0
0
0
0
0
0
0
0
0
0
0
0
0
0
0
0
0
0
0
0
0
0
0
0
0
0
0
0
0
0
0
0
0
0
-1.64011e-142
1.1571e-139
-4.04722e-137
9.35694e-135
-1.60846e-132
2.19268e-130
-2.46895e-128
2.36162e-126
-1.95874e-124
1.4309e-122
-9.32067e-121
5.46776e-119
-2.91238e-117
1.41819e-115
-6.35031e-114
2.62779e-112
-1.00925e-110
3.61127e-109
-1.20786e-107
3.78743e-106
-1.11631e-104
3.09994e-103
-8.12764e-102
2.01578e-100
-4.7373e-99
1.05659e-97
-2.23963e-96
4.51751e-95
-8.68122e-94
1.59103e-92
-2.78363e-91
4.65327e-90
-7.43807e-89
1.13771e-87
-1.66627e-86
2.33805e-85
-3.14469e-84
4.05614e-83
-5.0191e-82
5.96017e-81
-6.79405e-80
7.4358e-79
-7.81487e-78
7.8877e-77
-7.64589e-76
7.11769e-75
-6.36267e-74
5.46074e-73
-4.49846e-72
3.55571e-71
-2.69554e-70
1.95876e-69
-1.36342e-68
9.08301e-68
-5.7854e-67
3.51883e-66
-2.04061e-65
1.12616e-64
-5.90055e-64
2.92647e-63
-1.36858e-62
6.0036e-62
-2.4526e-61
9.23151e-61
-3.14713e-60
9.42096e-60
-2.31147e-59
3.67617e-59
2.77699e-59
-5.23695e-58
2.54757e-57
-8.27769e-57
1.79595e-56
-1.16554e-56
-1.09086e-55
6.19197e-55
-1.86649e-54
2.90435e-54
3.46433e-54
-3.92448e-53
1.32529e-52
-2.08571e-52
-2.57307e-52
2.6318e-51
-7.69043e-51
7.31973e-51
3.27602e-50
-1.65774e-49
3.0601e-49
2.18993e-49
-2.86566e-48
7.14367e-48
-1.187e-48
-4.53559e-47
1.33982e-46
-6.0734e-47
-7.1652e-46
2.2122e-45
-9.03053e-46
-1.16964e-44
3.26969e-44
-2.22673e-45
-1.91606e-43
4.17201e-43
2.68716e-43
-2.93723e-42
4.08077e-42
8.96136e-42
-3.85994e-41
1.74584e-41
1.79362e-40
-3.8042e-40
-3.56097e-40
2.50479e-39
-1.7567e-39
-1.02641e-38
2.23311e-38
2.23789e-38
-1.36016e-37
5.02891e-38
5.90915e-37
-8.62816e-37
-1.86957e-36
5.75368e-36
3.20728e-36
-2.85247e-35
9.21533e-36
1.17487e-34
-1.25439e-34
-4.15451e-34
7.95103e-34
1.25695e-33
-3.97304e-33
-3.08424e-33
1.74504e-32
4.77854e-33
-7.05486e-32
6.05566e-33
2.6964e-31
-9.61813e-32
-9.92532e-31
5.51592e-31
3.56773e-30
-2.43952e-30
-1.26492e-29
9.30443e-30
4.44899e-29
-3.14573e-29
-1.55404e-28
9.3209e-29
5.37117e-28
-2.26307e-28
-1.82233e-27
3.31152e-28
5.99855e-27
6.75634e-28
-1.88595e-26
-8.78877e-27
5.5424e-26
5.01443e-26
-1.47123e-25
-2.21861e-25
3.29109e-25
8.35405e-25
-4.97059e-25
-2.73144e-24
-2.63876e-25
7.64947e-24
5.94437e-24
-1.731e-23
-2.92931e-23
2.55009e-23
1.00393e-22
1.27253e-23
-2.59684e-22
-2.59959e-22
4.54952e-22
1.10296e-21
-1.39789e-22
-2.98921e-21
-2.63028e-21
4.9171e-21
1.18149e-20
3.67189e-22
-2.90306e-20
-3.35642e-20
3.27336e-20
1.20297e-19
6.47579e-20
-2.10479e-19
-4.17009e-19
-2.89141e-20
9.47663e-19
1.31469e-18
-4.51948e-19
-3.66668e-18
-4.03358e-18
2.74075e-18
1.31287e-17
1.28371e-17
-1.07522e-17
-4.49667e-17
-4.41918e-17
3.21813e-17
1.48329e-16
1.6368e-16
-6.38978e-17
-4.62735e-16
-6.22301e-16
-3.04611e-17
1.2983e-15
2.28414e-15
1.15164e-15
-2.89264e-15
-7.58539e-15
-7.39388e-15
2.78493e-15
2.08086e-14
3.2559e-14
1.67906e-14
-3.70552e-14
-1.06014e-13
-1.26159e-13
-2.26686e-14
2.19948e-13
4.83179e-13
5.06419e-13
1.33016e-14
-1.02862e-12
-2.14009e-12
-2.29326e-12
-3.43049e-13
4.03927e-12
9.29048e-12
1.15156e-11
5.59899e-12
-1.16733e-11
-3.71759e-11
-5.79396e-11
-5.19947e-11
3.30981e-12
1.14995e-10
2.54592e-10
3.45096e-10
2.69113e-10
-8.8989e-11
-7.64426e-10
-1.61374e-09
-2.2385e-09
-1.99348e-09
-1.456e-10
3.77639e-09
9.46673e-09
1.52887e-08
1.79252e-08
1.25737e-08
-5.95641e-09
-4.09948e-08
-9.06496e-08
-1.43849e-07
-1.76917e-07
-1.52484e-07
-2.30292e-08
2.58474e-07
7.18859e-07
1.3354e-06
1.99862e-06
2.47259e-06
2.36247e-06
1.10428e-06
-2.00325e-06
-7.70007e-06
-1.6572e-05
-2.87352e-05
-4.3372e-05
-5.80978e-05
-6.81479e-05
-6.5387e-05
-3.7159e-05
3.49877e-05
0.000176643
0.000421881
0.000814513
0.00140917
0.00227209
0.00348155
0.00512782
0.00731261
0.0101479
0.0137543
0.0182586
0.0237909
0.0304818
0.038458
0.0478392
0.0587337
0.0712351
0.0854182
0.101336
0.119019
0.138469
0.159661
0.182545
0.20704
0.233041
0.260417
0.289018
0.318673
0.349197
0.380392
0.412055
0.443979
0.475958
0.507789
0.539281
0.570249
0.600527
0.62996
0.658415
0.685776
0.711944
0.736844
0.760417
0.782624
0.803443
0.822868
0.840909
0.857589
0.872941
0.88701
0.899848
0.911513
0.922069
0.931583
0.940124
0.947761
0.954564
0.960602
0.96594
0.970642
0.97477
0.978381
0.981528
0.984262
0.98663
0.988673
0.99043
0.991937
0.993225
0.994322
0.995254
0.996044
0.996711
0.997272
0.997743
0.998138
0.998467
0.998741
0.998969
0.999158
0.999313
0.999442
0.999547
0.999633
0.999703
0.99976
0.999806
0.999843
0.999874
0.9999
0.999923
0.999945
0.999967
0.999989
1.00001
1.00003
1.00005
1.00005
1.00003
0.999956
0.999816
0.999572
0.999181
0.998587
0.997725
0.996516
0.994871
0.992686
0.989851
0.986245
0.981741
0.976209
0.969518
0.961542
0.952161
0.941266
0.928765
0.914582
0.898663
0.880981
0.861531
0.840339
0.817455
0.79296
0.766959
0.739583
0.710982
0.681327
0.650803
0.619608
0.587945
0.556021
0.524042
0.492211
0.460719
0.429751
0.399473
0.37004
0.341585
0.314224
0.288056
0.263156
0.239583
0.217376
0.196557
0.177132
0.159091
0.142411
0.127059
0.11299
0.100152
0.0884869
0.0779307
0.0684166
0.0598759
0.0522386
0.0454355
0.0393982
0.0340603
0.0293578
0.02523
0.0216193
0.0184719
0.0157376
0.0133703
0.0113273
0.00956992
0.00806312
0.0067752
0.00567778
0.00474554
0.00395599
0.00328927
0.00272792
0.00225665
0.00186212
0.00153276
0.00125857
0.00103092
0.000842432
0.000686772
0.000558562
0.000453233
0.000366923
0.000296374
0.000238853
0.000192068
0.000154107
0.00012338
9.85674e-05
7.85768e-05
6.25085e-05
4.96224e-05
3.93114e-05
3.10793e-05
2.45213e-05
1.93084e-05
1.51736e-05
1.19008e-05
9.31584e-06
7.27832e-06
5.67561e-06
4.41748e-06
3.43183e-06
2.66117e-06
2.0598e-06
1.59143e-06
1.22736e-06
9.44896e-07
7.26156e-07
5.5708e-07
4.26633e-07
3.26173e-07
2.48945e-07
1.89684e-07
1.44289e-07
1.09577e-07
8.30796e-08
6.28879e-08
4.75272e-08
3.58613e-08
2.70163e-08
2.03211e-08
1.52614e-08
1.1444e-08
8.56837e-09
6.40567e-09
4.78169e-09
3.56414e-09
2.65271e-09
1.97148e-09
1.46308e-09
1.08423e-09
8.02341e-10
5.92905e-10
4.37527e-10
3.22421e-10
2.37271e-10
1.74372e-10
1.27974e-10
9.37958e-11
6.86545e-11
5.0186e-11
3.66378e-11
2.67124e-11
1.94508e-11
1.41451e-11
1.02737e-11
7.45253e-12
5.39931e-12
3.90693e-12
2.82358e-12
2.03815e-12
1.46943e-12
1.05813e-12
7.61052e-13
5.46735e-13
3.92311e-13
2.81176e-13
2.01292e-13
1.43938e-13
1.02809e-13
7.33498e-14
5.22732e-14
3.72114e-14
2.64602e-14
1.87947e-14
1.33354e-14
9.45161e-15
6.69176e-15
4.73275e-15
3.3437e-15
2.35985e-15
1.66376e-15
1.17178e-15
8.24433e-16
5.79458e-16
4.06863e-16
2.85389e-16
1.99983e-16
1.39997e-16
9.7907e-17
6.84045e-17
4.77456e-17
3.32938e-17
2.3194e-17
1.61426e-17
1.12244e-17
7.79724e-18
5.41146e-18
3.75219e-18
2.59929e-18
1.79898e-18
1.24395e-18
8.59386e-19
5.93175e-19
4.09062e-19
2.81845e-19
1.94021e-19
1.33447e-19
9.17042e-20
6.29643e-20
4.31943e-20
2.96066e-20
2.0276e-20
1.38742e-20
9.48574e-21
6.47996e-21
4.42297e-21
3.01647e-21
2.05555e-21
1.3996e-21
9.52205e-22
6.47303e-22
4.39681e-22
2.98417e-22
2.0238e-22
1.37142e-22
9.28614e-23
6.28295e-23
4.24773e-23
2.86958e-23
1.93709e-23
1.30663e-23
8.80698e-24
5.93168e-24
3.99214e-24
2.6848e-24
1.80426e-24
1.21163e-24
8.13061e-25
5.4521e-25
3.65335e-25
2.4463e-25
1.63689e-25
1.09451e-25
7.31338e-26
4.88328e-26
3.25839e-26
2.17268e-26
1.44773e-26
9.64016e-27
6.41483e-27
4.26572e-27
2.8347e-27
1.88249e-27
1.2493e-27
8.28545e-28
5.49134e-28
3.63711e-28
2.40742e-28
1.59245e-28
1.05269e-28
6.95433e-29
4.59129e-29
3.02927e-29
1.99741e-29
1.3162e-29
8.6678e-30
5.70459e-30
3.75208e-30
2.46633e-30
1.62019e-30
1.06369e-30
6.97917e-31
4.57646e-31
2.99913e-31
1.96427e-31
1.28573e-31
8.41088e-32
5.49893e-32
3.59303e-32
2.34634e-32
1.53134e-32
9.98848e-33
6.51148e-33
4.2424e-33
2.76247e-33
1.79779e-33
1.16932e-33
7.6013e-34
4.93855e-34
3.20679e-34
2.08115e-34
1.34988e-34
8.7509e-35
5.66987e-35
3.67163e-35
2.37635e-35
1.5372e-35
9.9384e-36
6.42205e-36
4.14764e-36
2.67732e-36
1.72732e-36
1.11383e-36
7.17858e-37
4.62418e-37
2.9772e-37
1.91584e-37
1.23222e-37
7.92135e-38
5.08968e-38
3.26861e-38
2.09807e-38
1.34604e-38
8.63144e-39
5.53215e-39
3.54398e-39
2.26922e-39
1.45228e-39
9.28994e-40
5.93973e-40
3.79588e-40
2.42465e-40
1.54804e-40
9.87885e-41
6.30125e-41
4.01738e-41
2.5601e-41
1.63067e-41
1.03819e-41
6.60672e-42
4.20243e-42
2.67124e-42
1.70499e-42
9.93412e-43
)
;

boundaryField
{
    sides
    {
        type            zeroGradient;
    }
    empty
    {
        type            empty;
    }
}


// ************************************************************************* //
