/*--------------------------------*- C++ -*----------------------------------*\
  =========                 |
  \\      /  F ield         | OpenFOAM: The Open Source CFD Toolbox
   \\    /   O peration     | Website:  https://openfoam.org
    \\  /    A nd           | Version:  7
     \\/     M anipulation  |
\*---------------------------------------------------------------------------*/
FoamFile
{
    version     2.0;
    format      ascii;
    class       volScalarField;
    location    "0.96";
    object      T;
}
// * * * * * * * * * * * * * * * * * * * * * * * * * * * * * * * * * * * * * //

dimensions      [0 0 0 1 0 0 0];

internalField   nonuniform List<scalar> 
1000
(
2.78287e-112
4.5577e-112
9.23638e-112
1.97933e-111
4.29341e-111
9.3344e-111
2.02982e-110
4.41291e-110
9.59059e-110
2.08358e-109
4.52499e-109
9.8235e-109
2.13184e-108
4.6247e-108
1.00289e-107
2.17399e-107
4.71088e-107
1.02043e-106
2.20954e-106
4.78252e-106
1.03478e-105
2.23805e-105
4.8387e-105
1.04573e-104
2.25915e-104
4.87868e-104
1.05315e-103
2.27253e-103
4.90182e-103
1.0569e-102
2.27794e-102
4.90769e-102
1.05691e-101
2.27525e-101
4.89602e-101
1.05313e-100
2.26437e-100
4.8667e-100
1.04555e-99
2.24532e-99
4.81985e-99
1.03421e-98
2.21822e-98
4.75576e-98
1.01919e-97
2.18326e-97
4.67491e-97
1.00059e-96
2.14071e-96
4.57798e-96
9.78595e-96
2.09096e-95
4.46581e-95
9.53382e-95
2.03444e-94
4.33942e-94
9.25184e-94
1.97167e-93
4.19997e-93
8.94263e-93
1.90323e-92
4.04876e-92
8.60907e-92
1.82976e-91
3.88719e-91
8.25426e-91
1.75195e-90
3.71677e-90
7.88149e-90
1.67051e-89
3.53906e-89
7.49416e-89
1.58618e-88
3.35567e-88
7.09574e-88
1.49972e-87
3.16821e-87
6.68974e-87
1.41187e-86
2.9783e-86
6.2796e-86
1.32337e-85
2.78752e-85
5.86867e-85
1.23494e-84
2.59738e-84
5.4602e-84
1.14726e-83
2.40933e-83
5.0572e-83
1.06097e-82
2.2247e-82
4.66249e-82
9.76652e-82
2.04473e-81
4.27864e-81
8.94844e-81
1.87051e-80
3.9079e-80
8.16012e-80
1.70301e-79
3.55226e-79
7.40556e-79
1.54304e-78
3.21335e-78
6.6881e-78
1.39126e-77
2.89251e-77
6.01036e-77
1.2482e-76
2.59074e-76
5.37428e-76
1.11422e-75
2.30874e-75
4.78114e-75
9.89552e-75
2.0469e-74
4.23157e-74
8.74288e-74
1.80532e-73
3.72561e-73
7.68396e-73
1.58386e-72
3.26277e-72
6.71735e-72
1.38213e-71
2.84207e-71
5.8406e-71
1.19954e-70
2.4621e-70
5.05044e-70
1.03534e-69
2.12112e-69
4.34286e-69
8.88615e-69
1.81709e-68
3.71333e-68
7.58354e-68
1.54775e-67
3.15683e-67
6.43456e-67
1.3107e-66
2.66811e-66
5.42771e-66
1.10342e-65
2.24171e-65
4.55119e-65
9.23376e-65
1.87214e-64
3.79318e-64
7.68017e-64
1.55396e-63
3.14203e-63
6.34861e-63
1.28187e-62
2.58645e-62
5.21504e-62
1.05076e-61
2.11563e-61
4.25663e-61
8.55811e-61
1.71939e-60
3.45189e-60
6.92501e-60
1.38824e-59
2.7809e-59
5.56654e-59
1.11342e-58
2.22539e-58
4.44452e-58
8.86978e-58
1.76876e-57
3.52445e-57
7.01741e-57
1.39613e-56
2.77545e-56
5.51316e-56
1.09427e-55
2.17022e-55
4.30065e-55
8.51561e-55
1.68479e-54
3.33061e-54
6.57878e-54
1.2984e-53
2.56044e-53
5.04498e-53
9.93207e-53
1.95369e-52
3.83974e-52
7.54014e-52
1.4794e-51
2.90012e-51
5.6803e-51
1.1116e-50
2.17342e-50
4.24577e-50
8.28676e-50
1.61594e-49
3.14829e-49
6.12821e-49
1.19178e-48
2.3156e-48
4.49502e-48
8.71763e-48
1.68912e-47
3.26976e-47
6.32358e-47
1.2218e-46
2.35841e-46
4.54805e-46
8.76216e-46
1.68646e-45
3.24277e-45
6.22916e-45
1.1954e-44
2.29174e-44
4.38918e-44
8.39775e-44
1.6051e-43
3.06478e-43
5.84588e-43
1.11392e-42
2.12033e-42
4.0318e-42
7.65841e-42
1.45318e-41
2.75445e-41
5.21536e-41
9.86428e-41
1.86369e-40
3.51729e-40
6.63078e-40
1.24865e-39
2.34871e-39
4.41298e-39
8.28216e-39
1.55261e-38
2.90725e-38
5.43753e-38
1.01582e-37
1.89551e-37
3.53284e-37
6.57671e-37
1.22286e-36
2.27102e-36
4.21252e-36
7.80433e-36
1.4441e-35
2.66885e-35
4.92619e-35
9.08147e-35
1.67207e-34
3.07471e-34
5.64675e-34
1.0357e-33
1.89719e-33
3.47074e-33
6.34107e-33
1.15699e-32
2.10824e-32
3.83645e-32
6.97193e-32
1.26528e-31
2.29312e-31
4.15019e-31
7.5008e-31
1.35376e-30
2.43985e-30
4.39106e-30
7.89143e-30
1.41618e-29
2.53777e-29
4.54101e-29
8.11361e-29
1.44755e-28
2.57873e-28
4.58698e-28
8.14685e-28
1.44475e-27
2.55815e-27
4.52261e-27
7.98318e-27
1.40696e-26
2.4757e-26
4.34936e-26
7.62876e-26
1.33592e-25
2.33561e-25
4.07667e-25
7.10383e-25
1.23582e-24
2.1463e-24
3.72125e-24
6.4409e-24
1.1129e-23
1.91963e-23
3.30536e-23
5.6814e-23
9.74816e-23
1.66961e-22
2.85446e-22
4.8713e-22
8.29797e-22
1.41091e-21
2.39452e-21
4.05625e-21
6.85822e-21
1.15737e-20
1.94939e-20
3.27708e-20
5.49831e-20
9.20701e-20
1.53868e-19
2.56632e-19
4.27168e-19
7.09588e-19
1.17632e-18
1.94604e-18
3.21272e-18
5.2928e-18
8.70124e-18
1.42742e-17
2.33663e-17
3.81669e-17
6.22067e-17
1.01165e-16
1.64158e-16
2.6578e-16
4.29342e-16
6.91983e-16
1.11274e-15
1.78519e-15
2.85736e-15
4.56273e-15
7.26866e-15
1.15517e-14
1.83143e-14
2.89654e-14
4.56988e-14
7.19212e-14
1.12908e-13
1.76809e-13
2.76173e-13
4.30277e-13
6.68646e-13
1.03637e-12
1.60213e-12
2.47019e-12
3.79845e-12
5.82526e-12
8.90936e-12
1.35891e-11
2.06699e-11
3.1353e-11
4.74245e-11
7.15317e-11
1.07586e-10
1.61349e-10
2.41278e-10
3.59749e-10
5.34814e-10
7.92711e-10
1.17145e-09
1.72594e-09
2.53513e-09
3.7123e-09
5.41927e-09
7.88646e-09
1.14408e-08
1.65445e-08
2.38485e-08
3.42664e-08
4.90753e-08
7.00543e-08
9.96717e-08
1.41339e-07
1.99755e-07
2.8136e-07
3.94954e-07
5.52509e-07
7.70244e-07
1.07005e-06
1.48133e-06
2.04344e-06
2.80881e-06
3.847e-06
5.24989e-06
7.13829e-06
9.67039e-06
1.30523e-05
1.75515e-05
2.35131e-05
3.13811e-05
4.1723e-05
5.52614e-05
7.29114e-05
9.58267e-05
0.000125454
0.000163598
0.0002125
0.000274926
0.000354274
0.000454694
0.000581229
0.00073997
0.000938233
0.00118475
0.0014899
0.00186592
0.00232716
0.00289035
0.00357484
0.00440291
0.00540001
0.00659499
0.00802036
0.00971247
0.0117116
0.0140622
0.0168126
0.0200151
0.023726
0.0280048
0.0329139
0.0385185
0.044885
0.0520809
0.0601733
0.069228
0.0793081
0.0904725
0.102775
0.116261
0.13097
0.146929
0.164155
0.182652
0.202411
0.223407
0.245601
0.268939
0.29335
0.318751
0.345042
0.37211
0.399832
0.428073
0.456691
0.485538
0.514462
0.543309
0.571927
0.600168
0.62789
0.654958
0.681249
0.70665
0.731061
0.754399
0.776593
0.797589
0.817348
0.835845
0.853071
0.86903
0.883739
0.897225
0.909528
0.920692
0.930772
0.939827
0.947919
0.955115
0.961481
0.967086
0.971995
0.976274
0.979985
0.983187
0.985937
0.988288
0.990286
0.991978
0.993403
0.994597
0.995593
0.99642
0.997103
0.997663
0.998121
0.998493
0.998792
0.99903
0.999218
0.999364
0.999472
0.99955
0.9996
0.999624
0.999624
0.9996
0.99955
0.999472
0.999364
0.999218
0.99903
0.998792
0.998493
0.998121
0.997663
0.997103
0.99642
0.995593
0.994597
0.993403
0.991978
0.990286
0.988288
0.985937
0.983187
0.979985
0.976274
0.971995
0.967086
0.961481
0.955115
0.947919
0.939827
0.930772
0.920692
0.909528
0.897225
0.883739
0.86903
0.853071
0.835845
0.817348
0.797589
0.776593
0.754399
0.731061
0.70665
0.681249
0.654958
0.62789
0.600168
0.571927
0.543309
0.514462
0.485538
0.456691
0.428073
0.399832
0.37211
0.345042
0.318751
0.29335
0.268939
0.245601
0.223407
0.202411
0.182652
0.164155
0.146929
0.13097
0.116261
0.102775
0.0904725
0.0793081
0.069228
0.0601733
0.0520809
0.044885
0.0385185
0.0329139
0.0280048
0.023726
0.0200151
0.0168126
0.0140622
0.0117116
0.00971247
0.00802036
0.00659499
0.00540001
0.00440291
0.00357484
0.00289035
0.00232716
0.00186592
0.0014899
0.00118475
0.000938233
0.00073997
0.000581229
0.000454694
0.000354274
0.000274926
0.0002125
0.000163598
0.000125454
9.58267e-05
7.29114e-05
5.52614e-05
4.1723e-05
3.13811e-05
2.35131e-05
1.75515e-05
1.30523e-05
9.67039e-06
7.13829e-06
5.24989e-06
3.847e-06
2.80881e-06
2.04344e-06
1.48133e-06
1.07005e-06
7.70244e-07
5.52509e-07
3.94954e-07
2.8136e-07
1.99755e-07
1.41339e-07
9.96717e-08
7.00543e-08
4.90753e-08
3.42664e-08
2.38485e-08
1.65445e-08
1.14408e-08
7.88646e-09
5.41927e-09
3.7123e-09
2.53513e-09
1.72594e-09
1.17145e-09
7.92711e-10
5.34814e-10
3.59749e-10
2.41278e-10
1.61349e-10
1.07586e-10
7.15317e-11
4.74245e-11
3.1353e-11
2.06699e-11
1.35891e-11
8.90936e-12
5.82526e-12
3.79845e-12
2.47019e-12
1.60213e-12
1.03637e-12
6.68646e-13
4.30277e-13
2.76173e-13
1.76809e-13
1.12908e-13
7.19212e-14
4.56988e-14
2.89654e-14
1.83143e-14
1.15517e-14
7.26866e-15
4.56273e-15
2.85736e-15
1.78519e-15
1.11274e-15
6.91983e-16
4.29342e-16
2.6578e-16
1.64158e-16
1.01165e-16
6.22067e-17
3.81669e-17
2.33663e-17
1.42742e-17
8.70124e-18
5.2928e-18
3.21272e-18
1.94604e-18
1.17632e-18
7.09588e-19
4.27168e-19
2.56632e-19
1.53868e-19
9.20701e-20
5.49831e-20
3.27708e-20
1.94939e-20
1.15737e-20
6.85822e-21
4.05625e-21
2.39452e-21
1.41091e-21
8.29797e-22
4.8713e-22
2.85446e-22
1.66961e-22
9.74816e-23
5.6814e-23
3.30536e-23
1.91963e-23
1.1129e-23
6.4409e-24
3.72125e-24
2.1463e-24
1.23582e-24
7.10383e-25
4.07667e-25
2.33561e-25
1.33592e-25
7.62876e-26
4.34936e-26
2.4757e-26
1.40696e-26
7.98318e-27
4.52261e-27
2.55815e-27
1.44475e-27
8.14685e-28
4.58698e-28
2.57873e-28
1.44755e-28
8.11361e-29
4.54101e-29
2.53777e-29
1.41618e-29
7.89143e-30
4.39106e-30
2.43985e-30
1.35376e-30
7.5008e-31
4.15019e-31
2.29312e-31
1.26528e-31
6.97193e-32
3.83645e-32
2.10824e-32
1.15699e-32
6.34107e-33
3.47074e-33
1.89719e-33
1.0357e-33
5.64675e-34
3.07471e-34
1.67207e-34
9.08147e-35
4.92619e-35
2.66885e-35
1.4441e-35
7.80433e-36
4.21252e-36
2.27102e-36
1.22286e-36
6.57671e-37
3.53284e-37
1.89551e-37
1.01582e-37
5.43753e-38
2.90725e-38
1.55261e-38
8.28216e-39
4.41298e-39
2.34871e-39
1.24865e-39
6.63078e-40
3.51729e-40
1.86369e-40
9.86428e-41
5.21536e-41
2.75445e-41
1.45318e-41
7.65841e-42
4.0318e-42
2.12033e-42
1.11392e-42
5.84588e-43
3.06478e-43
1.6051e-43
8.39775e-44
4.38918e-44
2.29174e-44
1.1954e-44
6.22916e-45
3.24277e-45
1.68646e-45
8.76216e-46
4.54805e-46
2.35841e-46
1.2218e-46
6.32358e-47
3.26976e-47
1.68912e-47
8.71763e-48
4.49502e-48
2.3156e-48
1.19178e-48
6.12821e-49
3.14829e-49
1.61594e-49
8.28676e-50
4.24577e-50
2.17342e-50
1.1116e-50
5.6803e-51
2.90012e-51
1.4794e-51
7.54014e-52
3.83974e-52
1.95369e-52
9.93207e-53
5.04498e-53
2.56044e-53
1.2984e-53
6.57878e-54
3.33061e-54
1.68479e-54
8.51561e-55
4.30065e-55
2.17022e-55
1.09427e-55
5.51316e-56
2.77545e-56
1.39613e-56
7.01741e-57
3.52445e-57
1.76876e-57
8.86978e-58
4.44452e-58
2.22539e-58
1.11342e-58
5.56654e-59
2.7809e-59
1.38824e-59
6.92501e-60
3.45189e-60
1.71939e-60
8.55811e-61
4.25663e-61
2.11563e-61
1.05076e-61
5.21504e-62
2.58645e-62
1.28187e-62
6.34861e-63
3.14203e-63
1.55396e-63
7.68017e-64
3.79318e-64
1.87214e-64
9.23376e-65
4.55119e-65
2.24171e-65
1.10342e-65
5.42771e-66
2.66811e-66
1.3107e-66
6.43456e-67
3.15683e-67
1.54775e-67
7.58354e-68
3.71333e-68
1.81709e-68
8.88615e-69
4.34286e-69
2.12112e-69
1.03534e-69
5.05044e-70
2.4621e-70
1.19954e-70
5.8406e-71
2.84207e-71
1.38213e-71
6.71735e-72
3.26277e-72
1.58386e-72
7.68396e-73
3.72561e-73
1.80532e-73
8.74288e-74
4.23157e-74
2.0469e-74
9.89552e-75
4.78114e-75
2.30874e-75
1.11422e-75
5.37428e-76
2.59074e-76
1.2482e-76
6.01036e-77
2.89251e-77
1.39126e-77
6.6881e-78
3.21335e-78
1.54304e-78
7.40556e-79
3.55226e-79
1.70301e-79
8.16012e-80
3.9079e-80
1.87051e-80
8.94844e-81
4.27864e-81
2.04473e-81
9.76652e-82
4.66249e-82
2.2247e-82
1.06097e-82
5.0572e-83
2.40933e-83
1.14726e-83
5.4602e-84
2.59738e-84
1.23494e-84
5.86867e-85
2.78752e-85
1.32337e-85
6.2796e-86
2.9783e-86
1.41187e-86
6.68974e-87
3.16821e-87
1.49972e-87
7.09574e-88
3.35567e-88
1.58618e-88
7.49416e-89
3.53906e-89
1.67051e-89
7.88149e-90
3.71677e-90
1.75195e-90
8.25426e-91
3.88719e-91
1.82976e-91
8.60907e-92
4.04876e-92
1.90323e-92
8.94263e-93
4.19997e-93
1.97167e-93
9.25184e-94
4.33942e-94
2.03444e-94
9.53382e-95
4.46581e-95
2.09096e-95
9.78595e-96
4.57798e-96
2.14071e-96
1.00059e-96
4.67491e-97
2.18326e-97
1.01919e-97
4.75576e-98
2.21822e-98
1.03421e-98
4.81985e-99
2.24532e-99
1.04555e-99
4.8667e-100
2.26437e-100
1.05313e-100
4.89602e-101
2.27525e-101
1.05691e-101
4.90769e-102
2.27794e-102
1.0569e-102
4.90182e-103
2.27253e-103
1.05315e-103
4.87868e-104
2.25915e-104
1.04573e-104
4.8387e-105
2.23805e-105
1.03478e-105
4.78252e-106
2.20954e-106
1.02043e-106
4.71088e-107
2.17399e-107
1.00289e-107
4.6247e-108
2.13184e-108
9.8235e-109
4.52499e-109
2.08358e-109
9.59059e-110
4.41291e-110
2.02982e-110
9.3344e-111
4.29341e-111
1.97933e-111
9.23638e-112
4.5577e-112
2.78287e-112
)
;

boundaryField
{
    sides
    {
        type            zeroGradient;
    }
    empty
    {
        type            empty;
    }
}


// ************************************************************************* //
