/*--------------------------------*- C++ -*----------------------------------*\
  =========                 |
  \\      /  F ield         | OpenFOAM: The Open Source CFD Toolbox
   \\    /   O peration     | Website:  https://openfoam.org
    \\  /    A nd           | Version:  7
     \\/     M anipulation  |
\*---------------------------------------------------------------------------*/
FoamFile
{
    version     2.0;
    format      ascii;
    class       volScalarField;
    location    "1.4";
    object      T;
}
// * * * * * * * * * * * * * * * * * * * * * * * * * * * * * * * * * * * * * //

dimensions      [0 0 0 1 0 0 0];

internalField   nonuniform List<scalar> 
1000
(
0
0
0
0
0
0
0
0
0
0
0
0
0
0
0
0
0
0
0
0
0
0
0
0
0
0
0
0
0
0
0
0
0
0
0
0
0
0
0
0
0
0
0
0
0
0
0
0
0
0
0
0
0
0
0
0
0
0
0
0
0
0
0
0
0
0
0
0
0
0
0
0
0
0
0
0
0
0
0
0
0
0
0
0
0
0
0
0
0
0
0
0
0
0
0
0
0
0
0
0
0
0
0
0
0
0
0
0
0
0
0
0
0
0
0
0
0
0
0
0
0
0
0
0
0
0
0
0
0
0
0
0
0
0
0
0
0
0
0
0
0
0
0
0
0
0
0
0
0
0
0
0
0
0
0
0
0
0
0
0
0
0
0
0
0
0
0
0
0
0
0
0
0
0
0
0
0
0
0
0
0
0
0
0
0
0
0
0
0
0
0
0
0
0
0
0
0
0
0
0
0
0
0
0
0
0
0
0
0
0
0
0
0
0
0
0
0
0
0
0
0
0
0
0
0
0
0
0
0
0
0
0
0
0
0
0
0
0
0
0
0
0
0
0
0
0
0
0
0
0
0
0
0
0
0
0
0
0
0
0
0
0
0
0
0
0
0
0
0
0
0
0
0
0
0
0
0
0
0
0
0
0
0
0
0
0
0
0
0
0
0
0
0
0
0
0
0
0
0
0
0
0
0
0
0
0
0
0
0
0
0
0
0
0
0
0
0
0
0
0
0
0
0
0
0
0
0
0
0
0
0
0
0
0
0
0
0
0
0
0
0
0
0
0
0
0
0
0
0
0
0
0
0
1.29643e-320
5.33066e-317
2.17807e-313
8.84438e-310
3.56884e-306
1.4309e-302
5.69997e-299
2.25566e-295
8.86683e-292
3.46187e-288
1.34232e-284
5.16838e-281
1.97587e-277
7.49922e-274
2.82539e-270
1.05655e-266
3.92103e-263
1.44395e-259
5.27575e-256
1.91224e-252
6.87489e-249
2.45127e-245
8.66669e-242
3.03801e-238
1.05567e-234
3.63583e-231
1.24091e-227
4.19632e-224
1.40575e-220
4.66426e-217
1.53253e-213
4.98546e-210
1.6054e-206
5.11629e-203
1.61334e-199
5.03274e-196
1.5527e-192
4.73671e-189
1.42845e-185
4.25735e-182
1.25369e-178
3.64667e-175
1.04746e-171
2.97022e-168
8.31217e-165
2.29498e-161
6.24938e-158
1.67781e-154
4.43956e-151
1.15736e-147
2.97137e-144
7.50985e-141
1.8677e-137
4.56869e-134
1.09871e-130
2.59639e-127
6.02603e-124
1.37288e-120
3.06853e-117
6.72459e-114
1.444e-110
3.03632e-107
6.24746e-104
1.25694e-100
2.47081e-97
4.74151e-94
8.87489e-91
1.61871e-87
2.87407e-84
4.96226e-81
8.32176e-78
1.35384e-74
2.13379e-71
3.25344e-68
4.79142e-65
6.80416e-62
9.29973e-59
1.22087e-55
1.53605e-52
1.84758e-49
2.11876e-46
2.30947e-43
2.38457e-40
2.32323e-37
2.1264e-34
1.81914e-31
1.44609e-28
1.06079e-25
7.12176e-23
4.33234e-20
2.35867e-17
1.13138e-14
4.68409e-12
1.62751e-09
4.5566e-07
9.63988e-05
0.0137085
0.986291
0.999904
1
1
1
1
1
1
1
1
1
1
1
1
1
1
1
1
1
1
1
1
1
1
1
1
1
1
1
1
1
1
1
1
1
1
1
1
1
1
1
1
1
1
1
1
1
1
1
1
1
1
1
1
1
1
1
1
1
1
1
1
1
1
1
1
1
1
1
1
1
1
1
1
1
1
1
1
1
1
1
1
1
1
1
1
1
1
1
1
1
1
1
1
1
1
1
1
0.999904
0.986291
0.0137085
9.63988e-05
4.5566e-07
1.62751e-09
4.68409e-12
1.13138e-14
2.35867e-17
4.33234e-20
7.12176e-23
1.06079e-25
1.44609e-28
1.81914e-31
2.1264e-34
2.32323e-37
2.38457e-40
2.30947e-43
2.11876e-46
1.84758e-49
1.53605e-52
1.22087e-55
9.29973e-59
6.80416e-62
4.79142e-65
3.25344e-68
2.13379e-71
1.35384e-74
8.32176e-78
4.96226e-81
2.87407e-84
1.61871e-87
8.87489e-91
4.74151e-94
2.47081e-97
1.25694e-100
6.24746e-104
3.03632e-107
1.444e-110
6.72459e-114
3.06853e-117
1.37288e-120
6.02603e-124
2.59639e-127
1.09871e-130
4.56869e-134
1.8677e-137
7.50985e-141
2.97137e-144
1.15736e-147
4.43956e-151
1.67781e-154
6.24938e-158
2.29498e-161
8.31217e-165
2.97022e-168
1.04746e-171
3.64667e-175
1.25369e-178
4.25735e-182
1.42845e-185
4.73671e-189
1.5527e-192
5.03274e-196
1.61334e-199
5.11629e-203
1.6054e-206
4.98546e-210
1.53253e-213
4.66426e-217
1.40575e-220
4.19632e-224
1.24091e-227
3.63583e-231
1.05567e-234
3.03801e-238
8.66669e-242
2.45127e-245
6.87489e-249
1.91224e-252
5.27575e-256
1.44395e-259
3.92103e-263
1.05655e-266
2.82539e-270
7.49922e-274
1.97587e-277
5.16838e-281
1.34232e-284
3.46187e-288
8.86683e-292
2.25566e-295
5.69997e-299
1.4309e-302
3.56884e-306
8.84438e-310
2.17807e-313
5.33066e-317
1.29643e-320
0
0
0
0
0
0
0
0
0
0
0
0
0
0
0
0
0
0
0
0
0
0
0
0
0
0
0
0
0
0
0
0
0
0
0
0
0
0
0
0
0
0
0
0
0
0
0
0
0
0
0
0
0
0
0
0
0
0
0
0
0
0
0
0
0
0
0
0
0
0
0
0
0
0
0
0
0
0
0
0
0
0
0
0
0
0
0
0
0
0
0
0
0
0
0
0
0
0
0
0
0
0
0
0
0
0
0
0
0
0
0
0
0
0
0
0
0
0
0
0
0
0
0
0
0
0
0
0
0
0
0
0
0
0
0
0
0
0
0
0
0
0
0
0
0
0
0
0
0
0
0
0
0
0
0
0
0
0
0
0
0
0
0
0
0
0
0
0
0
0
0
0
0
0
0
0
0
0
0
0
0
0
0
0
0
0
0
0
0
0
0
0
0
0
0
0
0
0
0
0
0
0
0
0
0
0
0
0
0
0
0
0
0
0
0
0
0
0
0
0
0
0
0
0
0
0
0
0
0
0
0
0
0
0
0
0
0
0
0
0
0
0
0
0
0
0
0
0
0
0
0
0
0
0
0
0
0
0
0
0
0
0
0
0
0
0
0
0
0
0
0
0
0
0
0
0
0
0
0
0
0
0
0
0
0
0
0
0
0
0
0
0
0
0
0
0
0
0
0
0
0
0
0
0
0
0
0
0
0
0
0
0
0
0
0
0
0
0
0
0
0
0
0
0
0
0
0
0
0
0
0
0
0
0
0
0
0
0
0
0
0
0
0
0
0
0
0
0
0
0
0
0
0
)
;

boundaryField
{
    sides
    {
        type            zeroGradient;
    }
    empty
    {
        type            empty;
    }
}


// ************************************************************************* //
