/*--------------------------------*- C++ -*----------------------------------*\
  =========                 |
  \\      /  F ield         | OpenFOAM: The Open Source CFD Toolbox
   \\    /   O peration     | Website:  https://openfoam.org
    \\  /    A nd           | Version:  7
     \\/     M anipulation  |
\*---------------------------------------------------------------------------*/
FoamFile
{
    version     2.0;
    format      ascii;
    class       volScalarField;
    location    "1.98";
    object      T;
}
// * * * * * * * * * * * * * * * * * * * * * * * * * * * * * * * * * * * * * //

dimensions      [0 0 0 1 0 0 0];

internalField   nonuniform List<scalar> 
1000
(
0
0
0
0
0
0
0
0
0
0
0
0
0
0
0
0
0
0
0
0
0
0
0
0
0
0
0
0
0
0
0
0
0
0
0
0
0
0
0
0
0
0
0
0
0
0
0
0
0
0
0
0
0
0
0
0
0
0
0
0
0
0
0
0
0
0
0
0
0
0
0
0
0
0
0
0
0
0
0
0
0
0
0
0
0
0
0
0
0
0
0
0
0
0
0
0
0
0
0
0
0
0
0
0
0
0
0
0
0
0
0
0
0
0
0
0
0
0
0
0
0
0
0
0
0
0
0
0
0
0
0
0
0
0
0
0
0
0
0
0
0
0
0
0
0
0
0
0
0
0
0
0
0
0
0
0
0
0
0
0
0
0
0
0
0
0
0
0
0
0
0
0
0
0
0
0
0
0
0
0
0
0
0
0
0
0
0
0
0
0
0
0
0
0
0
0
0
0
0
0
0
0
0
0
0
0
0
0
0
0
0
0
0
0
0
0
0
0
0
0
0
0
0
0
0
0
0
0
0
3.60668e-322
1.95946e-320
1.05538e-318
5.66725e-317
3.03662e-315
1.62353e-313
8.66116e-312
4.6103e-310
2.44858e-308
1.29754e-306
6.86038e-305
3.61897e-303
1.90469e-301
1.00014e-299
5.23942e-298
2.73834e-296
1.4278e-294
7.42698e-293
3.85403e-291
1.99512e-289
1.03031e-287
5.30762e-286
2.72747e-284
1.3981e-282
7.14871e-281
3.64603e-279
1.85484e-277
9.41192e-276
4.76351e-274
2.40461e-272
1.21066e-270
6.07925e-269
3.04452e-267
1.52062e-265
7.57437e-264
3.76258e-262
1.86393e-260
9.20808e-259
4.53621e-257
2.2284e-255
1.09159e-253
5.33186e-252
2.59684e-250
1.26109e-248
6.10619e-247
2.94788e-245
1.4189e-243
6.80904e-242
3.25762e-240
1.55377e-238
7.38806e-237
3.50204e-235
1.65481e-233
7.79469e-232
3.65983e-230
1.71287e-228
7.99048e-227
3.71533e-225
1.72181e-223
7.95281e-222
3.66095e-220
1.67954e-218
7.67886e-217
3.49865e-215
1.5885e-213
7.18689e-212
3.24004e-210
1.45546e-208
6.51444e-207
2.90512e-205
1.29077e-203
5.71364e-202
2.51966e-200
1.10694e-198
4.84436e-197
2.11187e-195
9.17066e-194
3.9666e-192
1.70885e-190
7.3323e-189
3.13336e-187
1.33351e-185
5.65168e-184
2.38528e-182
1.00245e-180
4.19494e-179
1.74788e-177
7.25106e-176
2.99484e-174
1.23143e-172
5.04067e-171
2.05394e-169
8.33082e-168
3.36331e-166
1.35146e-164
5.40471e-163
2.15107e-161
8.51971e-160
3.35784e-158
1.31685e-156
5.13843e-155
1.99487e-153
7.7049e-152
2.96046e-150
1.13153e-148
4.30191e-147
1.62674e-145
6.11794e-144
2.28822e-142
8.51072e-141
3.14761e-139
1.15747e-137
4.23183e-136
1.53815e-134
5.55767e-133
1.99608e-131
7.12555e-130
2.52803e-128
8.91324e-127
3.12279e-125
1.08709e-123
3.75986e-122
1.29188e-120
4.40934e-119
1.49483e-117
5.03313e-116
1.68294e-114
5.58778e-113
1.84209e-111
6.02893e-110
1.95875e-108
6.31662e-107
2.02166e-105
6.42098e-104
2.02356e-102
6.32703e-101
1.96247e-99
6.03772e-98
1.84227e-96
5.57428e-95
1.67234e-93
4.9739e-92
1.46639e-90
4.28471e-89
1.24064e-87
3.55926e-86
1.01157e-84
2.84763e-83
7.93878e-82
2.19146e-80
5.98889e-79
1.62e-77
4.33674e-76
1.1487e-74
3.00995e-73
7.80074e-72
1.99916e-70
5.06523e-69
1.26852e-67
3.13936e-66
7.67592e-65
1.85378e-63
4.42097e-62
1.04086e-60
2.41863e-59
5.5453e-58
1.2541e-56
2.79682e-55
6.14872e-54
1.33215e-52
2.84329e-51
5.97641e-50
1.23666e-48
2.51821e-47
5.04415e-46
9.93489e-45
1.92322e-43
3.65758e-42
6.83048e-41
1.25196e-39
2.25105e-38
3.96829e-37
6.85487e-36
1.15962e-34
1.9199e-33
3.10888e-32
4.92026e-31
7.60527e-30
1.14722e-28
1.68742e-27
2.41807e-26
3.37272e-25
4.57434e-24
6.02639e-23
7.70333e-22
9.54264e-21
1.14411e-19
1.32577e-18
1.4826e-17
1.59746e-16
1.65547e-15
1.6469e-14
1.56949e-13
1.42958e-12
1.24142e-11
1.02491e-10
8.0199e-10
5.92759e-09
4.12232e-08
2.68581e-07
1.63133e-06
9.18564e-06
4.76409e-05
0.000225903
0.000970929
0.00374455
0.0128074
0.0383251
0.0988244
0.216141
0.395687
0.604313
0.783859
0.901176
0.961675
0.987193
0.996255
0.999029
0.999774
0.999952
0.999991
0.999998
1
1
1
1
1
1
1
1
1
1
1
1
1
1
1
1
1
1
1
1
1
1
1
1
1
1
1
1
1
1
1
1
1
1
1
1
1
1
1
1
1
1
1
1
1
1
1
1
1
1
1
1
1
1
1
1
1
1
1
1
1
1
1
1
1
1
1
1
1
1
1
1
1
1
1
1
1
1
0.999998
0.999991
0.999952
0.999774
0.999029
0.996255
0.987193
0.961675
0.901176
0.783859
0.604313
0.395687
0.216141
0.0988244
0.0383251
0.0128074
0.00374455
0.000970929
0.000225903
4.76409e-05
9.18564e-06
1.63133e-06
2.68581e-07
4.12232e-08
5.92759e-09
8.0199e-10
1.02491e-10
1.24142e-11
1.42958e-12
1.56949e-13
1.6469e-14
1.65547e-15
1.59746e-16
1.4826e-17
1.32577e-18
1.14411e-19
9.54264e-21
7.70333e-22
6.02639e-23
4.57434e-24
3.37272e-25
2.41807e-26
1.68742e-27
1.14722e-28
7.60527e-30
4.92026e-31
3.10888e-32
1.9199e-33
1.15962e-34
6.85487e-36
3.96829e-37
2.25105e-38
1.25196e-39
6.83048e-41
3.65758e-42
1.92322e-43
9.93489e-45
5.04415e-46
2.51821e-47
1.23666e-48
5.97641e-50
2.84329e-51
1.33215e-52
6.14872e-54
2.79682e-55
1.2541e-56
5.5453e-58
2.41863e-59
1.04086e-60
4.42097e-62
1.85378e-63
7.67592e-65
3.13936e-66
1.26852e-67
5.06523e-69
1.99916e-70
7.80074e-72
3.00995e-73
1.1487e-74
4.33674e-76
1.62e-77
5.98889e-79
2.19146e-80
7.93878e-82
2.84763e-83
1.01157e-84
3.55926e-86
1.24064e-87
4.28471e-89
1.46639e-90
4.9739e-92
1.67234e-93
5.57428e-95
1.84227e-96
6.03772e-98
1.96247e-99
6.32703e-101
2.02356e-102
6.42098e-104
2.02166e-105
6.31662e-107
1.95875e-108
6.02893e-110
1.84209e-111
5.58778e-113
1.68294e-114
5.03313e-116
1.49483e-117
4.40934e-119
1.29188e-120
3.75986e-122
1.08709e-123
3.12279e-125
8.91324e-127
2.52803e-128
7.12555e-130
1.99608e-131
5.55767e-133
1.53815e-134
4.23183e-136
1.15747e-137
3.14761e-139
8.51072e-141
2.28822e-142
6.11794e-144
1.62674e-145
4.30191e-147
1.13153e-148
2.96046e-150
7.7049e-152
1.99487e-153
5.13843e-155
1.31685e-156
3.35784e-158
8.51971e-160
2.15107e-161
5.40471e-163
1.35146e-164
3.36331e-166
8.33082e-168
2.05394e-169
5.04067e-171
1.23143e-172
2.99484e-174
7.25106e-176
1.74788e-177
4.19494e-179
1.00245e-180
2.38528e-182
5.65168e-184
1.33351e-185
3.13336e-187
7.3323e-189
1.70885e-190
3.9666e-192
9.17066e-194
2.11187e-195
4.84436e-197
1.10694e-198
2.51966e-200
5.71364e-202
1.29077e-203
2.90512e-205
6.51444e-207
1.45546e-208
3.24004e-210
7.18689e-212
1.5885e-213
3.49865e-215
7.67886e-217
1.67954e-218
3.66095e-220
7.95281e-222
1.72181e-223
3.71533e-225
7.99048e-227
1.71287e-228
3.65983e-230
7.79469e-232
1.65481e-233
3.50204e-235
7.38806e-237
1.55377e-238
3.25762e-240
6.80904e-242
1.4189e-243
2.94788e-245
6.10619e-247
1.26109e-248
2.59684e-250
5.33186e-252
1.09159e-253
2.2284e-255
4.53621e-257
9.20808e-259
1.86393e-260
3.76258e-262
7.57437e-264
1.52062e-265
3.04452e-267
6.07925e-269
1.21066e-270
2.40461e-272
4.76351e-274
9.41192e-276
1.85484e-277
3.64603e-279
7.14871e-281
1.3981e-282
2.72747e-284
5.30762e-286
1.03031e-287
1.99512e-289
3.85403e-291
7.42698e-293
1.4278e-294
2.73834e-296
5.23942e-298
1.00014e-299
1.90469e-301
3.61897e-303
6.86038e-305
1.29754e-306
2.44858e-308
4.6103e-310
8.66116e-312
1.62353e-313
3.03662e-315
5.66725e-317
1.05538e-318
1.95897e-320
3.60668e-322
0
0
0
0
0
0
0
0
0
0
0
0
0
0
0
0
0
0
0
0
0
0
0
0
0
0
0
0
0
0
0
0
0
0
0
0
0
0
0
0
0
0
0
0
0
0
0
0
0
0
0
0
0
0
0
0
0
0
0
0
0
0
0
0
0
0
0
0
0
0
0
0
0
0
0
0
0
0
0
0
0
0
0
0
0
0
0
0
0
0
0
0
0
0
0
0
0
0
0
0
0
0
0
0
0
0
0
0
0
0
0
0
0
0
0
0
0
0
0
0
0
0
0
0
0
0
0
0
0
0
0
0
0
0
0
0
0
0
0
0
0
0
0
0
0
0
0
0
0
0
0
0
0
0
0
0
0
0
0
0
0
0
0
0
0
0
0
0
0
0
0
0
0
0
0
0
0
0
0
0
0
0
0
0
0
0
0
0
0
0
0
0
0
0
0
0
0
0
0
0
0
0
0
0
0
0
0
0
0
0
0
0
0
0
0
0
0
0
0
0
0
0
0
0
0
0
0
0
0
)
;

boundaryField
{
    sides
    {
        type            zeroGradient;
    }
    empty
    {
        type            empty;
    }
}


// ************************************************************************* //
