/*--------------------------------*- C++ -*----------------------------------*\
  =========                 |
  \\      /  F ield         | OpenFOAM: The Open Source CFD Toolbox
   \\    /   O peration     | Website:  https://openfoam.org
    \\  /    A nd           | Version:  7
     \\/     M anipulation  |
\*---------------------------------------------------------------------------*/
FoamFile
{
    version     2.0;
    format      ascii;
    class       volScalarField;
    location    "1.93";
    object      T;
}
// * * * * * * * * * * * * * * * * * * * * * * * * * * * * * * * * * * * * * //

dimensions      [0 0 0 1 0 0 0];

internalField   nonuniform List<scalar> 
1000
(
0
0
0
0
0
0
0
0
0
0
0
0
0
0
0
0
0
0
0
0
0
0
0
0
0
0
0
0
0
0
0
0
0
0
0
0
0
0
0
0
0
0
0
0
0
0
0
0
0
0
0
0
0
0
0
0
0
0
0
0
0
0
0
0
0
0
0
0
0
0
0
0
0
0
0
0
0
0
0
0
0
0
0
0
0
0
0
0
0
0
0
0
0
0
0
0
0
0
0
0
0
0
0
0
0
0
0
0
0
0
0
0
0
0
0
0
0
0
0
0
0
0
0
0
0
0
0
0
0
0
0
0
0
0
0
0
0
0
0
0
0
0
0
0
0
0
0
0
0
0
0
0
0
0
0
0
0
0
0
0
0
0
0
0
0
0
0
0
0
0
0
0
0
0
0
0
0
0
0
0
0
0
0
0
0
0
0
0
0
0
0
0
0
0
0
0
0
0
0
0
0
0
0
0
0
0
0
0
0
0
0
0
0
0
0
0
0
0
0
0
0
0
0
0
0
0
0
0
0
0
0
0
0
0
0
0
0
0
0
0
0
0
0
0
0
0
0
0
0
0
0
0
0
0
0
0
0
-5.2242e-209
8.73312e-206
-7.25764e-203
3.99781e-200
-1.64204e-197
5.36408e-195
-1.45167e-192
3.34747e-190
-6.71402e-188
1.18984e-185
-1.88629e-183
2.70204e-181
-3.52634e-179
4.22196e-177
-4.66466e-175
4.78019e-173
-4.56356e-171
4.07452e-169
-3.41389e-167
2.69243e-165
-2.00422e-163
1.41163e-161
-9.42828e-160
5.98356e-158
-3.61494e-156
2.08252e-154
-1.14577e-152
6.02902e-151
-3.03814e-149
1.46795e-147
-6.80853e-146
3.03451e-144
-1.3009e-142
5.36934e-141
-2.13546e-139
8.19036e-138
-3.0317e-136
1.08379e-134
-3.74433e-133
1.25096e-131
-4.04396e-130
1.26564e-128
-3.83688e-127
1.12727e-125
-3.21117e-124
8.87309e-123
-2.37928e-121
6.19365e-120
-1.56581e-118
3.84573e-117
-9.17926e-116
2.12993e-114
-4.80594e-113
1.0548e-111
-2.25246e-110
4.68109e-109
-9.46979e-108
1.86524e-106
-3.57782e-105
6.68463e-104
-1.21672e-102
2.15789e-101
-3.72962e-100
6.28286e-99
-1.03173e-97
1.65175e-96
-2.57835e-95
3.92464e-94
-5.82583e-93
8.43434e-92
-1.19099e-90
1.64043e-89
-2.20401e-88
2.88867e-87
-3.69334e-86
4.60663e-85
-5.60524e-84
6.65345e-83
-7.70431e-82
8.70247e-81
-9.58857e-80
1.03049e-78
-1.08015e-77
1.10418e-76
-1.1007e-75
1.06985e-74
-1.0138e-73
9.36458e-73
-8.43079e-72
7.39627e-71
-6.32176e-70
5.26318e-69
-4.26717e-68
3.3682e-67
-2.58759e-66
1.93416e-65
-1.40616e-64
9.93928e-64
-6.82753e-63
4.5557e-62
-2.95122e-61
1.85501e-60
-1.1306e-59
6.67684e-59
-3.81748e-58
2.11118e-57
-1.12813e-56
5.81766e-56
-2.89129e-55
1.38253e-54
-6.34831e-54
2.7927e-53
-1.17362e-52
4.69464e-52
-1.77916e-51
6.34789e-51
-2.11329e-50
6.47577e-50
-1.78501e-49
4.22898e-49
-7.63343e-49
5.12669e-49
3.48395e-48
-2.10272e-47
7.33962e-47
-1.81428e-46
2.71477e-46
1.4871e-46
-2.65471e-45
1.01829e-44
-2.30034e-44
2.02154e-44
8.29563e-44
-4.61036e-43
1.15797e-42
-1.08567e-42
-3.96631e-42
2.10838e-41
-4.52194e-41
1.11001e-41
2.57771e-40
-8.78485e-40
1.03882e-39
2.44501e-39
-1.35098e-38
2.27805e-38
2.03518e-38
-1.91173e-37
3.68711e-37
2.12463e-37
-2.66892e-36
5.00717e-36
3.96349e-36
-3.70896e-35
5.63127e-35
9.09376e-35
-4.89838e-34
4.39044e-34
1.83581e-33
-5.59988e-33
-1.62401e-34
2.9608e-32
-4.57824e-32
-8.29847e-32
3.53046e-31
-7.04565e-32
-1.66901e-30
2.45264e-30
5.22851e-30
-1.78575e-29
-5.81183e-30
9.09218e-29
-6.03166e-29
-3.69853e-28
5.93748e-28
1.22312e-27
-3.60066e-27
-3.03663e-27
1.79647e-26
3.04303e-27
-8.02111e-26
2.46423e-26
3.34317e-25
-2.28134e-25
-1.33825e-24
1.31196e-24
5.26075e-24
-6.27526e-24
-2.06661e-23
2.67988e-23
8.20223e-23
-1.0431e-22
-3.29693e-22
3.67862e-22
1.33316e-21
-1.13088e-21
-5.34692e-21
2.66336e-21
2.08626e-20
-1.80434e-21
-7.73114e-20
-2.99408e-20
2.63485e-19
2.53858e-19
-7.82819e-19
-1.3944e-18
1.78206e-18
6.1133e-18
-1.45869e-18
-2.19916e-17
-1.35868e-17
6.17386e-17
1.01993e-16
-1.05895e-16
-4.39468e-16
-1.10964e-16
1.29743e-15
1.7954e-15
-2.05855e-15
-8.09388e-15
-3.44253e-15
2.07951e-14
3.74891e-14
-1.38039e-14
-1.32662e-13
-1.43959e-13
1.90734e-13
7.07974e-13
5.00765e-13
-1.30605e-12
-3.50926e-12
-1.85168e-12
7.05042e-12
1.70631e-11
9.07161e-12
-3.23304e-11
-8.25761e-11
-5.87306e-11
1.20739e-10
3.86562e-10
4.02995e-10
-2.73457e-10
-1.62415e-09
-2.49683e-09
-7.06021e-10
5.18534e-09
1.26581e-08
1.30963e-08
-5.06083e-09
-4.5073e-08
-8.6104e-08
-7.58831e-08
4.94329e-08
3.06993e-07
5.85958e-07
5.97828e-07
-5.75679e-08
-1.64031e-06
-3.8465e-06
-5.37649e-06
-3.82582e-06
3.68372e-06
1.88195e-05
3.93557e-05
5.61682e-05
5.13087e-05
-8.44587e-07
-0.0001272
-0.000342659
-0.000629486
-0.000910698
-0.00102089
-0.000679595
0.00052672
0.00314835
0.00785742
0.0154129
0.026607
0.0421986
0.0628402
0.0890083
0.120946
0.158623
0.201724
0.249656
0.301586
0.356498
0.413251
0.470664
0.527577
0.58292
0.63576
0.685338
0.731083
0.772625
0.809774
0.84251
0.87095
0.895323
0.915937
0.933151
0.947351
0.958925
0.96825
0.975681
0.981538
0.986107
0.989634
0.99233
0.994372
0.995903
0.997041
0.997879
0.998492
0.998935
0.999254
0.999481
0.999641
0.999754
0.999832
0.999886
0.999923
0.999949
0.999966
0.999977
0.999985
0.99999
0.999994
0.999996
0.999997
0.999998
0.999999
0.999999
1
1
1
1
1
1
1
1
1
1
1
1
1
1
1
1
1
1
1
1
1
0.999999
0.999999
1
1
1
1.00001
1
0.999996
0.999981
0.999961
0.999944
0.999949
1
1.00013
1.00034
1.00063
1.00091
1.00102
1.00068
0.999473
0.996852
0.992143
0.984587
0.973393
0.957801
0.93716
0.910992
0.879054
0.841377
0.798276
0.750344
0.698414
0.643502
0.586749
0.529336
0.472423
0.41708
0.36424
0.314662
0.268917
0.227375
0.190226
0.15749
0.12905
0.104677
0.0840627
0.0668485
0.0526493
0.0410754
0.0317497
0.0243189
0.0184618
0.0138933
0.0103661
0.00766978
0.00562833
0.00409713
0.00295907
0.00212069
0.00150839
0.00106496
0.000746455
0.0005195
0.00035904
0.000246456
0.000168047
0.000113836
7.66194e-05
5.12467e-05
3.40654e-05
2.25079e-05
1.47837e-05
9.65391e-06
6.26826e-06
4.04726e-06
2.59891e-06
1.6599e-06
1.05457e-06
6.66525e-07
4.19127e-07
2.62242e-07
1.63278e-07
1.01171e-07
6.2392e-08
3.82984e-08
2.34016e-08
1.42351e-08
8.62099e-09
5.19839e-09
3.12124e-09
1.86623e-09
1.11125e-09
6.59012e-10
3.89263e-10
2.29028e-10
1.34232e-10
7.83746e-11
4.55899e-11
2.64219e-11
1.52576e-11
8.77925e-12
5.0339e-12
2.8764e-12
1.638e-12
9.29659e-13
5.25892e-13
2.96522e-13
1.66657e-13
9.33719e-14
5.21503e-14
2.90378e-14
1.61197e-14
8.9218e-15
4.92347e-15
2.70913e-15
1.48644e-15
8.13275e-16
4.43731e-16
2.4144e-16
1.31016e-16
7.0905e-17
3.82723e-17
2.06045e-17
1.10643e-17
5.92634e-18
3.16637e-18
1.68757e-18
8.97234e-19
4.75885e-19
2.51806e-19
1.32926e-19
7.00079e-20
3.67865e-20
1.92862e-20
1.00887e-20
5.26579e-21
2.74248e-21
1.42524e-21
7.39105e-22
3.82481e-22
1.97519e-22
1.01792e-22
5.23525e-23
2.68712e-23
1.37649e-23
7.03726e-24
3.5908e-24
1.8287e-24
9.29545e-25
4.71607e-25
2.38827e-25
1.20722e-25
6.09117e-26
3.06784e-26
1.54238e-26
7.74075e-27
3.87809e-27
1.93956e-27
9.68386e-28
4.82679e-28
2.40183e-28
1.19318e-28
5.9178e-29
2.93028e-29
1.44864e-29
7.15022e-30
3.52368e-30
1.73379e-30
8.51774e-31
4.1782e-31
2.04643e-31
1.00081e-31
4.88726e-32
2.38308e-32
1.16032e-32
5.64147e-33
2.73895e-33
1.32789e-33
6.4288e-34
3.10809e-34
1.50058e-34
7.2349e-35
3.48352e-35
1.67503e-35
8.04355e-36
3.85747e-36
1.84752e-36
8.83722e-37
4.22168e-37
2.0142e-37
9.59781e-38
4.56772e-38
2.17115e-38
1.03073e-38
4.88735e-39
2.31461e-39
1.09487e-39
5.17284e-40
2.44111e-40
1.15063e-40
5.41732e-41
2.54761e-41
1.19671e-41
5.61503e-42
2.63166e-42
1.23204e-42
5.76158e-43
2.69143e-43
1.25589e-43
5.85404e-44
2.72581e-44
1.26787e-44
5.8911e-45
2.73442e-45
1.2679e-45
5.873e-46
2.71763e-46
1.25627e-46
5.80148e-47
2.67647e-47
1.23355e-47
5.67969e-48
2.61258e-48
1.20059e-48
5.51191e-49
2.52811e-49
1.15846e-49
5.30343e-50
2.42565e-50
1.1084e-50
5.0602e-51
2.30803e-51
1.05177e-51
4.78865e-52
2.17829e-52
9.89996e-53
4.4954e-53
2.0395e-53
9.24491e-54
4.18704e-54
1.89469e-54
8.56648e-55
3.86989e-55
1.74675e-55
7.87772e-56
3.54986e-56
1.59832e-56
7.19058e-57
3.23229e-57
1.4518e-57
6.51563e-58
2.92187e-58
1.30925e-58
5.86194e-59
2.62254e-59
1.17238e-59
5.23695e-60
2.33753e-60
1.04257e-60
4.64651e-61
2.06929e-61
9.2086e-62
4.0949e-62
1.81959e-62
8.07951e-63
3.58494e-63
1.58951e-63
7.04264e-64
3.11815e-64
1.37959e-64
6.09953e-65
2.69488e-65
1.18982e-65
5.24952e-66
2.31452e-66
1.01977e-66
4.49007e-67
1.97564e-67
8.68704e-68
3.8172e-68
1.67622e-68
7.35579e-69
3.22584e-69
1.41375e-69
6.19188e-70
2.71014e-70
1.18545e-70
5.18198e-71
2.26378e-71
9.88323e-72
4.31213e-72
1.88024e-72
8.19346e-73
3.56823e-73
1.55301e-73
6.75505e-74
2.93644e-74
1.27571e-74
5.53888e-75
2.40344e-75
1.04229e-75
4.51738e-76
1.95673e-76
8.47075e-77
3.66489e-77
1.58471e-77
6.84841e-78
2.95789e-78
1.27681e-78
5.50844e-79
2.37512e-79
1.02353e-79
4.40832e-80
1.89761e-80
8.16397e-81
3.51042e-81
1.50862e-81
6.47986e-82
2.78175e-82
1.19354e-82
5.11831e-83
2.19374e-83
9.39754e-84
4.02361e-84
1.72183e-84
7.36444e-85
3.14822e-85
1.34514e-85
5.74442e-86
2.45191e-86
1.04603e-86
4.46029e-87
1.90092e-87
8.09748e-88
3.44762e-88
1.46715e-88
6.24046e-89
2.65305e-89
1.12736e-89
4.78818e-90
2.03268e-90
8.62498e-91
3.65797e-91
1.55066e-91
6.57032e-92
2.78261e-92
1.17792e-92
4.98396e-93
2.10782e-93
8.91028e-94
3.76487e-94
1.59004e-94
6.71229e-95
2.83227e-95
1.19455e-95
5.03591e-96
2.12206e-96
8.93808e-97
3.76303e-97
1.58358e-97
6.6612e-98
2.80075e-98
1.17708e-98
4.94485e-99
2.0764e-99
8.7153e-100
3.65653e-100
1.53345e-100
6.42817e-101
2.69353e-101
1.12817e-101
4.72329e-102
1.97667e-102
8.26886e-103
3.45762e-103
1.44521e-103
6.03817e-104
2.52176e-104
1.05275e-104
4.39313e-105
1.83252e-105
7.64095e-106
3.18474e-106
1.32687e-106
5.526e-107
2.30051e-107
9.5728e-108
3.99277e-108
1.46983e-108
)
;

boundaryField
{
    sides
    {
        type            zeroGradient;
    }
    empty
    {
        type            empty;
    }
}


// ************************************************************************* //
