/*--------------------------------*- C++ -*----------------------------------*\
  =========                 |
  \\      /  F ield         | OpenFOAM: The Open Source CFD Toolbox
   \\    /   O peration     | Website:  https://openfoam.org
    \\  /    A nd           | Version:  7
     \\/     M anipulation  |
\*---------------------------------------------------------------------------*/
FoamFile
{
    version     2.0;
    format      ascii;
    class       volScalarField;
    location    "4.32";
    object      T;
}
// * * * * * * * * * * * * * * * * * * * * * * * * * * * * * * * * * * * * * //

dimensions      [0 0 0 1 0 0 0];

internalField   nonuniform List<scalar> 
1000
(
0
0
0
0
0
0
0
0
0
0
0
0
0
0
0
0
0
0
0
0
0
0
0
0
0
0
0
0
0
0
0
0
0
0
0
0
0
0
0
0
0
0
0
0
0
0
0
0
0
0
0
0
0
0
0
0
0
0
0
0
0
0
0
0
0
0
0
0
0
0
0
0
0
0
0
0
0
0
0
0
0
0
0
0
0
0
0
0
0
0
0
0
0
0
0
0
0
0
0
0
0
0
0
0
0
0
0
0
0
0
0
0
0
0
0
0
0
0
0
0
0
0
0
0
0
0
0
0
0
0
0
0
0
0
0
0
0
0
0
0
0
0
0
0
0
0
0
0
0
0
0
0
0
0
0
0
0
0
0
0
0
0
0
0
0
0
0
0
0
0
0
0
0
0
0
0
0
0
0
0
0
0
0
0
0
0
0
0
0
0
0
0
0
0
3.45846e-323
1.84286e-321
7.05575e-320
2.6693e-318
1.00733e-316
3.79194e-315
1.42384e-313
5.33295e-312
1.99238e-310
7.42452e-309
2.75963e-307
1.02309e-305
3.78315e-304
1.39527e-302
5.13247e-301
1.883e-299
6.89004e-298
2.51441e-296
9.15135e-295
3.32173e-293
1.20245e-291
4.34093e-290
1.56282e-288
5.61096e-287
2.00891e-285
7.17253e-284
2.55367e-282
9.06633e-281
3.2097e-279
1.13307e-277
3.98843e-276
1.39988e-274
4.89913e-273
1.70953e-271
5.94778e-270
2.06323e-268
7.13589e-267
2.46063e-265
8.45934e-264
2.8994e-262
9.90732e-261
3.37497e-259
1.14615e-257
3.88029e-256
1.30957e-254
4.40581e-253
1.47757e-251
4.93953e-250
1.646e-248
5.4673e-247
1.81011e-245
5.97335e-244
1.96473e-242
6.44092e-241
2.10449e-239
6.85311e-238
2.22415e-236
7.19387e-235
2.31887e-233
7.44894e-232
2.38455e-230
7.60684e-229
2.41811e-227
7.65969e-226
2.41769e-224
7.60383e-223
2.38285e-221
7.44019e-220
2.31463e-218
7.17429e-217
2.21547e-215
6.816e-214
2.0891e-212
6.37888e-211
1.94032e-209
5.87938e-208
1.77464e-206
5.33577e-205
1.59801e-203
4.76697e-202
1.41637e-200
4.19151e-199
1.2354e-197
3.62641e-196
1.06015e-194
3.08646e-193
8.94843e-192
2.58352e-190
7.42749e-189
2.12629e-187
6.06096e-186
1.72021e-184
4.86106e-183
1.36765e-181
3.83085e-180
1.06827e-178
2.9656e-177
8.19556e-176
2.25456e-174
6.17372e-173
1.68274e-171
4.56517e-170
1.23268e-168
3.31266e-167
8.85982e-166
2.35816e-164
6.24608e-163
1.64629e-161
4.31774e-160
1.12677e-158
2.92569e-157
7.55814e-156
1.94256e-154
4.96697e-153
1.26341e-151
3.19677e-150
8.04592e-149
2.01426e-147
5.01547e-146
1.24205e-144
3.05902e-143
7.49231e-142
1.82481e-140
4.41944e-139
1.06424e-137
2.54809e-136
6.06552e-135
1.43541e-133
3.37685e-132
7.89685e-131
1.83559e-129
4.24087e-128
9.73783e-127
2.22215e-125
5.03919e-124
1.13553e-122
2.54249e-121
5.65604e-120
1.25007e-118
2.74467e-117
5.98624e-116
1.29687e-114
2.79051e-113
5.96333e-112
1.26554e-110
2.66697e-109
5.58057e-108
1.15938e-106
2.39124e-105
4.89596e-104
9.95027e-103
2.00714e-101
4.01818e-100
7.98277e-99
1.57366e-97
3.07796e-96
5.9727e-95
1.14972e-93
2.19527e-92
4.15732e-91
7.80779e-90
1.45407e-88
2.68499e-87
4.91534e-86
8.92012e-85
1.60452e-83
2.86043e-82
5.05331e-81
8.84564e-80
1.53405e-78
2.63542e-77
4.48446e-76
7.55721e-75
1.26109e-73
2.08357e-72
3.40789e-71
5.51716e-70
8.83969e-69
1.40147e-67
2.19831e-66
3.41103e-65
5.23484e-64
7.94458e-63
1.1921e-61
1.7683e-60
2.5925e-59
3.756e-58
5.3764e-57
7.60208e-56
1.0616e-54
1.46383e-53
1.99262e-52
2.67713e-51
3.54918e-50
4.64194e-49
5.98797e-48
7.61659e-47
9.55063e-46
1.18026e-44
1.43709e-43
1.72354e-42
2.03549e-41
2.36643e-40
2.70744e-39
3.04738e-38
3.37325e-37
3.67091e-36
3.92597e-35
4.12481e-34
4.25574e-33
4.31008e-32
4.28301e-31
4.17423e-30
3.98812e-29
3.7335e-28
3.42297e-27
3.07187e-26
2.69697e-25
2.31513e-24
1.94197e-23
1.59075e-22
1.27164e-21
9.91363e-21
7.5316e-20
5.57178e-19
4.01051e-18
2.80629e-17
1.9072e-16
1.2577e-15
8.03947e-15
4.97602e-14
2.97878e-13
1.72253e-12
9.60938e-12
5.16442e-11
2.66991e-10
1.32563e-09
6.31042e-09
2.87475e-08
1.2508e-07
5.18671e-07
2.04511e-06
7.64867e-06
2.70608e-05
9.03104e-05
0.000283428
0.000833752
0.00229097
0.00585906
0.0138954
0.0304499
0.0614493
0.113885
0.193495
0.301337
0.431019
0.568981
0.698663
0.806505
0.886115
0.938551
0.96955
0.986105
0.994141
0.997709
0.999166
0.999717
0.99991
0.999973
0.999992
0.999998
0.999999
1
1
1
1
1
1
1
1
1
1
1
1
1
1
1
1
1
1
1
1
1
1
1
1
1
1
1
1
1
1
1
1
1
1
1
1
1
1
1
1
1
1
1
1
1
1
1
1
1
1
1
1
1
1
1
1
1
1
1
1
1
1
1
1
1
1
1
1
0.999999
0.999998
0.999992
0.999973
0.99991
0.999717
0.999166
0.997709
0.994141
0.986105
0.96955
0.938551
0.886115
0.806505
0.698663
0.568981
0.431019
0.301337
0.193495
0.113885
0.0614493
0.0304499
0.0138954
0.00585906
0.00229097
0.000833752
0.000283428
9.03104e-05
2.70608e-05
7.64867e-06
2.04511e-06
5.18671e-07
1.2508e-07
2.87475e-08
6.31042e-09
1.32563e-09
2.66991e-10
5.16442e-11
9.60938e-12
1.72253e-12
2.97878e-13
4.97602e-14
8.03947e-15
1.2577e-15
1.9072e-16
2.80629e-17
4.01051e-18
5.57178e-19
7.5316e-20
9.91363e-21
1.27164e-21
1.59075e-22
1.94197e-23
2.31513e-24
2.69697e-25
3.07187e-26
3.42297e-27
3.7335e-28
3.98812e-29
4.17423e-30
4.28301e-31
4.31008e-32
4.25574e-33
4.12481e-34
3.92597e-35
3.67091e-36
3.37325e-37
3.04738e-38
2.70744e-39
2.36643e-40
2.03549e-41
1.72354e-42
1.43709e-43
1.18026e-44
9.55063e-46
7.61659e-47
5.98797e-48
4.64194e-49
3.54918e-50
2.67713e-51
1.99262e-52
1.46383e-53
1.0616e-54
7.60208e-56
5.3764e-57
3.756e-58
2.5925e-59
1.7683e-60
1.1921e-61
7.94458e-63
5.23484e-64
3.41103e-65
2.19831e-66
1.40147e-67
8.83969e-69
5.51716e-70
3.40789e-71
2.08357e-72
1.26109e-73
7.55721e-75
4.48446e-76
2.63542e-77
1.53405e-78
8.84564e-80
5.05331e-81
2.86043e-82
1.60452e-83
8.92012e-85
4.91534e-86
2.68499e-87
1.45407e-88
7.80779e-90
4.15732e-91
2.19527e-92
1.14972e-93
5.9727e-95
3.07796e-96
1.57366e-97
7.98277e-99
4.01818e-100
2.00714e-101
9.95027e-103
4.89596e-104
2.39124e-105
1.15938e-106
5.58057e-108
2.66697e-109
1.26554e-110
5.96333e-112
2.79051e-113
1.29687e-114
5.98624e-116
2.74467e-117
1.25007e-118
5.65604e-120
2.54249e-121
1.13553e-122
5.03919e-124
2.22215e-125
9.73783e-127
4.24087e-128
1.83559e-129
7.89685e-131
3.37685e-132
1.43541e-133
6.06552e-135
2.54809e-136
1.06424e-137
4.41944e-139
1.82481e-140
7.49231e-142
3.05902e-143
1.24205e-144
5.01547e-146
2.01426e-147
8.04592e-149
3.19677e-150
1.26341e-151
4.96697e-153
1.94256e-154
7.55814e-156
2.92569e-157
1.12677e-158
4.31774e-160
1.64629e-161
6.24608e-163
2.35816e-164
8.85982e-166
3.31266e-167
1.23268e-168
4.56517e-170
1.68274e-171
6.17372e-173
2.25456e-174
8.19556e-176
2.9656e-177
1.06827e-178
3.83085e-180
1.36765e-181
4.86106e-183
1.72021e-184
6.06096e-186
2.12629e-187
7.42749e-189
2.58352e-190
8.94843e-192
3.08646e-193
1.06015e-194
3.62641e-196
1.2354e-197
4.19151e-199
1.41637e-200
4.76697e-202
1.59801e-203
5.33577e-205
1.77464e-206
5.87938e-208
1.94032e-209
6.37888e-211
2.0891e-212
6.816e-214
2.21547e-215
7.17429e-217
2.31463e-218
7.44019e-220
2.38285e-221
7.60383e-223
2.41769e-224
7.65969e-226
2.41811e-227
7.60684e-229
2.38455e-230
7.44894e-232
2.31887e-233
7.19387e-235
2.22415e-236
6.85311e-238
2.10449e-239
6.44092e-241
1.96473e-242
5.97335e-244
1.81011e-245
5.4673e-247
1.646e-248
4.93953e-250
1.47757e-251
4.40581e-253
1.30957e-254
3.88029e-256
1.14615e-257
3.37497e-259
9.90732e-261
2.8994e-262
8.45934e-264
2.46063e-265
7.13589e-267
2.06323e-268
5.94778e-270
1.70953e-271
4.89913e-273
1.39988e-274
3.98843e-276
1.13307e-277
3.2097e-279
9.06633e-281
2.55367e-282
7.17253e-284
2.00891e-285
5.61096e-287
1.56282e-288
4.34093e-290
1.20245e-291
3.32173e-293
9.15135e-295
2.51441e-296
6.89004e-298
1.883e-299
5.13247e-301
1.39527e-302
3.78315e-304
1.02309e-305
2.75963e-307
7.42452e-309
1.99238e-310
5.33295e-312
1.42384e-313
3.79194e-315
1.00733e-316
2.66929e-318
7.05575e-320
1.84286e-321
3.45846e-323
0
0
0
0
0
0
0
0
0
0
0
0
0
0
0
0
0
0
0
0
0
0
0
0
0
0
0
0
0
0
0
0
0
0
0
0
0
0
0
0
0
0
0
0
0
0
0
0
0
0
0
0
0
0
0
0
0
0
0
0
0
0
0
0
0
0
0
0
0
0
0
0
0
0
0
0
0
0
0
0
0
0
0
0
0
0
0
0
0
0
0
0
0
0
0
0
0
0
0
0
0
0
0
0
0
0
0
0
0
0
0
0
0
0
0
0
0
0
0
0
0
0
0
0
0
0
0
0
0
0
0
0
0
0
0
0
0
0
0
0
0
0
0
0
0
0
0
0
0
0
0
0
0
0
0
0
0
0
0
0
0
0
0
0
0
0
0
0
0
0
0
0
0
0
0
0
0
0
0
0
0
0
0
0
0
0
0
0
0
0
0
0
0
0
)
;

boundaryField
{
    sides
    {
        type            zeroGradient;
    }
    empty
    {
        type            empty;
    }
}


// ************************************************************************* //
