/*--------------------------------*- C++ -*----------------------------------*\
  =========                 |
  \\      /  F ield         | OpenFOAM: The Open Source CFD Toolbox
   \\    /   O peration     | Website:  https://openfoam.org
    \\  /    A nd           | Version:  7
     \\/     M anipulation  |
\*---------------------------------------------------------------------------*/
FoamFile
{
    version     2.0;
    format      ascii;
    class       volScalarField;
    location    "3.71";
    object      T;
}
// * * * * * * * * * * * * * * * * * * * * * * * * * * * * * * * * * * * * * //

dimensions      [0 0 0 1 0 0 0];

internalField   nonuniform List<scalar> 
1000
(
0
0
0
0
0
0
0
0
0
0
0
0
0
0
0
0
0
0
0
0
0
0
0
0
0
0
0
0
0
0
0
0
0
0
0
0
0
0
0
0
0
0
0
0
0
0
0
0
0
0
0
0
0
0
0
0
0
0
0
0
0
0
0
0
0
0
0
0
0
0
0
0
0
0
0
0
0
0
0
0
0
0
0
0
0
0
0
0
0
0
0
0
0
0
0
0
0
0
0
0
0
0
0
0
0
0
0
0
0
0
0
0
0
0
0
0
0
0
0
0
0
0
0
0
0
0
0
0
0
0
0
0
0
0
0
0
0
0
0
0
0
0
0
0
0
0
0
0
0
0
0
0
0
0
0
0
0
0
0
0
0
0
0
0
0
0
0
0
0
0
0
0
0
0
0
0
0
0
0
0
0
0
0
0
0
0
0
0
0
0
0
0
0
0
0
0
0
0
0
0
0
0
9.38725e-323
4.45647e-321
1.82755e-319
7.44622e-318
3.02627e-316
1.2269e-314
4.96179e-313
2.00164e-311
8.05464e-310
3.23305e-308
1.29443e-306
5.16941e-305
2.05916e-303
8.18122e-302
3.24206e-300
1.28142e-298
5.05154e-297
1.98614e-295
7.7883e-294
3.0459e-292
1.18802e-290
4.62121e-289
1.7927e-287
6.93539e-286
2.67571e-284
1.02945e-282
3.94967e-281
1.51112e-279
5.76517e-278
2.19327e-276
8.32016e-275
3.14719e-273
1.18702e-271
4.46406e-270
1.6739e-268
6.25818e-267
2.33281e-265
8.66987e-264
3.21249e-262
1.18674e-260
4.37069e-259
1.60477e-257
5.87404e-256
2.14344e-254
7.79706e-253
2.82737e-251
1.02202e-249
3.68259e-248
1.32267e-246
4.73532e-245
1.68979e-243
6.01028e-242
2.13071e-240
7.52857e-239
2.65124e-237
9.30518e-236
3.25483e-234
1.13462e-232
3.94166e-231
1.3646e-229
4.70781e-228
1.61848e-226
5.54449e-225
1.89265e-223
6.43754e-222
2.18174e-220
7.36725e-219
2.47866e-217
8.30855e-216
2.77472e-214
9.23179e-213
3.05995e-211
1.0104e-209
3.32358e-208
1.08904e-206
3.55464e-205
1.1557e-203
3.74265e-202
1.20722e-200
3.8784e-199
1.24098e-197
3.95466e-196
1.25508e-194
3.96678e-193
1.24852e-191
3.91316e-190
1.2213e-188
3.79544e-187
1.17445e-185
3.61844e-184
1.10997e-182
3.38988e-181
1.03069e-179
3.11979e-178
9.40071e-177
2.81979e-175
8.41932e-174
2.50221e-172
7.40189e-171
2.17928e-169
6.38587e-168
1.86227e-166
5.40464e-165
1.56089e-163
4.48578e-162
1.28277e-160
3.64991e-159
1.03329e-157
2.91035e-156
8.15518e-155
2.27335e-153
6.30412e-152
1.73894e-150
4.77118e-149
1.30205e-147
3.534e-146
9.53941e-145
2.56076e-143
6.83575e-142
1.81447e-140
4.78891e-139
1.25667e-137
3.27853e-136
8.50328e-135
2.19238e-133
5.61881e-132
1.43134e-130
3.62399e-129
9.11901e-128
2.28033e-126
5.66643e-125
1.39912e-123
3.43244e-122
8.36614e-121
2.02578e-119
4.87271e-118
1.16421e-116
2.76276e-115
6.51135e-114
1.52399e-112
3.54199e-111
8.17384e-110
1.87278e-108
4.25984e-107
9.61854e-106
2.15574e-104
4.79533e-103
1.05861e-101
2.31904e-100
5.04079e-99
1.08708e-97
2.32574e-96
4.93569e-95
1.03892e-93
2.1688e-92
4.48965e-91
9.21541e-90
1.87534e-88
3.78319e-87
7.56485e-86
1.49919e-84
2.94423e-83
5.72922e-82
1.10451e-80
2.10933e-79
3.98987e-78
7.47401e-77
1.38634e-75
2.54592e-74
4.62827e-73
8.32766e-72
1.48284e-70
2.61253e-69
4.55363e-68
7.85073e-67
1.33858e-65
2.25677e-64
3.76146e-63
6.19693e-62
1.00893e-60
1.62305e-59
2.57926e-58
4.04822e-57
6.27403e-56
9.59946e-55
1.44966e-53
2.16026e-52
3.17584e-51
4.60488e-50
6.58374e-49
9.27914e-48
1.28885e-46
1.76376e-45
2.3773e-44
3.15507e-43
4.12169e-42
5.29839e-41
6.69988e-40
8.3309e-39
1.01826e-37
1.22295e-36
1.44266e-35
1.67089e-34
1.89923e-33
2.11767e-32
2.31519e-31
2.48059e-30
2.6034e-29
2.67495e-28
2.68928e-27
2.64394e-26
2.54036e-25
2.38391e-24
2.18344e-23
1.95049e-22
1.69813e-21
1.43972e-20
1.1877e-19
9.52515e-19
7.41938e-18
5.60742e-17
4.10773e-16
2.91336e-15
1.99812e-14
1.32352e-13
8.45523e-13
5.20199e-12
3.07737e-11
1.74751e-10
9.50809e-10
4.94705e-09
2.45611e-08
1.1609e-07
5.21058e-07
2.21481e-06
8.88889e-06
3.35743e-05
0.000118926
0.000393535
0.0012115
0.00345433
0.00907932
0.021892
0.0481922
0.0964315
0.174794
0.286544
0.425346
0.574654
0.713456
0.825206
0.903568
0.951808
0.978108
0.990921
0.996546
0.998788
0.999606
0.999881
0.999966
0.999991
0.999998
0.999999
1
1
1
1
1
1
1
1
1
1
1
1
1
1
1
1
1
1
1
1
1
1
1
1
1
1
1
1
1
1
1
1
1
1
1
1
1
1
1
1
1
1
1
1
1
1
1
1
1
1
1
1
1
1
1
1
1
1
1
1
1
1
1
1
1
1
1
1
1
1
0.999999
0.999998
0.999991
0.999966
0.999881
0.999606
0.998788
0.996546
0.990921
0.978108
0.951808
0.903568
0.825206
0.713456
0.574654
0.425346
0.286544
0.174794
0.0964315
0.0481922
0.021892
0.00907932
0.00345433
0.0012115
0.000393535
0.000118926
3.35743e-05
8.88889e-06
2.21481e-06
5.21058e-07
1.1609e-07
2.45611e-08
4.94705e-09
9.50809e-10
1.74751e-10
3.07737e-11
5.20199e-12
8.45523e-13
1.32352e-13
1.99812e-14
2.91336e-15
4.10773e-16
5.60742e-17
7.41938e-18
9.52515e-19
1.1877e-19
1.43972e-20
1.69813e-21
1.95049e-22
2.18344e-23
2.38391e-24
2.54036e-25
2.64394e-26
2.68928e-27
2.67495e-28
2.6034e-29
2.48059e-30
2.31519e-31
2.11767e-32
1.89923e-33
1.67089e-34
1.44266e-35
1.22295e-36
1.01826e-37
8.3309e-39
6.69988e-40
5.29839e-41
4.12169e-42
3.15507e-43
2.3773e-44
1.76376e-45
1.28885e-46
9.27914e-48
6.58374e-49
4.60488e-50
3.17584e-51
2.16026e-52
1.44966e-53
9.59946e-55
6.27403e-56
4.04822e-57
2.57926e-58
1.62305e-59
1.00893e-60
6.19693e-62
3.76146e-63
2.25677e-64
1.33858e-65
7.85073e-67
4.55363e-68
2.61253e-69
1.48284e-70
8.32766e-72
4.62827e-73
2.54592e-74
1.38634e-75
7.47401e-77
3.98987e-78
2.10933e-79
1.10451e-80
5.72922e-82
2.94423e-83
1.49919e-84
7.56485e-86
3.78319e-87
1.87534e-88
9.21541e-90
4.48965e-91
2.1688e-92
1.03892e-93
4.93569e-95
2.32574e-96
1.08708e-97
5.04079e-99
2.31904e-100
1.05861e-101
4.79533e-103
2.15574e-104
9.61854e-106
4.25984e-107
1.87278e-108
8.17384e-110
3.54199e-111
1.52399e-112
6.51135e-114
2.76276e-115
1.16421e-116
4.87271e-118
2.02578e-119
8.36614e-121
3.43244e-122
1.39912e-123
5.66643e-125
2.28033e-126
9.11901e-128
3.62399e-129
1.43134e-130
5.61881e-132
2.19238e-133
8.50328e-135
3.27853e-136
1.25667e-137
4.78891e-139
1.81447e-140
6.83575e-142
2.56076e-143
9.53941e-145
3.534e-146
1.30205e-147
4.77118e-149
1.73894e-150
6.30412e-152
2.27335e-153
8.15518e-155
2.91035e-156
1.03329e-157
3.64991e-159
1.28277e-160
4.48578e-162
1.56089e-163
5.40464e-165
1.86227e-166
6.38587e-168
2.17928e-169
7.40189e-171
2.50221e-172
8.41932e-174
2.81979e-175
9.40071e-177
3.11979e-178
1.03069e-179
3.38988e-181
1.10997e-182
3.61844e-184
1.17445e-185
3.79544e-187
1.2213e-188
3.91316e-190
1.24852e-191
3.96678e-193
1.25508e-194
3.95466e-196
1.24098e-197
3.8784e-199
1.20722e-200
3.74265e-202
1.1557e-203
3.55464e-205
1.08904e-206
3.32358e-208
1.0104e-209
3.05995e-211
9.23179e-213
2.77472e-214
8.30855e-216
2.47866e-217
7.36725e-219
2.18174e-220
6.43754e-222
1.89265e-223
5.54449e-225
1.61848e-226
4.70781e-228
1.3646e-229
3.94166e-231
1.13462e-232
3.25483e-234
9.30518e-236
2.65124e-237
7.52857e-239
2.13071e-240
6.01028e-242
1.68979e-243
4.73532e-245
1.32267e-246
3.68259e-248
1.02202e-249
2.82737e-251
7.79706e-253
2.14344e-254
5.87404e-256
1.60477e-257
4.37069e-259
1.18674e-260
3.21249e-262
8.66987e-264
2.33281e-265
6.25818e-267
1.6739e-268
4.46406e-270
1.18702e-271
3.14719e-273
8.32016e-275
2.19327e-276
5.76517e-278
1.51112e-279
3.94967e-281
1.02945e-282
2.67571e-284
6.93539e-286
1.7927e-287
4.62121e-289
1.18802e-290
3.0459e-292
7.7883e-294
1.98614e-295
5.05154e-297
1.28142e-298
3.24206e-300
8.18122e-302
2.05916e-303
5.16941e-305
1.29443e-306
3.23305e-308
8.05464e-310
2.00164e-311
4.96179e-313
1.2269e-314
3.02627e-316
7.44621e-318
1.8276e-319
4.45647e-321
9.38725e-323
0
0
0
0
0
0
0
0
0
0
0
0
0
0
0
0
0
0
0
0
0
0
0
0
0
0
0
0
0
0
0
0
0
0
0
0
0
0
0
0
0
0
0
0
0
0
0
0
0
0
0
0
0
0
0
0
0
0
0
0
0
0
0
0
0
0
0
0
0
0
0
0
0
0
0
0
0
0
0
0
0
0
0
0
0
0
0
0
0
0
0
0
0
0
0
0
0
0
0
0
0
0
0
0
0
0
0
0
0
0
0
0
0
0
0
0
0
0
0
0
0
0
0
0
0
0
0
0
0
0
0
0
0
0
0
0
0
0
0
0
0
0
0
0
0
0
0
0
0
0
0
0
0
0
0
0
0
0
0
0
0
0
0
0
0
0
0
0
0
0
0
0
0
0
0
0
0
0
0
0
0
0
0
0
0
0
0
0
0
0
0
0
0
0
0
0
0
0
0
0
0
0
)
;

boundaryField
{
    sides
    {
        type            zeroGradient;
    }
    empty
    {
        type            empty;
    }
}


// ************************************************************************* //
