/*--------------------------------*- C++ -*----------------------------------*\
  =========                 |
  \\      /  F ield         | OpenFOAM: The Open Source CFD Toolbox
   \\    /   O peration     | Website:  https://openfoam.org
    \\  /    A nd           | Version:  7
     \\/     M anipulation  |
\*---------------------------------------------------------------------------*/
FoamFile
{
    version     2.0;
    format      ascii;
    class       volScalarField;
    location    "0.05";
    object      T;
}
// * * * * * * * * * * * * * * * * * * * * * * * * * * * * * * * * * * * * * //

dimensions      [0 0 0 1 0 0 0];

internalField   nonuniform List<scalar> 
1000
(
4.20851e-16
4.24388e-16
4.31492e-16
4.42221e-16
4.56665e-16
4.74945e-16
4.97213e-16
5.23654e-16
5.54489e-16
5.89974e-16
6.30404e-16
6.76117e-16
7.27493e-16
7.84958e-16
8.48992e-16
9.20126e-16
9.98952e-16
1.08612e-15
1.18237e-15
1.28848e-15
1.40535e-15
1.53393e-15
1.6753e-15
1.83063e-15
2.00121e-15
2.18845e-15
2.3939e-15
2.61925e-15
2.86639e-15
3.13734e-15
3.43436e-15
3.75989e-15
4.11662e-15
4.5075e-15
4.93575e-15
5.40491e-15
5.91885e-15
6.4818e-15
7.09839e-15
7.77371e-15
8.51331e-15
9.32328e-15
1.02103e-14
1.11816e-14
1.22452e-14
1.34098e-14
1.4685e-14
1.60813e-14
1.761e-14
1.92838e-14
2.11163e-14
2.31225e-14
2.53189e-14
2.77234e-14
3.03556e-14
3.32371e-14
3.63913e-14
3.98441e-14
4.36236e-14
4.77607e-14
5.22889e-14
5.72452e-14
6.267e-14
6.86074e-14
7.51056e-14
8.22175e-14
9.00008e-14
9.85187e-14
1.0784e-13
1.18041e-13
1.29204e-13
1.4142e-13
1.54787e-13
1.69413e-13
1.85417e-13
2.02928e-13
2.22088e-13
2.43051e-13
2.65986e-13
2.91079e-13
3.18531e-13
3.48564e-13
3.81419e-13
4.17361e-13
4.56679e-13
4.99688e-13
5.46734e-13
5.98196e-13
6.54484e-13
7.16051e-13
7.8339e-13
8.5704e-13
9.3759e-13
1.02569e-12
1.12203e-12
1.22739e-12
1.34261e-12
1.46861e-12
1.60638e-12
1.75704e-12
1.92178e-12
2.10191e-12
2.29886e-12
2.51419e-12
2.74962e-12
3.00702e-12
3.28842e-12
3.59606e-12
3.93236e-12
4.3e-12
4.70188e-12
5.14117e-12
5.62135e-12
6.1462e-12
6.71987e-12
7.34686e-12
8.03213e-12
8.78106e-12
9.59954e-12
1.0494e-11
1.14715e-11
1.25396e-11
1.37068e-11
1.49822e-11
1.63758e-11
1.78984e-11
1.95621e-11
2.13797e-11
2.33655e-11
2.55349e-11
2.79049e-11
3.04939e-11
3.33221e-11
3.64114e-11
3.97858e-11
4.34716e-11
4.74974e-11
5.18942e-11
5.66963e-11
6.19406e-11
6.76678e-11
7.39222e-11
8.07519e-11
8.82097e-11
9.6353e-11
1.05245e-10
1.14953e-10
1.25552e-10
1.37124e-10
1.49757e-10
1.63549e-10
1.78604e-10
1.95038e-10
2.12977e-10
2.32558e-10
2.5393e-10
2.77255e-10
3.02713e-10
3.30496e-10
3.60815e-10
3.93902e-10
4.30006e-10
4.69402e-10
5.12388e-10
5.5929e-10
6.10461e-10
6.66289e-10
7.27194e-10
7.93636e-10
8.66115e-10
9.45175e-10
1.03141e-09
1.12547e-09
1.22806e-09
1.33994e-09
1.46196e-09
1.59503e-09
1.74014e-09
1.89836e-09
2.07089e-09
2.25901e-09
2.46411e-09
2.68771e-09
2.93149e-09
3.19723e-09
3.48692e-09
3.80268e-09
4.14686e-09
4.52199e-09
4.93084e-09
5.37641e-09
5.86199e-09
6.39113e-09
6.96771e-09
7.59596e-09
8.28048e-09
9.02626e-09
9.83876e-09
1.07239e-08
1.16881e-08
1.27384e-08
1.38823e-08
1.51283e-08
1.64854e-08
1.79632e-08
1.95726e-08
2.13251e-08
2.32334e-08
2.53112e-08
2.75733e-08
3.00361e-08
3.27172e-08
3.56358e-08
3.88126e-08
4.22705e-08
4.6034e-08
5.01299e-08
5.45873e-08
5.94378e-08
6.47157e-08
7.04585e-08
7.67066e-08
8.35041e-08
9.08989e-08
9.8943e-08
1.07693e-07
1.17209e-07
1.2756e-07
1.38816e-07
1.51057e-07
1.64367e-07
1.78839e-07
1.94575e-07
2.11681e-07
2.30278e-07
2.50493e-07
2.72465e-07
2.96347e-07
3.22301e-07
3.50506e-07
3.81155e-07
4.14457e-07
4.5064e-07
4.89949e-07
5.32652e-07
5.79039e-07
6.29423e-07
6.84144e-07
7.43572e-07
8.08107e-07
8.78183e-07
9.54268e-07
1.03687e-06
1.12655e-06
1.22389e-06
1.32955e-06
1.44422e-06
1.56867e-06
1.70371e-06
1.85025e-06
2.00923e-06
2.18171e-06
2.36882e-06
2.57177e-06
2.7919e-06
3.03063e-06
3.28951e-06
3.57021e-06
3.87456e-06
4.20451e-06
4.56219e-06
4.94988e-06
5.37007e-06
5.82543e-06
6.31887e-06
6.85352e-06
7.43276e-06
8.06026e-06
8.73995e-06
9.47612e-06
1.02734e-05
1.11367e-05
1.20715e-05
1.30835e-05
1.4179e-05
1.53648e-05
1.66482e-05
1.80371e-05
1.95399e-05
2.11659e-05
2.2925e-05
2.48277e-05
2.68857e-05
2.91112e-05
3.15178e-05
3.41198e-05
3.69327e-05
3.99734e-05
4.32597e-05
4.68111e-05
5.06486e-05
5.47946e-05
5.92734e-05
6.41111e-05
6.93358e-05
7.49777e-05
8.10692e-05
8.76453e-05
9.47437e-05
0.000102405
0.000110672
0.000119592
0.000129215
0.000139595
0.000150789
0.000162861
0.000175876
0.000189907
0.00020503
0.000221328
0.000238889
0.000257808
0.000278188
0.000300137
0.000323771
0.000349218
0.000376609
0.000406091
0.000437815
0.000471948
0.000508664
0.000548154
0.000590618
0.000636272
0.000685346
0.000738088
0.00079476
0.000855642
0.000921036
0.000991261
0.00106666
0.00114759
0.00123445
0.00132766
0.00142764
0.00153487
0.00164986
0.00177313
0.00190525
0.00204683
0.00219851
0.00236096
0.00253492
0.00272114
0.00292046
0.00313373
0.00336187
0.00360585
0.00386671
0.00414555
0.00444351
0.00476182
0.00510179
0.00546476
0.0058522
0.00626563
0.00670666
0.00717698
0.0076784
0.0082128
0.00878217
0.00938859
0.0100343
0.0107215
0.0114527
0.0122305
0.0130575
0.0139365
0.0148704
0.0158623
0.0169154
0.018033
0.0192186
0.020476
0.0218087
0.0232208
0.0247164
0.0262997
0.0279752
0.0297473
0.0316209
0.0336007
0.0356919
0.0378995
0.040229
0.0426858
0.0452756
0.0480041
0.0508771
0.0539007
0.057081
0.0604242
0.0639366
0.0676245
0.0714944
0.0755527
0.0798058
0.0842603
0.0889224
0.0937987
0.0988954
0.104219
0.109775
0.115569
0.121608
0.127896
0.134438
0.14124
0.148306
0.15564
0.163245
0.171124
0.179281
0.187715
0.19643
0.205425
0.214701
0.224256
0.234087
0.244194
0.254571
0.265215
0.27612
0.287279
0.298685
0.310328
0.3222
0.33429
0.346585
0.359073
0.371741
0.384573
0.397554
0.410668
0.423896
0.437222
0.450626
0.464089
0.477592
0.491115
0.504638
0.51814
0.531601
0.545001
0.558321
0.571541
0.584641
0.597604
0.61041
0.623045
0.63549
0.64773
0.65975
0.671538
0.683079
0.694361
0.705375
0.716109
0.726554
0.736703
0.746547
0.756081
0.765299
0.774195
0.782766
0.791009
0.798919
0.806497
0.813739
0.820644
0.827213
0.833445
0.839339
0.844897
0.850119
0.855005
0.859558
0.863778
0.867667
0.871225
0.874455
0.877357
0.879933
0.882184
0.884112
0.885716
0.886999
0.88796
0.888601
0.888921
0.888921
0.888601
0.88796
0.886999
0.885716
0.884112
0.882184
0.879933
0.877357
0.874455
0.871225
0.867667
0.863778
0.859558
0.855005
0.850119
0.844897
0.839339
0.833445
0.827213
0.820644
0.813739
0.806497
0.798919
0.791009
0.782766
0.774195
0.765299
0.756081
0.746547
0.736703
0.726554
0.716109
0.705375
0.694361
0.683079
0.671538
0.65975
0.64773
0.63549
0.623045
0.61041
0.597604
0.584641
0.571541
0.558321
0.545001
0.531601
0.51814
0.504638
0.491115
0.477592
0.464089
0.450626
0.437222
0.423896
0.410668
0.397554
0.384573
0.371741
0.359073
0.346585
0.33429
0.3222
0.310328
0.298685
0.287279
0.27612
0.265215
0.254571
0.244194
0.234087
0.224256
0.214701
0.205425
0.19643
0.187715
0.179281
0.171124
0.163245
0.15564
0.148306
0.14124
0.134438
0.127896
0.121608
0.115569
0.109775
0.104219
0.0988954
0.0937987
0.0889224
0.0842603
0.0798058
0.0755527
0.0714944
0.0676245
0.0639366
0.0604242
0.057081
0.0539007
0.0508771
0.0480041
0.0452756
0.0426858
0.040229
0.0378995
0.0356919
0.0336007
0.0316209
0.0297473
0.0279752
0.0262997
0.0247164
0.0232208
0.0218087
0.020476
0.0192186
0.018033
0.0169154
0.0158623
0.0148704
0.0139365
0.0130575
0.0122305
0.0114527
0.0107215
0.0100343
0.00938859
0.00878217
0.0082128
0.0076784
0.00717698
0.00670666
0.00626563
0.0058522
0.00546476
0.00510179
0.00476182
0.00444351
0.00414555
0.00386671
0.00360585
0.00336187
0.00313373
0.00292046
0.00272114
0.00253492
0.00236096
0.00219851
0.00204683
0.00190525
0.00177313
0.00164986
0.00153487
0.00142764
0.00132766
0.00123445
0.00114759
0.00106666
0.000991261
0.000921036
0.000855642
0.00079476
0.000738088
0.000685346
0.000636272
0.000590618
0.000548154
0.000508664
0.000471948
0.000437815
0.000406091
0.000376609
0.000349218
0.000323771
0.000300137
0.000278188
0.000257808
0.000238889
0.000221328
0.00020503
0.000189907
0.000175876
0.000162861
0.000150789
0.000139595
0.000129215
0.000119592
0.000110672
0.000102405
9.47437e-05
8.76453e-05
8.10692e-05
7.49777e-05
6.93358e-05
6.41111e-05
5.92734e-05
5.47946e-05
5.06486e-05
4.68111e-05
4.32597e-05
3.99734e-05
3.69327e-05
3.41198e-05
3.15178e-05
2.91112e-05
2.68857e-05
2.48277e-05
2.2925e-05
2.11659e-05
1.95399e-05
1.80371e-05
1.66482e-05
1.53648e-05
1.4179e-05
1.30835e-05
1.20715e-05
1.11367e-05
1.02734e-05
9.47612e-06
8.73995e-06
8.06026e-06
7.43276e-06
6.85352e-06
6.31887e-06
5.82543e-06
5.37007e-06
4.94988e-06
4.56219e-06
4.20451e-06
3.87456e-06
3.57021e-06
3.28951e-06
3.03063e-06
2.7919e-06
2.57177e-06
2.36882e-06
2.18171e-06
2.00923e-06
1.85025e-06
1.70371e-06
1.56867e-06
1.44422e-06
1.32955e-06
1.22389e-06
1.12655e-06
1.03687e-06
9.54268e-07
8.78183e-07
8.08107e-07
7.43572e-07
6.84144e-07
6.29423e-07
5.79039e-07
5.32652e-07
4.89949e-07
4.5064e-07
4.14457e-07
3.81155e-07
3.50506e-07
3.22301e-07
2.96347e-07
2.72465e-07
2.50493e-07
2.30278e-07
2.11681e-07
1.94575e-07
1.78839e-07
1.64367e-07
1.51057e-07
1.38816e-07
1.2756e-07
1.17209e-07
1.07693e-07
9.8943e-08
9.08989e-08
8.35041e-08
7.67066e-08
7.04585e-08
6.47157e-08
5.94378e-08
5.45873e-08
5.01299e-08
4.6034e-08
4.22705e-08
3.88126e-08
3.56358e-08
3.27172e-08
3.00361e-08
2.75733e-08
2.53112e-08
2.32334e-08
2.13251e-08
1.95726e-08
1.79632e-08
1.64854e-08
1.51283e-08
1.38823e-08
1.27384e-08
1.16881e-08
1.07239e-08
9.83876e-09
9.02626e-09
8.28048e-09
7.59596e-09
6.96771e-09
6.39113e-09
5.86199e-09
5.37641e-09
4.93084e-09
4.52199e-09
4.14686e-09
3.80268e-09
3.48692e-09
3.19723e-09
2.93149e-09
2.68771e-09
2.46411e-09
2.25901e-09
2.07089e-09
1.89836e-09
1.74014e-09
1.59503e-09
1.46196e-09
1.33994e-09
1.22806e-09
1.12547e-09
1.03141e-09
9.45175e-10
8.66115e-10
7.93636e-10
7.27194e-10
6.66289e-10
6.10461e-10
5.5929e-10
5.12388e-10
4.69402e-10
4.30006e-10
3.93902e-10
3.60815e-10
3.30496e-10
3.02713e-10
2.77255e-10
2.5393e-10
2.32558e-10
2.12977e-10
1.95038e-10
1.78604e-10
1.63549e-10
1.49757e-10
1.37124e-10
1.25552e-10
1.14953e-10
1.05245e-10
9.6353e-11
8.82097e-11
8.07519e-11
7.39222e-11
6.76678e-11
6.19406e-11
5.66963e-11
5.18942e-11
4.74974e-11
4.34716e-11
3.97858e-11
3.64114e-11
3.33221e-11
3.04939e-11
2.79049e-11
2.55349e-11
2.33655e-11
2.13797e-11
1.95621e-11
1.78984e-11
1.63758e-11
1.49822e-11
1.37068e-11
1.25396e-11
1.14715e-11
1.0494e-11
9.59954e-12
8.78106e-12
8.03213e-12
7.34686e-12
6.71987e-12
6.1462e-12
5.62135e-12
5.14117e-12
4.70188e-12
4.3e-12
3.93236e-12
3.59606e-12
3.28842e-12
3.00702e-12
2.74962e-12
2.51419e-12
2.29886e-12
2.10191e-12
1.92178e-12
1.75704e-12
1.60638e-12
1.46861e-12
1.34261e-12
1.22739e-12
1.12203e-12
1.02569e-12
9.3759e-13
8.5704e-13
7.8339e-13
7.16051e-13
6.54484e-13
5.98196e-13
5.46734e-13
4.99688e-13
4.56679e-13
4.17361e-13
3.81419e-13
3.48564e-13
3.18531e-13
2.91079e-13
2.65986e-13
2.43051e-13
2.22088e-13
2.02928e-13
1.85417e-13
1.69413e-13
1.54787e-13
1.4142e-13
1.29204e-13
1.18041e-13
1.0784e-13
9.85187e-14
9.00008e-14
8.22175e-14
7.51056e-14
6.86074e-14
6.267e-14
5.72452e-14
5.22889e-14
4.77607e-14
4.36236e-14
3.98441e-14
3.63913e-14
3.32371e-14
3.03556e-14
2.77234e-14
2.53189e-14
2.31225e-14
2.11163e-14
1.92838e-14
1.761e-14
1.60813e-14
1.4685e-14
1.34098e-14
1.22452e-14
1.11816e-14
1.02103e-14
9.32328e-15
8.51331e-15
7.77371e-15
7.09839e-15
6.4818e-15
5.91885e-15
5.40491e-15
4.93575e-15
4.5075e-15
4.11662e-15
3.75989e-15
3.43436e-15
3.13734e-15
2.86639e-15
2.61925e-15
2.3939e-15
2.18845e-15
2.00121e-15
1.83063e-15
1.6753e-15
1.53393e-15
1.40535e-15
1.28848e-15
1.18237e-15
1.08612e-15
9.98952e-16
9.20126e-16
8.48992e-16
7.84958e-16
7.27493e-16
6.76117e-16
6.30404e-16
5.89974e-16
5.54489e-16
5.23654e-16
4.97213e-16
4.74945e-16
4.56665e-16
4.42221e-16
4.31492e-16
4.24388e-16
4.20851e-16
)
;

boundaryField
{
    sides
    {
        type            zeroGradient;
    }
    empty
    {
        type            empty;
    }
}


// ************************************************************************* //
