/*--------------------------------*- C++ -*----------------------------------*\
  =========                 |
  \\      /  F ield         | OpenFOAM: The Open Source CFD Toolbox
   \\    /   O peration     | Website:  https://openfoam.org
    \\  /    A nd           | Version:  7
     \\/     M anipulation  |
\*---------------------------------------------------------------------------*/
FoamFile
{
    version     2.0;
    format      ascii;
    class       volScalarField;
    location    "0.76";
    object      T;
}
// * * * * * * * * * * * * * * * * * * * * * * * * * * * * * * * * * * * * * //

dimensions      [0 0 0 1 0 0 0];

internalField   nonuniform List<scalar> 
1000
(
3.47624e-200
5.20971e-200
1.18509e-199
3.29487e-199
9.74163e-199
2.92592e-198
8.82076e-198
2.66116e-197
8.02868e-197
2.42185e-196
7.30405e-196
2.20235e-195
6.63922e-195
2.00102e-194
6.02964e-194
1.8165e-193
5.47124e-193
1.64755e-192
4.96015e-192
1.49298e-191
4.49281e-191
1.35171e-190
4.06584e-190
1.2227e-189
3.67613e-189
1.105e-188
3.32075e-188
9.9772e-188
2.99697e-187
9.00025e-187
2.70226e-186
8.11143e-186
2.43426e-185
7.30355e-185
2.19078e-184
6.56994e-184
1.96979e-183
5.90441e-183
1.76941e-182
5.30122e-182
1.58789e-181
4.75507e-181
1.42361e-180
4.26105e-180
1.27508e-179
3.81461e-179
1.14092e-178
3.41158e-178
1.01987e-177
3.0481e-177
9.10758e-177
2.72062e-176
8.12498e-176
2.42587e-175
7.24105e-175
2.16085e-174
6.44669e-174
1.92281e-173
5.73356e-173
1.70922e-172
5.09402e-172
1.51778e-171
4.52109e-171
1.34636e-170
4.00836e-170
1.19304e-169
3.55e-169
1.05605e-168
3.14068e-168
9.33783e-168
2.77556e-167
8.24776e-167
2.45021e-166
7.27697e-166
2.16062e-165
6.41336e-165
1.90315e-164
5.64596e-164
1.67448e-163
4.9648e-163
1.47163e-162
4.36088e-162
1.29189e-161
3.82606e-161
1.1328e-160
3.35297e-160
9.92154e-160
2.93496e-159
8.67957e-159
2.56606e-158
7.58416e-158
2.24088e-157
6.61914e-157
1.95458e-156
5.77e-156
1.70281e-155
5.02373e-155
1.48168e-154
4.36866e-154
1.28768e-153
3.79435e-153
1.11771e-152
3.29145e-152
9.68969e-152
2.85165e-151
8.38967e-151
2.4675e-150
7.25488e-150
2.13238e-149
6.26557e-149
1.84042e-148
5.40419e-148
1.58637e-147
4.65518e-147
1.36561e-146
4.00471e-146
1.17401e-145
3.44058e-145
1.00796e-144
2.95196e-144
8.64233e-144
2.52932e-143
7.39995e-143
2.16424e-142
6.32751e-142
1.84931e-141
5.40303e-141
1.57802e-140
4.60719e-140
1.34464e-139
3.92305e-139
1.14416e-138
3.33576e-138
9.72181e-138
2.83232e-137
8.24862e-137
2.40138e-136
6.98849e-136
2.03304e-135
5.91218e-135
1.71866e-134
4.99422e-134
1.45072e-133
4.21248e-133
1.22272e-132
3.54773e-132
1.02898e-131
2.98332e-131
8.64616e-131
2.50483e-130
7.25379e-130
2.09982e-129
6.07612e-129
1.75752e-128
5.08161e-128
1.46868e-127
4.24308e-127
1.22535e-126
3.53721e-126
1.02067e-125
2.94396e-125
8.48788e-125
2.44617e-124
7.04684e-124
2.02918e-123
5.84067e-123
1.68043e-122
4.83277e-122
1.38926e-121
3.99197e-121
1.14657e-120
3.29177e-120
9.44639e-120
2.70964e-119
7.76904e-119
2.22654e-118
6.3782e-118
1.8263e-117
5.22698e-117
1.49531e-116
4.27579e-116
1.22208e-115
3.49129e-115
9.96941e-115
2.84545e-114
8.11763e-114
2.31474e-113
6.59737e-113
1.87946e-112
5.35162e-112
1.5231e-111
4.33275e-111
1.23193e-110
3.50103e-110
9.94471e-110
2.8234e-109
8.01193e-109
2.2724e-108
6.44188e-108
1.82524e-107
5.16901e-107
1.46309e-106
4.13915e-106
1.17038e-105
3.30761e-105
9.34274e-105
2.63758e-104
7.44227e-104
2.09881e-103
5.91573e-103
1.66651e-102
4.69215e-102
1.32038e-101
3.71352e-101
1.04383e-100
2.93249e-100
8.23374e-100
2.31054e-99
6.48011e-99
1.81637e-98
5.08834e-98
1.42461e-97
3.98625e-97
1.11475e-96
3.11556e-96
8.70236e-96
2.42928e-95
6.77733e-95
1.88963e-94
5.2654e-94
1.46629e-93
4.08075e-93
1.13499e-92
3.1548e-92
8.76354e-92
2.43283e-91
6.74946e-91
1.87132e-90
5.18497e-90
1.4357e-89
3.97279e-89
1.09861e-88
3.03601e-88
8.38442e-88
2.31394e-87
6.38171e-87
1.75884e-86
4.84416e-86
1.33325e-85
3.66693e-85
1.00784e-84
2.76804e-84
7.59706e-84
2.08358e-83
5.71033e-83
1.56386e-82
4.27975e-82
1.17036e-81
3.19816e-81
8.73286e-81
2.3828e-80
6.49666e-80
1.76996e-79
4.81838e-79
1.31071e-78
3.56263e-78
9.67601e-78
2.6259e-77
7.12059e-77
1.92932e-76
5.22328e-76
1.41295e-75
3.81907e-75
1.0314e-74
2.78315e-74
7.50381e-74
2.02143e-73
5.44086e-73
1.4632e-72
3.93155e-72
1.05547e-71
2.83103e-71
7.58683e-71
2.03137e-70
5.43408e-70
1.45234e-69
3.87807e-69
1.03458e-68
2.75744e-68
7.34248e-68
1.9533e-67
5.19138e-67
1.37841e-66
3.65642e-66
9.68966e-66
2.56528e-65
6.78467e-65
1.79262e-64
4.73164e-64
1.24765e-63
3.28644e-63
8.64791e-63
2.27323e-62
5.96922e-62
1.56578e-61
4.10278e-61
1.07388e-60
2.80777e-60
7.33311e-60
1.91308e-59
4.9853e-59
1.29765e-58
3.37389e-58
8.76201e-58
2.27286e-57
5.88886e-57
1.52397e-56
3.93916e-56
1.01697e-55
2.6223e-55
6.75343e-55
1.73711e-54
4.46261e-54
1.14499e-53
2.93398e-53
7.50855e-53
1.91907e-52
4.89839e-52
1.24865e-51
3.17867e-51
8.08098e-51
2.05158e-50
5.20133e-50
1.31685e-49
3.32923e-49
8.40495e-49
2.11886e-48
5.33382e-48
1.34072e-47
3.36506e-47
8.43331e-47
2.11031e-46
5.27265e-46
1.31535e-45
3.27622e-45
8.14743e-45
2.0229e-44
5.01448e-44
1.24099e-43
3.06617e-43
7.56307e-43
1.86238e-42
4.57821e-42
1.1235e-41
2.7523e-41
6.73055e-41
1.64297e-40
4.00335e-40
9.73698e-40
2.36386e-39
5.72807e-39
1.38539e-38
3.34428e-38
8.05736e-38
1.93745e-37
4.6495e-37
1.11355e-36
2.66151e-36
6.34821e-36
1.51102e-35
3.58898e-35
8.50635e-35
2.01175e-34
4.74738e-34
1.11781e-33
2.62607e-33
6.15535e-33
1.43945e-32
3.35834e-32
7.8167e-32
1.81501e-31
4.20413e-31
9.71408e-31
2.23893e-30
5.1473e-30
1.18032e-29
2.69955e-29
6.15793e-29
1.40092e-28
3.17844e-28
7.19144e-28
1.62257e-27
3.65058e-27
8.18975e-27
1.83194e-26
4.0857e-26
9.08485e-26
2.01393e-25
4.45069e-25
9.80499e-25
2.15319e-24
4.71316e-24
1.02829e-23
2.23599e-23
4.84567e-23
1.04651e-22
2.25225e-22
4.83004e-22
1.03209e-21
2.19735e-21
4.66083e-21
9.84891e-21
2.07323e-20
4.34722e-20
9.07938e-20
1.88865e-19
3.91266e-19
8.07208e-19
1.6583e-18
3.39217e-18
6.90867e-18
1.40083e-17
2.82759e-17
5.6814e-17
1.13624e-16
2.26166e-16
4.48016e-16
8.83146e-16
1.73224e-15
3.38056e-15
6.56347e-15
1.26767e-14
2.43542e-14
4.65366e-14
8.84363e-14
1.67126e-13
3.14047e-13
5.86738e-13
1.08982e-12
2.01224e-12
3.69305e-12
6.73642e-12
1.22115e-11
2.19972e-11
3.93715e-11
7.00118e-11
1.23679e-10
2.17028e-10
3.78261e-10
6.54761e-10
1.12552e-09
1.92114e-09
3.25589e-09
5.47828e-09
9.1506e-09
1.51723e-08
2.49697e-08
4.07857e-08
6.61154e-08
1.06358e-07
1.69778e-07
2.68914e-07
4.22613e-07
6.58944e-07
1.01932e-06
1.56428e-06
2.38148e-06
3.5966e-06
5.38822e-06
8.00751e-06
1.18044e-05
1.72619e-05
2.50396e-05
3.60302e-05
5.14295e-05
7.28239e-05
0.000102297
0.00014256
0.000197101
0.000270371
0.000367987
0.000496969
0.000666005
0.000885737
0.00116907
0.00153151
0.00199147
0.00257063
0.00329422
0.00419134
0.00529516
0.00664313
0.00827707
0.0102431
0.0125917
0.0153773
0.0186579
0.0224947
0.0269511
0.0320924
0.0379842
0.0446919
0.052279
0.0608062
0.0703297
0.0809003
0.0925617
0.105349
0.119289
0.134397
0.150677
0.168121
0.186709
0.206408
0.227172
0.248944
0.271653
0.295219
0.319551
0.34455
0.370109
0.396115
0.42245
0.448996
0.475631
0.502236
0.528692
0.554887
0.580711
0.606063
0.630846
0.654975
0.678373
0.700972
0.722713
0.743549
0.763441
0.782362
0.800293
0.817224
0.833154
0.84809
0.862044
0.875038
0.887096
0.898249
0.908531
0.91798
0.926636
0.93454
0.941735
0.948266
0.954175
0.959507
0.964303
0.968606
0.972454
0.975886
0.978939
0.981648
0.984044
0.986158
0.988018
0.989652
0.991081
0.99233
0.993417
0.994361
0.995179
0.995886
0.996494
0.997015
0.99746
0.997836
0.998153
0.998414
0.998625
0.998789
0.998908
0.998982
0.999008
0.998983
0.998901
0.998755
0.998533
0.998222
0.997805
0.997262
0.996568
0.995696
0.994612
0.993281
0.991661
0.989706
0.987367
0.984589
0.981315
0.977483
0.973031
0.967893
0.962004
0.955299
0.947713
0.939188
0.929665
0.919096
0.907435
0.894648
0.880709
0.865601
0.849322
0.831878
0.81329
0.793592
0.772828
0.751056
0.728347
0.704781
0.680448
0.65545
0.629891
0.603885
0.57755
0.551004
0.524369
0.497764
0.471308
0.445113
0.419289
0.393937
0.369154
0.345025
0.321627
0.299028
0.277287
0.256451
0.236559
0.217638
0.199707
0.182776
0.166846
0.15191
0.137956
0.124962
0.112904
0.101751
0.0914688
0.0820199
0.0733644
0.0654603
0.0582648
0.0517341
0.0458246
0.0404929
0.0356967
0.0313944
0.0275463
0.0241138
0.0210607
0.0183522
0.0159561
0.0138418
0.0119811
0.0103478
0.00891773
0.00766876
0.00658067
0.00563503
0.0048152
0.00410612
0.00349427
0.00296756
0.00251517
0.0021275
0.00179603
0.00151325
0.00127252
0.00106804
0.000894713
0.00074811
0.000624364
0.000520129
0.000432505
0.000358993
0.000297443
0.00024601
0.000203114
0.000167406
0.000137739
0.000113136
9.27714e-05
7.59453e-05
6.20682e-05
5.06437e-05
4.12551e-05
3.3553e-05
2.72454e-05
2.20887e-05
1.78801e-05
1.4451e-05
1.16617e-05
9.39644e-06
7.55986e-06
6.0732e-06
4.8717e-06
3.90219e-06
3.12111e-06
2.49279e-06
1.98813e-06
1.58341e-06
1.25932e-06
1.00018e-06
7.93275e-07
6.28321e-07
4.96999e-07
3.926e-07
3.09722e-07
2.4402e-07
1.92006e-07
1.50885e-07
1.1842e-07
9.28224e-08
7.26672e-08
5.68179e-08
4.43709e-08
3.46084e-08
2.69612e-08
2.09787e-08
1.63042e-08
1.26564e-08
9.81328e-09
7.60002e-09
5.87919e-09
4.54282e-09
3.50625e-09
2.70318e-09
2.08173e-09
1.60139e-09
1.23054e-09
9.44544e-10
7.24242e-10
5.54732e-10
4.24447e-10
3.24421e-10
2.4771e-10
1.88943e-10
1.43971e-10
1.09591e-10
8.33379e-11
6.33104e-11
4.80482e-11
3.64295e-11
2.75934e-11
2.08804e-11
1.57853e-11
1.19222e-11
8.99599e-12
6.78163e-12
5.10759e-12
3.84323e-12
2.88921e-12
2.17004e-12
1.62841e-12
1.22087e-12
9.14518e-13
6.84432e-13
5.11787e-13
3.82358e-13
2.85415e-13
2.12868e-13
1.58627e-13
1.18107e-13
8.78642e-14
6.5311e-14
4.85068e-14
3.59967e-14
2.66913e-14
1.97754e-14
1.46398e-14
1.08292e-14
8.00415e-15
5.91144e-15
4.36247e-15
3.21689e-15
2.37031e-15
1.74519e-15
1.28396e-15
9.43919e-16
6.93413e-16
5.0901e-16
3.73372e-16
2.73677e-16
2.00456e-16
1.46719e-16
1.0731e-16
7.84308e-17
5.72829e-17
4.18078e-17
3.04921e-17
2.22236e-17
1.61862e-17
1.17808e-17
8.56862e-18
6.22806e-18
4.5238e-18
3.2837e-18
2.38197e-18
1.72673e-18
1.25091e-18
9.05621e-19
6.55219e-19
4.73748e-19
3.42319e-19
2.47195e-19
1.78392e-19
1.28658e-19
9.27323e-20
6.67968e-20
4.80854e-20
3.45944e-20
2.48734e-20
1.78732e-20
1.28354e-20
9.2121e-21
6.60769e-21
4.73681e-21
3.39365e-21
2.42995e-21
1.7389e-21
1.24367e-21
8.88966e-22
6.35068e-22
4.53429e-22
3.23561e-22
2.30759e-22
1.64484e-22
1.17178e-22
8.3432e-23
5.93721e-23
4.22276e-23
3.00177e-23
2.13268e-23
1.51441e-23
1.07481e-23
7.62412e-24
5.40532e-24
3.83025e-24
2.71275e-24
1.92029e-24
1.35864e-24
9.60769e-25
6.79071e-25
4.79725e-25
3.3873e-25
2.39055e-25
1.68627e-25
1.1889e-25
8.37815e-26
5.90121e-26
4.15455e-26
2.92347e-26
2.0562e-26
1.44552e-26
1.01573e-26
7.13392e-27
5.00812e-27
3.51414e-27
2.46469e-27
1.72785e-27
1.21074e-27
8.48e-28
5.9367e-28
4.15431e-28
2.90575e-28
2.03153e-28
1.4197e-28
9.91689e-29
6.92413e-29
4.83243e-29
3.37114e-29
2.35071e-29
1.63846e-29
1.14153e-29
7.94973e-30
5.53394e-30
3.85064e-30
2.67824e-30
1.86202e-30
1.29401e-30
8.98907e-31
6.24183e-31
4.33243e-31
3.0059e-31
2.08469e-31
1.44522e-31
1.0015e-31
6.93737e-32
4.8036e-32
3.32482e-32
2.30037e-32
1.59095e-32
1.09989e-32
7.60102e-33
5.25082e-33
3.6259e-33
2.50287e-33
1.72702e-33
1.19122e-33
8.21337e-34
5.66095e-34
3.90028e-34
2.68621e-34
1.84937e-34
1.27277e-34
8.75621e-35
6.02177e-35
4.13976e-35
2.84491e-35
1.95437e-35
1.34212e-35
9.2134e-36
6.32259e-36
4.33728e-36
2.97432e-36
2.03894e-36
1.39725e-36
9.57172e-37
6.55477e-37
4.48721e-37
3.07077e-37
2.10073e-37
1.43664e-37
9.82149e-38
6.71216e-38
4.58566e-38
3.13183e-38
2.13821e-38
1.45935e-38
9.95696e-39
6.79129e-39
4.63059e-39
3.15632e-39
2.15073e-39
1.46504e-39
9.97647e-40
6.79149e-40
4.62186e-40
3.14435e-40
2.1385e-40
1.45396e-40
9.88235e-41
6.71481e-41
4.56114e-41
3.09728e-41
2.10258e-41
1.42691e-41
9.68067e-42
6.56575e-42
4.45177e-42
3.01753e-42
2.04476e-42
1.38517e-42
9.38069e-43
6.35096e-43
4.2985e-43
2.9085e-43
1.9674e-43
1.33043e-43
8.99429e-44
6.07878e-44
4.10717e-44
2.77424e-44
1.87337e-44
1.26468e-44
8.53523e-45
5.75875e-45
3.88437e-45
2.61934e-45
1.76581e-45
1.19008e-45
8.01843e-46
5.40112e-46
3.63714e-46
2.44861e-46
1.64801e-46
1.10888e-46
7.45924e-47
5.01635e-47
3.3726e-47
2.26688e-47
1.52327e-47
1.02332e-47
6.8728e-48
4.61472e-48
3.09785e-48
2.07938e-48
1.39647e-48
9.41033e-49
6.44839e-49
4.76095e-49
)
;

boundaryField
{
    sides
    {
        type            zeroGradient;
    }
    empty
    {
        type            empty;
    }
}


// ************************************************************************* //
