/*--------------------------------*- C++ -*----------------------------------*\
  =========                 |
  \\      /  F ield         | OpenFOAM: The Open Source CFD Toolbox
   \\    /   O peration     | Website:  https://openfoam.org
    \\  /    A nd           | Version:  7
     \\/     M anipulation  |
\*---------------------------------------------------------------------------*/
FoamFile
{
    version     2.0;
    format      ascii;
    class       volScalarField;
    location    "2.92";
    object      T;
}
// * * * * * * * * * * * * * * * * * * * * * * * * * * * * * * * * * * * * * //

dimensions      [0 0 0 1 0 0 0];

internalField   nonuniform List<scalar> 
1000
(
9.85208e-63
1.26705e-62
1.91063e-62
3.09814e-62
5.16521e-62
8.69483e-62
1.46803e-61
2.48018e-61
4.1894e-61
7.07321e-61
1.19353e-60
2.01272e-60
3.39207e-60
5.71313e-60
9.61631e-60
1.61759e-59
2.71927e-59
4.56835e-59
7.6699e-59
1.28689e-58
2.15782e-58
3.61584e-58
6.05512e-58
1.01334e-57
1.69475e-57
2.83253e-57
4.73108e-57
7.89699e-57
1.31728e-56
2.19589e-56
3.65809e-56
6.08994e-56
1.01317e-55
1.68448e-55
2.79871e-55
4.64687e-55
7.71032e-55
1.27848e-54
2.11846e-54
3.50796e-54
5.80491e-54
9.59933e-54
1.58632e-53
2.61966e-53
4.32317e-53
7.12954e-53
1.17496e-52
1.93501e-52
3.18451e-52
5.23724e-52
8.60715e-52
1.41356e-51
2.31988e-51
3.80462e-51
6.23523e-51
1.02115e-50
1.67115e-50
2.73298e-50
4.46631e-50
7.29376e-50
1.19026e-49
1.941e-49
3.16296e-49
5.15052e-49
8.38096e-49
1.36277e-48
2.21429e-48
3.59527e-48
5.83327e-48
9.45744e-48
1.5322e-47
2.48051e-47
4.01276e-47
6.48671e-47
1.04781e-46
1.69129e-46
2.72792e-46
4.39661e-46
7.08074e-46
1.1395e-45
1.83239e-45
2.9444e-45
4.72765e-45
7.58513e-45
1.21605e-44
1.94807e-44
3.11836e-44
4.98785e-44
7.97197e-44
1.27316e-43
2.03171e-43
3.23969e-43
5.16186e-43
8.21807e-43
1.30735e-42
2.07814e-42
3.30076e-42
5.23852e-42
8.3073e-42
1.31633e-41
2.08413e-41
3.29714e-41
5.21197e-41
8.23221e-41
1.29922e-40
2.04878e-40
3.22817e-40
5.08235e-40
7.995e-40
1.25666e-39
1.97361e-39
3.09704e-39
4.85596e-39
7.60753e-39
1.19084e-38
1.86252e-38
2.91062e-38
4.54474e-38
7.09034e-38
1.10525e-37
1.72142e-37
2.67885e-37
4.16523e-37
6.47086e-37
1.00442e-36
1.55774e-36
2.41381e-36
3.73714e-36
5.78096e-36
8.9348e-36
1.37973e-35
2.12875e-35
3.28153e-35
5.05416e-35
7.77752e-35
1.19578e-34
1.83687e-34
2.81917e-34
4.32293e-34
6.62293e-34
1.01376e-33
1.55035e-33
2.36884e-33
3.6162e-33
5.51539e-33
8.40441e-33
1.27951e-32
1.9462e-32
2.95756e-32
4.49038e-32
6.81135e-32
1.03225e-31
1.56291e-31
2.3642e-31
3.57298e-31
5.39476e-31
8.13784e-31
1.22642e-30
1.84656e-30
2.77765e-30
4.17429e-30
6.26725e-30
9.40068e-30
1.40873e-29
2.10903e-29
3.15443e-29
4.7135e-29
7.03636e-29
1.04938e-28
1.5635e-28
2.32725e-28
3.4607e-28
5.14116e-28
7.63016e-28
1.13131e-27
1.67571e-27
2.47964e-27
3.66564e-27
5.41351e-27
7.98687e-27
1.17717e-26
1.73329e-26
2.54955e-26
3.74645e-26
5.49969e-26
8.06524e-26
1.18156e-25
1.72922e-25
2.52816e-25
3.69243e-25
5.38735e-25
7.8522e-25
1.1433e-24
1.66294e-24
2.41626e-24
3.5072e-24
5.08537e-24
7.36598e-24
1.06582e-23
1.54056e-23
2.22441e-23
3.20843e-23
4.62285e-23
6.65372e-23
9.56656e-23
1.37399e-22
1.97126e-22
2.82512e-22
4.04447e-22
5.78385e-22
8.26231e-22
1.179e-21
1.68055e-21
2.39285e-21
3.40332e-21
4.83517e-21
6.86187e-21
9.72732e-21
1.37741e-20
1.94827e-20
2.75265e-20
3.88478e-20
5.47642e-20
7.7115e-20
1.08465e-19
1.52389e-19
2.13857e-19
2.99777e-19
4.1974e-19
5.87038e-19
8.20077e-19
1.14431e-18
1.5949e-18
2.22035e-18
3.0875e-18
4.28833e-18
5.94928e-18
8.24393e-18
1.14103e-17
1.57742e-17
2.17815e-17
3.00412e-17
4.1384e-17
5.69421e-17
7.82561e-17
1.0742e-16
1.47277e-16
2.0168e-16
2.75847e-16
3.76836e-16
5.14176e-16
7.00721e-16
9.53788e-16
1.29667e-15
1.76068e-15
2.3878e-15
3.23432e-15
4.37557e-15
5.91223e-15
7.97869e-15
1.07541e-14
1.4477e-14
1.94644e-14
2.61373e-14
3.50541e-14
4.69539e-14
6.28144e-14
8.39266e-14
1.11993e-13
1.49256e-13
1.98666e-13
2.64095e-13
3.50626e-13
4.64914e-13
6.15665e-13
8.14251e-13
1.07551e-12
1.41875e-12
1.86912e-12
2.45927e-12
3.23155e-12
4.2408e-12
5.558e-12
7.27479e-12
9.50938e-12
1.2414e-11
1.61846e-11
2.10725e-11
2.74002e-11
3.55809e-11
4.61425e-11
5.97595e-11
7.72916e-11
9.98334e-11
1.28776e-10
1.65887e-10
2.13404e-10
2.74162e-10
3.51741e-10
4.50661e-10
5.76615e-10
7.36767e-10
9.40116e-10
1.19795e-09
1.5244e-09
1.93715e-09
2.45827e-09
3.11528e-09
3.94243e-09
4.98229e-09
6.28769e-09
7.92409e-09
9.97246e-09
1.25328e-08
1.57285e-08
1.97114e-08
2.46682e-08
3.08281e-08
3.84719e-08
4.79432e-08
5.96618e-08
7.41396e-08
9.19998e-08
1.14e-07
1.41061e-07
1.74295e-07
2.15053e-07
2.64961e-07
3.25984e-07
4.00485e-07
4.91305e-07
6.01851e-07
7.36208e-07
8.99256e-07
1.09682e-06
1.33586e-06
1.62463e-06
1.97294e-06
2.39244e-06
2.89691e-06
3.50263e-06
4.22881e-06
5.09806e-06
6.13697e-06
7.37676e-06
8.85396e-06
1.06113e-05
1.26988e-05
1.51744e-05
1.81059e-05
2.15717e-05
2.5663e-05
3.04848e-05
3.6159e-05
4.28255e-05
5.06457e-05
5.98048e-05
7.0515e-05
8.30193e-05
9.75951e-05
0.000114559
0.00013427
0.000157136
0.000183622
0.000214251
0.000249614
0.000290378
0.000337292
0.000391196
0.000453034
0.000523858
0.000604843
0.000697298
0.000802675
0.000922586
0.00105882
0.00121333
0.0013883
0.00158611
0.00180937
0.00206096
0.00234399
0.00266187
0.00301832
0.00341735
0.00386331
0.00436091
0.00491519
0.00553161
0.00621598
0.00697455
0.00781396
0.00874129
0.00976403
0.0108901
0.012128
0.0134864
0.0149746
0.0166022
0.0183795
0.0203168
0.022425
0.0247154
0.0271996
0.0298893
0.0327967
0.0359341
0.039314
0.042949
0.0468517
0.0510348
0.0555108
0.0602921
0.0653909
0.0708189
0.0765878
0.0827084
0.0891912
0.0960458
0.103281
0.110906
0.118927
0.12735
0.136181
0.145423
0.15508
0.165151
0.175638
0.186539
0.19785
0.209568
0.221685
0.234194
0.247085
0.260348
0.273969
0.287934
0.302228
0.316832
0.331729
0.346897
0.362316
0.377961
0.39381
0.409838
0.426017
0.442322
0.458726
0.475199
0.491715
0.508245
0.52476
0.541231
0.557631
0.573931
0.590104
0.606124
0.621963
0.637597
0.653001
0.668153
0.683031
0.697613
0.711881
0.725816
0.739402
0.752624
0.765468
0.777924
0.789979
0.801625
0.812856
0.823664
0.834046
0.843998
0.853518
0.862606
0.871262
0.879487
0.887285
0.894658
0.90161
0.908147
0.914273
0.919995
0.925318
0.930248
0.934793
0.938958
0.942749
0.946174
0.949237
0.951945
0.954302
0.956313
0.957983
0.959314
0.96031
0.960973
0.961304
0.961304
0.960973
0.96031
0.959314
0.957983
0.956313
0.954302
0.951945
0.949237
0.946174
0.942749
0.938958
0.934793
0.930248
0.925318
0.919995
0.914273
0.908147
0.90161
0.894658
0.887285
0.879487
0.871262
0.862606
0.853518
0.843998
0.834046
0.823664
0.812856
0.801625
0.789979
0.777924
0.765468
0.752624
0.739402
0.725816
0.711881
0.697613
0.683031
0.668153
0.653001
0.637597
0.621963
0.606124
0.590104
0.573931
0.557631
0.541231
0.52476
0.508245
0.491715
0.475199
0.458726
0.442322
0.426017
0.409838
0.39381
0.377961
0.362316
0.346897
0.331729
0.316832
0.302228
0.287934
0.273969
0.260348
0.247085
0.234194
0.221685
0.209568
0.19785
0.186539
0.175638
0.165151
0.15508
0.145423
0.136181
0.12735
0.118927
0.110906
0.103281
0.0960458
0.0891912
0.0827084
0.0765878
0.0708189
0.0653909
0.0602921
0.0555108
0.0510348
0.0468517
0.042949
0.039314
0.0359341
0.0327967
0.0298893
0.0271996
0.0247154
0.022425
0.0203168
0.0183795
0.0166022
0.0149746
0.0134864
0.012128
0.0108901
0.00976403
0.00874129
0.00781396
0.00697455
0.00621598
0.00553161
0.00491519
0.00436091
0.00386331
0.00341735
0.00301832
0.00266187
0.00234399
0.00206096
0.00180937
0.00158611
0.0013883
0.00121333
0.00105882
0.000922586
0.000802675
0.000697298
0.000604843
0.000523858
0.000453034
0.000391196
0.000337292
0.000290378
0.000249614
0.000214251
0.000183622
0.000157136
0.00013427
0.000114559
9.75951e-05
8.30193e-05
7.0515e-05
5.98048e-05
5.06457e-05
4.28255e-05
3.6159e-05
3.04848e-05
2.5663e-05
2.15717e-05
1.81059e-05
1.51744e-05
1.26988e-05
1.06113e-05
8.85396e-06
7.37676e-06
6.13697e-06
5.09806e-06
4.22881e-06
3.50263e-06
2.89691e-06
2.39244e-06
1.97294e-06
1.62463e-06
1.33586e-06
1.09682e-06
8.99256e-07
7.36208e-07
6.01851e-07
4.91305e-07
4.00485e-07
3.25984e-07
2.64961e-07
2.15053e-07
1.74295e-07
1.41061e-07
1.14e-07
9.19998e-08
7.41396e-08
5.96618e-08
4.79432e-08
3.84719e-08
3.08281e-08
2.46682e-08
1.97114e-08
1.57285e-08
1.25328e-08
9.97246e-09
7.92409e-09
6.28769e-09
4.98229e-09
3.94243e-09
3.11528e-09
2.45827e-09
1.93715e-09
1.5244e-09
1.19795e-09
9.40116e-10
7.36767e-10
5.76615e-10
4.50661e-10
3.51741e-10
2.74162e-10
2.13404e-10
1.65887e-10
1.28776e-10
9.98334e-11
7.72916e-11
5.97595e-11
4.61425e-11
3.55809e-11
2.74002e-11
2.10725e-11
1.61846e-11
1.2414e-11
9.50938e-12
7.27479e-12
5.558e-12
4.2408e-12
3.23155e-12
2.45927e-12
1.86912e-12
1.41875e-12
1.07551e-12
8.14251e-13
6.15665e-13
4.64914e-13
3.50626e-13
2.64095e-13
1.98666e-13
1.49256e-13
1.11993e-13
8.39266e-14
6.28144e-14
4.69539e-14
3.50541e-14
2.61373e-14
1.94644e-14
1.4477e-14
1.07541e-14
7.97869e-15
5.91223e-15
4.37557e-15
3.23432e-15
2.3878e-15
1.76068e-15
1.29667e-15
9.53788e-16
7.00721e-16
5.14176e-16
3.76836e-16
2.75847e-16
2.0168e-16
1.47277e-16
1.0742e-16
7.82561e-17
5.69421e-17
4.1384e-17
3.00412e-17
2.17815e-17
1.57742e-17
1.14103e-17
8.24393e-18
5.94928e-18
4.28833e-18
3.0875e-18
2.22035e-18
1.5949e-18
1.14431e-18
8.20077e-19
5.87038e-19
4.1974e-19
2.99777e-19
2.13857e-19
1.52389e-19
1.08465e-19
7.7115e-20
5.47642e-20
3.88478e-20
2.75265e-20
1.94827e-20
1.37741e-20
9.72732e-21
6.86187e-21
4.83517e-21
3.40332e-21
2.39285e-21
1.68055e-21
1.179e-21
8.26231e-22
5.78385e-22
4.04447e-22
2.82512e-22
1.97126e-22
1.37399e-22
9.56656e-23
6.65372e-23
4.62285e-23
3.20843e-23
2.22441e-23
1.54056e-23
1.06582e-23
7.36598e-24
5.08537e-24
3.5072e-24
2.41626e-24
1.66294e-24
1.1433e-24
7.8522e-25
5.38735e-25
3.69243e-25
2.52816e-25
1.72922e-25
1.18156e-25
8.06524e-26
5.49969e-26
3.74645e-26
2.54955e-26
1.73329e-26
1.17717e-26
7.98687e-27
5.41351e-27
3.66564e-27
2.47964e-27
1.67571e-27
1.13131e-27
7.63016e-28
5.14116e-28
3.4607e-28
2.32725e-28
1.5635e-28
1.04938e-28
7.03636e-29
4.7135e-29
3.15443e-29
2.10903e-29
1.40873e-29
9.40068e-30
6.26725e-30
4.17429e-30
2.77765e-30
1.84656e-30
1.22642e-30
8.13784e-31
5.39476e-31
3.57298e-31
2.3642e-31
1.56291e-31
1.03225e-31
6.81135e-32
4.49038e-32
2.95756e-32
1.9462e-32
1.27951e-32
8.40441e-33
5.51539e-33
3.6162e-33
2.36884e-33
1.55035e-33
1.01376e-33
6.62293e-34
4.32293e-34
2.81917e-34
1.83687e-34
1.19578e-34
7.77752e-35
5.05416e-35
3.28153e-35
2.12875e-35
1.37973e-35
8.9348e-36
5.78096e-36
3.73714e-36
2.41381e-36
1.55774e-36
1.00442e-36
6.47086e-37
4.16523e-37
2.67885e-37
1.72142e-37
1.10525e-37
7.09034e-38
4.54474e-38
2.91062e-38
1.86252e-38
1.19084e-38
7.60753e-39
4.85596e-39
3.09704e-39
1.97361e-39
1.25666e-39
7.995e-40
5.08235e-40
3.22817e-40
2.04878e-40
1.29922e-40
8.23221e-41
5.21197e-41
3.29714e-41
2.08413e-41
1.31633e-41
8.3073e-42
5.23852e-42
3.30076e-42
2.07814e-42
1.30735e-42
8.21807e-43
5.16186e-43
3.23969e-43
2.03171e-43
1.27316e-43
7.97197e-44
4.98785e-44
3.11836e-44
1.94807e-44
1.21605e-44
7.58513e-45
4.72765e-45
2.9444e-45
1.83239e-45
1.1395e-45
7.08074e-46
4.39661e-46
2.72792e-46
1.69129e-46
1.04781e-46
6.48671e-47
4.01276e-47
2.48051e-47
1.5322e-47
9.45744e-48
5.83327e-48
3.59527e-48
2.21429e-48
1.36277e-48
8.38096e-49
5.15052e-49
3.16296e-49
1.941e-49
1.19026e-49
7.29376e-50
4.46631e-50
2.73298e-50
1.67115e-50
1.02115e-50
6.23523e-51
3.80462e-51
2.31988e-51
1.41356e-51
8.60715e-52
5.23724e-52
3.18451e-52
1.93501e-52
1.17496e-52
7.12954e-53
4.32317e-53
2.61966e-53
1.58632e-53
9.59933e-54
5.80491e-54
3.50796e-54
2.11846e-54
1.27848e-54
7.71032e-55
4.64687e-55
2.79871e-55
1.68448e-55
1.01317e-55
6.08994e-56
3.65809e-56
2.19589e-56
1.31728e-56
7.89699e-57
4.73108e-57
2.83253e-57
1.69475e-57
1.01334e-57
6.05512e-58
3.61584e-58
2.15782e-58
1.28689e-58
7.6699e-59
4.56835e-59
2.71927e-59
1.61759e-59
9.61631e-60
5.71313e-60
3.39207e-60
2.01272e-60
1.19353e-60
7.07321e-61
4.1894e-61
2.48018e-61
1.46803e-61
8.69483e-62
5.16521e-62
3.09814e-62
1.91063e-62
1.26705e-62
9.85208e-63
)
;

boundaryField
{
    sides
    {
        type            zeroGradient;
    }
    empty
    {
        type            empty;
    }
}


// ************************************************************************* //
