/*--------------------------------*- C++ -*----------------------------------*\
  =========                 |
  \\      /  F ield         | OpenFOAM: The Open Source CFD Toolbox
   \\    /   O peration     | Website:  https://openfoam.org
    \\  /    A nd           | Version:  7
     \\/     M anipulation  |
\*---------------------------------------------------------------------------*/
FoamFile
{
    version     2.0;
    format      ascii;
    class       volScalarField;
    location    "2.89";
    object      T;
}
// * * * * * * * * * * * * * * * * * * * * * * * * * * * * * * * * * * * * * //

dimensions      [0 0 0 1 0 0 0];

internalField   nonuniform List<scalar> 
1000
(
0
0
0
0
0
0
0
0
0
0
0
0
0
0
0
0
0
0
0
0
0
0
0
0
0
0
0
0
0
0
0
0
0
0
0
0
0
0
0
0
0
0
0
0
0
0
0
0
0
0
0
0
0
0
0
0
0
0
0
0
0
0
0
0
0
0
0
0
0
0
0
0
0
0
0
0
0
0
0
0
0
0
0
0
0
0
0
0
0
0
0
0
0
0
0
0
0
0
0
0
0
0
0
0
0
0
0
0
0
0
0
0
0
0
0
0
0
0
0
0
0
0
0
0
0
0
0
0
0
0
0
0
0
0
0
0
0
0
0
0
0
0
0
0
0
0
0
0
0
0
0
0
0
0
0
0
0
0
0
0
0
-1.30103e-225
8.7603e-223
-2.92946e-220
6.48637e-218
-1.06974e-215
1.40158e-213
-1.51952e-211
1.40199e-209
-1.1237e-207
7.94736e-206
-5.02134e-204
2.86262e-202
-1.48462e-200
7.05275e-199
-3.08692e-197
1.25109e-195
-4.71562e-194
1.65929e-192
-5.46881e-191
1.69332e-189
-4.93868e-188
1.35999e-186
-3.54356e-185
8.75306e-184
-2.05329e-182
4.5814e-181
-9.73706e-180
1.97382e-178
-3.82081e-177
7.07041e-176
-1.252e-174
2.12339e-173
-3.45206e-172
5.38359e-171
-8.05945e-170
1.15889e-168
-1.60148e-167
2.12789e-166
-2.71963e-165
3.34474e-164
-3.95948e-163
4.51279e-162
-4.95297e-161
5.23545e-160
-5.33014e-159
5.22658e-158
-4.93583e-157
4.48848e-156
-3.92947e-155
3.31068e-154
-2.68324e-153
2.09079e-152
-1.56517e-151
1.12465e-150
-7.74812e-150
5.11075e-149
-3.22193e-148
1.93693e-147
-1.10717e-146
5.9943e-146
-3.05757e-145
1.4582e-144
-6.42667e-144
2.56661e-143
-8.94171e-143
2.47171e-142
-3.51598e-142
-1.51953e-141
1.68026e-140
-9.50427e-140
3.96175e-139
-1.22445e-138
2.11923e-138
4.59777e-138
-6.12569e-137
3.20285e-136
-1.10377e-135
2.16646e-135
2.52726e-135
-4.47981e-134
2.23828e-133
-6.65191e-133
7.33131e-133
4.68418e-132
-3.4554e-131
1.22479e-130
-2.00744e-130
-4.93455e-130
4.91233e-129
-1.81683e-128
2.92771e-128
7.42117e-128
-6.84498e-127
2.28655e-126
-2.57142e-126
-1.40903e-125
8.95904e-125
-2.30151e-124
6.53532e-126
2.41317e-123
-9.88391e-123
1.45596e-122
4.38144e-122
-3.16701e-121
7.67584e-121
2.53961e-121
-8.42808e-120
2.80782e-119
-1.96374e-119
-1.96062e-118
8.59366e-118
-1.10689e-117
-4.14652e-117
2.3608e-116
-3.92687e-116
-8.36377e-116
6.04716e-115
-1.13835e-114
-1.72435e-114
1.47722e-113
-2.88736e-113
-3.91252e-113
3.47909e-112
-6.54202e-112
-9.97657e-112
7.90217e-111
-1.31723e-110
-2.71153e-110
1.7153e-109
-2.2759e-109
-7.30362e-109
3.49766e-108
-3.02499e-108
-1.85179e-107
6.52913e-107
-1.6623e-107
-4.28578e-106
1.07113e-105
6.58139e-106
-8.85077e-105
1.42182e-104
3.06737e-104
-1.58796e-103
1.14835e-103
8.24612e-103
-2.36077e-102
-8.41563e-103
1.68066e-101
-2.57562e-101
-5.95223e-101
2.68228e-100
-1.01817e-100
-1.47777e-99
3.13514e-99
3.71393e-99
-2.49289e-98
1.81165e-98
1.18422e-97
-2.90491e-97
-2.42558e-97
2.03567e-96
-1.62169e-96
-9.16197e-96
2.21372e-95
2.00101e-95
-1.49535e-94
9.19611e-95
6.89457e-94
-1.38892e-93
-1.91036e-93
9.73369e-93
-1.89491e-93
-4.83886e-92
6.67668e-92
1.70724e-91
-5.3238e-91
-2.69882e-91
2.95467e-90
-1.8071e-90
-1.26524e-89
2.17391e-89
3.95384e-89
-1.4313e-88
-5.14363e-89
7.25135e-88
-4.22916e-88
-2.99774e-87
4.57892e-87
9.82617e-87
-2.90463e-86
-2.06505e-86
1.46595e-85
-2.22118e-86
-6.29988e-85
5.63492e-85
2.33141e-84
-4.06946e-84
-7.19422e-84
2.20865e-83
1.60125e-83
-1.02553e-82
-3.63259e-84
4.25097e-82
-2.31077e-82
-1.59764e-81
1.80193e-81
5.4464e-81
-9.9453e-81
-1.65742e-80
4.68814e-80
4.28075e-80
-2.00078e-79
-7.81117e-80
7.9371e-79
-2.08815e-80
-2.96931e-78
1.16781e-78
1.05692e-77
-7.84514e-78
-3.60086e-77
3.94364e-77
1.17921e-76
-1.73413e-76
-3.72402e-76
7.02587e-76
1.1373e-75
-2.6875e-75
-3.36801e-75
9.84057e-75
9.70328e-75
-3.47964e-74
-2.73201e-74
1.1954e-73
7.56918e-74
-4.00725e-73
-2.08527e-73
1.31496e-72
5.79828e-73
-4.23352e-72
-1.65743e-72
1.33929e-71
4.95546e-72
-4.16676e-71
-1.56362e-71
1.27511e-70
5.18518e-71
-3.83631e-70
-1.7803e-70
1.13345e-69
6.2122e-70
-3.28245e-69
-2.16728e-69
9.29236e-69
7.46984e-69
-2.56184e-68
-2.52338e-68
6.84238e-68
8.3117e-68
-1.75726e-67
-2.66017e-67
4.28997e-67
8.24987e-67
-9.76431e-67
-2.47274e-66
1.99423e-66
7.14226e-66
-3.31157e-66
-1.98064e-65
2.74574e-66
5.24651e-65
9.75701e-66
-1.31753e-64
-7.01296e-65
3.0997e-64
2.89957e-64
-6.69128e-64
-9.80799e-64
1.27012e-63
2.93129e-63
-1.88804e-63
-7.93627e-63
1.09611e-63
1.95599e-62
6.33033e-63
-4.34684e-62
-3.57016e-62
8.45185e-62
1.25295e-61
-1.32189e-61
-3.57009e-61
1.14204e-61
8.73845e-61
2.20102e-61
-1.84248e-60
-1.53707e-60
3.2082e-60
5.27851e-60
-3.89942e-60
-1.38919e-59
-8.67666e-62
2.99381e-59
1.91975e-59
-5.15264e-59
-7.44513e-59
5.93268e-59
1.96183e-58
1.0136e-59
-4.00123e-58
-3.01683e-58
6.06721e-58
1.05302e-57
-4.63108e-58
-2.46878e-57
-9.18385e-58
4.23585e-57
5.076e-57
-4.4302e-57
-1.34647e-56
-2.04411e-57
2.45607e-56
2.39526e-56
-2.75949e-56
-6.88914e-56
-5.36922e-57
1.26182e-55
1.18715e-55
-1.33914e-55
-3.39767e-55
-5.24841e-56
5.82462e-55
6.24911e-55
-4.96945e-55
-1.6018e-54
-5.92584e-55
2.34213e-54
3.30031e-54
-1.0304e-54
-6.90158e-54
-4.93244e-54
7.35534e-54
1.60576e-53
3.25209e-54
-2.48219e-53
-3.11571e-53
1.08778e-53
6.53288e-53
5.01022e-53
-5.90403e-53
-1.49169e-52
-6.05813e-53
1.87719e-52
3.09287e-52
2.58295e-53
-4.92279e-52
-5.98631e-52
1.43786e-52
1.16448e-51
1.10609e-51
-6.45483e-52
-2.58941e-51
-1.997e-51
1.88551e-51
5.54702e-51
3.62251e-51
-4.65628e-51
-1.16333e-50
-6.81461e-51
1.04119e-50
2.41294e-50
1.36628e-50
-2.15903e-50
-4.9739e-50
-2.94826e-50
4.16287e-50
1.01858e-49
6.75736e-50
-7.33705e-50
-2.06096e-49
-1.6007e-49
1.12012e-49
4.07695e-49
3.80858e-49
-1.2266e-49
-7.75462e-49
-8.88987e-49
-1.99256e-50
1.38097e-48
1.99693e-48
6.72644e-49
-2.1911e-48
-4.23767e-48
-2.70994e-48
2.72612e-48
8.29802e-48
7.98999e-48
-1.1979e-48
-1.44083e-47
-1.98109e-47
-7.25781e-48
2.02179e-47
4.2393e-47
3.32992e-47
-1.54284e-47
-7.65375e-47
-9.51715e-47
-2.85147e-47
1.05333e-46
2.11974e-46
1.71115e-46
-6.12545e-47
-3.69003e-46
-4.99038e-46
-2.25801e-46
4.21869e-46
1.04816e-45
1.05523e-45
8.16198e-47
-1.53779e-45
-2.69128e-45
-2.06168e-45
8.10223e-46
4.64274e-45
6.57667e-45
3.80084e-45
-3.97717e-45
-1.28728e-44
-1.58207e-44
-6.81184e-45
1.34283e-44
3.42619e-44
3.84355e-44
1.26572e-44
-3.92076e-44
-8.95706e-44
-9.60813e-44
-2.74463e-44
1.05132e-43
2.32588e-43
2.49573e-43
7.65926e-44
-2.62887e-43
-6.01281e-43
-6.73058e-43
-2.61897e-43
6.05632e-43
1.5388e-42
1.86474e-42
9.67438e-43
-1.22029e-42
-3.8447e-42
-5.21657e-42
-3.55277e-42
1.78407e-42
9.14593e-42
1.44241e-41
1.25143e-41
3.41503e-43
-1.97586e-41
-3.84313e-41
-4.15981e-41
-1.73572e-41
3.45126e-41
9.53313e-41
1.28757e-40
9.46153e-41
-2.6434e-41
-2.07255e-40
-3.63816e-40
-3.75773e-40
-1.43158e-40
3.35828e-40
9.03026e-40
1.24336e-39
9.89591e-40
-7.58849e-41
-1.78989e-39
-3.47359e-39
-4.03534e-39
-2.39214e-39
1.85385e-39
7.73875e-39
1.26681e-38
1.2966e-38
5.41573e-39
-1.0511e-38
-3.06271e-38
-4.55156e-38
-4.2763e-38
-1.23474e-38
4.59589e-38
1.16159e-37
1.64837e-37
1.49141e-37
3.52099e-38
-1.76731e-37
-4.30349e-37
-6.08392e-37
-5.58574e-37
-1.55438e-37
6.12645e-37
1.5624e-36
2.28781e-36
2.23444e-36
9.01502e-37
-1.85307e-36
-5.49897e-36
-8.66955e-36
-9.32911e-36
-5.39869e-36
4.18439e-36
1.82338e-35
3.24217e-35
3.93984e-35
3.05235e-35
-6.03791e-37
-5.33923e-35
-1.1583e-34
-1.62762e-34
-1.59508e-34
-7.25545e-35
1.13133e-34
3.74149e-34
6.33778e-34
7.6268e-34
6.05116e-34
3.54422e-35
-9.61317e-34
-2.20611e-33
-3.27628e-33
-3.53523e-33
-2.28093e-33
9.74098e-34
6.12895e-33
1.2131e-32
1.67924e-32
1.6989e-32
9.41418e-33
-8.06652e-33
-3.46408e-32
-6.48393e-32
-8.76685e-32
-8.75382e-32
-4.78145e-32
4.2704e-32
1.81107e-31
3.41609e-31
4.70296e-31
4.87981e-31
3.05595e-31
-1.45501e-31
-8.70281e-31
-1.76241e-30
-2.56834e-30
-2.88558e-30
-2.21986e-30
-1.19563e-31
3.6114e-30
8.65032e-30
1.39093e-29
1.74128e-29
1.64329e-29
8.01339e-30
-1.00434e-29
-3.77718e-29
-7.1452e-29
-1.02295e-28
-1.16089e-28
-9.46147e-29
-1.95821e-29
1.20569e-28
3.21408e-28
5.52389e-28
7.48853e-28
8.10558e-28
6.11905e-28
2.86871e-29
-1.01613e-27
-2.4898e-27
-4.17996e-27
-5.63618e-27
-6.15133e-27
-4.81767e-27
-6.9313e-28
6.89841e-27
1.79354e-26
3.11833e-26
4.37042e-26
5.05711e-26
4.50283e-26
1.93719e-26
-3.32043e-26
-1.15684e-25
-2.23359e-25
-3.39549e-25
-4.31946e-25
-4.51193e-25
-3.33767e-25
-1.14771e-26
5.7048e-25
1.42605e-24
2.49278e-24
3.593e-24
4.40066e-24
4.42822e-24
3.05201e-24
-4.02546e-25
-6.49614e-24
-1.54197e-23
-2.66529e-23
-3.85708e-23
-4.80719e-23
-5.03471e-23
-3.89626e-23
-6.46659e-24
5.42548e-23
1.4768e-22
2.72334e-22
4.16583e-22
5.54005e-22
6.39257e-22
6.05911e-22
3.68327e-22
-1.69883e-22
-1.09802e-21
-2.46861e-21
-4.25447e-21
-6.29356e-21
-8.22624e-21
-9.43493e-21
-9.00334e-21
-5.72013e-21
1.84004e-21
1.51187e-20
3.52183e-20
6.23546e-20
9.5102e-20
1.29452e-19
1.57768e-19
1.67795e-19
1.42012e-19
5.77237e-20
-1.11549e-19
-3.927e-19
-8.06937e-19
-1.36022e-18
-2.02968e-18
-2.74603e-18
-3.37254e-18
-3.68289e-18
-3.34136e-18
-1.89192e-18
1.23483e-18
6.6845e-18
1.50957e-17
2.69528e-17
4.23552e-17
6.06857e-17
8.01679e-17
9.73157e-17
1.06301e-16
9.83061e-17
6.09677e-17
-2.18904e-17
-1.69975e-16
-4.05308e-16
-7.49575e-16
-1.21944e-15
-1.81911e-15
-2.52933e-15
-3.29222e-15
-3.99131e-15
-4.42668e-15
-4.28608e-15
-3.11375e-15
-2.80992e-16
5.03518e-15
1.3855e-14
2.73654e-14
4.68356e-14
7.34494e-14
1.08018e-13
1.50529e-13
1.99468e-13
2.50865e-13
2.96978e-13
3.24562e-13
3.1266e-13
2.29901e-13
3.13226e-14
-3.45145e-13
-9.82264e-13
-1.98665e-12
-3.49072e-12
-5.65205e-12
-8.64844e-12
-1.26657e-11
-1.78742e-11
-2.43894e-11
-3.22071e-11
-4.11061e-11
-5.05018e-11
-5.92353e-11
-6.5274e-11
-6.52936e-11
-5.41046e-11
-2.38738e-11
3.69187e-11
1.44864e-10
3.23446e-10
6.05407e-10
1.03582e-09
1.676e-09
2.60855e-09
3.94365e-09
5.82704e-09
8.44997e-09
1.20616e-08
1.69841e-08
2.36319e-08
3.25341e-08
4.43626e-08
5.99664e-08
8.04119e-08
1.07032e-07
1.41486e-07
1.85826e-07
2.42585e-07
3.14868e-07
4.06473e-07
5.22023e-07
6.67122e-07
8.48538e-07
1.07442e-06
1.35453e-06
1.70054e-06
2.12635e-06
2.64844e-06
3.28632e-06
4.06298e-06
5.00545e-06
6.14539e-06
7.51978e-06
9.17171e-06
1.11512e-05
1.35162e-05
1.63336e-05
1.96803e-05
2.3645e-05
2.83288e-05
3.38475e-05
4.0333e-05
4.79351e-05
5.68237e-05
6.71908e-05
7.9253e-05
9.32541e-05
0.000109468
0.0001282
0.000149794
0.00017463
0.000203134
0.000235775
0.000273074
0.000315608
0.000364011
0.00041898
0.00048128
0.000551749
0.000631303
0.00072094
0.000821745
0.000934897
0.00106167
0.00120345
0.00136173
0.00153809
0.00173428
0.00195213
0.00219361
0.00246085
0.00275607
0.00308169
0.00344021
0.00383434
0.00426691
0.00474092
0.0052595
0.00582596
0.00644378
0.00711658
0.00784813
0.00864238
0.00950342
0.0104355
0.011443
0.0125305
0.0137025
0.0149641
0.0163199
0.0177752
0.0193349
0.0210044
0.0227889
0.0246939
0.0267247
0.0288867
0.0311856
0.0336268
0.0362157
0.0389578
0.0418585
0.0449231
0.0481569
0.0515651
0.0551525
0.0589242
0.0628847
0.0670386
0.0713902
0.0759434
0.0807022
0.08567
0.0908501
0.0962454
0.101858
0.107691
0.113746
0.120024
0.126527
0.133255
0.140208
0.147386
0.15479
0.162411
0.170281
0.178262
0.186906
0.193953
0.208524
)
;

boundaryField
{
    sides
    {
        type            zeroGradient;
    }
    empty
    {
        type            empty;
    }
}


// ************************************************************************* //
