/*--------------------------------*- C++ -*----------------------------------*\
  =========                 |
  \\      /  F ield         | OpenFOAM: The Open Source CFD Toolbox
   \\    /   O peration     | Website:  https://openfoam.org
    \\  /    A nd           | Version:  7
     \\/     M anipulation  |
\*---------------------------------------------------------------------------*/
FoamFile
{
    version     2.0;
    format      ascii;
    class       volScalarField;
    location    "2.12";
    object      T;
}
// * * * * * * * * * * * * * * * * * * * * * * * * * * * * * * * * * * * * * //

dimensions      [0 0 0 1 0 0 0];

internalField   nonuniform List<scalar> 
1000
(
0
0
0
0
0
0
0
0
0
0
0
0
0
0
0
0
0
0
0
0
0
0
0
0
0
0
0
0
0
0
0
0
0
0
0
0
0
0
0
0
0
0
0
0
0
0
0
0
0
0
0
0
0
0
0
0
0
0
0
0
0
0
0
0
0
0
0
0
0
0
0
0
0
0
0
0
0
0
0
0
0
0
0
0
0
0
0
0
0
0
0
0
0
0
0
0
0
0
0
0
0
0
0
0
0
0
0
0
0
0
0
0
0
0
0
0
0
0
0
0
0
0
0
0
0
0
0
0
0
0
0
0
0
0
0
0
0
0
0
0
0
0
0
0
0
0
0
0
0
0
0
0
0
0
0
0
0
0
0
0
0
0
0
0
0
0
0
0
0
0
0
0
0
0
0
0
0
0
0
0
0
0
0
0
0
0
0
0
0
0
0
0
0
0
0
0
0
0
0
0
0
0
0
0
0
0
0
0
0
0
0
0
0
0
0
0
0
0
0
0
0
0
0
0
0
0
0
0
0
0
0
0
0
0
0
0
0
0
3.50689e-192
-3.34207e-189
1.58255e-186
-4.96442e-184
1.16058e-181
-2.15668e-179
3.31822e-177
-4.34753e-175
4.95143e-173
-4.97946e-171
4.47682e-169
-3.63437e-167
2.68622e-165
-1.82014e-163
1.13728e-161
-6.58606e-160
3.55046e-158
-1.7886e-156
8.44868e-155
-3.75338e-153
1.57249e-151
-6.22785e-150
2.33684e-148
-8.32382e-147
2.81973e-145
-9.09918e-144
2.80134e-142
-8.23959e-141
2.31834e-139
-6.24734e-138
1.61412e-136
-4.00261e-135
9.53508e-134
-2.18403e-132
4.81395e-131
-1.02183e-129
2.09027e-128
-4.12338e-127
7.8487e-126
-1.4424e-124
2.56061e-123
-4.39329e-122
7.28825e-121
-1.16958e-119
1.81626e-118
-2.73042e-117
3.97493e-116
-5.60548e-115
7.65952e-114
-1.0144e-112
1.30236e-111
-1.6213e-110
1.95741e-109
-2.29223e-108
2.60403e-107
-2.87011e-106
3.06936e-105
-3.18511e-104
3.20732e-103
-3.13405e-102
2.97172e-101
-2.73418e-100
2.4408e-99
-2.11385e-98
1.77581e-97
-1.44683e-96
1.14299e-95
-8.75314e-95
6.49595e-94
-4.67007e-93
3.25104e-92
-2.19041e-91
1.42752e-90
-8.99313e-90
5.4723e-89
-3.21344e-88
1.81907e-87
-9.91426e-87
5.1946e-86
-2.61177e-85
1.25729e-84
-5.77883e-84
2.52686e-83
-1.04613e-82
4.07362e-82
-1.47766e-81
4.91729e-81
-1.46098e-80
3.65647e-80
-6.43862e-80
-4.19657e-81
6.89868e-79
-3.85829e-78
1.44427e-77
-4.01523e-77
7.22977e-77
1.08951e-77
-7.4566e-76
3.63628e-75
-1.09381e-74
1.9311e-74
7.96604e-75
-2.09741e-73
8.81169e-73
-2.0872e-72
1.49782e-72
1.13832e-71
-6.02685e-71
1.52656e-70
-1.1873e-70
-7.715e-70
3.93219e-69
-8.76312e-69
1.67566e-69
6.18001e-68
-2.32803e-67
3.439e-67
5.67836e-67
-4.44484e-66
1.04098e-65
-1.24266e-66
-7.05867e-65
2.25982e-64
-1.86661e-64
-1.01412e-63
4.20548e-63
-5.00962e-63
-1.43372e-62
7.19944e-62
-9.64348e-62
-2.17746e-61
1.17054e-60
-1.51305e-60
-3.70168e-60
1.81738e-59
-1.92012e-59
-6.74577e-59
2.64727e-58
-1.67401e-58
-1.21349e-57
3.47275e-57
7.22291e-59
-2.00713e-56
3.78868e-56
4.24286e-56
-2.88032e-55
2.75142e-55
1.09961e-54
-3.33311e-54
-4.4821e-55
1.83998e-53
-2.60941e-53
-5.65534e-53
2.17206e-52
-1.95291e-53
-1.07213e-51
1.53264e-51
3.33462e-51
-1.17373e-50
-1.94165e-51
5.89799e-50
-5.8099e-50
-2.15478e-49
5.03023e-49
4.84841e-49
-2.80309e-48
4.68849e-49
1.22707e-47
-1.29941e-47
-4.35478e-47
9.2959e-47
1.1758e-46
-4.91211e-46
-1.53117e-46
2.19727e-45
-7.84478e-46
-8.71357e-45
8.37155e-45
3.12077e-44
-5.05139e-44
-1.01336e-43
2.49491e-43
2.95238e-43
-1.10273e-42
-7.44108e-43
4.53215e-42
1.44035e-42
-1.7699e-41
-9.14744e-43
6.66218e-41
-9.90561e-42
-2.44237e-40
7.15436e-41
8.78764e-40
-3.36926e-40
-3.1198e-39
1.3092e-39
1.09621e-38
-4.39688e-39
-3.8145e-38
1.25415e-38
1.31213e-37
-2.69561e-38
-4.44337e-37
1.52811e-38
1.47191e-36
2.68795e-37
-4.72817e-36
-2.12098e-36
1.45545e-35
1.1298e-35
-4.22068e-35
-5.05947e-35
1.12123e-34
2.01829e-34
-2.57865e-34
-7.31171e-34
4.34765e-34
2.41189e-33
-5.05624e-35
-7.17251e-33
-3.87111e-33
1.87027e-32
2.25197e-32
-3.98314e-32
-9.01919e-32
5.31047e-32
2.91273e-31
5.73666e-32
-7.70108e-31
-7.36124e-31
1.55234e-30
3.23914e-30
-1.59322e-30
-1.00676e-29
-4.28209e-30
2.31224e-29
3.19099e-29
-3.19173e-29
-1.13183e-28
-2.41268e-29
2.69605e-28
3.27754e-28
-3.60588e-28
-1.20273e-27
-3.40821e-28
2.66453e-27
3.7276e-27
-2.54114e-27
-1.2063e-26
-7.41883e-27
2.10089e-26
4.2662e-26
-2.81433e-28
-1.03302e-25
-1.25696e-25
9.09408e-26
4.13488e-25
3.12226e-25
-5.70943e-25
-1.48101e-24
-6.32335e-25
2.59527e-24
4.99934e-24
9.05157e-25
-1.02245e-23
-1.65124e-23
-2.86367e-25
3.70892e-23
5.4877e-23
-2.48131e-24
-1.26993e-22
-1.86349e-22
-1.26441e-24
4.1246e-22
6.45995e-22
1.06216e-22
-1.25414e-21
-2.24863e-21
-9.01877e-22
3.43362e-21
7.64266e-21
5.29785e-21
-7.63575e-21
-2.44301e-20
-2.54327e-20
8.55382e-21
6.95162e-20
1.04033e-19
3.60763e-20
-1.5733e-19
-3.60686e-19
-3.218e-19
1.74968e-19
1.00469e-18
1.50127e-18
6.97075e-19
-1.84536e-18
-4.9821e-18
-5.68346e-18
-5.31936e-19
1.0875e-17
2.24357e-17
2.156e-17
-3.99352e-18
-5.29728e-17
-9.84184e-17
-8.93302e-17
2.23658e-17
2.31653e-16
4.32622e-16
4.19531e-16
-1.87914e-17
-9.09238e-16
-1.88853e-15
-2.14483e-15
-6.92836e-16
2.94177e-15
7.81731e-15
1.09829e-14
7.95607e-15
-5.12494e-15
-2.78059e-14
-5.14736e-14
-5.8095e-14
-2.4806e-14
6.36425e-14
1.96258e-13
3.18343e-13
3.28144e-13
1.02611e-13
-4.38438e-13
-1.23657e-12
-1.99964e-12
-2.16717e-12
-1.01136e-12
2.0647e-12
7.03057e-12
1.26417e-11
1.60133e-11
1.27337e-11
-2.06237e-12
-3.13768e-11
-7.28836e-11
-1.15065e-10
-1.34516e-10
-9.67785e-11
3.65765e-11
2.92385e-10
6.61457e-10
1.06835e-09
1.34338e-09
1.21086e-09
3.12561e-10
-1.71199e-09
-5.07046e-09
-9.58196e-09
-1.43788e-08
-1.75998e-08
-1.61773e-08
-5.87174e-09
1.82407e-08
6.0598e-08
1.23075e-07
2.01861e-07
2.83307e-07
3.39064e-07
3.21241e-07
1.58884e-07
-2.42185e-07
-9.93317e-07
-2.20698e-06
-3.96597e-06
-6.27227e-06
-8.9693e-06
-1.16308e-05
-1.34098e-05
-1.28409e-05
-7.5918e-06
5.84069e-06
3.24898e-05
7.93318e-05
0.000155748
0.000274022
0.000449868
0.000702959
0.00105745
0.00154243
0.00219238
0.00304746
0.00415368
0.00556299
0.00733315
0.00952737
0.0122138
0.0154649
0.0193562
0.0239656
0.0293718
0.0356526
0.0428838
0.0511373
0.0604793
0.0709687
0.0826555
0.0955793
0.109768
0.125237
0.141988
0.160006
0.179266
0.199724
0.221323
0.243994
0.267653
0.292206
0.317545
0.343559
0.370125
0.397117
0.424405
0.451858
0.479345
0.506739
0.533912
0.560748
0.587133
0.612962
0.63814
0.662582
0.686212
0.708965
0.730787
0.751635
0.771477
0.790291
0.808063
0.824791
0.840481
0.855143
0.8688
0.881475
0.893201
0.904012
0.913948
0.923049
0.93136
0.938926
0.945792
0.952004
0.957607
0.962647
0.967166
0.971208
0.974811
0.978015
0.980856
0.983368
0.985584
0.987533
0.989242
0.990738
0.992044
0.99318
0.994167
0.995021
0.99576
0.996397
0.996944
0.997414
0.997817
0.998162
0.998456
0.998707
0.99892
0.999102
0.999254
0.99938
0.999482
0.999558
0.999606
0.999622
0.999598
0.999523
0.999384
0.99916
0.998831
0.998366
0.997733
0.996892
0.995797
0.994397
0.992634
0.990446
0.987765
0.984518
0.98063
0.976023
0.970619
0.96434
0.95711
0.948858
0.939517
0.929028
0.917342
0.904419
0.89023
0.874762
0.858012
0.839993
0.820734
0.800276
0.778676
0.756005
0.732346
0.707794
0.682454
0.656441
0.629875
0.602883
0.575595
0.548142
0.520654
0.493261
0.466087
0.439252
0.412867
0.387038
0.36186
0.337418
0.313788
0.291035
0.269213
0.248365
0.228523
0.209709
0.191937
0.175209
0.159519
0.144857
0.1312
0.118525
0.106799
0.0959879
0.0860524
0.0769509
0.0686399
0.0610742
0.0542084
0.0479964
0.0423929
0.0373532
0.0328338
0.0287925
0.025189
0.021985
0.0191439
0.0166316
0.014416
0.0124672
0.0107576
0.00926176
0.00795629
0.00681985
0.00583303
0.00497824
0.00423964
0.00360297
0.00305548
0.00258578
0.00218377
0.00184048
0.00154801
0.00129939
0.00108853
0.000910076
0.000759387
0.000632416
0.000525659
0.000436087
0.000361092
0.000298432
0.000246185
0.00020271
0.000166606
0.000136683
0.000111932
9.14996e-05
7.46641e-05
6.08191e-05
4.94549e-05
4.01446e-05
3.25311e-05
2.63166e-05
2.12534e-05
1.71355e-05
1.37926e-05
1.10835e-05
8.89199e-06
7.12222e-06
5.69551e-06
4.54733e-06
3.62487e-06
2.885e-06
2.29256e-06
1.81897e-06
1.44099e-06
1.13982e-06
9.00234e-07
7.09942e-07
5.59041e-07
4.39565e-07
3.45116e-07
2.70568e-07
2.11817e-07
1.65585e-07
1.2926e-07
1.00762e-07
7.84365e-08
6.09729e-08
4.73321e-08
3.66926e-08
2.84061e-08
2.19613e-08
1.6956e-08
1.3074e-08
1.00675e-08
7.74218e-09
5.94621e-09
4.56096e-09
3.49392e-09
2.67311e-09
2.04254e-09
1.55876e-09
1.18808e-09
9.04427e-10
6.87648e-10
5.2219e-10
3.96062e-10
3.00036e-10
2.2702e-10
1.71569e-10
1.29509e-10
9.76452e-11
7.35353e-11
5.53144e-11
4.15605e-11
3.11909e-11
2.33819e-11
1.75083e-11
1.30955e-11
9.78398e-12
7.30179e-12
5.44334e-12
4.05348e-12
3.01523e-12
2.24049e-12
1.66304e-12
1.2331e-12
9.1335e-13
6.75801e-13
4.99513e-13
3.68829e-13
2.72054e-13
2.00466e-13
1.47565e-13
1.08514e-13
7.97176e-14
5.85043e-14
4.28933e-14
3.14168e-14
2.29884e-14
1.68048e-14
1.22725e-14
8.95402e-15
6.52658e-15
4.7527e-15
3.45767e-15
2.51314e-15
1.82493e-15
1.32394e-15
9.59605e-16
6.9489e-16
5.0274e-16
3.63392e-16
2.62431e-16
1.8935e-16
1.36498e-16
9.83114e-17
7.07452e-17
5.08638e-17
3.65377e-17
2.62239e-17
1.88052e-17
1.34737e-17
9.6455e-18
6.89912e-18
4.93056e-18
3.52074e-18
2.51194e-18
1.79071e-18
1.2755e-18
9.07779e-19
6.45543e-19
4.58688e-19
3.25656e-19
2.31021e-19
1.63756e-19
1.15983e-19
8.20829e-20
5.80453e-20
4.1015e-20
2.89587e-20
2.04305e-20
1.44028e-20
1.01456e-20
7.14138e-21
5.02291e-21
3.53021e-21
2.47925e-21
1.73986e-21
1.22008e-21
8.54949e-22
5.98649e-22
4.18878e-22
2.92878e-22
2.0463e-22
1.4287e-22
9.96785e-23
6.94947e-23
4.84165e-23
3.37077e-23
2.34509e-23
1.63037e-23
1.13269e-23
7.8638e-24
5.45578e-24
3.78254e-24
2.62067e-24
1.81446e-24
1.25542e-24
8.68039e-25
5.99789e-25
4.1416e-25
2.85792e-25
1.97081e-25
1.35817e-25
9.35364e-26
6.43761e-26
4.42779e-26
3.04348e-26
2.09062e-26
1.43516e-26
9.84583e-27
6.75039e-27
4.62521e-27
3.16711e-27
2.16731e-27
1.48227e-27
1.01262e-27
6.9619e-28
4.32554e-28
)
;

boundaryField
{
    sides
    {
        type            zeroGradient;
    }
    empty
    {
        type            empty;
    }
}


// ************************************************************************* //
