/*--------------------------------*- C++ -*----------------------------------*\
  =========                 |
  \\      /  F ield         | OpenFOAM: The Open Source CFD Toolbox
   \\    /   O peration     | Website:  https://openfoam.org
    \\  /    A nd           | Version:  7
     \\/     M anipulation  |
\*---------------------------------------------------------------------------*/
FoamFile
{
    version     2.0;
    format      ascii;
    class       volScalarField;
    location    "2.58";
    object      T;
}
// * * * * * * * * * * * * * * * * * * * * * * * * * * * * * * * * * * * * * //

dimensions      [0 0 0 1 0 0 0];

internalField   nonuniform List<scalar> 
1000
(
0
0
0
0
0
0
0
0
0
0
0
0
0
0
0
0
0
0
0
0
0
0
0
0
0
0
0
0
0
0
0
0
0
0
0
0
0
0
0
0
0
0
0
0
0
0
0
0
0
0
0
0
0
0
0
0
0
0
0
0
0
0
0
0
0
0
0
0
0
0
0
0
0
0
0
0
0
0
0
0
0
0
0
0
0
0
0
0
0
0
0
0
0
0
0
0
0
0
0
0
0
0
0
0
0
0
0
0
0
0
0
0
0
0
0
0
0
0
0
0
0
0
0
0
0
0
0
0
0
0
0
0
0
0
0
0
0
0
0
0
0
0
0
0
0
0
0
0
0
0
0
0
0
0
0
0
0
0
0
0
0
0
0
0
0
0
0
0
0
0
0
0
0
0
0
0
0
0
0
0
0
0
0
0
0
0
0
0
0
0
0
0
1.72575e-201
-1.03717e-198
3.09322e-196
-6.10312e-194
8.96159e-192
-1.04447e-189
1.00639e-187
-8.24498e-186
5.86228e-184
-3.67443e-182
2.05543e-180
-1.03637e-178
4.74875e-177
-1.99095e-175
7.6821e-174
-2.74155e-172
9.0882e-171
-2.80905e-169
8.12224e-168
-2.20342e-166
5.62279e-165
-1.35284e-163
3.07529e-162
-6.61726e-161
1.35007e-159
-2.61562e-158
4.8187e-157
-8.45195e-156
1.41299e-154
-2.25377e-153
3.43287e-152
-4.99725e-151
6.95727e-150
-9.26934e-149
1.18249e-147
-1.44503e-146
1.69222e-145
-1.89959e-144
2.04447e-143
-2.10995e-142
2.0881e-141
-1.98149e-140
1.80269e-139
-1.57188e-138
1.31313e-137
-1.05036e-136
8.0388e-136
-5.88098e-135
4.10753e-134
-2.73466e-133
1.73199e-132
-1.04082e-131
5.91411e-131
-3.16264e-130
1.58115e-129
-7.31743e-129
3.08501e-128
-1.15091e-127
3.56224e-127
-7.3861e-127
-4.75181e-127
1.54897e-125
-1.01668e-124
4.57692e-124
-1.5174e-123
3.06844e-123
2.82171e-123
-6.28833e-122
3.48779e-121
-1.22309e-120
2.39726e-120
2.84459e-120
-4.85933e-119
2.33521e-118
-6.41896e-118
4.33911e-118
5.86139e-117
-3.56215e-116
1.07825e-115
-1.0229e-115
-7.90945e-115
4.97172e-114
-1.40547e-113
7.56632e-114
1.24419e-112
-6.3294e-112
1.37569e-111
9.99906e-112
-1.88373e-110
6.65298e-110
-7.15592e-110
-3.99427e-109
2.26812e-108
-4.62667e-108
-5.08994e-108
6.35997e-107
-1.79624e-106
3.08421e-107
1.57414e-105
-5.63773e-105
4.45458e-105
3.62302e-104
-1.56326e-103
1.75397e-103
8.14774e-103
-3.99133e-102
5.03244e-102
1.86979e-101
-9.57382e-101
1.18201e-100
4.46793e-100
-2.16921e-99
2.28677e-99
1.09612e-98
-4.61088e-98
3.33221e-98
2.66101e-97
-9.02451e-97
2.0141e-97
6.14043e-96
-1.57213e-95
-8.21455e-96
1.30007e-94
-2.28047e-94
-4.11596e-94
2.44052e-93
-2.27303e-93
-1.18022e-92
3.88003e-92
1.60153e-93
-2.56563e-91
4.75467e-91
7.59022e-91
-4.39717e-90
3.102e-90
2.18756e-89
-5.6732e-89
-3.74829e-89
4.04254e-88
-4.32364e-88
-1.70322e-87
5.19101e-87
1.94263e-87
-3.27478e-86
3.70584e-86
1.31318e-85
-3.92251e-85
-1.84709e-85
2.40046e-84
-2.17803e-84
-1.00917e-83
2.44318e-83
2.29409e-83
-1.55806e-82
6.64426e-83
7.23546e-82
-1.16223e-81
-2.35894e-81
8.38149e-81
2.78493e-81
-4.40843e-80
3.11635e-80
1.81972e-79
-3.25126e-79
-5.56434e-79
2.04122e-78
7.61326e-79
-1.00997e-77
5.12626e-78
4.16157e-77
-5.67537e-77
-1.41118e-76
3.59353e-76
3.5171e-76
-1.81867e-75
-2.38591e-76
7.9457e-75
-4.25316e-75
-3.07033e-74
3.68725e-74
1.04825e-73
-2.12534e-73
-3.06703e-73
1.02533e-72
6.88017e-73
-4.42142e-72
-5.45606e-73
1.75315e-71
-5.82934e-72
-6.48551e-71
4.9297e-71
2.25606e-70
-2.71224e-70
-7.40756e-70
1.25922e-69
2.2969e-69
-5.29777e-69
-6.70594e-69
2.08346e-68
1.82886e-68
-7.79042e-68
-4.58072e-68
2.79958e-67
1.01451e-67
-9.7419e-67
-1.78767e-67
3.30106e-66
1.39138e-67
-1.09398e-65
7.26737e-67
3.55785e-65
-5.14072e-66
-1.13843e-64
2.1967e-65
3.59047e-64
-7.61974e-65
-1.11728e-63
2.26386e-64
3.43122e-63
-5.6524e-64
-1.03937e-62
1.03316e-63
3.1014e-62
-2.34307e-64
-9.09692e-62
-1.00228e-62
2.61533e-61
6.64429e-62
-7.34203e-61
-3.12789e-61
2.00281e-60
1.26386e-60
-5.27469e-60
-4.63793e-60
1.32913e-59
1.58281e-59
-3.16091e-59
-5.08005e-59
6.9301e-59
1.54098e-58
-1.33458e-58
-4.42242e-58
1.96601e-58
1.19811e-57
-7.22836e-59
-3.04641e-57
-9.76122e-58
7.18969e-57
5.30824e-57
-1.54217e-56
-1.94975e-56
2.87465e-56
5.97321e-56
-4.10323e-56
-1.60847e-55
1.8777e-56
3.85123e-55
1.51234e-55
-8.09648e-55
-7.73918e-55
1.42442e-54
2.53258e-54
-1.77607e-54
-6.66396e-54
4.88099e-56
1.46964e-53
8.78266e-54
-2.65225e-53
-3.55746e-53
3.42187e-53
9.79911e-53
-7.9258e-54
-2.11524e-52
-1.27254e-52
3.51733e-52
5.09466e-52
-3.5942e-52
-1.29905e-51
-2.23117e-52
2.45261e-51
2.29588e-51
-3.13018e-51
-6.97097e-51
6.87898e-52
1.41896e-50
1.00989e-50
-1.92069e-50
-3.53088e-50
7.18131e-51
7.32576e-50
4.92649e-50
-9.50699e-50
-1.75736e-49
2.07559e-50
3.44107e-49
2.74784e-49
-3.77889e-49
-8.52645e-49
-1.16358e-49
1.42885e-48
1.58259e-48
-1.01751e-48
-3.81587e-48
-1.98351e-48
4.74111e-48
8.28445e-48
1.88579e-49
-1.42244e-47
-1.51737e-47
8.55775e-48
3.51934e-47
2.31683e-47
-3.48915e-47
-7.75848e-47
-2.67044e-47
1.01083e-46
1.58728e-46
1.10325e-47
-2.52402e-46
-3.1039e-46
5.65264e-47
5.80068e-46
5.95725e-46
-2.40542e-46
-1.26793e-45
-1.15124e-45
6.55126e-46
2.68607e-45
2.29034e-45
-1.4704e-45
-5.57082e-45
-4.75258e-45
2.8484e-45
1.13444e-44
1.028e-44
-4.62188e-45
-2.25958e-44
-2.28718e-44
5.20832e-45
4.3533e-44
5.12873e-44
1.46215e-45
-7.94485e-44
-1.13368e-43
-3.35597e-44
1.32087e-43
2.41557e-43
1.37846e-43
-1.82787e-43
-4.83811e-43
-4.19537e-43
1.4602e-43
8.78927e-43
1.08067e-42
2.34799e-43
-1.35081e-42
-2.42235e-42
-1.56978e-42
1.40973e-42
4.65609e-42
5.01285e-42
4.86719e-43
-7.14886e-42
-1.20669e-41
-7.88244e-42
6.47391e-42
2.28552e-41
2.66585e-41
7.10339e-42
-3.06029e-41
-6.14063e-41
-5.26713e-41
1.01364e-41
1.00383e-40
1.51684e-40
9.53326e-41
-8.01358e-41
-2.87357e-40
-3.61771e-40
-1.61319e-40
2.99118e-40
7.73243e-40
8.62858e-40
2.67396e-40
-9.11061e-40
-2.02656e-39
-2.11406e-39
-4.96288e-40
2.50597e-39
5.26672e-39
5.41103e-39
1.26921e-39
-6.40876e-39
-1.36557e-38
-1.45182e-38
-4.49595e-39
1.5183e-38
3.51868e-38
4.04196e-38
1.79696e-38
-3.20274e-38
-8.88772e-38
-1.14468e-37
-7.0792e-38
5.25226e-38
2.14478e-37
3.2158e-37
2.62949e-37
-2.20206e-38
-4.71371e-37
-8.70403e-37
-9.08245e-37
-3.3301e-37
8.41364e-37
2.18418e-36
2.88502e-36
2.06396e-36
-6.87776e-37
-4.75165e-36
-8.25854e-36
-8.53685e-36
-3.34388e-36
7.43221e-36
2.03861e-35
2.85746e-35
2.36882e-35
3.93282e-37
-3.85021e-35
-7.86936e-35
-9.59463e-35
-6.46169e-35
2.77174e-35
1.6445e-34
2.9151e-34
3.25705e-34
1.85291e-34
-1.61197e-34
-6.44532e-34
-1.07042e-33
-1.15103e-33
-6.09344e-34
6.5658e-34
2.40303e-33
3.95358e-33
4.29536e-33
2.42115e-33
-2.11265e-33
-8.57545e-33
-1.4691e-32
-1.6853e-32
-1.1186e-32
4.56467e-33
2.87683e-32
5.41971e-32
6.80993e-32
5.51621e-32
3.72283e-33
-8.58042e-32
-1.93066e-31
-2.74739e-31
-2.7096e-31
-1.24194e-31
1.90538e-31
6.31312e-31
1.06465e-30
1.26868e-30
9.80885e-31
-2.83597e-33
-1.69039e-30
-3.75567e-30
-5.46433e-30
-5.73968e-30
-3.43124e-30
2.2009e-30
1.08608e-29
2.06366e-29
2.77546e-29
2.69997e-29
1.30653e-29
-1.71327e-29
-6.15316e-29
-1.10239e-28
-1.44402e-28
-1.38165e-28
-6.49801e-29
9.14177e-29
3.22786e-28
5.82582e-28
7.78585e-28
7.79362e-28
4.41424e-28
-3.39683e-28
-1.55842e-27
-3.02306e-27
-4.30088e-27
-4.72115e-27
-3.47477e-27
1.6114e-28
6.47351e-27
1.48859e-26
2.35621e-26
2.92125e-26
2.73187e-26
1.29847e-26
-1.74621e-26
-6.41825e-26
-1.21208e-25
-1.74213e-25
-1.99761e-25
-1.67334e-25
-4.54013e-26
1.87775e-25
5.29032e-25
9.33122e-25
1.29796e-24
1.45913e-24
1.20216e-24
3.01031e-25
-1.41117e-24
-3.94033e-24
-7.00959e-24
-9.94401e-24
-1.16041e-23
-1.04256e-23
-4.62858e-24
7.34815e-24
2.61643e-23
5.06836e-23
7.69974e-23
9.76128e-23
1.01178e-22
7.32212e-23
-1.57859e-24
-1.35176e-22
-3.2984e-22
-5.70097e-22
-8.14081e-22
-9.864e-22
-9.75768e-22
-6.41571e-22
1.6593e-22
1.56754e-21
3.59692e-21
6.12386e-21
8.76706e-21
1.0813e-20
1.11678e-20
8.38084e-21
7.85192e-22
-1.31943e-20
-3.45249e-20
-6.2825e-20
-9.54262e-20
-1.26341e-19
-1.45336e-19
-1.37424e-19
-8.32395e-20
3.91638e-20
2.50455e-19
5.63549e-19
9.74149e-19
1.44842e-18
1.90869e-18
2.21908e-18
2.17475e-18
1.49974e-18
-1.39238e-19
-3.09448e-18
-7.66466e-18
-1.39789e-17
-2.18315e-17
-3.04673e-17
-3.83304e-17
-4.28022e-17
-3.99835e-17
-2.45984e-17
9.86234e-18
7.06085e-17
1.64445e-16
2.95894e-16
4.64346e-16
6.60116e-16
8.59355e-16
1.01804e-15
1.06555e-15
8.98766e-16
3.78436e-16
-6.69872e-16
-2.4468e-15
-5.1578e-15
-8.97387e-15
-1.39683e-14
-2.0023e-14
-2.6698e-14
-3.30623e-14
-3.74839e-14
-3.73911e-14
-2.90211e-14
-7.19691e-15
3.48097e-14
1.05235e-13
2.13469e-13
3.69208e-13
5.80877e-13
8.53028e-13
1.18234e-12
1.55183e-12
1.92281e-12
2.22414e-12
2.33851e-12
2.08549e-12
1.20159e-12
-6.81794e-13
-4.06088e-12
-9.57933e-12
-1.80401e-11
-3.04015e-11
-4.77459e-11
-7.12027e-11
-1.01804e-10
-1.40238e-10
-1.86455e-10
-2.39069e-10
-2.94475e-10
-3.45577e-10
-3.80001e-10
-3.77623e-10
-3.072e-10
-1.2184e-10
2.47017e-10
8.97499e-10
1.9676e-09
3.64846e-09
6.20131e-09
9.97906e-09
1.54534e-08
2.32488e-08
3.41845e-08
4.9327e-08
7.00535e-08
9.81304e-08
1.35807e-07
1.85933e-07
2.5209e-07
3.3876e-07
4.51522e-07
5.97276e-07
7.84523e-07
1.02368e-06
1.32744e-06
1.71125e-06
2.19374e-06
2.79736e-06
3.54904e-06
4.4809e-06
5.63118e-06
7.04518e-06
8.77636e-06
1.08876e-05
1.34528e-05
1.65578e-05
2.03032e-05
2.48051e-05
3.01983e-05
3.66378e-05
4.43021e-05
5.33953e-05
6.4151e-05
7.6835e-05
9.17492e-05
0.000109235
0.00012968
0.000153517
0.000181234
0.000213379
0.000250562
0.000293461
0.000342833
0.000399514
0.000464428
0.000538596
0.000623136
0.000719279
0.000828369
0.000951872
0.00109139
0.00124865
0.00142553
0.00162408
0.00184646
0.00209505
0.00237236
0.00268111
0.00302417
0.00340463
0.00382575
0.004291
0.00480405
0.00536877
0.00598922
0.0066697
0.00741466
0.00822881
0.00911701
0.0100843
0.0111361
0.0122776
0.0135147
0.014853
0.0162984
0.0178572
0.0195354
0.0213393
0.0232755
0.0253504
0.0275704
0.0299423
0.0324726
0.0351678
0.0380345
0.0410793
0.0443085
0.0477283
0.0513451
0.0551646
0.0591928
0.0634351
0.0678969
0.0725832
0.0774987
0.0826478
0.0880345
0.0936624
0.0995348
0.105654
0.112023
0.118644
0.125517
0.132643
0.140023
0.147657
0.155543
0.16368
0.172067
0.180699
0.189576
0.198692
0.208043
0.217624
0.22743
0.237455
0.247692
0.258135
0.268774
0.279603
0.290612
0.301792
0.313134
0.324628
0.336263
0.34803
0.359916
0.37191
0.384001
0.396177
0.408426
0.420736
0.433094
0.445489
0.457907
0.470336
0.482764
0.495178
0.507565
0.519914
0.532211
0.544446
0.556606
0.568679
0.580653
0.592518
0.604262
0.615874
0.627344
0.638661
0.649816
0.660798
0.671599
0.682208
0.692618
0.702819
0.712803
0.722563
0.732091
0.741379
0.75042
0.759208
0.767735
0.775997
0.783985
0.791696
0.799122
0.806259
0.813104
0.819632
0.825965
0.831374
0.839711
)
;

boundaryField
{
    sides
    {
        type            zeroGradient;
    }
    empty
    {
        type            empty;
    }
}


// ************************************************************************* //
