/*--------------------------------*- C++ -*----------------------------------*\
  =========                 |
  \\      /  F ield         | OpenFOAM: The Open Source CFD Toolbox
   \\    /   O peration     | Website:  https://openfoam.org
    \\  /    A nd           | Version:  7
     \\/     M anipulation  |
\*---------------------------------------------------------------------------*/
FoamFile
{
    version     2.0;
    format      ascii;
    class       volScalarField;
    location    "2.17";
    object      T;
}
// * * * * * * * * * * * * * * * * * * * * * * * * * * * * * * * * * * * * * //

dimensions      [0 0 0 1 0 0 0];

internalField   nonuniform List<scalar> 
1000
(
8.23402e-76
1.13736e-75
1.88422e-75
3.3466e-75
6.07708e-75
1.11055e-74
2.03251e-74
3.72001e-74
6.80587e-74
1.24451e-73
2.2744e-73
4.15418e-73
7.58321e-73
1.38346e-72
2.52249e-72
4.59658e-72
8.37115e-72
1.52363e-71
2.77151e-71
5.03842e-71
9.15408e-71
1.66217e-70
3.01631e-70
5.47034e-70
9.91497e-70
1.796e-69
3.25129e-69
5.88223e-69
1.06356e-68
1.92184e-68
3.4706e-68
6.2636e-68
1.12973e-67
2.03637e-67
3.66832e-67
6.60401e-67
1.18816e-66
2.13634e-66
3.83876e-66
6.89345e-66
1.23711e-65
2.21871e-65
3.97666e-65
7.1229e-65
1.27502e-64
2.28084e-64
4.0775e-64
7.28467e-64
1.3006e-63
2.32057e-63
4.1377e-63
7.37292e-63
1.3129e-62
2.33636e-62
4.15487e-62
7.3839e-62
1.31137e-61
2.3274e-61
4.12788e-61
7.31626e-61
1.29586e-60
2.29367e-60
4.05703e-60
7.17116e-60
1.26669e-59
2.23592e-59
3.94403e-59
6.95222e-59
1.22463e-58
2.15568e-58
3.79191e-58
6.66544e-58
1.17083e-57
2.05518e-57
3.60495e-57
6.31889e-57
1.10681e-56
1.93727e-56
3.38843e-56
5.92235e-56
1.03437e-55
1.80526e-55
3.1484e-55
5.48683e-55
9.5551e-55
1.66276e-54
2.89137e-54
5.02407e-54
8.7234e-54
1.51353e-53
2.62405e-53
4.54598e-53
7.86966e-53
1.36131e-52
2.35303e-52
4.06412e-52
7.01416e-52
1.20963e-51
2.08446e-51
3.58923e-51
6.1755e-51
1.06171e-50
1.8239e-50
3.13082e-50
5.36998e-50
9.20336e-50
1.57607e-49
2.69688e-49
4.61108e-49
7.87765e-49
1.34475e-48
2.29371e-48
3.90918e-48
6.65703e-48
1.13272e-47
1.9258e-47
3.27148e-47
5.55291e-47
9.41758e-47
1.59588e-46
2.70208e-46
4.57127e-46
7.72702e-46
1.30504e-45
2.20226e-45
3.7132e-45
6.25548e-45
1.05294e-44
1.77082e-44
2.9756e-44
4.99576e-44
8.38019e-44
1.40453e-43
2.35196e-43
3.93505e-43
6.57797e-43
1.09863e-42
1.83328e-42
3.05649e-42
5.09133e-42
8.4733e-42
1.40892e-41
2.34062e-41
3.88494e-41
6.44236e-41
1.06736e-40
1.76679e-40
2.92187e-40
4.82768e-40
7.96924e-40
1.3143e-39
2.16556e-39
3.56485e-39
5.86284e-39
9.63315e-39
1.58132e-38
2.59336e-38
4.24906e-38
6.95523e-38
1.13741e-37
1.85825e-37
3.03302e-37
4.94571e-37
8.05678e-37
1.31121e-36
2.13187e-36
3.46276e-36
5.619e-36
9.10893e-36
1.47518e-35
2.38668e-35
3.85753e-35
6.22859e-35
1.0047e-34
1.61898e-34
2.60622e-34
4.19119e-34
6.73322e-34
1.0806e-33
1.73244e-33
2.77464e-33
4.43922e-33
7.09504e-33
1.13279e-32
1.80673e-32
2.87859e-32
4.5815e-32
7.28413e-32
1.15688e-31
1.83541e-31
2.90881e-31
4.60502e-31
7.2825e-31
1.15043e-30
1.81538e-30
2.86156e-30
4.5057e-30
7.08673e-30
1.1134e-29
1.74733e-29
2.73917e-29
4.28922e-29
6.70891e-29
1.04819e-28
1.63582e-28
2.55001e-28
3.97059e-28
6.17552e-28
9.5939e-28
1.48874e-27
2.3075e-27
3.57242e-27
5.52432e-27
8.53275e-27
1.31641e-26
2.02854e-26
3.12223e-26
4.7999e-26
7.37027e-26
1.13036e-25
1.73153e-25
2.64926e-25
4.04849e-25
6.17926e-25
9.42004e-25
1.4343e-24
2.1812e-24
3.31296e-24
5.02577e-24
7.61467e-24
1.15229e-23
1.74152e-23
2.62876e-23
3.96305e-23
5.96706e-23
8.97307e-23
1.34763e-22
2.02136e-22
3.02805e-22
4.53027e-22
6.76899e-22
1.01009e-21
1.50534e-21
2.24048e-21
3.33027e-21
4.94364e-21
7.32893e-21
1.08507e-20
1.60435e-20
2.36898e-20
3.49335e-20
5.14444e-20
7.56568e-20
1.11114e-19
1.62967e-19
2.38693e-19
3.49126e-19
5.09951e-19
7.43833e-19
1.08348e-18
1.57602e-18
2.28927e-18
3.32066e-18
4.80995e-18
6.95735e-18
1.00492e-17
1.44945e-17
2.08763e-17
3.00249e-17
4.31208e-17
6.18393e-17
8.8555e-17
1.26628e-16
1.80807e-16
2.57788e-16
3.67006e-16
5.21725e-16
7.40574e-16
1.04966e-15
1.48553e-15
2.09926e-15
2.96208e-15
4.17324e-15
5.87075e-15
8.24619e-15
1.15652e-14
1.61952e-14
2.2644e-14
3.1612e-14
4.40636e-14
6.13244e-14
8.5214e-14
1.18225e-13
1.63768e-13
2.26497e-13
3.12761e-13
4.31195e-13
5.93533e-13
8.15686e-13
1.11919e-12
1.53317e-12
2.09689e-12
2.86324e-12
3.90334e-12
5.31259e-12
7.21883e-12
9.79299e-12
1.32632e-11
1.79336e-11
2.42083e-11
3.26242e-11
4.38927e-11
5.89546e-11
7.90523e-11
1.05823e-10
1.4142e-10
1.88672e-10
2.51283e-10
3.34103e-10
4.43459e-10
5.87599e-10
7.77249e-10
1.02634e-09
1.3529e-09
1.78028e-09
2.33858e-09
3.0666e-09
4.01421e-09
5.2454e-09
6.84212e-09
8.9091e-09
1.15799e-08
1.50246e-08
1.94593e-08
2.51578e-08
3.24666e-08
4.18234e-08
5.37795e-08
6.90283e-08
8.844e-08
1.13104e-07
1.44383e-07
1.83975e-07
2.33992e-07
2.97061e-07
3.76433e-07
4.7613e-07
6.01115e-07
7.57498e-07
9.52785e-07
1.19618e-06
1.49894e-06
1.8748e-06
2.3405e-06
2.91636e-06
3.62704e-06
4.50236e-06
5.5783e-06
6.89821e-06
8.51416e-06
1.04886e-05
1.28961e-05
1.58258e-05
1.93837e-05
2.36957e-05
2.8911e-05
3.5206e-05
4.27885e-05
5.19031e-05
6.28368e-05
7.59256e-05
9.15618e-05
0.000110202
0.000132378
0.000158704
0.000189892
0.000226763
0.00027026
0.000321465
0.000381617
0.00045213
0.000534612
0.00063089
0.000743031
0.000873369
0.00102453
0.00119947
0.00140149
0.00163428
0.00190194
0.00220902
0.00256058
0.00296218
0.00341993
0.00394055
0.00453138
0.00520041
0.00595632
0.00680852
0.00776714
0.00884311
0.0100481
0.0113946
0.0128958
0.0145659
0.0164197
0.0184728
0.0207414
0.0232427
0.0259943
0.0290144
0.0323218
0.0359356
0.0398753
0.0441606
0.0488113
0.053847
0.0592872
0.0651512
0.0714574
0.0782238
0.0854674
0.0932042
0.101449
0.110215
0.119513
0.129354
0.139745
0.150691
0.162197
0.174262
0.186885
0.200061
0.213782
0.228039
0.242818
0.258102
0.273872
0.290107
0.30678
0.323865
0.341331
0.359146
0.377273
0.395676
0.414315
0.43315
0.452139
0.471239
0.490405
0.509593
0.528759
0.547858
0.566847
0.585682
0.60432
0.622722
0.640849
0.658662
0.676126
0.693209
0.70988
0.726112
0.741879
0.757159
0.771932
0.786182
0.799896
0.813063
0.825675
0.837727
0.849217
0.860145
0.870514
0.880328
0.889596
0.898324
0.906526
0.914211
0.921395
0.928091
0.934314
0.940082
0.94541
0.950315
0.954815
0.958925
0.962663
0.966044
0.969084
0.971797
0.974197
0.976296
0.978107
0.97964
0.980903
0.981904
0.982649
0.983143
0.98339
0.98339
0.983143
0.982649
0.981904
0.980903
0.97964
0.978107
0.976296
0.974197
0.971797
0.969084
0.966044
0.962663
0.958925
0.954815
0.950315
0.94541
0.940082
0.934314
0.928091
0.921395
0.914211
0.906526
0.898324
0.889596
0.880328
0.870514
0.860145
0.849217
0.837727
0.825675
0.813063
0.799896
0.786182
0.771932
0.757159
0.741879
0.726112
0.70988
0.693209
0.676126
0.658662
0.640849
0.622722
0.60432
0.585682
0.566847
0.547858
0.528759
0.509593
0.490405
0.471239
0.452139
0.43315
0.414315
0.395676
0.377273
0.359146
0.341331
0.323865
0.30678
0.290107
0.273872
0.258102
0.242818
0.228039
0.213782
0.200061
0.186885
0.174262
0.162197
0.150691
0.139745
0.129354
0.119513
0.110215
0.101449
0.0932042
0.0854674
0.0782238
0.0714574
0.0651512
0.0592872
0.053847
0.0488113
0.0441606
0.0398753
0.0359356
0.0323218
0.0290144
0.0259943
0.0232427
0.0207414
0.0184728
0.0164197
0.0145659
0.0128958
0.0113946
0.0100481
0.00884311
0.00776714
0.00680852
0.00595632
0.00520041
0.00453138
0.00394055
0.00341993
0.00296218
0.00256058
0.00220902
0.00190194
0.00163428
0.00140149
0.00119947
0.00102453
0.000873369
0.000743031
0.00063089
0.000534612
0.00045213
0.000381617
0.000321465
0.00027026
0.000226763
0.000189892
0.000158704
0.000132378
0.000110202
9.15618e-05
7.59256e-05
6.28368e-05
5.19031e-05
4.27885e-05
3.5206e-05
2.8911e-05
2.36957e-05
1.93837e-05
1.58258e-05
1.28961e-05
1.04886e-05
8.51416e-06
6.89821e-06
5.5783e-06
4.50236e-06
3.62704e-06
2.91636e-06
2.3405e-06
1.8748e-06
1.49894e-06
1.19618e-06
9.52785e-07
7.57498e-07
6.01115e-07
4.7613e-07
3.76433e-07
2.97061e-07
2.33992e-07
1.83975e-07
1.44383e-07
1.13104e-07
8.844e-08
6.90283e-08
5.37795e-08
4.18234e-08
3.24666e-08
2.51578e-08
1.94593e-08
1.50246e-08
1.15799e-08
8.9091e-09
6.84212e-09
5.2454e-09
4.01421e-09
3.0666e-09
2.33858e-09
1.78028e-09
1.3529e-09
1.02634e-09
7.77249e-10
5.87599e-10
4.43459e-10
3.34103e-10
2.51283e-10
1.88672e-10
1.4142e-10
1.05823e-10
7.90523e-11
5.89546e-11
4.38927e-11
3.26242e-11
2.42083e-11
1.79336e-11
1.32632e-11
9.79299e-12
7.21883e-12
5.31259e-12
3.90334e-12
2.86324e-12
2.09689e-12
1.53317e-12
1.11919e-12
8.15686e-13
5.93533e-13
4.31195e-13
3.12761e-13
2.26497e-13
1.63768e-13
1.18225e-13
8.5214e-14
6.13244e-14
4.40636e-14
3.1612e-14
2.2644e-14
1.61952e-14
1.15652e-14
8.24619e-15
5.87075e-15
4.17324e-15
2.96208e-15
2.09926e-15
1.48553e-15
1.04966e-15
7.40574e-16
5.21725e-16
3.67006e-16
2.57788e-16
1.80807e-16
1.26628e-16
8.8555e-17
6.18393e-17
4.31208e-17
3.00249e-17
2.08763e-17
1.44945e-17
1.00492e-17
6.95735e-18
4.80995e-18
3.32066e-18
2.28927e-18
1.57602e-18
1.08348e-18
7.43833e-19
5.09951e-19
3.49126e-19
2.38693e-19
1.62967e-19
1.11114e-19
7.56568e-20
5.14444e-20
3.49335e-20
2.36898e-20
1.60435e-20
1.08507e-20
7.32893e-21
4.94364e-21
3.33027e-21
2.24048e-21
1.50534e-21
1.01009e-21
6.76899e-22
4.53027e-22
3.02805e-22
2.02136e-22
1.34763e-22
8.97307e-23
5.96706e-23
3.96305e-23
2.62876e-23
1.74152e-23
1.15229e-23
7.61467e-24
5.02577e-24
3.31296e-24
2.1812e-24
1.4343e-24
9.42004e-25
6.17926e-25
4.04849e-25
2.64926e-25
1.73153e-25
1.13036e-25
7.37027e-26
4.7999e-26
3.12223e-26
2.02854e-26
1.31641e-26
8.53275e-27
5.52432e-27
3.57242e-27
2.3075e-27
1.48874e-27
9.5939e-28
6.17552e-28
3.97059e-28
2.55001e-28
1.63582e-28
1.04819e-28
6.70891e-29
4.28922e-29
2.73917e-29
1.74733e-29
1.1134e-29
7.08673e-30
4.5057e-30
2.86156e-30
1.81538e-30
1.15043e-30
7.2825e-31
4.60502e-31
2.90881e-31
1.83541e-31
1.15688e-31
7.28413e-32
4.5815e-32
2.87859e-32
1.80673e-32
1.13279e-32
7.09504e-33
4.43922e-33
2.77464e-33
1.73244e-33
1.0806e-33
6.73322e-34
4.19119e-34
2.60622e-34
1.61898e-34
1.0047e-34
6.22859e-35
3.85753e-35
2.38668e-35
1.47518e-35
9.10893e-36
5.619e-36
3.46276e-36
2.13187e-36
1.31121e-36
8.05678e-37
4.94571e-37
3.03302e-37
1.85825e-37
1.13741e-37
6.95523e-38
4.24906e-38
2.59336e-38
1.58132e-38
9.63315e-39
5.86284e-39
3.56485e-39
2.16556e-39
1.3143e-39
7.96924e-40
4.82768e-40
2.92187e-40
1.76679e-40
1.06736e-40
6.44236e-41
3.88494e-41
2.34062e-41
1.40892e-41
8.4733e-42
5.09133e-42
3.05649e-42
1.83328e-42
1.09863e-42
6.57797e-43
3.93505e-43
2.35196e-43
1.40453e-43
8.38019e-44
4.99576e-44
2.9756e-44
1.77082e-44
1.05294e-44
6.25548e-45
3.7132e-45
2.20226e-45
1.30504e-45
7.72702e-46
4.57127e-46
2.70208e-46
1.59588e-46
9.41758e-47
5.55291e-47
3.27148e-47
1.9258e-47
1.13272e-47
6.65703e-48
3.90918e-48
2.29371e-48
1.34475e-48
7.87765e-49
4.61108e-49
2.69688e-49
1.57607e-49
9.20336e-50
5.36998e-50
3.13082e-50
1.8239e-50
1.06171e-50
6.1755e-51
3.58923e-51
2.08446e-51
1.20963e-51
7.01416e-52
4.06412e-52
2.35303e-52
1.36131e-52
7.86966e-53
4.54598e-53
2.62405e-53
1.51353e-53
8.7234e-54
5.02407e-54
2.89137e-54
1.66276e-54
9.5551e-55
5.48683e-55
3.1484e-55
1.80526e-55
1.03437e-55
5.92235e-56
3.38843e-56
1.93727e-56
1.10681e-56
6.31889e-57
3.60495e-57
2.05518e-57
1.17083e-57
6.66544e-58
3.79191e-58
2.15568e-58
1.22463e-58
6.95222e-59
3.94403e-59
2.23592e-59
1.26669e-59
7.17116e-60
4.05703e-60
2.29367e-60
1.29586e-60
7.31626e-61
4.12788e-61
2.3274e-61
1.31137e-61
7.3839e-62
4.15487e-62
2.33636e-62
1.3129e-62
7.37292e-63
4.1377e-63
2.32057e-63
1.3006e-63
7.28467e-64
4.0775e-64
2.28084e-64
1.27502e-64
7.1229e-65
3.97666e-65
2.21871e-65
1.23711e-65
6.89345e-66
3.83876e-66
2.13634e-66
1.18816e-66
6.60401e-67
3.66832e-67
2.03637e-67
1.12973e-67
6.2636e-68
3.4706e-68
1.92184e-68
1.06356e-68
5.88223e-69
3.25129e-69
1.796e-69
9.91497e-70
5.47034e-70
3.01631e-70
1.66217e-70
9.15408e-71
5.03842e-71
2.77151e-71
1.52363e-71
8.37115e-72
4.59658e-72
2.52249e-72
1.38346e-72
7.58321e-73
4.15418e-73
2.2744e-73
1.24451e-73
6.80587e-74
3.72001e-74
2.03251e-74
1.11055e-74
6.07708e-75
3.3466e-75
1.88422e-75
1.13736e-75
8.23402e-76
)
;

boundaryField
{
    sides
    {
        type            zeroGradient;
    }
    empty
    {
        type            empty;
    }
}


// ************************************************************************* //
