/*--------------------------------*- C++ -*----------------------------------*\
  =========                 |
  \\      /  F ield         | OpenFOAM: The Open Source CFD Toolbox
   \\    /   O peration     | Website:  https://openfoam.org
    \\  /    A nd           | Version:  7
     \\/     M anipulation  |
\*---------------------------------------------------------------------------*/
FoamFile
{
    version     2.0;
    format      ascii;
    class       volScalarField;
    location    "1.13";
    object      T;
}
// * * * * * * * * * * * * * * * * * * * * * * * * * * * * * * * * * * * * * //

dimensions      [0 0 0 1 0 0 0];

internalField   nonuniform List<scalar> 
1000
(
0.000227383
0.00022747
0.000227646
0.000227911
0.000228266
0.000228712
0.000229251
0.000229882
0.000230608
0.00023143
0.000232348
0.000233364
0.000234478
0.000235693
0.00023701
0.000238429
0.000239952
0.000241581
0.000243316
0.00024516
0.000247114
0.000249179
0.000251356
0.000253649
0.000256057
0.000258583
0.000261229
0.000263996
0.000266886
0.000269901
0.000273043
0.000276313
0.000279715
0.000283249
0.000286917
0.000290723
0.000294668
0.000298754
0.000302983
0.000307359
0.000311882
0.000316556
0.000321384
0.000326366
0.000331507
0.000336809
0.000342274
0.000347906
0.000353706
0.000359678
0.000365825
0.00037215
0.000378655
0.000385344
0.00039222
0.000399286
0.000406545
0.000414001
0.000421657
0.000429517
0.000437584
0.000445861
0.000454353
0.000463063
0.000471995
0.000481152
0.000490539
0.00050016
0.000510018
0.000520119
0.000530465
0.000541063
0.000551915
0.000563026
0.000574401
0.000586045
0.000597962
0.000610157
0.000622635
0.000635401
0.000648459
0.000661816
0.000675476
0.000689445
0.000703727
0.000718329
0.000733256
0.000748514
0.000764108
0.000780044
0.000796329
0.000812968
0.000829968
0.000847334
0.000865073
0.000883192
0.000901697
0.000920595
0.000939892
0.000959595
0.000979712
0.00100025
0.00102121
0.00104261
0.00106446
0.00108675
0.0011095
0.00113271
0.0011564
0.00118057
0.00120523
0.00123038
0.00125604
0.00128222
0.00130891
0.00133614
0.00136391
0.00139223
0.00142111
0.00145055
0.00148057
0.00151118
0.00154238
0.00157419
0.00160662
0.00163967
0.00167335
0.00170768
0.00174267
0.00177833
0.00181466
0.00185168
0.0018894
0.00192783
0.00196698
0.00200686
0.00204749
0.00208888
0.00213103
0.00217396
0.00221769
0.00226222
0.00230757
0.00235374
0.00240076
0.00244863
0.00249738
0.002547
0.00259752
0.00264894
0.00270129
0.00275457
0.00280881
0.00286401
0.00292018
0.00297735
0.00303552
0.00309472
0.00315496
0.00321624
0.0032786
0.00334203
0.00340657
0.00347222
0.003539
0.00360692
0.00367601
0.00374628
0.00381774
0.00389042
0.00396433
0.00403948
0.00411589
0.00419359
0.00427259
0.0043529
0.00443455
0.00451755
0.00460192
0.00468769
0.00477486
0.00486346
0.0049535
0.00504501
0.00513801
0.00523251
0.00532853
0.0054261
0.00552523
0.00562595
0.00572827
0.00583221
0.0059378
0.00604506
0.00615401
0.00626466
0.00637705
0.00649118
0.00660709
0.0067248
0.00684432
0.00696568
0.00708891
0.00721402
0.00734103
0.00746998
0.00760088
0.00773375
0.00786862
0.00800552
0.00814446
0.00828547
0.00842858
0.00857381
0.00872117
0.0088707
0.00902243
0.00917637
0.00933255
0.00949099
0.00965172
0.00981477
0.00998016
0.0101479
0.0103181
0.0104906
0.0106656
0.0108431
0.0110231
0.0112056
0.0113906
0.0115782
0.0117684
0.0119612
0.0121567
0.0123549
0.0125558
0.0127594
0.0129657
0.0131749
0.0133868
0.0136017
0.0138193
0.0140399
0.0142634
0.0144898
0.0147192
0.0149517
0.0151871
0.0154257
0.0156673
0.015912
0.0161599
0.0164109
0.0166651
0.0169226
0.0171833
0.0174473
0.0177146
0.0179853
0.0182593
0.0185367
0.0188176
0.0191018
0.0193896
0.0196809
0.0199757
0.020274
0.020576
0.0208816
0.0211908
0.0215036
0.0218202
0.0221405
0.0224646
0.0227924
0.0231241
0.0234595
0.0237989
0.0241421
0.0244892
0.0248403
0.0251953
0.0255544
0.0259174
0.0262845
0.0266557
0.0270309
0.0274103
0.0277939
0.0281815
0.0285734
0.0289696
0.0293699
0.0297745
0.0301835
0.0305967
0.0310143
0.0314362
0.0318625
0.0322933
0.0327284
0.0331681
0.0336122
0.0340608
0.0345139
0.0349715
0.0354337
0.0359005
0.0363719
0.0368479
0.0373286
0.0378139
0.0383039
0.0387986
0.0392979
0.0398021
0.040311
0.0408246
0.041343
0.0418662
0.0423943
0.0429271
0.0434648
0.0440074
0.0445548
0.0451071
0.0456643
0.0462264
0.0467934
0.0473654
0.0479423
0.0485241
0.049111
0.0497027
0.0502995
0.0509013
0.051508
0.0521198
0.0527365
0.0533583
0.0539851
0.0546169
0.0552537
0.0558956
0.0565425
0.0571944
0.0578514
0.0585134
0.0591805
0.0598526
0.0605297
0.0612119
0.0618991
0.0625913
0.0632886
0.0639909
0.0646981
0.0654104
0.0661278
0.0668501
0.0675773
0.0683096
0.0690468
0.069789
0.0705362
0.0712883
0.0720453
0.0728072
0.073574
0.0743457
0.0751222
0.0759036
0.0766898
0.0774809
0.0782767
0.0790773
0.0798827
0.0806927
0.0815075
0.082327
0.0831511
0.0839799
0.0848133
0.0856512
0.0864937
0.0873408
0.0881923
0.0890483
0.0899088
0.0907736
0.0916428
0.0925163
0.0933942
0.0942763
0.0951626
0.0960532
0.0969479
0.0978466
0.0987495
0.0996564
0.100567
0.101482
0.102401
0.103324
0.10425
0.10518
0.106114
0.107052
0.107993
0.108938
0.109886
0.110838
0.111793
0.112751
0.113713
0.114678
0.115647
0.116618
0.117593
0.11857
0.119551
0.120534
0.12152
0.122509
0.123501
0.124496
0.125493
0.126492
0.127494
0.128498
0.129505
0.130514
0.131525
0.132538
0.133553
0.13457
0.135589
0.13661
0.137633
0.138657
0.139683
0.14071
0.141739
0.142769
0.1438
0.144833
0.145866
0.146901
0.147936
0.148973
0.15001
0.151048
0.152086
0.153125
0.154165
0.155205
0.156245
0.157285
0.158325
0.159365
0.160405
0.161445
0.162485
0.163524
0.164563
0.165601
0.166639
0.167675
0.168711
0.169746
0.17078
0.171813
0.172845
0.173875
0.174904
0.175931
0.176956
0.17798
0.179002
0.180022
0.181041
0.182057
0.18307
0.184082
0.185091
0.186097
0.187101
0.188102
0.1891
0.190096
0.191088
0.192077
0.193063
0.194046
0.195025
0.196001
0.196972
0.197941
0.198905
0.199865
0.200822
0.201774
0.202722
0.203665
0.204604
0.205539
0.206469
0.207394
0.208314
0.209229
0.210139
0.211044
0.211944
0.212838
0.213727
0.21461
0.215488
0.21636
0.217226
0.218085
0.218939
0.219787
0.220628
0.221464
0.222292
0.223114
0.22393
0.224738
0.22554
0.226335
0.227123
0.227904
0.228677
0.229443
0.230202
0.230954
0.231697
0.232434
0.233162
0.233883
0.234595
0.2353
0.235996
0.236685
0.237365
0.238037
0.2387
0.239355
0.240001
0.240639
0.241268
0.241888
0.242499
0.243101
0.243695
0.244279
0.244854
0.245419
0.245976
0.246523
0.24706
0.247588
0.248107
0.248616
0.249115
0.249604
0.250083
0.250553
0.251013
0.251462
0.251902
0.252331
0.25275
0.253159
0.253558
0.253947
0.254325
0.254692
0.255049
0.255396
0.255732
0.256058
0.256372
0.256677
0.25697
0.257253
0.257525
0.257786
0.258036
0.258276
0.258504
0.258722
0.258928
0.259124
0.259308
0.259482
0.259644
0.259796
0.259936
0.260065
0.260183
0.26029
0.260386
0.26047
0.260543
0.260606
0.260657
0.260696
0.260725
0.260742
0.260749
0.260744
0.260727
0.2607
0.260661
0.260612
0.260551
0.260479
0.260395
0.260301
0.260195
0.260079
0.259951
0.259812
0.259662
0.259501
0.259329
0.259146
0.258952
0.258747
0.258531
0.258304
0.258067
0.257818
0.257559
0.257289
0.257008
0.256717
0.256415
0.256102
0.255779
0.255446
0.255101
0.254747
0.254382
0.254006
0.253621
0.253225
0.252819
0.252402
0.251976
0.25154
0.251094
0.250637
0.250171
0.249695
0.24921
0.248715
0.24821
0.247695
0.247172
0.246638
0.246096
0.245544
0.244983
0.244412
0.243833
0.243245
0.242648
0.242042
0.241427
0.240803
0.240171
0.23953
0.238881
0.238224
0.237558
0.236884
0.236202
0.235512
0.234814
0.234108
0.233394
0.232672
0.231943
0.231207
0.230462
0.229711
0.228952
0.228186
0.227413
0.226633
0.225847
0.225053
0.224253
0.223446
0.222632
0.221812
0.220986
0.220153
0.219314
0.21847
0.217619
0.216762
0.2159
0.215032
0.214159
0.21328
0.212395
0.211506
0.210611
0.209711
0.208806
0.207896
0.206982
0.206063
0.205139
0.204211
0.203278
0.202342
0.201401
0.200456
0.199506
0.198554
0.197597
0.196637
0.195673
0.194705
0.193735
0.192761
0.191784
0.190803
0.18982
0.188834
0.187845
0.186854
0.18586
0.184863
0.183865
0.182863
0.18186
0.180855
0.179847
0.178838
0.177827
0.176814
0.1758
0.174784
0.173767
0.172749
0.171729
0.170708
0.169686
0.168664
0.16764
0.166616
0.165591
0.164565
0.163539
0.162513
0.161486
0.160459
0.159432
0.158405
0.157378
0.156352
0.155325
0.154299
0.153273
0.152248
0.151223
0.150199
0.149176
0.148153
0.147132
0.146111
0.145091
0.144073
0.143056
0.14204
0.141026
0.140012
0.139001
0.137991
0.136983
0.135976
0.134972
0.133969
0.132968
0.13197
0.130973
0.129979
0.128986
0.127997
0.127009
0.126024
0.125041
0.124061
0.123084
0.122109
0.121138
0.120169
0.119202
0.118239
0.117279
0.116322
0.115367
0.114416
0.113469
0.112524
0.111583
0.110645
0.109711
0.10878
0.107853
0.106929
0.106009
0.105092
0.104179
0.10327
0.102365
0.101464
0.100566
0.0996728
0.0987833
0.0978977
0.0970162
0.0961388
0.0952655
0.0943963
0.0935314
0.0926707
0.0918143
0.0909622
0.0901144
0.089271
0.088432
0.0875974
0.0867673
0.0859417
0.0851206
0.084304
0.083492
0.0826846
0.0818818
0.0810837
0.0802903
0.0795015
0.0787175
0.0779382
0.0771636
0.0763939
0.0756289
0.0748688
0.0741135
0.073363
0.0726174
0.0718767
0.0711409
0.07041
0.0696841
0.068963
0.068247
0.0675359
0.0668298
0.0661287
0.0654325
0.0647414
0.0640554
0.0633743
0.0626983
0.0620273
0.0613614
0.0607006
0.0600448
0.0593941
0.0587484
0.0581079
0.0574724
0.056842
0.0562167
0.0555965
0.0549815
0.0543715
0.0537666
0.0531668
0.0525721
0.0519826
0.0513981
0.0508188
0.0502446
0.0496754
0.0491114
0.0485525
0.0479987
0.0474499
0.0469063
0.0463678
0.0458344
0.0453061
0.0447828
0.0442647
0.0437516
0.0432436
0.0427407
0.0422429
0.0417501
0.0412624
0.0407797
0.0403022
0.0398296
0.0393621
0.0388997
0.0384423
0.03799
0.0375426
0.0371004
0.0366631
0.0362308
0.0358036
0.0353814
0.0349642
0.034552
0.0341448
0.0337426
0.0333454
0.0329532
0.032566
0.0321838
0.0318065
0.0314343
0.031067
0.0307047
0.0303474
0.0299951
0.0296477
0.0293054
0.028968
0.0286355
0.0283081
0.0279856
0.0276682
0.0273557
0.0270482
0.0267456
0.0264481
0.0261556
0.0258681
0.0255856
0.0253081
0.0250356
0.0247682
0.0245058
0.0242484
0.0239961
0.0237488
0.0235067
0.0232696
0.0230376
0.0228107
0.022589
0.0223724
0.0221609
0.0219546
0.0217535
0.0215576
0.021367
0.0211816
0.0210014
0.0208265
0.020657
0.0204928
0.0203339
0.0201804
0.0200324
0.0198898
0.0197526
0.019621
0.0194949
0.0193743
0.0192594
0.0191501
0.0190465
0.0189486
0.0188564
0.0187701
0.0186896
0.0186149
0.0185462
0.0184835
0.0184268
0.0183762
0.0183317
0.0182934
0.0182613
0.0182355
0.018216
0.018203
0.0181965
)
;

boundaryField
{
    sides
    {
        type            zeroGradient;
    }
    empty
    {
        type            empty;
    }
}


// ************************************************************************* //
