/*--------------------------------*- C++ -*----------------------------------*\
  =========                 |
  \\      /  F ield         | OpenFOAM: The Open Source CFD Toolbox
   \\    /   O peration     | Website:  https://openfoam.org
    \\  /    A nd           | Version:  7
     \\/     M anipulation  |
\*---------------------------------------------------------------------------*/
FoamFile
{
    version     2.0;
    format      ascii;
    class       volScalarField;
    location    "2.07";
    object      T;
}
// * * * * * * * * * * * * * * * * * * * * * * * * * * * * * * * * * * * * * //

dimensions      [0 0 0 1 0 0 0];

internalField   nonuniform List<scalar> 
1000
(
0.00162598
0.00162616
0.00162652
0.00162707
0.0016278
0.00162872
0.00162983
0.00163113
0.00163262
0.00163431
0.00163619
0.00163827
0.00164056
0.00164305
0.00164574
0.00164864
0.00165175
0.00165507
0.00165861
0.00166236
0.00166633
0.00167052
0.00167493
0.00167957
0.00168443
0.00168952
0.00169485
0.00170041
0.0017062
0.00171223
0.00171851
0.00172503
0.00173179
0.00173881
0.00174607
0.00175359
0.00176136
0.0017694
0.00177769
0.00178625
0.00179507
0.00180417
0.00181354
0.00182318
0.0018331
0.0018433
0.00185379
0.00186456
0.00187562
0.00188697
0.00189862
0.00191057
0.00192281
0.00193536
0.00194822
0.00196139
0.00197488
0.00198868
0.0020028
0.00201724
0.00203201
0.00204711
0.00206254
0.00207831
0.00209442
0.00211087
0.00212767
0.00214482
0.00216232
0.00218018
0.0021984
0.00221699
0.00223594
0.00225527
0.00227497
0.00229505
0.00231551
0.00233636
0.0023576
0.00237924
0.00240127
0.00242371
0.00244655
0.00246981
0.00249348
0.00251756
0.00254207
0.00256701
0.00259238
0.00261818
0.00264442
0.00267111
0.00269824
0.00272583
0.00275388
0.00278238
0.00281136
0.0028408
0.00287072
0.00290112
0.002932
0.00296337
0.00299523
0.0030276
0.00306047
0.00309384
0.00312773
0.00316213
0.00319706
0.00323252
0.00326851
0.00330504
0.00334211
0.00337973
0.0034179
0.00345663
0.00349592
0.00353579
0.00357622
0.00361724
0.00365884
0.00370103
0.00374382
0.00378721
0.00383121
0.00387582
0.00392105
0.0039669
0.00401338
0.0040605
0.00410826
0.00415666
0.00420572
0.00425543
0.00430582
0.00435687
0.0044086
0.00446101
0.00451411
0.0045679
0.0046224
0.0046776
0.00473352
0.00479016
0.00484752
0.00490561
0.00496445
0.00502403
0.00508436
0.00514545
0.0052073
0.00526993
0.00533333
0.00539752
0.0054625
0.00552828
0.00559486
0.00566226
0.00573047
0.00579951
0.00586938
0.00594009
0.00601164
0.00608405
0.00615732
0.00623146
0.00630647
0.00638236
0.00645914
0.00653682
0.0066154
0.00669489
0.00677529
0.00685663
0.00693889
0.0070221
0.00710625
0.00719135
0.00727742
0.00736446
0.00745248
0.00754148
0.00763147
0.00772246
0.00781447
0.00790748
0.00800152
0.00809659
0.0081927
0.00828986
0.00838807
0.00848734
0.00858768
0.0086891
0.00879161
0.0088952
0.00899991
0.00910572
0.00921264
0.0093207
0.00942989
0.00954022
0.0096517
0.00976434
0.00987814
0.00999312
0.0101093
0.0102266
0.0103452
0.0104649
0.0105859
0.0107081
0.0108315
0.0109562
0.0110821
0.0112093
0.0113377
0.0114674
0.0115984
0.0117307
0.0118643
0.0119992
0.0121354
0.0122729
0.0124118
0.012552
0.0126935
0.0128364
0.0129807
0.0131263
0.0132734
0.0134218
0.0135716
0.0137228
0.0138755
0.0140295
0.014185
0.0143419
0.0145003
0.0146602
0.0148215
0.0149842
0.0151485
0.0153142
0.0154815
0.0156502
0.0158205
0.0159923
0.0161656
0.0163405
0.0165169
0.0166949
0.0168744
0.0170555
0.0172382
0.0174225
0.0176084
0.0177958
0.0179849
0.0181756
0.018368
0.018562
0.0187576
0.0189548
0.0191538
0.0193544
0.0195567
0.0197606
0.0199663
0.0201736
0.0203827
0.0205935
0.020806
0.0210202
0.0212361
0.0214538
0.0216733
0.0218945
0.0221175
0.0223422
0.0225688
0.0227971
0.0230272
0.0232591
0.0234928
0.0237284
0.0239657
0.0242049
0.0244459
0.0246888
0.0249335
0.0251801
0.0254285
0.0256788
0.025931
0.026185
0.026441
0.0266988
0.0269585
0.0272202
0.0274837
0.0277492
0.0280166
0.0282859
0.0285571
0.0288303
0.0291054
0.0293825
0.0296615
0.0299425
0.0302254
0.0305103
0.0307972
0.0310861
0.031377
0.0316698
0.0319646
0.0322615
0.0325603
0.0328611
0.033164
0.0334688
0.0337757
0.0340846
0.0343955
0.0347084
0.0350234
0.0353404
0.0356594
0.0359805
0.0363036
0.0366288
0.036956
0.0372853
0.0376166
0.03795
0.0382854
0.0386229
0.0389624
0.039304
0.0396477
0.0399935
0.0403413
0.0406911
0.0410431
0.0413971
0.0417532
0.0421114
0.0424716
0.0428339
0.0431983
0.0435647
0.0439332
0.0443038
0.0446765
0.0450513
0.0454281
0.0458069
0.0461879
0.0465709
0.046956
0.0473432
0.0477324
0.0481236
0.048517
0.0489124
0.0493098
0.0497093
0.0501109
0.0505145
0.0509201
0.0513278
0.0517376
0.0521493
0.0525631
0.0529789
0.0533968
0.0538166
0.0542385
0.0546624
0.0550883
0.0555162
0.0559461
0.056378
0.0568118
0.0572477
0.0576855
0.0581253
0.058567
0.0590107
0.0594564
0.059904
0.0603535
0.060805
0.0612584
0.0617137
0.0621709
0.06263
0.0630909
0.0635538
0.0640185
0.0644851
0.0649536
0.0654239
0.0658961
0.06637
0.0668458
0.0673234
0.0678028
0.068284
0.0687669
0.0692517
0.0697381
0.0702264
0.0707163
0.071208
0.0717014
0.0721965
0.0726933
0.0731917
0.0736918
0.0741936
0.074697
0.075202
0.0757086
0.0762169
0.0767267
0.077238
0.077751
0.0782654
0.0787814
0.0792989
0.0798179
0.0803384
0.0808603
0.0813837
0.0819086
0.0824348
0.0829625
0.0834915
0.0840219
0.0845536
0.0850867
0.0856211
0.0861568
0.0866938
0.0872321
0.0877716
0.0883123
0.0888543
0.0893974
0.0899417
0.0904871
0.0910337
0.0915814
0.0921302
0.0926801
0.0932311
0.093783
0.094336
0.09489
0.0954449
0.0960008
0.0965577
0.0971154
0.0976741
0.0982336
0.0987939
0.0993551
0.0999171
0.10048
0.101043
0.101608
0.102173
0.102738
0.103304
0.103871
0.104439
0.105007
0.105576
0.106145
0.106715
0.107285
0.107856
0.108427
0.108999
0.109571
0.110143
0.110716
0.111289
0.111862
0.112436
0.11301
0.113584
0.114158
0.114732
0.115307
0.115882
0.116456
0.117031
0.117606
0.118181
0.118756
0.11933
0.119905
0.12048
0.121054
0.121628
0.122202
0.122776
0.12335
0.123923
0.124496
0.125068
0.125641
0.126213
0.126784
0.127355
0.127926
0.128496
0.129065
0.129634
0.130202
0.13077
0.131337
0.131903
0.132469
0.133033
0.133597
0.134161
0.134723
0.135284
0.135845
0.136405
0.136963
0.137521
0.138078
0.138633
0.139188
0.139741
0.140293
0.140844
0.141394
0.141943
0.14249
0.143036
0.143581
0.144124
0.144666
0.145206
0.145746
0.146283
0.146819
0.147353
0.147886
0.148418
0.148947
0.149475
0.150001
0.150526
0.151048
0.151569
0.152088
0.152606
0.153121
0.153634
0.154146
0.154655
0.155163
0.155668
0.156171
0.156672
0.157171
0.157668
0.158163
0.158655
0.159145
0.159633
0.160119
0.160602
0.161083
0.161561
0.162037
0.16251
0.162981
0.16345
0.163916
0.164379
0.16484
0.165298
0.165753
0.166205
0.166655
0.167102
0.167547
0.167988
0.168427
0.168863
0.169295
0.169725
0.170152
0.170576
0.170997
0.171415
0.17183
0.172242
0.17265
0.173056
0.173458
0.173857
0.174253
0.174645
0.175035
0.17542
0.175803
0.176182
0.176558
0.176931
0.1773
0.177665
0.178027
0.178386
0.178741
0.179093
0.179441
0.179785
0.180126
0.180463
0.180796
0.181126
0.181452
0.181774
0.182093
0.182407
0.182718
0.183025
0.183329
0.183628
0.183923
0.184215
0.184503
0.184786
0.185066
0.185342
0.185614
0.185882
0.186146
0.186405
0.186661
0.186913
0.18716
0.187403
0.187643
0.187878
0.188109
0.188335
0.188558
0.188776
0.18899
0.1892
0.189406
0.189607
0.189804
0.189997
0.190185
0.190369
0.190549
0.190725
0.190896
0.191063
0.191225
0.191383
0.191536
0.191686
0.19183
0.191971
0.192107
0.192238
0.192365
0.192488
0.192606
0.192719
0.192828
0.192933
0.193033
0.193129
0.19322
0.193306
0.193388
0.193466
0.193539
0.193608
0.193672
0.193731
0.193786
0.193836
0.193882
0.193923
0.19396
0.193992
0.19402
0.194043
0.194061
0.194075
0.194085
0.194089
0.19409
0.194086
0.194077
0.194063
0.194046
0.194023
0.193996
0.193965
0.193929
0.193888
0.193843
0.193794
0.19374
0.193681
0.193618
0.193551
0.193479
0.193402
0.193321
0.193236
0.193146
0.193052
0.192953
0.19285
0.192742
0.19263
0.192514
0.192393
0.192268
0.192138
0.192005
0.191867
0.191724
0.191577
0.191426
0.191271
0.191111
0.190947
0.190779
0.190607
0.19043
0.190249
0.190065
0.189875
0.189682
0.189485
0.189283
0.189078
0.188868
0.188654
0.188437
0.188215
0.187989
0.187759
0.187526
0.187288
0.187046
0.186801
0.186551
0.186298
0.186041
0.18578
0.185516
0.185247
0.184975
0.184699
0.184419
0.184136
0.183849
0.183559
0.183264
0.182967
0.182665
0.18236
0.182052
0.18174
0.181425
0.181106
0.180784
0.180459
0.18013
0.179798
0.179463
0.179124
0.178782
0.178437
0.178089
0.177738
0.177383
0.177026
0.176665
0.176302
0.175935
0.175566
0.175193
0.174818
0.17444
0.174059
0.173675
0.173289
0.1729
0.172508
0.172113
0.171716
0.171316
0.170914
0.170509
0.170102
0.169692
0.16928
0.168865
0.168449
0.168029
0.167608
0.167184
0.166759
0.166331
0.165901
0.165468
0.165034
0.164598
0.16416
0.16372
0.163278
0.162834
0.162388
0.161941
0.161492
0.161041
0.160589
0.160135
0.159679
0.159222
0.158763
0.158303
0.157842
0.157379
0.156915
0.15645
0.155983
0.155515
0.155046
0.154576
0.154105
0.153633
0.15316
0.152686
0.152211
0.151736
0.151259
0.150782
0.150304
0.149826
0.149346
0.148867
0.148386
0.147906
0.147425
0.146943
0.146461
0.145979
0.145497
0.145014
0.144532
0.144049
0.143566
0.143083
0.142601
0.142118
0.141635
0.141153
0.140671
0.140189
0.139708
0.139227
0.138747
0.138267
0.137787
0.137308
0.13683
0.136353
0.135876
0.1354
0.134925
0.134451
0.133977
0.133505
0.133034
0.132564
0.132095
0.131628
0.131161
0.130696
0.130233
0.129771
0.12931
0.128851
0.128394
0.127938
0.127484
0.127031
0.126581
0.126132
0.125686
0.125241
0.124799
0.124358
0.12392
0.123484
0.12305
0.122619
0.12219
0.121763
0.121339
0.120918
0.120499
0.120083
0.119669
0.119259
0.118851
0.118446
0.118045
0.117646
0.11725
0.116858
0.116469
0.116083
0.115701
0.115322
0.114946
0.114574
0.114206
0.113841
0.11348
0.113123
0.11277
0.112421
0.112075
0.111734
0.111397
0.111064
0.110736
0.110411
0.110092
0.109776
0.109465
0.109159
0.108857
0.108561
0.108269
0.107981
0.107699
0.107422
0.10715
0.106883
0.106621
0.106365
0.106114
0.105868
0.105628
0.105393
0.105164
0.104941
0.104724
0.104512
0.104307
0.104107
0.103914
0.103726
0.103545
0.10337
0.103202
0.10304
0.102885
0.102736
0.102594
0.102459
0.10233
0.102209
0.102094
0.101987
0.101886
0.101793
0.101708
0.101629
0.101558
0.101495
0.101439
0.101391
0.101351
0.101319
0.101294
0.101278
0.10127
)
;

boundaryField
{
    sides
    {
        type            zeroGradient;
    }
    empty
    {
        type            empty;
    }
}


// ************************************************************************* //
