/*--------------------------------*- C++ -*----------------------------------*\
  =========                 |
  \\      /  F ield         | OpenFOAM: The Open Source CFD Toolbox
   \\    /   O peration     | Website:  https://openfoam.org
    \\  /    A nd           | Version:  7
     \\/     M anipulation  |
\*---------------------------------------------------------------------------*/
FoamFile
{
    version     2.0;
    format      ascii;
    class       volScalarField;
    location    "3.98";
    object      T;
}
// * * * * * * * * * * * * * * * * * * * * * * * * * * * * * * * * * * * * * //

dimensions      [0 0 0 1 0 0 0];

internalField   nonuniform List<scalar> 
1000
(
3.46217e-50
4.14807e-50
5.65397e-50
8.27388e-50
1.25184e-49
1.92129e-49
2.96557e-49
4.58663e-49
7.09711e-49
1.09797e-48
1.69788e-48
2.6241e-48
4.05313e-48
6.25649e-48
9.65153e-48
1.48794e-47
2.29242e-47
3.5296e-47
5.43097e-47
8.35121e-47
1.28334e-46
1.97083e-46
3.02466e-46
4.63898e-46
7.11024e-46
1.08909e-45
1.66708e-45
2.55015e-45
3.89843e-45
5.95562e-45
9.09239e-45
1.38721e-44
2.11504e-44
3.22259e-44
4.90687e-44
7.46643e-44
1.13536e-43
1.72528e-43
2.61997e-43
3.97595e-43
6.02965e-43
9.138e-43
1.38394e-42
2.09453e-42
3.16783e-42
4.78785e-42
7.23143e-42
1.09147e-41
1.64626e-41
2.48136e-41
3.7375e-41
5.62567e-41
8.46187e-41
1.27192e-40
1.91051e-40
2.86773e-40
4.30154e-40
6.44774e-40
9.65799e-40
1.44565e-39
2.16238e-39
3.23218e-39
4.82785e-39
7.20618e-39
1.07485e-38
1.60208e-38
2.38622e-38
3.55163e-38
5.28245e-38
7.85112e-38
1.16605e-37
1.73057e-37
2.56655e-37
3.80361e-37
5.63286e-37
8.3358e-37
1.23268e-36
1.82153e-36
2.68972e-36
3.96882e-36
5.85189e-36
8.6221e-36
1.26944e-35
1.86762e-35
2.74565e-35
4.03349e-35
5.921e-35
8.68534e-35
1.27308e-34
1.86466e-34
2.7291e-34
3.9913e-34
5.83289e-34
8.51777e-34
1.24291e-33
1.81229e-33
2.64051e-33
3.8443e-33
5.59264e-33
8.12991e-33
1.18093e-32
1.71407e-32
2.48601e-32
3.60282e-32
5.21734e-32
7.54954e-32
1.09158e-31
1.57709e-31
2.27677e-31
3.28432e-31
4.73405e-31
6.81839e-31
9.81275e-31
1.41111e-30
2.02763e-30
2.91122e-30
4.17657e-30
5.98716e-30
8.57588e-30
1.22742e-29
1.75534e-29
2.50832e-29
3.58145e-29
5.10962e-29
7.28399e-29
1.03753e-28
1.47668e-28
2.09999e-28
2.98401e-28
4.23674e-28
6.0105e-28
8.51995e-28
1.20673e-27
1.70776e-27
2.41486e-27
3.41192e-27
4.8167e-27
6.79429e-27
9.57592e-27
1.34852e-26
1.89748e-26
2.66769e-26
3.74743e-26
5.2598e-26
7.37639e-26
1.03361e-25
1.44711e-25
2.02435e-25
2.82947e-25
3.95146e-25
5.5137e-25
7.68709e-25
1.07081e-24
1.49037e-24
2.07257e-24
2.87973e-24
3.99782e-24
5.54528e-24
7.68513e-24
1.06416e-23
1.47227e-23
2.03514e-23
2.81077e-23
3.87865e-23
5.34761e-23
7.36649e-23
1.01387e-22
1.39421e-22
1.91554e-22
2.62952e-22
3.60644e-22
4.94197e-22
6.7661e-22
9.25537e-22
1.26493e-21
1.72723e-21
2.35641e-21
3.21193e-21
4.37415e-21
5.95159e-21
8.09066e-21
1.09887e-20
1.49114e-20
2.02162e-20
2.73835e-20
3.70583e-20
5.0106e-20
6.76863e-20
9.13518e-20
1.23179e-19
1.65945e-19
2.23353e-19
3.00347e-19
4.03511e-19
5.41614e-19
7.26314e-19
9.73102e-19
1.30254e-18
1.7419e-18
2.32729e-18
3.10654e-18
4.14284e-18
5.51968e-18
7.34726e-18
9.77079e-18
1.29816e-17
1.72313e-17
2.28506e-17
3.02741e-17
4.00712e-17
5.29888e-17
7.00042e-17
9.23958e-17
1.21834e-16
1.60498e-16
2.1123e-16
2.77733e-16
3.64824e-16
4.78765e-16
6.27689e-16
8.22146e-16
1.07581e-15
1.40637e-15
1.83673e-15
2.39646e-15
3.12373e-15
4.06775e-15
5.2919e-15
6.87773e-15
8.93006e-15
1.15835e-14
1.50105e-14
1.94324e-14
2.51322e-14
3.24718e-14
4.19134e-14
5.40469e-14
6.96237e-14
8.96011e-14
1.15196e-13
1.47955e-13
1.8984e-13
2.43339e-13
3.11604e-13
3.98619e-13
5.09421e-13
6.50369e-13
8.29478e-13
1.05685e-12
1.34518e-12
1.71045e-12
2.17269e-12
2.75706e-12
3.49505e-12
4.42607e-12
5.59938e-12
7.0765e-12
8.93414e-12
1.12679e-11
1.41967e-11
1.78683e-11
2.24665e-11
2.82188e-11
3.54073e-11
4.43812e-11
5.5572e-11
6.95125e-11
8.68598e-11
1.08423e-10
1.352e-10
1.68413e-10
2.09566e-10
2.60504e-10
3.23483e-10
4.01268e-10
4.97234e-10
6.15504e-10
7.61104e-10
9.40154e-10
1.1601e-09
1.42999e-09
1.76081e-09
2.16586e-09
2.66126e-09
3.26651e-09
4.00514e-09
4.90557e-09
6.00203e-09
7.33572e-09
8.95618e-09
1.09229e-08
1.33073e-08
1.61947e-08
1.96875e-08
2.39079e-08
2.90018e-08
3.5143e-08
4.25388e-08
5.14354e-08
6.21255e-08
7.4956e-08
9.03385e-08
1.0876e-07
1.30795e-07
1.57123e-07
1.88547e-07
2.26008e-07
2.70616e-07
3.23676e-07
3.86716e-07
4.61529e-07
5.50212e-07
6.55216e-07
7.79405e-07
9.26114e-07
1.09923e-06
1.30327e-06
1.54348e-06
1.82596e-06
2.15775e-06
2.54701e-06
3.00318e-06
3.53714e-06
4.16142e-06
4.89046e-06
5.74086e-06
6.73167e-06
7.88472e-06
9.22502e-06
1.07812e-05
1.25858e-05
1.46762e-05
1.70947e-05
1.98896e-05
2.31156e-05
2.6835e-05
3.1118e-05
3.60444e-05
4.17041e-05
4.81985e-05
5.5642e-05
6.41632e-05
7.39067e-05
8.50344e-05
9.77281e-05
0.000112191
0.00012865
0.000147358
0.000168597
0.000192681
0.000219959
0.000250817
0.000285683
0.000325031
0.000369384
0.000419317
0.000475467
0.00053853
0.000609273
0.000688535
0.000777236
0.000876379
0.00098706
0.00111047
0.00124791
0.00140079
0.00157064
0.00175911
0.00196799
0.0021992
0.00245483
0.0027371
0.00304842
0.00339135
0.00376866
0.00418326
0.00463829
0.00513709
0.00568319
0.00628035
0.00693254
0.00764395
0.00841902
0.00926239
0.010179
0.0111739
0.0122525
0.0134203
0.0146833
0.0160475
0.0175191
0.0191047
0.020811
0.0226449
0.0246134
0.0267239
0.0289839
0.0314008
0.0339823
0.0367363
0.0396706
0.0427932
0.0461119
0.0496348
0.0533696
0.0573243
0.0615066
0.065924
0.0705839
0.0754935
0.0806596
0.0860891
0.091788
0.0977623
0.104018
0.110559
0.11739
0.124516
0.131939
0.139663
0.147689
0.156019
0.164654
0.173593
0.182835
0.19238
0.202223
0.212362
0.222793
0.23351
0.244508
0.255779
0.267316
0.27911
0.291152
0.303431
0.315936
0.328655
0.341576
0.354685
0.367968
0.38141
0.394996
0.408709
0.422534
0.436454
0.450451
0.464508
0.478607
0.492729
0.506858
0.520974
0.535059
0.549095
0.563064
0.576949
0.59073
0.604392
0.617917
0.631288
0.64449
0.657506
0.670322
0.682923
0.695294
0.707424
0.719299
0.730908
0.742238
0.75328
0.764024
0.774461
0.784581
0.794379
0.803846
0.812976
0.821765
0.830205
0.838294
0.846028
0.853402
0.860415
0.867064
0.873346
0.879261
0.884808
0.889984
0.894791
0.899227
0.903292
0.906987
0.910311
0.913265
0.915848
0.918062
0.919906
0.921381
0.922487
0.923224
0.923593
0.923593
0.923224
0.922487
0.921381
0.919906
0.918062
0.915848
0.913265
0.910311
0.906987
0.903292
0.899227
0.894791
0.889984
0.884808
0.879261
0.873346
0.867064
0.860415
0.853402
0.846028
0.838294
0.830205
0.821765
0.812976
0.803846
0.794379
0.784581
0.774461
0.764024
0.75328
0.742238
0.730908
0.719299
0.707424
0.695294
0.682923
0.670322
0.657506
0.64449
0.631288
0.617917
0.604392
0.59073
0.576949
0.563064
0.549095
0.535059
0.520974
0.506858
0.492729
0.478607
0.464508
0.450451
0.436454
0.422534
0.408709
0.394996
0.38141
0.367968
0.354685
0.341576
0.328655
0.315936
0.303431
0.291152
0.27911
0.267316
0.255779
0.244508
0.23351
0.222793
0.212362
0.202223
0.19238
0.182835
0.173593
0.164654
0.156019
0.147689
0.139663
0.131939
0.124516
0.11739
0.110559
0.104018
0.0977623
0.091788
0.0860891
0.0806596
0.0754935
0.0705839
0.065924
0.0615066
0.0573243
0.0533696
0.0496348
0.0461119
0.0427932
0.0396706
0.0367363
0.0339823
0.0314008
0.0289839
0.0267239
0.0246134
0.0226449
0.020811
0.0191047
0.0175191
0.0160475
0.0146833
0.0134203
0.0122525
0.0111739
0.010179
0.00926239
0.00841902
0.00764395
0.00693254
0.00628035
0.00568319
0.00513709
0.00463829
0.00418326
0.00376866
0.00339135
0.00304842
0.0027371
0.00245483
0.0021992
0.00196799
0.00175911
0.00157064
0.00140079
0.00124791
0.00111047
0.00098706
0.000876379
0.000777236
0.000688535
0.000609273
0.00053853
0.000475467
0.000419317
0.000369384
0.000325031
0.000285683
0.000250817
0.000219959
0.000192681
0.000168597
0.000147358
0.00012865
0.000112191
9.77281e-05
8.50344e-05
7.39067e-05
6.41632e-05
5.5642e-05
4.81985e-05
4.17041e-05
3.60444e-05
3.1118e-05
2.6835e-05
2.31156e-05
1.98896e-05
1.70947e-05
1.46762e-05
1.25858e-05
1.07812e-05
9.22502e-06
7.88472e-06
6.73167e-06
5.74086e-06
4.89046e-06
4.16142e-06
3.53714e-06
3.00318e-06
2.54701e-06
2.15775e-06
1.82596e-06
1.54348e-06
1.30327e-06
1.09923e-06
9.26114e-07
7.79405e-07
6.55216e-07
5.50212e-07
4.61529e-07
3.86716e-07
3.23676e-07
2.70616e-07
2.26008e-07
1.88547e-07
1.57123e-07
1.30795e-07
1.0876e-07
9.03385e-08
7.4956e-08
6.21255e-08
5.14354e-08
4.25388e-08
3.5143e-08
2.90018e-08
2.39079e-08
1.96875e-08
1.61947e-08
1.33073e-08
1.09229e-08
8.95618e-09
7.33572e-09
6.00203e-09
4.90557e-09
4.00514e-09
3.26651e-09
2.66126e-09
2.16586e-09
1.76081e-09
1.42999e-09
1.1601e-09
9.40154e-10
7.61104e-10
6.15504e-10
4.97234e-10
4.01268e-10
3.23483e-10
2.60504e-10
2.09566e-10
1.68413e-10
1.352e-10
1.08423e-10
8.68598e-11
6.95125e-11
5.5572e-11
4.43812e-11
3.54073e-11
2.82188e-11
2.24665e-11
1.78683e-11
1.41967e-11
1.12679e-11
8.93414e-12
7.0765e-12
5.59938e-12
4.42607e-12
3.49505e-12
2.75706e-12
2.17269e-12
1.71045e-12
1.34518e-12
1.05685e-12
8.29478e-13
6.50369e-13
5.09421e-13
3.98619e-13
3.11604e-13
2.43339e-13
1.8984e-13
1.47955e-13
1.15196e-13
8.96011e-14
6.96237e-14
5.40469e-14
4.19134e-14
3.24718e-14
2.51322e-14
1.94324e-14
1.50105e-14
1.15835e-14
8.93006e-15
6.87773e-15
5.2919e-15
4.06775e-15
3.12373e-15
2.39646e-15
1.83673e-15
1.40637e-15
1.07581e-15
8.22146e-16
6.27689e-16
4.78765e-16
3.64824e-16
2.77733e-16
2.1123e-16
1.60498e-16
1.21834e-16
9.23958e-17
7.00042e-17
5.29888e-17
4.00712e-17
3.02741e-17
2.28506e-17
1.72313e-17
1.29816e-17
9.77079e-18
7.34726e-18
5.51968e-18
4.14284e-18
3.10654e-18
2.32729e-18
1.7419e-18
1.30254e-18
9.73102e-19
7.26314e-19
5.41614e-19
4.03511e-19
3.00347e-19
2.23353e-19
1.65945e-19
1.23179e-19
9.13518e-20
6.76863e-20
5.0106e-20
3.70583e-20
2.73835e-20
2.02162e-20
1.49114e-20
1.09887e-20
8.09066e-21
5.95159e-21
4.37415e-21
3.21193e-21
2.35641e-21
1.72723e-21
1.26493e-21
9.25537e-22
6.7661e-22
4.94197e-22
3.60644e-22
2.62952e-22
1.91554e-22
1.39421e-22
1.01387e-22
7.36649e-23
5.34761e-23
3.87865e-23
2.81077e-23
2.03514e-23
1.47227e-23
1.06416e-23
7.68513e-24
5.54528e-24
3.99782e-24
2.87973e-24
2.07257e-24
1.49037e-24
1.07081e-24
7.68709e-25
5.5137e-25
3.95146e-25
2.82947e-25
2.02435e-25
1.44711e-25
1.03361e-25
7.37639e-26
5.2598e-26
3.74743e-26
2.66769e-26
1.89748e-26
1.34852e-26
9.57592e-27
6.79429e-27
4.8167e-27
3.41192e-27
2.41486e-27
1.70776e-27
1.20673e-27
8.51995e-28
6.0105e-28
4.23674e-28
2.98401e-28
2.09999e-28
1.47668e-28
1.03753e-28
7.28399e-29
5.10962e-29
3.58145e-29
2.50832e-29
1.75534e-29
1.22742e-29
8.57588e-30
5.98716e-30
4.17657e-30
2.91122e-30
2.02763e-30
1.41111e-30
9.81275e-31
6.81839e-31
4.73405e-31
3.28432e-31
2.27677e-31
1.57709e-31
1.09158e-31
7.54954e-32
5.21734e-32
3.60282e-32
2.48601e-32
1.71407e-32
1.18093e-32
8.12991e-33
5.59264e-33
3.8443e-33
2.64051e-33
1.81229e-33
1.24291e-33
8.51777e-34
5.83289e-34
3.9913e-34
2.7291e-34
1.86466e-34
1.27308e-34
8.68534e-35
5.921e-35
4.03349e-35
2.74565e-35
1.86762e-35
1.26944e-35
8.6221e-36
5.85189e-36
3.96882e-36
2.68972e-36
1.82153e-36
1.23268e-36
8.3358e-37
5.63286e-37
3.80361e-37
2.56655e-37
1.73057e-37
1.16605e-37
7.85112e-38
5.28245e-38
3.55163e-38
2.38622e-38
1.60208e-38
1.07485e-38
7.20618e-39
4.82785e-39
3.23218e-39
2.16238e-39
1.44565e-39
9.65799e-40
6.44774e-40
4.30154e-40
2.86773e-40
1.91051e-40
1.27192e-40
8.46187e-41
5.62567e-41
3.7375e-41
2.48136e-41
1.64626e-41
1.09147e-41
7.23143e-42
4.78785e-42
3.16783e-42
2.09453e-42
1.38394e-42
9.138e-43
6.02965e-43
3.97595e-43
2.61997e-43
1.72528e-43
1.13536e-43
7.46643e-44
4.90687e-44
3.22259e-44
2.11504e-44
1.38721e-44
9.09239e-45
5.95562e-45
3.89843e-45
2.55015e-45
1.66708e-45
1.08909e-45
7.11024e-46
4.63898e-46
3.02466e-46
1.97083e-46
1.28334e-46
8.35121e-47
5.43097e-47
3.5296e-47
2.29242e-47
1.48794e-47
9.65153e-48
6.25649e-48
4.05313e-48
2.6241e-48
1.69788e-48
1.09797e-48
7.09711e-49
4.58663e-49
2.96557e-49
1.92129e-49
1.25184e-49
8.27388e-50
5.65397e-50
4.14807e-50
3.46217e-50
)
;

boundaryField
{
    sides
    {
        type            zeroGradient;
    }
    empty
    {
        type            empty;
    }
}


// ************************************************************************* //
