/*--------------------------------*- C++ -*----------------------------------*\
  =========                 |
  \\      /  F ield         | OpenFOAM: The Open Source CFD Toolbox
   \\    /   O peration     | Website:  https://openfoam.org
    \\  /    A nd           | Version:  7
     \\/     M anipulation  |
\*---------------------------------------------------------------------------*/
FoamFile
{
    version     2.0;
    format      ascii;
    class       volScalarField;
    location    "1.73";
    object      T;
}
// * * * * * * * * * * * * * * * * * * * * * * * * * * * * * * * * * * * * * //

dimensions      [0 0 0 1 0 0 0];

internalField   nonuniform List<scalar> 
1000
(
0
0
0
0
0
0
0
0
0
0
0
0
0
0
0
0
0
0
0
0
0
0
0
0
0
0
0
0
0
0
0
0
0
0
0
0
0
0
0
0
0
0
0
0
0
0
0
0
0
0
0
0
0
0
0
0
0
0
0
0
0
0
0
0
0
0
0
0
0
0
0
0
0
0
0
0
0
0
0
0
0
0
0
0
0
0
0
0
0
0
0
0
0
0
0
0
0
0
0
0
0
0
0
0
0
0
0
0
0
0
0
0
0
0
0
0
0
0
0
0
0
0
0
0
0
0
0
0
0
0
0
0
0
0
0
0
0
0
0
0
0
0
0
0
0
0
0
0
0
0
0
0
0
0
0
0
0
0
0
0
0
0
0
0
0
0
0
0
0
0
0
0
0
0
0
0
0
0
0
0
0
0
0
0
0
0
0
0
0
0
0
0
0
0
0
0
0
0
0
0
0
0
0
0
0
0
0
0
0
0
0
0
0
0
0
0
0
0
0
0
0
0
0
0
0
0
0
0
0
0
0
0
0
0
0
0
0
0
0
0
0
0
0
0
0
0
0
0
0
0
0
0
0
0
0
0
0
0
0
0
0
0
0
0
0
0
0
0
0
0
0
0
0
0
0
0
0
-5.82683e-157
4.53036e-154
-1.7477e-151
4.46004e-149
-8.46971e-147
1.27659e-144
-1.59066e-142
1.68517e-140
-1.54944e-138
1.25593e-136
-9.08598e-135
5.92544e-133
-3.51216e-131
1.90509e-129
-9.51217e-128
4.39381e-126
-1.88578e-124
7.54882e-123
-2.82789e-121
9.94338e-120
-3.29038e-118
1.02714e-116
-3.03125e-115
8.47337e-114
-2.2475e-112
5.66558e-111
-1.35932e-109
3.10823e-108
-6.78176e-107
1.4135e-105
-2.81718e-104
5.37413e-103
-9.82084e-102
1.72059e-100
-2.89207e-99
4.66689e-98
-7.23429e-97
1.07783e-95
-1.54421e-94
2.12842e-93
-2.82341e-92
3.60587e-91
-4.43504e-90
5.25475e-89
-5.99884e-88
6.59961e-87
-6.9978e-86
7.15212e-85
-7.04619e-84
6.69139e-83
-6.12483e-82
5.40305e-81
-4.59278e-80
3.761e-79
-2.96613e-78
2.25202e-77
-1.6453e-76
1.15602e-75
-7.80618e-75
5.06186e-74
-3.14888e-73
1.87702e-72
-1.07062e-71
5.83317e-71
-3.02941e-70
1.49568e-69
-6.99631e-69
3.08678e-68
-1.27672e-67
4.90722e-67
-1.72932e-66
5.46099e-66
-1.4763e-65
3.0241e-65
-2.23332e-65
-1.82575e-64
1.23542e-63
-4.86663e-63
1.36218e-62
-2.34283e-62
-1.08825e-62
2.70789e-61
-1.19462e-60
3.13403e-60
-3.67416e-60
-1.10415e-59
7.94262e-59
-2.4222e-58
3.36097e-58
6.39683e-58
-5.23492e-57
1.4934e-56
-1.45505e-56
-6.29373e-56
3.34945e-55
-6.85159e-55
-1.79176e-55
5.61989e-54
-1.67387e-53
1.22126e-53
8.07377e-53
-3.24686e-52
3.85356e-52
1.11256e-51
-5.62753e-51
7.69458e-51
1.66297e-50
-9.15247e-50
1.1978e-49
2.86557e-49
-1.40796e-48
1.43586e-48
5.33502e-48
-1.99506e-47
9.99735e-48
9.58177e-47
-2.44644e-46
-7.97282e-47
1.51741e-45
-2.2612e-45
-4.40029e-45
1.95737e-44
-8.12665e-45
-9.06455e-44
1.79331e-43
2.05915e-43
-1.20428e-42
5.97652e-43
5.21832e-42
-9.52014e-42
-1.38743e-41
6.20129e-41
-3.30344e-42
-2.88476e-40
3.11847e-40
1.02202e-39
-2.38043e-39
-2.47208e-39
1.27179e-38
5.83528e-40
-5.59133e-38
3.82106e-38
2.12385e-37
-2.98994e-37
-7.05595e-37
1.63823e-36
2.01719e-36
-7.62858e-36
-4.60839e-36
3.21866e-35
5.79735e-36
-1.27076e-34
1.71054e-35
4.79164e-34
-1.79428e-34
-1.75133e-33
9.63e-34
6.27448e-33
-4.14279e-33
-2.22113e-32
1.55766e-32
7.80353e-32
-5.22895e-32
-2.72259e-31
1.54726e-31
9.40208e-31
-3.78267e-31
-3.19198e-30
5.75396e-31
1.05483e-29
9.76499e-31
-3.34861e-29
-1.40395e-29
1.00316e-28
8.2228e-29
-2.76046e-28
-3.73021e-28
6.63758e-28
1.45024e-27
-1.22453e-27
-4.95993e-27
7.43006e-28
1.48698e-26
7.17454e-27
-3.78482e-26
-4.60171e-26
7.41242e-26
1.82466e-25
-6.77214e-26
-5.54047e-25
-2.60433e-25
1.28324e-24
1.79249e-24
-1.84883e-24
-6.40466e-24
-1.06231e-24
1.56869e-23
1.79765e-23
-2.24415e-23
-6.86954e-23
-1.45648e-23
1.57446e-22
2.07297e-22
-1.61494e-22
-6.94167e-22
-4.03755e-22
1.2179e-21
2.43494e-21
3.25788e-23
-5.78894e-21
-7.37715e-21
4.24208e-21
2.28941e-20
2.03933e-20
-2.58769e-20
-8.26034e-20
-5.49193e-20
1.12181e-19
2.85569e-19
1.58675e-19
-4.12952e-19
-9.72033e-19
-5.40251e-19
1.34502e-18
3.28361e-18
2.1673e-18
-3.80779e-18
-1.08823e-17
-9.34518e-18
8.39617e-18
3.43083e-17
3.95011e-17
-7.01978e-18
-9.72684e-17
-1.53967e-16
-6.18021e-17
2.19724e-16
5.25818e-16
4.84325e-16
-2.31362e-16
-1.45385e-15
-2.22054e-15
-1.10828e-15
2.57535e-15
7.26633e-15
8.63821e-15
1.60793e-15
-1.49263e-14
-3.29744e-14
-3.47911e-14
-1.38751e-15
6.96743e-14
1.45699e-13
1.56095e-13
2.22408e-14
-2.77411e-13
-6.32466e-13
-7.71551e-13
-3.44396e-13
8.53765e-13
2.57025e-12
3.86435e-12
3.20826e-12
-8.65064e-13
-8.56581e-12
-1.74887e-11
-2.19121e-11
-1.38144e-11
1.35836e-11
5.98969e-11
1.11041e-10
1.3568e-10
8.94307e-11
-6.90045e-11
-3.48995e-10
-6.92025e-10
-9.42655e-10
-8.48167e-10
-1.1167e-10
1.48321e-09
3.87787e-09
6.51068e-09
8.1357e-09
6.81214e-09
2.13669e-10
-1.36077e-08
-3.49455e-08
-6.07462e-08
-8.28273e-08
-8.66223e-08
-5.13586e-08
4.72015e-08
2.30294e-07
5.05061e-07
8.48616e-07
1.18827e-06
1.38071e-06
1.19515e-06
3.08419e-07
-1.67736e-06
-5.18071e-06
-1.05344e-05
-1.78093e-05
-2.65507e-05
-3.54112e-05
-4.16679e-05
-4.06177e-05
-2.48505e-05
1.65871e-05
9.91179e-05
0.000243616
0.000477404
0.000835205
0.00136
0.00210372
0.0031277
0.00450285
0.00630948
0.00863671
0.0115815
0.0152473
0.0197422
0.0251767
0.0316611
0.0393032
0.0482047
0.058459
0.0701476
0.0833378
0.0980798
0.114405
0.132324
0.151826
0.172877
0.195421
0.219379
0.244653
0.271125
0.298658
0.327104
0.3563
0.386075
0.416255
0.446659
0.47711
0.507434
0.537463
0.567037
0.596008
0.624242
0.651617
0.678028
0.703383
0.72761
0.750651
0.772463
0.793019
0.812308
0.830328
0.847092
0.862624
0.876954
0.890123
0.902178
0.91317
0.923155
0.932191
0.940339
0.947659
0.954212
0.960058
0.965255
0.96986
0.973927
0.977506
0.980647
0.983393
0.985788
0.987869
0.989672
0.99123
0.992571
0.993724
0.994711
0.995553
0.996271
0.99688
0.997396
0.997832
0.998199
0.998507
0.998766
0.998982
0.999161
0.999311
0.999435
0.999537
0.999622
0.999693
0.999753
0.999803
0.999847
0.999886
0.99992
0.99995
0.999973
0.999986
0.999981
0.999948
0.999873
0.999734
0.999505
0.999151
0.998629
0.997888
0.996865
0.995492
0.993686
0.99136
0.988416
0.984751
0.980256
0.974822
0.968338
0.960696
0.951795
0.941541
0.929852
0.916662
0.90192
0.885595
0.867676
0.848174
0.827123
0.804579
0.780621
0.755347
0.728875
0.701342
0.672896
0.6437
0.613925
0.583745
0.553341
0.52289
0.492566
0.462537
0.432963
0.403992
0.375758
0.348383
0.321972
0.296617
0.27239
0.249349
0.227537
0.206981
0.187692
0.169672
0.152908
0.137376
0.123046
0.109877
0.0978221
0.0868302
0.0768453
0.0678091
0.0596614
0.0523414
0.0457883
0.0399422
0.0347449
0.0301398
0.0260731
0.0224937
0.0193533
0.0166068
0.0142123
0.0121313
0.0103281
0.00877031
0.00742857
0.00627626
0.00528948
0.00444685
0.00372932
0.00312002
0.00260401
0.0021682
0.0018011
0.00149267
0.00123422
0.0010182
0.000838098
0.000688314
0.000564051
0.000461212
0.000376307
0.000306375
0.000248909
0.000201798
0.000163263
0.000131815
0.000106207
8.54018e-05
6.85346e-05
5.48898e-05
4.38754e-05
3.50031e-05
2.78711e-05
2.21501e-05
1.75701e-05
1.39111e-05
1.09936e-05
8.67211e-06
6.82838e-06
5.36695e-06
4.21077e-06
3.29781e-06
2.57828e-06
2.01223e-06
1.56775e-06
1.21937e-06
9.46807e-07
7.33935e-07
5.67979e-07
4.38825e-07
3.38487e-07
2.60669e-07
2.00419e-07
1.53851e-07
1.17917e-07
9.02343e-08
6.89438e-08
5.25959e-08
4.00633e-08
3.04709e-08
2.31405e-08
1.75475e-08
1.32868e-08
1.00459e-08
7.58452e-09
5.71799e-09
4.30467e-09
3.2361e-09
2.42938e-09
1.82123e-09
1.36344e-09
1.01932e-09
7.61022e-10
5.67412e-10
4.22492e-10
3.14169e-10
2.33312e-10
1.73038e-10
1.2817e-10
9.48136e-11
7.0049e-11
5.16872e-11
3.80907e-11
2.80358e-11
2.06096e-11
1.51319e-11
1.10965e-11
8.12744e-12
5.94567e-12
4.34439e-12
3.17062e-12
2.31126e-12
1.68285e-12
1.22389e-12
8.89072e-13
6.45115e-13
4.67568e-13
3.38504e-13
2.44793e-13
1.76828e-13
1.27592e-13
9.19651e-14
6.62141e-14
4.76222e-14
3.42139e-14
2.45547e-14
1.76038e-14
1.26073e-14
9.0196e-15
6.44617e-15
4.60224e-15
3.28242e-15
2.33872e-15
1.66465e-15
1.18368e-15
8.40843e-16
5.96713e-16
4.23048e-16
2.99633e-16
2.12017e-16
1.49876e-16
1.05847e-16
7.46815e-17
5.26426e-17
3.70727e-17
2.60835e-17
1.83348e-17
1.28761e-17
9.03438e-18
6.3331e-18
4.4355e-18
3.10369e-18
2.16984e-18
1.51562e-18
1.05772e-18
7.37519e-19
5.13802e-19
3.57638e-19
2.48723e-19
1.7283e-19
1.19992e-19
8.32376e-20
5.76929e-20
3.99542e-20
2.76466e-20
1.91145e-20
1.32047e-20
9.11466e-21
6.28637e-21
4.33222e-21
2.98313e-21
2.05253e-21
1.41111e-21
9.69376e-22
6.654e-22
4.5639e-22
3.1279e-22
2.14208e-22
1.46584e-22
1.00232e-22
6.84854e-23
4.67588e-23
3.19009e-23
2.1748e-23
1.48155e-23
1.00854e-23
6.86042e-24
4.6633e-24
3.16753e-24
2.14999e-24
1.45828e-24
9.88409e-25
6.69459e-25
4.53113e-25
3.06467e-25
2.07137e-25
1.39905e-25
9.44293e-26
6.36917e-26
4.29302e-26
2.89167e-26
1.94644e-26
1.30931e-26
8.80139e-27
5.91252e-27
3.96923e-27
2.6629e-27
1.78533e-27
1.19619e-27
8.00942e-28
5.35946e-28
3.58396e-28
2.39512e-28
1.59962e-28
1.06765e-28
7.12151e-29
4.74725e-29
3.16258e-29
2.10558e-29
1.40099e-29
9.31606e-30
6.19104e-30
4.1118e-30
2.72922e-30
1.81043e-30
1.20024e-30
7.95232e-31
5.26578e-31
3.48478e-31
2.3048e-31
1.52348e-31
1.00644e-31
6.64493e-32
4.38471e-32
2.89163e-32
1.90589e-32
1.25546e-32
8.26545e-33
5.43857e-33
3.57651e-33
2.35067e-33
1.54413e-33
1.01376e-33
6.65198e-34
4.36241e-34
2.85935e-34
1.87314e-34
1.22643e-34
8.02562e-35
5.24908e-35
3.43129e-35
2.24182e-35
1.46391e-35
9.55437e-36
6.23249e-36
4.06346e-36
2.64792e-36
1.7246e-36
1.12267e-36
7.3045e-37
4.75018e-37
3.08751e-37
2.00583e-37
1.30206e-37
8.49257e-38
5.03785e-38
)
;

boundaryField
{
    sides
    {
        type            zeroGradient;
    }
    empty
    {
        type            empty;
    }
}


// ************************************************************************* //
