/*--------------------------------*- C++ -*----------------------------------*\
  =========                 |
  \\      /  F ield         | OpenFOAM: The Open Source CFD Toolbox
   \\    /   O peration     | Website:  https://openfoam.org
    \\  /    A nd           | Version:  7
     \\/     M anipulation  |
\*---------------------------------------------------------------------------*/
FoamFile
{
    version     2.0;
    format      ascii;
    class       volScalarField;
    location    "2.34";
    object      T;
}
// * * * * * * * * * * * * * * * * * * * * * * * * * * * * * * * * * * * * * //

dimensions      [0 0 0 1 0 0 0];

internalField   nonuniform List<scalar> 
1000
(
7.56768e-184
8.20824e-184
1.05707e-183
1.74035e-183
3.58663e-183
8.46269e-183
2.1234e-182
5.45773e-182
1.41508e-181
3.67983e-181
9.57706e-181
2.49267e-180
6.4864e-180
1.68736e-179
4.38795e-179
1.14067e-178
2.96412e-178
7.69969e-178
1.99935e-177
5.18971e-177
1.34659e-176
3.49272e-176
9.05585e-176
2.3471e-175
6.08092e-175
1.57486e-174
4.07709e-174
1.0551e-173
2.72941e-173
7.05794e-173
1.8244e-172
4.71406e-172
1.21759e-171
3.14369e-171
8.11349e-171
2.09318e-170
5.39803e-170
1.39153e-169
3.58575e-169
9.23624e-169
2.37814e-168
6.1208e-168
1.57473e-167
4.04975e-167
1.04106e-166
2.67516e-166
6.87145e-166
1.76429e-165
4.5281e-165
1.16167e-164
2.97903e-164
7.63639e-164
1.95669e-163
5.01161e-163
1.28308e-162
3.28357e-162
8.39963e-162
2.14779e-161
5.48962e-161
1.40252e-160
3.58174e-160
9.14312e-160
2.33298e-159
5.95033e-159
1.517e-158
3.86586e-158
9.84733e-158
2.50728e-157
6.38118e-157
1.62334e-156
4.1279e-156
1.0492e-155
2.66562e-155
6.76936e-155
1.71832e-154
4.35983e-154
1.10571e-153
2.80298e-153
7.1024e-153
1.79885e-152
4.55397e-152
1.15236e-151
2.91468e-151
7.36878e-151
1.8621e-150
4.7034e-150
1.18747e-149
2.99661e-149
7.55857e-149
1.90567e-148
4.80235e-148
1.20964e-147
3.04549e-147
7.66398e-147
1.92773e-146
4.84656e-146
1.21791e-145
3.05907e-145
7.67992e-145
1.92715e-144
4.83356e-144
1.21174e-143
3.03627e-143
7.60432e-143
1.90357e-142
4.76284e-142
1.19111e-141
2.97729e-141
7.43835e-141
1.85745e-140
4.63599e-140
1.15651e-139
2.88364e-139
7.18645e-139
1.79006e-138
4.4566e-138
1.10896e-137
2.7581e-137
6.85617e-137
1.70345e-136
4.23015e-136
1.04992e-135
2.60455e-135
6.45776e-135
1.60032e-134
3.96371e-134
9.81228e-134
2.42778e-133
6.00369e-133
1.48387e-132
3.66559e-132
9.05021e-132
2.23327e-131
5.50793e-131
1.35769e-130
3.34487e-130
8.23607e-130
2.02686e-129
4.98528e-129
1.22551e-128
3.01094e-128
7.39347e-128
1.81448e-127
4.45056e-127
1.09102e-126
2.67305e-126
6.54541e-126
1.60184e-125
3.91792e-125
9.57731e-125
2.33982e-124
5.71311e-124
1.39416e-123
3.40016e-123
8.2877e-123
2.0189e-122
4.91521e-122
1.19595e-121
2.90824e-121
7.06786e-121
1.71667e-120
4.16705e-120
1.0109e-119
2.45092e-119
5.93863e-119
1.43807e-118
3.48025e-118
8.41734e-118
2.03457e-117
4.91479e-117
1.1865e-116
2.86261e-116
6.90218e-116
1.66318e-115
4.00515e-115
9.63887e-115
2.31824e-114
5.57205e-114
1.33843e-113
3.2129e-113
7.70764e-113
1.84784e-112
4.42719e-112
1.06001e-111
2.53633e-111
6.06485e-111
1.44926e-110
3.4609e-110
8.25929e-110
1.96973e-109
4.69443e-109
1.11806e-108
2.66108e-108
6.3293e-108
1.50439e-107
3.57328e-107
8.48159e-107
2.01182e-106
4.76873e-106
1.12957e-105
2.67378e-105
6.32459e-105
1.49498e-104
3.53129e-104
8.33535e-104
1.9661e-103
4.63425e-103
1.09155e-102
2.56917e-102
6.04269e-102
1.42021e-101
3.3355e-101
7.82799e-101
1.83579e-100
4.30204e-100
1.00741e-99
2.35729e-99
5.51186e-99
1.28783e-98
3.0067e-98
7.01448e-98
1.6352e-97
3.80905e-97
8.86603e-97
2.06209e-96
4.7924e-96
1.11291e-95
2.58245e-95
5.98774e-95
1.38725e-94
3.21145e-94
7.42859e-94
1.71698e-93
3.96532e-93
9.15046e-93
2.10988e-92
4.86096e-92
1.11901e-91
2.57389e-91
5.91549e-91
1.35842e-90
3.11687e-90
7.14568e-90
1.63684e-89
3.74631e-89
8.56716e-89
1.95751e-88
4.4689e-88
1.01936e-87
2.32318e-87
5.29011e-87
1.20357e-86
2.7359e-86
6.21372e-86
1.41001e-85
3.19677e-85
7.24128e-85
1.63883e-84
3.70567e-84
8.37162e-84
1.88956e-83
4.26109e-83
9.60033e-83
2.161e-82
4.85988e-82
1.09193e-81
2.45112e-81
5.49707e-81
1.23166e-80
2.75704e-80
6.16577e-80
1.37759e-79
3.07495e-79
6.85714e-79
1.52767e-78
3.40015e-78
7.56042e-78
1.67946e-77
3.72709e-77
8.2631e-77
1.83015e-76
4.04948e-76
8.95117e-76
1.97663e-75
4.36046e-75
9.6095e-75
2.11557e-74
4.65277e-74
1.02223e-73
2.24357e-73
4.91905e-73
1.07738e-72
2.35724e-72
5.15207e-72
1.12487e-71
2.45335e-71
5.34507e-71
1.16328e-70
2.52898e-70
5.49208e-70
1.1914e-69
2.58167e-69
5.58817e-69
1.20825e-68
2.60955e-68
5.62973e-68
1.21318e-67
2.61139e-67
5.61471e-67
1.20584e-66
2.58676e-66
5.54273e-66
1.18629e-65
2.53602e-65
5.41512e-65
1.15493e-64
2.46032e-64
5.23496e-64
1.11255e-63
2.3616e-63
5.00691e-63
1.06025e-62
2.24245e-62
4.73703e-62
9.99441e-62
2.10607e-61
4.43251e-61
9.31724e-61
1.95605e-60
4.10136e-60
8.58867e-60
1.79627e-59
3.75201e-59
7.82704e-59
1.63069e-58
3.39298e-58
7.05059e-58
1.46319e-57
3.03252e-57
6.27669e-57
1.29742e-56
2.67823e-56
5.52119e-56
1.13666e-55
2.33688e-55
4.79789e-55
9.83711e-55
2.01412e-54
4.11813e-54
8.40833e-54
1.71439e-53
3.49058e-53
7.09693e-53
1.44087e-52
2.92117e-52
5.91377e-52
1.19548e-51
2.41318e-51
4.86409e-51
9.78983e-51
1.96746e-50
3.94815e-50
7.911e-50
1.58277e-49
3.1619e-49
6.30696e-49
1.25611e-48
2.49789e-48
4.95961e-48
9.83215e-48
1.94614e-47
3.84608e-47
7.58891e-47
1.49504e-46
2.94061e-46
5.77465e-46
1.13218e-45
2.21618e-45
4.331e-45
8.4501e-45
1.64597e-44
3.20086e-44
6.21427e-44
1.20445e-43
2.33056e-43
4.50195e-43
8.68168e-43
1.67135e-42
3.21209e-42
6.16256e-42
1.18027e-41
2.25657e-41
4.30682e-41
8.20542e-41
1.56055e-40
2.96268e-40
5.61456e-40
1.06211e-39
2.00557e-39
3.78024e-39
7.1123e-39
1.33569e-38
2.50381e-38
4.68485e-38
8.74945e-38
1.631e-37
3.03468e-37
5.63576e-37
1.04464e-36
1.93265e-36
3.56868e-36
6.57697e-36
1.20977e-35
2.22094e-35
4.0693e-35
7.44133e-35
1.35808e-34
2.47364e-34
4.49657e-34
8.15752e-34
1.47693e-33
2.6686e-33
4.81199e-33
8.65923e-33
1.55504e-32
2.78683e-32
4.98401e-32
8.89496e-32
1.58417e-31
2.81544e-31
4.99315e-31
8.83656e-31
1.56051e-30
2.74993e-30
4.83552e-30
8.48453e-30
1.48549e-29
2.59519e-29
4.52394e-29
7.86884e-29
1.36567e-28
2.36495e-28
4.08629e-28
7.04478e-28
1.2118e-27
2.07978e-27
3.5614e-27
6.08469e-27
1.03721e-26
1.764e-26
2.99318e-26
5.06718e-26
8.55842e-26
1.44215e-25
2.42446e-25
4.06633e-25
6.80407e-25
1.13582e-24
1.89157e-24
3.14271e-24
5.20895e-24
8.61303e-24
1.42076e-23
2.33796e-23
3.83799e-23
6.2852e-23
1.02678e-22
1.67331e-22
2.72026e-22
4.41143e-22
7.13639e-22
1.15161e-21
1.85377e-21
2.97666e-21
4.76782e-21
7.61774e-21
1.21407e-20
1.93007e-20
3.06062e-20
4.84115e-20
7.63819e-20
1.20207e-19
1.88698e-19
2.9546e-19
4.61448e-19
7.18845e-19
1.11695e-18
1.73109e-18
2.67601e-18
4.12607e-18
6.34549e-18
9.73352e-18
1.48919e-17
2.2725e-17
3.45884e-17
5.25081e-17
7.95043e-17
1.20067e-16
1.80851e-16
2.71696e-16
4.07109e-16
6.08414e-16
9.06879e-16
1.34822e-15
1.99908e-15
2.95637e-15
4.36059e-15
6.4149e-15
9.41219e-15
1.37736e-14
2.0103e-14
2.92638e-14
4.24869e-14
6.15227e-14
8.88527e-14
1.27986e-13
1.83868e-13
2.63457e-13
3.76501e-13
5.36637e-13
7.62872e-13
1.08163e-12
1.52956e-12
2.1573e-12
3.0347e-12
4.25776e-12
5.95809e-12
8.31564e-12
1.15757e-11
1.60718e-11
2.2256e-11
3.07396e-11
4.23465e-11
5.81844e-11
7.97385e-11
1.08994e-10
1.48598e-10
2.0207e-10
2.74074e-10
3.7078e-10
5.0032e-10
6.73386e-10
9.03999e-10
1.21049e-09
1.61677e-09
2.15391e-09
2.86224e-09
3.79387e-09
5.01605e-09
6.61525e-09
8.70238e-09
1.14193e-08
1.49471e-08
1.95159e-08
2.54178e-08
3.30227e-08
4.27967e-08
5.53271e-08
7.13505e-08
9.17891e-08
1.17794e-07
1.50799e-07
1.92583e-07
2.4535e-07
3.11822e-07
3.95352e-07
5.00057e-07
6.30984e-07
7.943e-07
9.9752e-07
1.24978e-06
1.56215e-06
1.94803e-06
2.42356e-06
3.00816e-06
3.72515e-06
4.60241e-06
5.6732e-06
6.97715e-06
8.56128e-06
1.04813e-05
1.28029e-05
1.56037e-05
1.89746e-05
2.30224e-05
2.78718e-05
3.36681e-05
4.05807e-05
4.88055e-05
5.85697e-05
7.0135e-05
8.38032e-05
9.99203e-05
0.000118883
0.000141144
0.000167219
0.000197695
0.000233236
0.000274595
0.000322618
0.000378259
0.000442589
0.000516803
0.00060224
0.000700387
0.000812896
0.000941599
0.00108852
0.00125588
0.00144614
0.00166197
0.00190632
0.00218238
0.00249364
0.00284387
0.00323716
0.00367792
0.00417088
0.00472113
0.00533411
0.00601564
0.00677189
0.00760942
0.00853515
0.00955641
0.0106809
0.0119166
0.0132721
0.014756
0.0163776
0.0181461
0.0200715
0.0221636
0.0244327
0.0268892
0.0295439
0.0324073
0.0354904
0.038804
0.0423589
0.046166
0.0502359
0.0545789
0.0592053
0.0641251
0.0693475
0.0748818
0.0807363
0.086919
0.0934371
0.100297
0.107505
0.115066
0.122983
0.13126
0.139898
0.148899
0.158263
0.167987
0.178071
0.188509
0.199298
0.210431
0.221901
0.2337
0.245817
0.258242
0.270962
0.283966
0.297238
0.310763
0.324525
0.338507
0.352691
0.367058
0.381589
0.396264
0.411062
0.425962
0.440943
0.455983
0.471061
0.486154
0.501242
0.516302
0.531313
0.546253
0.561103
0.575841
0.590447
0.604903
0.619191
0.633291
0.647188
0.660864
0.674305
0.687496
0.700424
0.713075
0.725439
0.737503
0.74926
0.760699
0.771814
0.782596
0.793039
0.80314
0.812892
0.822292
0.831337
0.840026
0.848355
0.856324
0.863932
0.87118
0.878066
0.884591
0.890756
0.896563
0.902011
0.907101
0.911836
0.916216
0.920241
0.923912
0.927231
0.930197
0.93281
0.935071
0.936978
0.938532
0.93973
0.940571
0.941055
0.941177
0.940937
0.940331
0.939356
0.93801
0.936288
0.934188
0.931705
0.928836
0.925578
0.921926
0.917878
0.91343
0.908579
0.903322
0.897659
0.891585
0.885101
0.878206
0.8709
0.863184
0.85506
0.846529
0.837596
0.828264
0.818539
0.808428
0.797937
0.787075
0.775852
0.764277
0.752363
0.740122
0.727568
0.714716
0.70158
0.688178
0.674527
0.660645
0.64655
0.632264
0.617805
0.603195
0.588455
0.573606
0.558671
0.543671
0.528629
0.513566
0.498505
0.483468
0.468476
0.453551
0.438714
0.423985
0.409383
0.394929
0.380639
0.366533
0.352627
0.338936
0.325476
0.312261
0.299304
0.286616
0.274209
0.262092
0.250274
0.238764
0.227567
0.216689
0.206134
0.195907
0.18601
0.176443
0.167209
0.158306
0.149733
0.141489
0.13357
0.125973
0.118694
0.111728
0.10507
0.0987142
0.0926535
0.0868814
0.0813907
0.0761739
0.0712232
0.0665305
0.0620876
0.057886
0.0539172
0.0501727
0.0466438
0.0433219
0.0401984
0.0372648
0.0345125
0.0319334
0.0295192
0.0272618
0.0251534
0.0231863
0.021353
0.0196464
0.0180593
0.016585
0.015217
0.0139489
0.0127747
0.0116885
0.0106849
0.00975851
0.0089043
0.00811747
0.00739344
0.00672789
0.00611671
0.00555605
0.00504225
0.00457185
0.00414164
0.00374857
0.00338979
0.00306264
0.00276461
0.00249339
0.0022468
0.00202283
0.0018196
0.00163536
0.0014685
0.00131753
0.00118106
0.00105782
0.000946621
0.000846393
0.000756133
0.000674926
0.000601931
0.000536379
0.000477565
0.000424843
0.000377627
0.00033538
0.000297612
0.000263879
0.000233778
0.00020694
0.000183034
0.000161757
0.000142838
0.000126029
0.000111109
9.78768e-05
8.61512e-05
7.57699e-05
6.65865e-05
5.84699e-05
5.13021e-05
4.49775e-05
3.94018e-05
3.44903e-05
3.01675e-05
2.63661e-05
2.30259e-05
2.00933e-05
1.75208e-05
1.52659e-05
1.32911e-05
1.1563e-05
1.00519e-05
8.73177e-06
7.57928e-06
6.57398e-06
5.69777e-06
4.93467e-06
4.27061e-06
3.69318e-06
3.19148e-06
2.75591e-06
2.37805e-06
2.0505e-06
1.76679e-06
1.52123e-06
1.30886e-06
1.12533e-06
9.66841e-07
8.30083e-07
7.12163e-07
6.10562e-07
5.23087e-07
4.4783e-07
3.83132e-07
3.27552e-07
2.79841e-07
2.38914e-07
2.03831e-07
1.73781e-07
1.4806e-07
1.26059e-07
1.07255e-07
9.11934e-08
7.7485e-08
6.5793e-08
5.58277e-08
4.73402e-08
4.01163e-08
3.39722e-08
2.87501e-08
2.43147e-08
2.05501e-08
1.7357e-08
1.46504e-08
1.23579e-08
1.04174e-08
8.77593e-09
7.38835e-09
6.21618e-09
5.22664e-09
4.39182e-09
3.68801e-09
3.09503e-09
2.59576e-09
2.17566e-09
1.82242e-09
1.52557e-09
1.27629e-09
1.06708e-09
8.9161e-10
7.44539e-10
6.21347e-10
5.18222e-10
4.3195e-10
3.59822e-10
2.99558e-10
2.49236e-10
2.07244e-10
1.72224e-10
1.43036e-10
1.18725e-10
9.8487e-11
8.16509e-11
6.76532e-11
5.60223e-11
4.6364e-11
3.83484e-11
3.17003e-11
2.61895e-11
2.16243e-11
1.78447e-11
1.47172e-11
1.2131e-11
9.99357e-12
8.22809e-12
6.7707e-12
5.56835e-12
4.57705e-12
3.76042e-12
3.0886e-12
2.53774e-12
2.09064e-12
1.74034e-12
1.50167e-12
)
;

boundaryField
{
    sides
    {
        type            zeroGradient;
    }
    empty
    {
        type            empty;
    }
}


// ************************************************************************* //
