/*--------------------------------*- C++ -*----------------------------------*\
  =========                 |
  \\      /  F ield         | OpenFOAM: The Open Source CFD Toolbox
   \\    /   O peration     | Website:  https://openfoam.org
    \\  /    A nd           | Version:  7
     \\/     M anipulation  |
\*---------------------------------------------------------------------------*/
FoamFile
{
    version     2.0;
    format      ascii;
    class       volScalarField;
    location    "4.3";
    object      T;
}
// * * * * * * * * * * * * * * * * * * * * * * * * * * * * * * * * * * * * * //

dimensions      [0 0 0 1 0 0 0];

internalField   nonuniform List<scalar> 
1000
(
0
0
0
0
0
0
0
0
0
0
0
0
0
0
0
0
0
0
0
0
0
0
0
0
0
0
0
0
0
0
0
0
0
0
0
0
0
0
0
0
0
0
0
0
0
0
0
0
0
0
0
0
0
0
0
0
0
0
0
0
0
0
0
0
0
0
0
0
0
0
0
0
0
0
0
0
0
0
0
0
0
0
0
0
0
0
0
0
0
0
0
0
0
0
0
0
0
0
0
0
0
0
0
0
0
0
0
0
0
0
0
0
0
0
0
0
0
0
0
0
0
0
0
0
0
0
0
0
0
0
0
0
0
0
0
0
0
0
0
0
0
0
0
0
0
0
0
0
0
0
0
0
0
0
0
0
0
0
0
0
0
0
0
0
0
0
0
0
0
0
0
0
0
0
0
0
0
0
0
0
0
0
0
0
0
0
0
0
0
0
0
0
0
0
9.88131e-324
7.46039e-322
2.89967e-320
1.10047e-318
4.16512e-317
1.5725e-315
5.92194e-314
2.22457e-312
8.33542e-311
3.11533e-309
1.16137e-307
4.31833e-306
1.60155e-304
5.92424e-303
2.1857e-301
8.04274e-300
2.95168e-298
1.08038e-296
3.94389e-295
1.43583e-293
5.2132e-292
1.88766e-290
6.81641e-289
2.45465e-287
8.815e-286
3.15678e-284
1.12733e-282
4.01449e-281
1.42554e-279
5.04768e-278
1.7822e-276
6.27436e-275
2.20252e-273
7.70911e-272
2.69037e-270
9.36128e-269
3.24764e-267
1.12331e-265
3.87371e-264
1.3318e-262
4.56485e-261
1.55985e-259
5.31375e-258
1.80455e-256
6.10918e-255
2.06173e-253
6.93596e-252
2.32595e-250
7.77503e-249
2.59062e-247
8.60396e-246
2.84823e-244
9.39777e-243
3.09057e-241
1.013e-239
3.30919e-238
1.07739e-236
3.49581e-235
1.13042e-233
3.64283e-232
1.16986e-230
3.74384e-229
1.19392e-227
3.79404e-226
1.20139e-224
3.79061e-223
1.19171e-221
3.73298e-220
1.16508e-218
3.62289e-217
1.1224e-215
3.46433e-214
1.06527e-212
3.26329e-211
9.95861e-210
3.02744e-208
9.16797e-207
2.76555e-205
8.30971e-204
2.487e-202
7.41378e-201
2.20122e-199
6.50929e-198
1.91707e-196
5.62296e-195
1.64248e-193
4.77781e-192
1.38401e-190
3.99223e-189
1.14669e-187
3.27957e-186
9.33926e-185
2.648e-183
7.47515e-182
2.10089e-180
5.8783e-179
1.63739e-177
4.54032e-176
1.25326e-174
3.4435e-173
9.41775e-172
2.56369e-170
6.94607e-169
1.87306e-167
5.02672e-166
1.34253e-164
3.56819e-163
9.43718e-162
2.48364e-160
6.5038e-159
1.69458e-157
4.3929e-156
1.13297e-154
2.90699e-153
7.42006e-152
1.88404e-150
4.75852e-149
1.19545e-147
2.9871e-146
7.42341e-145
1.83473e-143
4.50959e-142
1.10223e-140
2.6789e-139
6.47394e-138
1.55555e-136
3.71604e-135
8.82538e-134
2.08362e-132
4.89005e-131
1.14075e-129
2.645e-128
6.09527e-127
1.39594e-125
3.17702e-124
7.18498e-123
1.61457e-121
3.60483e-120
7.99615e-119
1.76204e-117
3.85712e-116
8.38668e-115
1.8112e-113
3.88473e-112
8.27453e-111
1.75017e-109
3.6757e-108
7.66457e-107
1.58668e-105
3.26072e-104
6.65152e-103
1.34672e-101
2.70611e-100
5.39621e-99
1.06775e-97
2.09626e-96
4.08301e-95
7.88921e-94
1.51204e-92
2.87425e-91
5.41849e-90
1.01293e-88
1.87751e-87
3.45018e-86
6.28507e-85
1.13485e-83
2.03087e-82
3.60154e-81
6.32855e-80
1.10174e-78
1.90003e-77
3.24559e-76
5.49061e-75
9.19783e-74
1.52556e-72
2.5049e-71
4.07106e-70
6.54816e-69
1.04222e-67
1.6412e-66
2.55658e-65
3.93894e-64
6.00139e-63
9.04073e-62
1.34635e-60
1.98169e-59
2.88244e-58
4.14236e-57
5.88047e-56
8.24458e-55
1.14137e-53
1.55989e-52
2.10414e-51
2.80074e-50
3.67779e-49
4.76334e-48
6.08331e-47
7.65883e-46
9.50304e-45
1.16178e-43
1.39901e-42
1.65894e-41
1.93651e-40
2.22461e-39
2.51415e-38
2.79438e-37
3.05343e-36
3.27898e-35
3.4592e-34
3.58369e-33
3.6444e-32
3.63645e-31
3.55873e-30
3.41412e-29
3.20938e-28
2.95464e-27
2.66257e-26
2.34734e-25
2.02338e-24
1.7043e-23
1.40187e-22
1.12532e-21
8.80947e-21
6.72064e-20
4.99256e-19
3.60857e-18
2.53555e-17
1.73038e-16
1.14584e-15
7.35492e-15
4.57121e-14
2.74779e-13
1.59552e-12
8.93757e-12
4.82311e-11
2.50366e-10
1.24815e-09
5.96566e-09
2.72863e-08
1.19196e-07
4.96225e-07
1.96425e-06
7.37453e-06
2.61897e-05
8.77272e-05
0.000276316
0.000815679
0.00224887
0.00576987
0.0137253
0.0301611
0.0610205
0.113341
0.19293
0.300899
0.430853
0.569147
0.699101
0.80707
0.886659
0.93898
0.969839
0.986275
0.99423
0.997751
0.999184
0.999724
0.999912
0.999974
0.999993
0.999998
1
1
1
1
1
1
1
1
1
1
1
1
1
1
1
1
1
1
1
1
1
1
1
1
1
1
1
1
1
1
1
1
1
1
1
1
1
1
1
1
1
1
1
1
1
1
1
1
1
1
1
1
1
1
1
1
1
1
1
1
1
1
1
1
1
1
1
1
1
1
0.999998
0.999993
0.999974
0.999912
0.999724
0.999184
0.997751
0.99423
0.986275
0.969839
0.93898
0.886659
0.80707
0.699101
0.569147
0.430853
0.300899
0.19293
0.113341
0.0610205
0.0301611
0.0137253
0.00576987
0.00224887
0.000815679
0.000276316
8.77272e-05
2.61897e-05
7.37453e-06
1.96425e-06
4.96225e-07
1.19196e-07
2.72863e-08
5.96566e-09
1.24815e-09
2.50366e-10
4.82311e-11
8.93757e-12
1.59552e-12
2.74779e-13
4.57121e-14
7.35492e-15
1.14584e-15
1.73038e-16
2.53555e-17
3.60857e-18
4.99256e-19
6.72064e-20
8.80947e-21
1.12532e-21
1.40187e-22
1.7043e-23
2.02338e-24
2.34734e-25
2.66257e-26
2.95464e-27
3.20938e-28
3.41412e-29
3.55873e-30
3.63645e-31
3.6444e-32
3.58369e-33
3.4592e-34
3.27898e-35
3.05343e-36
2.79438e-37
2.51415e-38
2.22461e-39
1.93651e-40
1.65894e-41
1.39901e-42
1.16178e-43
9.50304e-45
7.65883e-46
6.08331e-47
4.76334e-48
3.67779e-49
2.80074e-50
2.10414e-51
1.55989e-52
1.14137e-53
8.24458e-55
5.88047e-56
4.14236e-57
2.88244e-58
1.98169e-59
1.34635e-60
9.04073e-62
6.00139e-63
3.93894e-64
2.55658e-65
1.6412e-66
1.04222e-67
6.54816e-69
4.07106e-70
2.5049e-71
1.52556e-72
9.19783e-74
5.49061e-75
3.24559e-76
1.90003e-77
1.10174e-78
6.32855e-80
3.60154e-81
2.03087e-82
1.13485e-83
6.28507e-85
3.45018e-86
1.87751e-87
1.01293e-88
5.41849e-90
2.87425e-91
1.51204e-92
7.88921e-94
4.08301e-95
2.09626e-96
1.06775e-97
5.39621e-99
2.70611e-100
1.34672e-101
6.65152e-103
3.26072e-104
1.58668e-105
7.66457e-107
3.6757e-108
1.75017e-109
8.27453e-111
3.88473e-112
1.8112e-113
8.38668e-115
3.85712e-116
1.76204e-117
7.99615e-119
3.60483e-120
1.61457e-121
7.18498e-123
3.17702e-124
1.39594e-125
6.09527e-127
2.645e-128
1.14075e-129
4.89005e-131
2.08362e-132
8.82538e-134
3.71604e-135
1.55555e-136
6.47394e-138
2.6789e-139
1.10223e-140
4.50959e-142
1.83473e-143
7.42341e-145
2.9871e-146
1.19545e-147
4.75852e-149
1.88404e-150
7.42006e-152
2.90699e-153
1.13297e-154
4.3929e-156
1.69458e-157
6.5038e-159
2.48364e-160
9.43718e-162
3.56819e-163
1.34253e-164
5.02672e-166
1.87306e-167
6.94607e-169
2.56369e-170
9.41775e-172
3.4435e-173
1.25326e-174
4.54032e-176
1.63739e-177
5.8783e-179
2.10089e-180
7.47515e-182
2.648e-183
9.33926e-185
3.27957e-186
1.14669e-187
3.99223e-189
1.38401e-190
4.77781e-192
1.64248e-193
5.62296e-195
1.91707e-196
6.50929e-198
2.20122e-199
7.41378e-201
2.487e-202
8.30971e-204
2.76555e-205
9.16797e-207
3.02744e-208
9.95861e-210
3.26329e-211
1.06527e-212
3.46433e-214
1.1224e-215
3.62289e-217
1.16508e-218
3.73298e-220
1.19171e-221
3.79061e-223
1.20139e-224
3.79404e-226
1.19392e-227
3.74384e-229
1.16986e-230
3.64283e-232
1.13042e-233
3.49581e-235
1.07739e-236
3.30919e-238
1.013e-239
3.09057e-241
9.39777e-243
2.84823e-244
8.60396e-246
2.59062e-247
7.77503e-249
2.32595e-250
6.93596e-252
2.06173e-253
6.10918e-255
1.80455e-256
5.31375e-258
1.55985e-259
4.56485e-261
1.3318e-262
3.87371e-264
1.12331e-265
3.24764e-267
9.36128e-269
2.69037e-270
7.70911e-272
2.20252e-273
6.27436e-275
1.7822e-276
5.04768e-278
1.42554e-279
4.01449e-281
1.12733e-282
3.15678e-284
8.815e-286
2.45465e-287
6.81641e-289
1.88766e-290
5.2132e-292
1.43583e-293
3.94389e-295
1.08038e-296
2.95168e-298
8.04274e-300
2.1857e-301
5.92424e-303
1.60155e-304
4.31833e-306
1.16137e-307
3.11533e-309
8.33542e-311
2.22457e-312
5.92194e-314
1.5725e-315
4.16512e-317
1.10047e-318
2.90017e-320
7.46039e-322
9.88131e-324
0
0
0
0
0
0
0
0
0
0
0
0
0
0
0
0
0
0
0
0
0
0
0
0
0
0
0
0
0
0
0
0
0
0
0
0
0
0
0
0
0
0
0
0
0
0
0
0
0
0
0
0
0
0
0
0
0
0
0
0
0
0
0
0
0
0
0
0
0
0
0
0
0
0
0
0
0
0
0
0
0
0
0
0
0
0
0
0
0
0
0
0
0
0
0
0
0
0
0
0
0
0
0
0
0
0
0
0
0
0
0
0
0
0
0
0
0
0
0
0
0
0
0
0
0
0
0
0
0
0
0
0
0
0
0
0
0
0
0
0
0
0
0
0
0
0
0
0
0
0
0
0
0
0
0
0
0
0
0
0
0
0
0
0
0
0
0
0
0
0
0
0
0
0
0
0
0
0
0
0
0
0
0
0
0
0
0
0
0
0
0
0
0
0
)
;

boundaryField
{
    sides
    {
        type            zeroGradient;
    }
    empty
    {
        type            empty;
    }
}


// ************************************************************************* //
