/*--------------------------------*- C++ -*----------------------------------*\
  =========                 |
  \\      /  F ield         | OpenFOAM: The Open Source CFD Toolbox
   \\    /   O peration     | Website:  https://openfoam.org
    \\  /    A nd           | Version:  7
     \\/     M anipulation  |
\*---------------------------------------------------------------------------*/
FoamFile
{
    version     2.0;
    format      ascii;
    class       volScalarField;
    location    "1.01";
    object      T;
}
// * * * * * * * * * * * * * * * * * * * * * * * * * * * * * * * * * * * * * //

dimensions      [0 0 0 1 0 0 0];

internalField   nonuniform List<scalar> 
1000
(
0
0
0
0
0
0
0
0
0
0
0
0
0
0
0
0
0
0
0
0
0
0
0
0
0
0
0
0
0
0
0
0
0
0
0
0
0
0
0
0
0
0
0
0
0
0
0
0
0
0
0
0
0
0
0
0
0
0
0
0
0
0
0
0
0
0
0
0
0
0
0
0
0
0
0
0
0
0
0
0
0
0
0
0
0
0
0
0
0
0
0
0
0
0
0
0
0
0
0
0
0
0
0
0
0
0
0
0
0
0
0
0
0
0
0
0
0
0
0
0
0
0
0
0
0
0
0
0
0
0
0
0
0
0
0
0
0
0
0
0
0
0
0
0
0
0
0
0
0
0
0
0
0
0
0
0
0
0
0
0
0
0
0
0
0
0
0
0
0
0
0
0
0
0
0
0
0
0
0
0
0
0
0
0
0
0
0
0
0
0
0
0
0
0
0
0
0
0
0
0
0
0
0
0
0
0
0
0
0
0
0
0
0
0
0
0
0
0
0
0
0
0
0
0
0
0
0
0
0
0
0
0
0
0
0
0
0
0
0
0
0
0
0
0
0
0
0
0
0
1.4822e-323
1.13635e-321
7.72719e-320
5.24584e-318
3.55503e-316
2.4051e-314
1.62435e-312
1.09515e-310
7.37068e-309
4.95197e-307
3.32107e-305
2.22331e-303
1.48572e-301
9.91023e-300
6.59829e-298
4.38505e-296
2.90873e-294
1.92581e-292
1.27261e-290
8.39355e-289
5.52525e-287
3.63001e-285
2.38017e-283
1.55755e-281
1.01719e-279
6.6295e-278
4.31191e-276
2.79873e-274
1.81279e-272
1.1717e-270
7.55725e-269
4.86383e-267
3.12357e-265
2.00158e-263
1.27978e-261
8.16452e-260
5.19692e-258
3.30046e-256
2.09124e-254
1.32198e-252
8.3374e-251
5.24574e-249
3.29265e-247
2.06174e-245
1.28785e-243
8.02461e-242
4.98772e-240
3.09234e-238
1.91235e-236
1.1796e-234
7.25725e-233
4.45319e-231
2.72533e-229
1.66342e-227
1.01253e-225
6.14649e-224
3.72086e-222
2.24618e-220
1.35212e-218
8.11607e-217
4.85757e-215
2.89883e-213
1.72481e-211
1.0232e-209
6.05153e-208
3.56813e-206
2.09736e-204
1.22898e-202
7.17857e-201
4.17965e-199
2.42568e-197
1.40314e-195
8.08955e-194
4.64823e-192
2.66179e-190
1.51901e-188
8.63845e-187
4.89526e-185
2.76416e-183
1.55517e-181
8.71767e-180
4.86866e-178
2.70885e-176
1.50144e-174
8.28994e-173
4.5593e-171
2.4976e-169
1.36272e-167
7.40492e-166
4.00723e-164
2.15949e-162
1.15883e-160
6.19187e-159
3.29406e-157
1.74471e-155
9.1996e-154
4.82883e-152
2.52297e-150
1.31206e-148
6.79097e-147
3.498e-145
1.79303e-143
9.14535e-142
4.64117e-140
2.34334e-138
1.17703e-136
5.88104e-135
2.92277e-133
1.44469e-131
7.10162e-130
3.47138e-128
1.68722e-126
8.15311e-125
3.91667e-123
1.87029e-121
8.87682e-120
4.18712e-118
1.96263e-116
9.14067e-115
4.22947e-113
1.94408e-111
8.87579e-110
4.02453e-108
1.8121e-106
8.1013e-105
3.59562e-103
1.58409e-101
6.92646e-100
3.00543e-98
1.2939e-96
5.52619e-95
2.34107e-93
9.83544e-92
4.09725e-90
1.69213e-88
6.92688e-87
2.81013e-85
1.12957e-83
4.49795e-82
1.77394e-80
6.92776e-79
2.67844e-77
1.02496e-75
3.88116e-74
1.45392e-72
5.38685e-71
1.97345e-69
7.14651e-68
2.55749e-66
9.04185e-65
3.15709e-63
1.08833e-61
3.70285e-60
1.24295e-58
4.11489e-57
1.34301e-55
4.31955e-54
1.36854e-52
4.26913e-51
1.31064e-49
3.95804e-48
1.17518e-46
3.42861e-45
9.82376e-44
2.76262e-42
7.62032e-41
2.06035e-39
5.45654e-38
1.41441e-36
3.5856e-35
8.88204e-34
2.14798e-32
5.06634e-31
1.16427e-29
2.60388e-28
5.66085e-27
1.19474e-25
2.4445e-24
4.84147e-23
9.26668e-22
1.71102e-20
3.04171e-19
5.195e-18
8.50411e-17
1.33079e-15
1.98501e-14
2.81299e-13
3.7734e-12
4.77138e-11
5.66021e-10
6.26491e-09
6.42854e-08
6.06957e-07
5.22578e-06
4.05859e-05
0.000280555
0.00169739
0.00879628
0.0379536
0.131262
0.345892
0.654108
0.868738
0.962046
0.991204
0.998303
0.999719
0.999959
0.999995
0.999999
1
1
1
1
1
1
1
1
1
1
1
1
1
1
1
1
1
1
1
1
1
1
1
1
1
1
1
1
1
1
1
1
1
1
1
1
1
1
1
1
1
1
1
1
1
1
1
1
1
1
1
1
1
1
1
1
1
1
1
1
1
1
1
1
1
1
1
1
1
1
1
1
1
1
1
1
1
1
1
1
1
1
0.999999
0.999995
0.999959
0.999719
0.998303
0.991204
0.962046
0.868738
0.654108
0.345892
0.131262
0.0379536
0.00879628
0.00169739
0.000280555
4.05859e-05
5.22578e-06
6.06957e-07
6.42854e-08
6.26491e-09
5.66021e-10
4.77138e-11
3.7734e-12
2.81299e-13
1.98501e-14
1.33079e-15
8.50411e-17
5.195e-18
3.04171e-19
1.71102e-20
9.26668e-22
4.84147e-23
2.4445e-24
1.19474e-25
5.66085e-27
2.60388e-28
1.16427e-29
5.06634e-31
2.14798e-32
8.88204e-34
3.5856e-35
1.41441e-36
5.45654e-38
2.06035e-39
7.62032e-41
2.76262e-42
9.82376e-44
3.42861e-45
1.17518e-46
3.95804e-48
1.31064e-49
4.26913e-51
1.36854e-52
4.31955e-54
1.34301e-55
4.11489e-57
1.24295e-58
3.70285e-60
1.08833e-61
3.15709e-63
9.04185e-65
2.55749e-66
7.14651e-68
1.97345e-69
5.38685e-71
1.45392e-72
3.88116e-74
1.02496e-75
2.67844e-77
6.92776e-79
1.77394e-80
4.49795e-82
1.12957e-83
2.81013e-85
6.92688e-87
1.69213e-88
4.09725e-90
9.83544e-92
2.34107e-93
5.52619e-95
1.2939e-96
3.00543e-98
6.92646e-100
1.58409e-101
3.59562e-103
8.1013e-105
1.8121e-106
4.02453e-108
8.87579e-110
1.94408e-111
4.22947e-113
9.14067e-115
1.96263e-116
4.18712e-118
8.87682e-120
1.87029e-121
3.91667e-123
8.15311e-125
1.68722e-126
3.47138e-128
7.10162e-130
1.44469e-131
2.92277e-133
5.88104e-135
1.17703e-136
2.34334e-138
4.64117e-140
9.14535e-142
1.79303e-143
3.498e-145
6.79097e-147
1.31206e-148
2.52297e-150
4.82883e-152
9.1996e-154
1.74471e-155
3.29406e-157
6.19187e-159
1.15883e-160
2.15949e-162
4.00723e-164
7.40492e-166
1.36272e-167
2.4976e-169
4.5593e-171
8.28994e-173
1.50144e-174
2.70885e-176
4.86866e-178
8.71767e-180
1.55517e-181
2.76416e-183
4.89526e-185
8.63845e-187
1.51901e-188
2.66179e-190
4.64823e-192
8.08955e-194
1.40314e-195
2.42568e-197
4.17965e-199
7.17857e-201
1.22898e-202
2.09736e-204
3.56813e-206
6.05153e-208
1.0232e-209
1.72481e-211
2.89883e-213
4.85757e-215
8.11607e-217
1.35212e-218
2.24618e-220
3.72086e-222
6.14649e-224
1.01253e-225
1.66342e-227
2.72533e-229
4.45319e-231
7.25725e-233
1.1796e-234
1.91235e-236
3.09234e-238
4.98772e-240
8.02461e-242
1.28785e-243
2.06174e-245
3.29265e-247
5.24574e-249
8.3374e-251
1.32198e-252
2.09124e-254
3.30046e-256
5.19692e-258
8.16452e-260
1.27978e-261
2.00158e-263
3.12357e-265
4.86383e-267
7.55725e-269
1.1717e-270
1.81279e-272
2.79873e-274
4.31191e-276
6.6295e-278
1.01719e-279
1.55755e-281
2.38017e-283
3.63001e-285
5.52525e-287
8.39355e-289
1.27261e-290
1.92581e-292
2.90873e-294
4.38505e-296
6.59829e-298
9.91023e-300
1.48572e-301
2.22331e-303
3.32107e-305
4.95197e-307
7.37068e-309
1.09515e-310
1.62435e-312
2.4051e-314
3.55503e-316
5.24584e-318
7.72719e-320
1.13635e-321
1.4822e-323
0
0
0
0
0
0
0
0
0
0
0
0
0
0
0
0
0
0
0
0
0
0
0
0
0
0
0
0
0
0
0
0
0
0
0
0
0
0
0
0
0
0
0
0
0
0
0
0
0
0
0
0
0
0
0
0
0
0
0
0
0
0
0
0
0
0
0
0
0
0
0
0
0
0
0
0
0
0
0
0
0
0
0
0
0
0
0
0
0
0
0
0
0
0
0
0
0
0
0
0
0
0
0
0
0
0
0
0
0
0
0
0
0
0
0
0
0
0
0
0
0
0
0
0
0
0
0
0
0
0
0
0
0
0
0
0
0
0
0
0
0
0
0
0
0
0
0
0
0
0
0
0
0
0
0
0
0
0
0
0
0
0
0
0
0
0
0
0
0
0
0
0
0
0
0
0
0
0
0
0
0
0
0
0
0
0
0
0
0
0
0
0
0
0
0
0
0
0
0
0
0
0
0
0
0
0
0
0
0
0
0
0
0
0
0
0
0
0
0
0
0
0
0
0
0
0
0
0
0
0
0
0
0
0
0
0
0
0
0
0
0
0
0
0
0
0
0
0
0
)
;

boundaryField
{
    sides
    {
        type            zeroGradient;
    }
    empty
    {
        type            empty;
    }
}


// ************************************************************************* //
