/*--------------------------------*- C++ -*----------------------------------*\
  =========                 |
  \\      /  F ield         | OpenFOAM: The Open Source CFD Toolbox
   \\    /   O peration     | Website:  https://openfoam.org
    \\  /    A nd           | Version:  7
     \\/     M anipulation  |
\*---------------------------------------------------------------------------*/
FoamFile
{
    version     2.0;
    format      ascii;
    class       volScalarField;
    location    "0.93";
    object      T;
}
// * * * * * * * * * * * * * * * * * * * * * * * * * * * * * * * * * * * * * //

dimensions      [0 0 0 1 0 0 0];

internalField   nonuniform List<scalar> 
1000
(
8.93153e-05
8.93648e-05
8.94645e-05
8.96149e-05
8.98166e-05
9.00701e-05
9.03761e-05
9.07352e-05
9.11481e-05
9.16154e-05
9.21379e-05
9.27164e-05
9.33515e-05
9.40442e-05
9.47951e-05
9.56053e-05
9.64755e-05
9.74067e-05
9.83998e-05
9.94559e-05
0.000100576
0.000101761
0.000103012
0.00010433
0.000105716
0.000107172
0.000108699
0.000110298
0.000111969
0.000113716
0.000115538
0.000117438
0.000119416
0.000121475
0.000123615
0.000125839
0.000128148
0.000130543
0.000133027
0.0001356
0.000138266
0.000141025
0.000143879
0.000146831
0.000149883
0.000153036
0.000156292
0.000159654
0.000163124
0.000166704
0.000170397
0.000174204
0.000178128
0.000182172
0.000186337
0.000190628
0.000195045
0.000199593
0.000204273
0.000209089
0.000214044
0.000219139
0.000224379
0.000229767
0.000235305
0.000240997
0.000246846
0.000252856
0.000259029
0.00026537
0.000271882
0.000278569
0.000285435
0.000292482
0.000299716
0.00030714
0.000314758
0.000322575
0.000330594
0.00033882
0.000347258
0.000355912
0.000364786
0.000373885
0.000383215
0.000392779
0.000402583
0.000412632
0.000422931
0.000433486
0.000444302
0.000455384
0.000466738
0.000478369
0.000490284
0.000502489
0.000514988
0.00052779
0.000540899
0.000554323
0.000568067
0.000582139
0.000596545
0.000611293
0.000626388
0.000641838
0.000657652
0.000673835
0.000690395
0.000707341
0.000724679
0.000742419
0.000760567
0.000779133
0.000798124
0.00081755
0.000837418
0.000857738
0.000878519
0.000899769
0.000921498
0.000943716
0.000966432
0.000989656
0.0010134
0.00103767
0.00106247
0.00108783
0.00111375
0.00114023
0.0011673
0.00119496
0.00122322
0.00125209
0.0012816
0.00131174
0.00134253
0.00137399
0.00140612
0.00143893
0.00147245
0.00150668
0.00154164
0.00157734
0.00161379
0.00165101
0.00168902
0.00172781
0.00176742
0.00180785
0.00184913
0.00189126
0.00193425
0.00197814
0.00202293
0.00206863
0.00211527
0.00216285
0.00221141
0.00226095
0.00231149
0.00236304
0.00241564
0.00246928
0.002524
0.00257981
0.00263673
0.00269477
0.00275396
0.00281432
0.00287586
0.00293861
0.00300258
0.0030678
0.00313428
0.00320206
0.00327113
0.00334154
0.0034133
0.00348643
0.00356096
0.0036369
0.00371428
0.00379313
0.00387346
0.0039553
0.00403867
0.0041236
0.00421011
0.00429822
0.00438797
0.00447937
0.00457245
0.00466724
0.00476376
0.00486204
0.0049621
0.00506398
0.00516769
0.00527327
0.00538074
0.00549013
0.00560147
0.00571479
0.00583011
0.00594747
0.00606689
0.0061884
0.00631204
0.00643783
0.0065658
0.00669598
0.00682841
0.00696311
0.00710012
0.00723947
0.00738119
0.00752531
0.00767186
0.00782088
0.0079724
0.00812645
0.00828306
0.00844228
0.00860412
0.00876864
0.00893585
0.00910581
0.00927853
0.00945406
0.00963242
0.00981367
0.00999783
0.0101849
0.010375
0.0105681
0.0107643
0.0109636
0.0111659
0.0113715
0.0115803
0.0117923
0.0120076
0.0122262
0.0124481
0.0126735
0.0129023
0.0131345
0.0133703
0.0136096
0.0138525
0.0140991
0.0143493
0.0146032
0.0148608
0.0151223
0.0153875
0.0156567
0.0159297
0.0162067
0.0164876
0.0167726
0.0170617
0.0173549
0.0176522
0.0179537
0.0182594
0.0185694
0.0188837
0.0192024
0.0195254
0.0198529
0.0201848
0.0205213
0.0208623
0.0212079
0.0215581
0.0219131
0.0222727
0.0226371
0.0230063
0.0233803
0.0237592
0.024143
0.0245317
0.0249255
0.0253243
0.0257281
0.0261371
0.0265512
0.0269705
0.0273951
0.0278249
0.02826
0.0287005
0.0291463
0.0295976
0.0300543
0.0305165
0.0309842
0.0314575
0.0319364
0.032421
0.0329112
0.0334071
0.0339087
0.0344162
0.0349294
0.0354485
0.0359734
0.0365043
0.0370411
0.0375839
0.0381327
0.0386875
0.0392484
0.0398153
0.0403884
0.0409676
0.0415531
0.0421447
0.0427425
0.0433466
0.043957
0.0445737
0.0451968
0.0458262
0.0464619
0.0471041
0.0477527
0.0484077
0.0490692
0.0497372
0.0504117
0.0510927
0.0517802
0.0524743
0.053175
0.0538822
0.0545961
0.0553165
0.0560436
0.0567773
0.0575176
0.0582646
0.0590182
0.0597785
0.0605455
0.0613192
0.0620995
0.0628866
0.0636803
0.0644807
0.0652878
0.0661016
0.066922
0.0677492
0.068583
0.0694235
0.0702707
0.0711245
0.071985
0.0728521
0.0737259
0.0746062
0.0754932
0.0763868
0.0772869
0.0781937
0.0791069
0.0800267
0.0809529
0.0818857
0.0828249
0.0837705
0.0847225
0.0856809
0.0866457
0.0876168
0.0885941
0.0895778
0.0905676
0.0915636
0.0925658
0.0935741
0.0945884
0.0956088
0.0966352
0.0976675
0.0987057
0.0997498
0.1008
0.101855
0.102917
0.103984
0.105056
0.106134
0.107218
0.108307
0.109401
0.110501
0.111606
0.112716
0.113832
0.114952
0.116077
0.117207
0.118342
0.119482
0.120627
0.121776
0.12293
0.124088
0.12525
0.126417
0.127588
0.128763
0.129942
0.131126
0.132313
0.133504
0.134698
0.135896
0.137098
0.138303
0.139511
0.140723
0.141938
0.143155
0.144376
0.145599
0.146825
0.148054
0.149285
0.150519
0.151755
0.152993
0.154233
0.155475
0.156719
0.157964
0.159211
0.16046
0.16171
0.162961
0.164213
0.165466
0.16672
0.167975
0.16923
0.170486
0.171742
0.172999
0.174255
0.175511
0.176768
0.178023
0.179279
0.180534
0.181788
0.183041
0.184293
0.185544
0.186794
0.188043
0.18929
0.190535
0.191778
0.193019
0.194259
0.195496
0.19673
0.197962
0.199191
0.200418
0.201641
0.202861
0.204078
0.205292
0.206502
0.207708
0.20891
0.210108
0.211302
0.212492
0.213677
0.214858
0.216034
0.217205
0.218371
0.219531
0.220686
0.221836
0.22298
0.224118
0.225251
0.226377
0.227496
0.22861
0.229717
0.230817
0.23191
0.232996
0.234075
0.235147
0.236211
0.237268
0.238317
0.239358
0.240391
0.241416
0.242432
0.24344
0.24444
0.245431
0.246413
0.247385
0.248349
0.249304
0.250249
0.251184
0.25211
0.253026
0.253932
0.254828
0.255714
0.256589
0.257454
0.258308
0.259152
0.259985
0.260807
0.261617
0.262417
0.263205
0.263982
0.264748
0.265501
0.266243
0.266973
0.267691
0.268397
0.269091
0.269772
0.270442
0.271098
0.271742
0.272374
0.272992
0.273598
0.27419
0.27477
0.275337
0.27589
0.27643
0.276956
0.27747
0.277969
0.278455
0.278927
0.279386
0.27983
0.280261
0.280678
0.281081
0.281469
0.281844
0.282204
0.28255
0.282882
0.283199
0.283502
0.283791
0.284065
0.284325
0.284569
0.2848
0.285015
0.285216
0.285403
0.285574
0.285731
0.285873
0.286
0.286113
0.28621
0.286293
0.286361
0.286414
0.286452
0.286476
0.286484
0.286478
0.286456
0.28642
0.286369
0.286303
0.286222
0.286127
0.286016
0.285891
0.285751
0.285597
0.285427
0.285243
0.285044
0.284831
0.284603
0.284361
0.284104
0.283832
0.283547
0.283246
0.282932
0.282603
0.28226
0.281903
0.281532
0.281146
0.280747
0.280334
0.279907
0.279466
0.279011
0.278543
0.278061
0.277566
0.277057
0.276535
0.276
0.275451
0.27489
0.274315
0.273728
0.273128
0.272515
0.271889
0.271251
0.2706
0.269937
0.269262
0.268575
0.267875
0.267164
0.266441
0.265706
0.26496
0.264202
0.263433
0.262652
0.261861
0.261058
0.260245
0.25942
0.258585
0.25774
0.256884
0.256018
0.255142
0.254255
0.253359
0.252453
0.251537
0.250612
0.249678
0.248734
0.247781
0.246819
0.245848
0.244869
0.243881
0.242884
0.24188
0.240867
0.239846
0.238817
0.237781
0.236737
0.235686
0.234627
0.233561
0.232488
0.231408
0.230322
0.229229
0.22813
0.227024
0.225912
0.224794
0.22367
0.222541
0.221406
0.220266
0.21912
0.21797
0.216814
0.215654
0.214488
0.213319
0.212145
0.210966
0.209784
0.208598
0.207408
0.206214
0.205017
0.203816
0.202612
0.201406
0.200196
0.198983
0.197768
0.19655
0.19533
0.194108
0.192883
0.191657
0.190429
0.189199
0.187968
0.186735
0.185501
0.184266
0.18303
0.181793
0.180555
0.179317
0.178078
0.176839
0.1756
0.174361
0.173121
0.171882
0.170644
0.169405
0.168168
0.16693
0.165694
0.164459
0.163225
0.161991
0.16076
0.159529
0.1583
0.157073
0.155847
0.154623
0.153402
0.152182
0.150964
0.149749
0.148536
0.147326
0.146118
0.144913
0.14371
0.142511
0.141314
0.140121
0.138931
0.137744
0.13656
0.13538
0.134204
0.133031
0.131861
0.130696
0.129534
0.128377
0.127223
0.126074
0.124929
0.123788
0.122651
0.121519
0.120391
0.119268
0.11815
0.117036
0.115928
0.114824
0.113724
0.11263
0.111541
0.110457
0.109378
0.108305
0.107236
0.106173
0.105116
0.104064
0.103017
0.101976
0.10094
0.0999101
0.0988858
0.0978672
0.0968544
0.0958474
0.0948462
0.0938509
0.0928615
0.0918781
0.0909006
0.0899292
0.0889638
0.0880045
0.0870513
0.0861043
0.0851634
0.0842287
0.0833003
0.0823781
0.0814621
0.0805524
0.0796491
0.078752
0.0778613
0.076977
0.076099
0.0752274
0.0743622
0.0735035
0.0726511
0.0718052
0.0709657
0.0701327
0.0693061
0.068486
0.0676723
0.0668651
0.0660644
0.0652702
0.0644824
0.0637011
0.0629262
0.0621578
0.0613959
0.0606405
0.0598915
0.0591489
0.0584128
0.0576832
0.0569599
0.0562431
0.0555326
0.0548286
0.054131
0.0534397
0.0527548
0.0520762
0.0514039
0.050738
0.0500783
0.049425
0.0487779
0.048137
0.0475024
0.046874
0.0462517
0.0456356
0.0450257
0.0444219
0.0438242
0.0432326
0.042647
0.0420674
0.0414939
0.0409263
0.0403647
0.0398091
0.0392593
0.0387154
0.0381774
0.0376451
0.0371187
0.0365981
0.0360831
0.0355739
0.0350704
0.0345725
0.0340803
0.0335936
0.0331125
0.032637
0.0321669
0.0317023
0.0312431
0.0307894
0.030341
0.029898
0.0294602
0.0290278
0.0286006
0.0281786
0.0277618
0.0273502
0.0269437
0.0265422
0.0261458
0.0257544
0.0253681
0.0249866
0.0246101
0.0242385
0.0238718
0.0235098
0.0231527
0.0228003
0.0224527
0.0221097
0.0217714
0.0214377
0.0211087
0.0207842
0.0204642
0.0201488
0.0198378
0.0195312
0.0192291
0.0189314
0.018638
0.0183489
0.0180641
0.0177836
0.0175073
0.0172352
0.0169673
0.0167035
0.0164439
0.0161883
0.0159369
0.0156894
0.015446
0.0152065
0.014971
0.0147395
0.0145118
0.0142881
0.0140682
0.0138521
0.0136399
0.0134314
0.0132268
0.0130259
0.0128287
0.0126352
0.0124454
0.0122593
0.0120769
0.0118981
0.0117229
0.0115513
0.0113833
0.0112189
0.011058
0.0109007
0.0107469
0.0105967
0.01045
0.0103067
0.010167
0.0100308
0.00989799
0.00976869
0.00964286
0.00952048
0.00940156
0.0092861
0.00917408
0.00906551
0.00896039
0.00885873
0.00876051
0.00866575
0.00857444
0.0084866
0.00840223
0.00832133
0.00824392
0.00817
0.00809959
0.00803269
0.00796933
0.00790951
0.00785325
0.00780057
0.00775148
0.00770601
0.00766417
0.007626
0.00759151
0.00756073
0.00753368
0.0075104
0.00749091
0.00747525
0.00746345
0.00745554
0.00745156
)
;

boundaryField
{
    sides
    {
        type            zeroGradient;
    }
    empty
    {
        type            empty;
    }
}


// ************************************************************************* //
