/*--------------------------------*- C++ -*----------------------------------*\
  =========                 |
  \\      /  F ield         | OpenFOAM: The Open Source CFD Toolbox
   \\    /   O peration     | Website:  https://openfoam.org
    \\  /    A nd           | Version:  7
     \\/     M anipulation  |
\*---------------------------------------------------------------------------*/
FoamFile
{
    version     2.0;
    format      ascii;
    class       volScalarField;
    location    "3.31";
    object      T;
}
// * * * * * * * * * * * * * * * * * * * * * * * * * * * * * * * * * * * * * //

dimensions      [0 0 0 1 0 0 0];

internalField   nonuniform List<scalar> 
1000
(
1.73849e-57
2.17074e-57
3.14156e-57
4.88947e-57
7.84315e-57
1.27254e-56
2.07281e-56
3.37999e-56
5.51155e-56
8.98381e-56
1.46356e-55
2.38286e-55
3.87716e-55
6.30457e-55
1.02452e-54
1.66381e-54
2.70029e-54
4.37961e-54
7.09873e-54
1.14986e-53
1.86134e-53
3.01109e-53
4.86787e-53
7.86448e-53
1.26974e-52
2.04869e-52
3.30332e-52
5.32277e-52
8.57112e-52
1.37927e-51
2.21805e-51
3.56454e-51
5.7246e-51
9.18748e-51
1.47352e-50
2.36168e-50
3.78264e-50
6.05444e-50
9.68408e-50
1.54792e-49
2.47252e-49
3.94672e-49
6.29556e-49
1.00354e-48
1.59858e-48
2.5447e-48
4.04796e-48
6.43481e-48
1.02219e-47
1.62266e-47
2.57406e-47
4.08042e-47
6.46379e-47
1.02321e-46
1.61857e-46
2.55856e-46
4.04156e-46
6.37963e-46
1.00631e-45
1.5862e-45
2.49846e-45
3.93256e-45
6.18537e-45
9.72171e-45
1.52688e-44
2.39637e-44
3.75825e-44
5.88982e-44
9.22361e-44
1.44338e-43
2.25706e-43
3.52684e-43
5.50691e-43
8.5923e-43
1.33964e-42
2.08711e-42
3.24921e-42
5.05458e-42
7.85722e-42
1.22047e-41
1.89433e-41
2.93805e-41
4.55338e-41
7.05146e-41
1.09117e-40
1.68725e-40
2.60694e-40
4.02487e-40
6.20924e-40
9.57175e-40
1.47438e-39
2.2693e-39
3.49009e-39
5.36346e-39
8.23597e-39
1.2637e-38
1.93747e-38
2.96815e-38
4.54353e-38
6.94959e-38
1.06214e-37
1.62203e-37
2.4751e-37
3.7738e-37
5.74935e-37
8.75208e-37
1.33124e-36
2.02325e-36
3.07251e-36
4.66215e-36
7.0685e-36
1.07082e-35
1.62088e-35
2.45149e-35
3.7047e-35
5.59398e-35
8.43979e-35
1.27228e-34
1.91636e-34
2.8841e-34
4.33692e-34
6.51617e-34
9.78227e-34
1.46732e-33
2.19909e-33
3.29305e-33
4.92703e-33
7.36557e-33
1.10017e-32
1.64188e-32
2.44825e-32
3.64753e-32
5.42962e-32
8.07546e-32
1.20003e-31
1.78173e-31
2.64311e-31
3.91754e-31
5.80141e-31
8.58373e-31
1.26893e-30
1.87422e-30
2.76581e-30
4.07796e-30
6.00729e-30
8.84161e-30
1.30017e-29
1.91021e-29
2.80398e-29
4.11227e-29
6.02559e-29
8.82121e-29
1.29023e-28
1.88544e-28
2.75274e-28
4.01537e-28
5.85181e-28
8.5204e-28
1.23946e-27
1.8014e-27
2.61569e-27
3.79458e-27
5.49973e-27
7.96375e-27
1.1521e-26
1.66518e-26
2.40451e-26
3.46886e-26
4.99967e-26
7.19926e-26
1.03568e-25
1.48852e-25
2.13734e-25
3.06606e-25
4.39416e-25
6.29154e-25
8.99962e-25
1.2861e-24
1.83616e-24
2.61896e-24
3.73189e-24
5.31262e-24
7.55559e-24
1.07351e-23
1.52378e-23
2.1608e-23
3.06113e-23
4.33235e-23
6.12546e-23
8.6522e-23
1.22092e-22
1.72114e-22
2.4239e-22
3.41021e-22
4.79308e-22
6.73001e-22
9.4402e-22
1.32285e-21
1.85184e-21
2.58975e-21
3.61804e-21
5.04951e-21
7.04019e-21
9.80566e-21
1.36435e-20
1.8964e-20
2.63324e-20
3.65262e-20
5.06139e-20
7.00629e-20
9.68849e-20
1.33836e-19
1.84688e-19
2.54597e-19
3.50601e-19
4.823e-19
6.62776e-19
9.09828e-19
1.24765e-18
1.70911e-18
2.33875e-18
3.19697e-18
4.36547e-18
5.9547e-18
8.1138e-18
1.10439e-17
1.50161e-17
2.03949e-17
2.76706e-17
3.75013e-17
5.07695e-17
6.86575e-17
9.27471e-17
1.25152e-16
1.68695e-16
2.27138e-16
3.05493e-16
4.10425e-16
5.50791e-16
7.38347e-16
9.88673e-16
1.3224e-15
1.76681e-15
2.35793e-15
3.14331e-15
4.1856e-15
5.56724e-15
7.39663e-15
9.81608e-15
1.30122e-14
1.72295e-14
2.27878e-14
3.01049e-14
3.97261e-14
5.23625e-14
6.89393e-14
9.06601e-14
1.19087e-13
1.56248e-13
2.04769e-13
2.68046e-13
3.50471e-13
4.5771e-13
5.97067e-13
7.77947e-13
1.01244e-12
1.31607e-12
1.70876e-12
2.21601e-12
2.87046e-12
3.71379e-12
4.79922e-12
6.19454e-12
7.98605e-12
1.02834e-11
1.3226e-11
1.69901e-11
2.17995e-11
2.79368e-11
3.5759e-11
4.57163e-11
5.83758e-11
7.4451e-11
9.4838e-11
1.20661e-10
1.53329e-10
1.94605e-10
2.46692e-10
3.12337e-10
3.94968e-10
4.98848e-10
6.29275e-10
7.92827e-10
9.97658e-10
1.25386e-09
1.57391e-09
1.9732e-09
2.47072e-09
3.08985e-09
3.85931e-09
4.81438e-09
5.99831e-09
7.46404e-09
9.27629e-09
1.15141e-08
1.42738e-08
1.76727e-08
2.18533e-08
2.69887e-08
3.32889e-08
4.10077e-08
5.04522e-08
6.1993e-08
7.60769e-08
9.32415e-08
1.14133e-07
1.39527e-07
1.70352e-07
2.07722e-07
2.52963e-07
3.07663e-07
3.73709e-07
4.53348e-07
5.49249e-07
6.64578e-07
8.03082e-07
9.69196e-07
1.16815e-06
1.40612e-06
1.69037e-06
2.02943e-06
2.43333e-06
2.91381e-06
3.4846e-06
4.16176e-06
4.96401e-06
5.91314e-06
7.03451e-06
8.35755e-06
9.91637e-06
1.17505e-05
1.39054e-05
1.64339e-05
1.93966e-05
2.28631e-05
2.69135e-05
3.16396e-05
3.71463e-05
4.35538e-05
5.09987e-05
5.9637e-05
6.96459e-05
8.12265e-05
9.46068e-05
0.000110045
0.000127831
0.000148295
0.000171805
0.000198778
0.000229678
0.000265027
0.000305409
0.000351474
0.000403946
0.000463632
0.000531426
0.000608319
0.000695407
0.000793899
0.000905129
0.00103056
0.00117181
0.00133064
0.00150897
0.00170892
0.00193277
0.00218302
0.00246239
0.00277379
0.00312041
0.00350565
0.0039332
0.00440702
0.00493133
0.00551068
0.00614989
0.00685413
0.00762887
0.0084799
0.00941337
0.0104358
0.0115539
0.0127749
0.0141063
0.0155559
0.0171319
0.0188428
0.0206974
0.0227046
0.024874
0.0272151
0.0297376
0.0324518
0.0353677
0.0384956
0.0418461
0.0454295
0.0492563
0.053337
0.0576819
0.0623011
0.0672047
0.0724023
0.0779033
0.0837167
0.089851
0.0963141
0.103114
0.110256
0.117747
0.125593
0.133797
0.142363
0.151294
0.160591
0.170254
0.180283
0.190676
0.201429
0.212539
0.224
0.235805
0.247945
0.260412
0.273196
0.286283
0.299662
0.313317
0.327234
0.341396
0.355785
0.370382
0.385169
0.400125
0.415229
0.430459
0.445792
0.461207
0.476679
0.492186
0.507703
0.523207
0.538675
0.554081
0.569404
0.58462
0.599707
0.614643
0.629405
0.643974
0.658329
0.672452
0.686324
0.699928
0.713248
0.726269
0.738976
0.751357
0.763399
0.775093
0.786429
0.797397
0.807992
0.818207
0.828036
0.837475
0.846522
0.855174
0.863429
0.871286
0.878747
0.885811
0.892479
0.898754
0.904638
0.910133
0.915242
0.919969
0.924315
0.928285
0.931882
0.935109
0.937969
0.940464
0.942598
0.944372
0.94579
0.946851
0.947558
0.947911
0.947911
0.947558
0.946851
0.94579
0.944372
0.942598
0.940464
0.937969
0.935109
0.931882
0.928285
0.924315
0.919969
0.915242
0.910133
0.904638
0.898754
0.892479
0.885811
0.878747
0.871286
0.863429
0.855174
0.846522
0.837475
0.828036
0.818207
0.807992
0.797397
0.786429
0.775093
0.763399
0.751357
0.738976
0.726269
0.713248
0.699928
0.686324
0.672452
0.658329
0.643974
0.629405
0.614643
0.599707
0.58462
0.569404
0.554081
0.538675
0.523207
0.507703
0.492186
0.476679
0.461207
0.445792
0.430459
0.415229
0.400125
0.385169
0.370382
0.355785
0.341396
0.327234
0.313317
0.299662
0.286283
0.273196
0.260412
0.247945
0.235805
0.224
0.212539
0.201429
0.190676
0.180283
0.170254
0.160591
0.151294
0.142363
0.133797
0.125593
0.117747
0.110256
0.103114
0.0963141
0.089851
0.0837167
0.0779033
0.0724023
0.0672047
0.0623011
0.0576819
0.053337
0.0492563
0.0454295
0.0418461
0.0384956
0.0353677
0.0324518
0.0297376
0.0272151
0.024874
0.0227046
0.0206974
0.0188428
0.0171319
0.0155559
0.0141063
0.0127749
0.0115539
0.0104358
0.00941337
0.0084799
0.00762887
0.00685413
0.00614989
0.00551068
0.00493133
0.00440702
0.0039332
0.00350565
0.00312041
0.00277379
0.00246239
0.00218302
0.00193277
0.00170892
0.00150897
0.00133064
0.00117181
0.00103056
0.000905129
0.000793899
0.000695407
0.000608319
0.000531426
0.000463632
0.000403946
0.000351474
0.000305409
0.000265027
0.000229678
0.000198778
0.000171805
0.000148295
0.000127831
0.000110045
9.46068e-05
8.12265e-05
6.96459e-05
5.9637e-05
5.09987e-05
4.35538e-05
3.71463e-05
3.16396e-05
2.69135e-05
2.28631e-05
1.93966e-05
1.64339e-05
1.39054e-05
1.17505e-05
9.91637e-06
8.35755e-06
7.03451e-06
5.91314e-06
4.96401e-06
4.16176e-06
3.4846e-06
2.91381e-06
2.43333e-06
2.02943e-06
1.69037e-06
1.40612e-06
1.16815e-06
9.69196e-07
8.03082e-07
6.64578e-07
5.49249e-07
4.53348e-07
3.73709e-07
3.07663e-07
2.52963e-07
2.07722e-07
1.70352e-07
1.39527e-07
1.14133e-07
9.32415e-08
7.60769e-08
6.1993e-08
5.04522e-08
4.10077e-08
3.32889e-08
2.69887e-08
2.18533e-08
1.76727e-08
1.42738e-08
1.15141e-08
9.27629e-09
7.46404e-09
5.99831e-09
4.81438e-09
3.85931e-09
3.08985e-09
2.47072e-09
1.9732e-09
1.57391e-09
1.25386e-09
9.97658e-10
7.92827e-10
6.29275e-10
4.98848e-10
3.94968e-10
3.12337e-10
2.46692e-10
1.94605e-10
1.53329e-10
1.20661e-10
9.4838e-11
7.4451e-11
5.83758e-11
4.57163e-11
3.5759e-11
2.79368e-11
2.17995e-11
1.69901e-11
1.3226e-11
1.02834e-11
7.98605e-12
6.19454e-12
4.79922e-12
3.71379e-12
2.87046e-12
2.21601e-12
1.70876e-12
1.31607e-12
1.01244e-12
7.77947e-13
5.97067e-13
4.5771e-13
3.50471e-13
2.68046e-13
2.04769e-13
1.56248e-13
1.19087e-13
9.06601e-14
6.89393e-14
5.23625e-14
3.97261e-14
3.01049e-14
2.27878e-14
1.72295e-14
1.30122e-14
9.81608e-15
7.39663e-15
5.56724e-15
4.1856e-15
3.14331e-15
2.35793e-15
1.76681e-15
1.3224e-15
9.88673e-16
7.38347e-16
5.50791e-16
4.10425e-16
3.05493e-16
2.27138e-16
1.68695e-16
1.25152e-16
9.27471e-17
6.86575e-17
5.07695e-17
3.75013e-17
2.76706e-17
2.03949e-17
1.50161e-17
1.10439e-17
8.1138e-18
5.9547e-18
4.36547e-18
3.19697e-18
2.33875e-18
1.70911e-18
1.24765e-18
9.09828e-19
6.62776e-19
4.823e-19
3.50601e-19
2.54597e-19
1.84688e-19
1.33836e-19
9.68849e-20
7.00629e-20
5.06139e-20
3.65262e-20
2.63324e-20
1.8964e-20
1.36435e-20
9.80566e-21
7.04019e-21
5.04951e-21
3.61804e-21
2.58975e-21
1.85184e-21
1.32285e-21
9.4402e-22
6.73001e-22
4.79308e-22
3.41021e-22
2.4239e-22
1.72114e-22
1.22092e-22
8.6522e-23
6.12546e-23
4.33235e-23
3.06113e-23
2.1608e-23
1.52378e-23
1.07351e-23
7.55559e-24
5.31262e-24
3.73189e-24
2.61896e-24
1.83616e-24
1.2861e-24
8.99962e-25
6.29154e-25
4.39416e-25
3.06606e-25
2.13734e-25
1.48852e-25
1.03568e-25
7.19926e-26
4.99967e-26
3.46886e-26
2.40451e-26
1.66518e-26
1.1521e-26
7.96375e-27
5.49973e-27
3.79458e-27
2.61569e-27
1.8014e-27
1.23946e-27
8.5204e-28
5.85181e-28
4.01537e-28
2.75274e-28
1.88544e-28
1.29023e-28
8.82121e-29
6.02559e-29
4.11227e-29
2.80398e-29
1.91021e-29
1.30017e-29
8.84161e-30
6.00729e-30
4.07796e-30
2.76581e-30
1.87422e-30
1.26893e-30
8.58373e-31
5.80141e-31
3.91754e-31
2.64311e-31
1.78173e-31
1.20003e-31
8.07546e-32
5.42962e-32
3.64753e-32
2.44825e-32
1.64188e-32
1.10017e-32
7.36557e-33
4.92703e-33
3.29305e-33
2.19909e-33
1.46732e-33
9.78227e-34
6.51617e-34
4.33692e-34
2.8841e-34
1.91636e-34
1.27228e-34
8.43979e-35
5.59398e-35
3.7047e-35
2.45149e-35
1.62088e-35
1.07082e-35
7.0685e-36
4.66215e-36
3.07251e-36
2.02325e-36
1.33124e-36
8.75208e-37
5.74935e-37
3.7738e-37
2.4751e-37
1.62203e-37
1.06214e-37
6.94959e-38
4.54353e-38
2.96815e-38
1.93747e-38
1.2637e-38
8.23597e-39
5.36346e-39
3.49009e-39
2.2693e-39
1.47438e-39
9.57175e-40
6.20924e-40
4.02487e-40
2.60694e-40
1.68725e-40
1.09117e-40
7.05146e-41
4.55338e-41
2.93805e-41
1.89433e-41
1.22047e-41
7.85722e-42
5.05458e-42
3.24921e-42
2.08711e-42
1.33964e-42
8.5923e-43
5.50691e-43
3.52684e-43
2.25706e-43
1.44338e-43
9.22361e-44
5.88982e-44
3.75825e-44
2.39637e-44
1.52688e-44
9.72171e-45
6.18537e-45
3.93256e-45
2.49846e-45
1.5862e-45
1.00631e-45
6.37963e-46
4.04156e-46
2.55856e-46
1.61857e-46
1.02321e-46
6.46379e-47
4.08042e-47
2.57406e-47
1.62266e-47
1.02219e-47
6.43481e-48
4.04796e-48
2.5447e-48
1.59858e-48
1.00354e-48
6.29556e-49
3.94672e-49
2.47252e-49
1.54792e-49
9.68408e-50
6.05444e-50
3.78264e-50
2.36168e-50
1.47352e-50
9.18748e-51
5.7246e-51
3.56454e-51
2.21805e-51
1.37927e-51
8.57112e-52
5.32277e-52
3.30332e-52
2.04869e-52
1.26974e-52
7.86448e-53
4.86787e-53
3.01109e-53
1.86134e-53
1.14986e-53
7.09873e-54
4.37961e-54
2.70029e-54
1.66381e-54
1.02452e-54
6.30457e-55
3.87716e-55
2.38286e-55
1.46356e-55
8.98381e-56
5.51155e-56
3.37999e-56
2.07281e-56
1.27254e-56
7.84315e-57
4.88947e-57
3.14156e-57
2.17074e-57
1.73849e-57
)
;

boundaryField
{
    sides
    {
        type            zeroGradient;
    }
    empty
    {
        type            empty;
    }
}


// ************************************************************************* //
