/*--------------------------------*- C++ -*----------------------------------*\
  =========                 |
  \\      /  F ield         | OpenFOAM: The Open Source CFD Toolbox
   \\    /   O peration     | Website:  https://openfoam.org
    \\  /    A nd           | Version:  7
     \\/     M anipulation  |
\*---------------------------------------------------------------------------*/
FoamFile
{
    version     2.0;
    format      ascii;
    class       volScalarField;
    location    "3.65";
    object      T;
}
// * * * * * * * * * * * * * * * * * * * * * * * * * * * * * * * * * * * * * //

dimensions      [0 0 0 1 0 0 0];

internalField   nonuniform List<scalar> 
1000
(
0
0
0
0
0
0
0
0
0
0
0
0
0
0
0
0
0
0
0
0
0
0
0
0
0
0
0
0
0
0
0
0
0
0
0
0
0
0
0
0
0
0
0
0
0
0
0
0
0
0
0
0
0
0
0
0
0
0
0
0
0
0
0
0
0
0
0
0
0
0
0
0
0
0
0
0
0
0
0
0
0
0
0
0
0
0
0
0
0
0
0
9.88131e-324
-8.84378e-322
-1.62449e-320
7.08772e-319
1.86638e-317
-5.52102e-316
-1.93502e-314
4.27574e-313
1.89061e-311
-3.37458e-310
-1.77896e-308
2.79046e-307
1.63007e-305
-2.47241e-304
-1.46056e-302
2.36067e-301
1.2771e-299
-2.39351e-298
-1.08009e-296
2.50881e-295
8.6715e-294
-2.64326e-292
-6.36471e-291
2.73199e-289
3.89974e-288
-2.71078e-286
-1.36182e-285
2.52287e-283
-1.07852e-282
-2.13124e-280
3.16563e-279
1.53507e-277
-4.5913e-276
-7.86102e-275
5.06937e-273
-3.75633e-274
-4.44856e-270
6.74232e-269
2.83485e-267
-1.05679e-265
-6.63669e-265
1.04084e-262
-1.35466e-261
-6.44573e-260
2.46627e-258
4.83351e-258
-2.24058e-255
4.54989e-254
8.93279e-253
-6.03663e-251
7.03029e-250
3.42316e-248
-1.4898e-246
1.03636e-245
9.9063e-244
-3.67685e-242
2.19799e-241
2.47655e-239
-9.42486e-238
8.49428e-237
5.25421e-235
-2.44634e-233
3.81143e-232
7.44637e-231
-5.83367e-229
1.48399e-227
-6.02869e-227
-1.01192e-224
4.4128e-223
-9.00389e-222
-3.23519e-222
7.59307e-219
-3.16604e-217
7.32379e-216
-6.01223e-215
-3.32839e-213
2.00869e-211
-6.60873e-210
1.49089e-208
-1.81771e-207
-3.16055e-206
3.05348e-204
-1.30202e-202
4.30263e-201
-1.22911e-199
3.16826e-198
-7.53441e-197
1.67516e-195
-3.51303e-194
6.99279e-193
-1.32739e-191
2.41161e-190
-4.20562e-189
7.05664e-188
-1.14147e-186
1.78302e-185
-2.69331e-184
3.93904e-183
-5.58385e-182
7.67933e-181
-1.02546e-179
1.33059e-178
-1.67873e-177
2.06055e-176
-2.46195e-175
2.86465e-174
-3.24747e-173
3.58807e-172
-3.86514e-171
4.06058e-170
-4.16146e-169
4.16139e-168
-4.06121e-167
3.86876e-166
-3.59793e-165
3.26701e-164
-2.89673e-163
2.50816e-162
-2.12086e-161
1.75142e-160
-1.41249e-159
1.11247e-158
-8.556e-158
6.42537e-157
-4.7111e-156
3.37194e-155
-2.35556e-154
1.60573e-153
-1.06784e-152
6.92573e-152
-4.37926e-151
2.69861e-150
-1.61986e-149
9.46644e-149
-5.38261e-148
2.97566e-147
-1.59805e-146
8.3288e-146
-4.20773e-145
2.05765e-144
-9.72309e-144
4.4302e-143
-1.94116e-142
8.15078e-142
-3.26441e-141
1.23885e-140
-4.41152e-140
1.4508e-139
-4.27972e-139
1.06049e-138
-1.764e-138
-1.23245e-138
2.82641e-137
-1.60909e-136
6.61055e-136
-2.16833e-135
5.50334e-135
-8.27061e-135
-1.25379e-134
1.61737e-133
-7.77613e-133
2.60286e-132
-6.07354e-132
5.63538e-132
3.29995e-131
-2.32545e-130
8.76135e-130
-2.15671e-129
2.16617e-129
1.06014e-128
-7.39056e-128
2.577e-127
-5.27e-127
3.20135e-128
4.87849e-126
-2.2966e-125
5.95387e-125
-5.57881e-125
-3.00357e-124
1.8365e-123
-5.27313e-123
6.13242e-123
2.11006e-122
-1.4287e-121
4.05753e-121
-4.10902e-121
-1.8572e-120
1.0931e-119
-2.71505e-119
1.28951e-119
1.78647e-118
-7.83636e-118
1.44986e-117
1.0872e-117
-1.57768e-116
4.79215e-116
-4.33735e-116
-2.30056e-115
1.13886e-114
-2.08074e-114
-1.86973e-114
2.23298e-113
-5.89459e-113
2.06166e-113
3.80727e-112
-1.35716e-111
1.38458e-111
5.81021e-111
-2.78342e-110
4.08644e-110
8.14249e-110
-5.32321e-109
9.48666e-109
1.09396e-108
-9.77023e-108
1.93319e-107
1.53918e-107
-1.75299e-106
3.59463e-106
2.56533e-106
-3.10253e-105
6.17475e-105
5.26516e-105
-5.41364e-104
9.7505e-104
1.20542e-103
-9.22676e-103
1.38065e-102
2.75304e-102
-1.51058e-101
1.64122e-101
5.91117e-101
-2.31984e-100
1.30044e-100
1.16243e-99
-3.22815e-99
-4.73697e-100
2.05963e-98
-3.82666e-98
-4.84546e-98
3.22348e-97
-3.27638e-97
-1.28518e-96
4.29852e-96
-3.45279e-97
-2.42683e-95
4.48358e-95
6.0898e-95
-3.59066e-94
2.60105e-94
1.58642e-93
-4.03651e-93
-2.33883e-93
2.59589e-92
-2.73933e-92
-9.98246e-92
2.98002e-91
9.93294e-92
-1.74036e-90
1.94462e-90
6.50125e-90
-1.91557e-89
-8.23159e-90
1.10587e-88
-1.00973e-88
-4.40351e-88
1.06717e-87
9.3102e-88
-6.51804e-87
3.00728e-87
2.912e-86
-4.79672e-86
-9.07244e-86
3.34611e-85
8.708e-86
-1.71812e-84
1.3334e-84
6.93094e-84
-1.31517e-83
-2.04e-83
8.12732e-83
2.17959e-83
-3.99728e-82
2.46511e-82
1.64077e-81
-2.4946e-81
-5.49694e-81
1.56902e-80
1.28623e-80
-8.03018e-80
7.2797e-82
3.57453e-79
-2.48844e-79
-1.41053e-78
2.00565e-78
4.89566e-78
-1.16897e-77
-1.42468e-77
5.83559e-77
2.86777e-77
-2.63406e-76
1.42215e-77
1.10134e-75
-5.85399e-76
-4.31806e-75
4.32951e-75
1.59698e-74
-2.42217e-74
-5.57925e-74
1.18933e-73
1.8356e-73
-5.39286e-73
-5.63338e-73
2.31421e-72
1.57781e-72
-9.53375e-72
-3.82264e-72
3.80652e-71
6.6914e-72
-1.48318e-70
1.06635e-72
5.66981e-70
-8.77188e-71
-2.13547e-69
5.75976e-70
7.95113e-69
-2.8068e-69
-2.93425e-68
1.18638e-68
1.07516e-67
-4.54972e-68
-3.91549e-67
1.60281e-67
1.41742e-66
-5.14961e-67
-5.09695e-66
1.45823e-66
1.81792e-65
-3.25672e-66
-6.41663e-65
2.80719e-66
2.23456e-64
2.67288e-65
-7.64835e-64
-2.38762e-64
2.56064e-63
1.3779e-63
-8.33418e-63
-6.7224e-63
2.61517e-62
2.97085e-62
-7.81589e-62
-1.22187e-61
2.18087e-61
4.73337e-61
-5.4661e-61
-1.73531e-60
1.11547e-60
6.02132e-60
-1.14908e-60
-1.96961e-59
-4.81697e-60
6.01833e-59
4.26594e-59
-1.68743e-58
-2.14775e-58
4.18244e-58
8.78216e-58
-8.31084e-58
-3.14198e-57
8.18889e-58
1.00282e-56
3.27219e-57
-2.83677e-56
-2.68455e-56
6.85437e-56
1.229e-55
-1.25343e-55
-4.45094e-55
7.47215e-56
1.35687e-54
7.13406e-55
-3.45242e-54
-4.52478e-54
6.70048e-54
1.79494e-53
-5.78617e-54
-5.56463e-53
-2.64841e-53
1.36909e-52
1.83663e-52
-2.36664e-52
-7.08319e-52
7.18531e-53
2.02971e-51
1.53498e-51
-4.27163e-51
-7.96846e-51
4.61636e-51
2.59047e-50
1.10719e-50
-5.99651e-50
-8.59468e-50
8.0002e-50
3.06991e-49
8.36646e-50
-7.3521e-49
-9.50564e-49
9.9093e-49
3.50834e-48
9.91974e-49
-8.15311e-48
-1.11178e-47
9.437e-48
3.8882e-47
1.75884e-47
-8.09e-47
-1.34165e-46
5.77528e-47
4.06786e-46
3.14086e-46
-6.71188e-46
-1.56771e-45
-1.36415e-46
3.77386e-45
4.81629e-45
-3.65171e-45
-1.63842e-44
-1.08874e-44
2.71415e-44
6.0436e-44
8.72336e-45
-1.37147e-43
-1.95324e-43
8.44376e-44
5.8357e-43
5.53589e-43
-6.85671e-43
-2.23926e-42
-1.32885e-42
3.58921e-42
8.02222e-42
2.34546e-42
-1.5875e-41
-2.74657e-41
-5.77766e-43
6.40517e-41
9.16118e-41
-2.05427e-41
-2.44124e-40
-3.0308e-40
1.3078e-40
8.96224e-40
1.01129e-39
-5.83405e-40
-3.20576e-39
-3.45001e-39
2.18636e-39
1.12387e-38
1.2122e-38
-7.1169e-39
-3.86607e-38
-4.3817e-38
1.94644e-38
1.30032e-37
1.61464e-37
-3.72404e-38
-4.23911e-37
-5.97983e-37
-1.42831e-38
1.31878e-36
2.18947e-36
6.52535e-37
-3.80869e-36
-7.78881e-36
-4.54963e-36
9.65378e-36
2.64065e-35
2.34882e-35
-1.82672e-35
-8.32132e-35
-1.03329e-34
3.93624e-36
2.33965e-34
4.01262e-34
1.93727e-34
-5.35455e-34
-1.37552e-33
-1.28881e-33
6.84873e-34
4.04157e-33
5.83585e-33
1.84888e-33
-9.27758e-33
-2.10579e-32
-1.88012e-32
1.06532e-32
6.04512e-32
9.01554e-32
3.92097e-32
-1.20049e-31
-3.1199e-31
-3.36317e-31
2.63238e-32
7.71773e-31
1.43254e-30
1.12334e-30
-8.78295e-31
-4.11619e-30
-6.19902e-30
-3.42838e-30
6.43423e-30
2.00779e-29
2.63303e-29
9.99403e-30
-3.58802e-29
-9.36e-29
-1.13379e-28
-3.19377e-29
1.75162e-28
4.26425e-28
5.05859e-28
1.41625e-28
-7.76391e-28
-1.91335e-27
-2.3521e-27
-8.85718e-28
3.10214e-27
8.41091e-27
1.12623e-26
6.19716e-27
-1.05138e-26
-3.55359e-26
-5.41412e-26
-4.18371e-26
2.34548e-26
1.38809e-25
2.52687e-25
2.59931e-25
3.85427e-26
-4.61056e-25
-1.09721e-24
-1.45895e-24
-9.35032e-25
9.78778e-25
4.14586e-24
7.23377e-24
7.56327e-24
1.88768e-24
-1.15777e-23
-3.02073e-23
-4.44594e-23
-3.81757e-23
5.72749e-24
9.30595e-23
2.02219e-22
2.72087e-22
2.06811e-22
-8.9087e-23
-6.4016e-22
-1.30868e-21
-1.72589e-21
-1.31611e-21
5.10204e-22
3.95788e-21
8.30688e-21
1.14506e-20
9.89539e-21
-3.1912e-22
-2.14603e-20
-5.08552e-20
-7.75347e-20
-8.07691e-20
-3.32797e-20
8.82057e-20
2.84189e-19
5.08585e-19
6.4901e-19
5.26875e-19
-6.31745e-20
-1.25823e-18
-2.97562e-18
-4.73456e-18
-5.5237e-18
-3.8332e-18
2.0036e-18
1.3037e-17
2.84822e-17
4.42571e-17
5.1798e-17
3.80391e-17
-1.22866e-17
-1.10891e-16
-2.5617e-16
-4.20295e-16
-5.36305e-16
-4.91419e-16
-1.35847e-16
6.81732e-16
2.04218e-15
3.84434e-15
5.66519e-15
6.6264e-15
5.332e-15
-2.55707e-17
-1.12709e-14
-2.9446e-14
-5.35409e-14
-7.88172e-14
-9.50036e-14
-8.49649e-14
-2.48326e-14
1.13017e-13
3.52491e-13
7.00243e-13
1.12518e-12
1.53177e-12
1.73072e-12
1.415e-12
1.54899e-13
-2.56768e-12
-7.25886e-12
-1.42158e-11
-2.32035e-11
-3.29887e-11
-4.07387e-11
-4.13459e-11
-2.68126e-11
1.40567e-11
9.52635e-11
2.31961e-10
4.36789e-10
7.13281e-10
1.04536e-09
1.38198e-09
1.61632e-09
1.55988e-09
9.12874e-10
-7.64656e-10
-4.07369e-09
-9.77589e-09
-1.8752e-08
-3.1889e-08
-4.98526e-08
-7.26873e-08
-9.9163e-08
-1.25765e-07
-1.45196e-07
-1.44221e-07
-1.00653e-07
2.07675e-08
2.73888e-07
7.38394e-07
1.52918e-06
2.80827e-06
4.79974e-06
7.80821e-06
1.22413e-05
1.86369e-05
2.76952e-05
4.03167e-05
5.76462e-05
8.11234e-05
0.00011254
0.000154104
0.000208509
0.000279018
0.000369538
0.000484717
0.000630036
0.000811907
0.00103777
0.0013162
0.00165698
0.00207124
0.0025715
0.00317177
0.00388759
0.00473611
0.00573611
0.00690797
0.00827373
0.00985697
0.0116828
0.0137777
0.0161694
0.0188869
0.0219599
0.0254188
0.0292946
0.0336183
0.0384207
0.0437323
0.0495824
0.0559993
0.0630098
0.0706386
0.078908
0.0878379
0.0974448
0.107742
0.11874
0.130443
0.142854
0.155971
0.169785
0.184286
0.199457
0.215279
0.231725
0.248767
0.266372
0.284502
0.303115
0.322169
0.341615
0.361405
0.381485
0.401804
0.422305
0.442933
0.463632
0.484347
0.505021
0.525601
0.546033
0.566266
0.58625
0.60594
0.62529
0.644261
0.662813
0.680913
0.698528
0.715632
0.7322
0.748213
0.763652
0.778505
0.792762
0.806417
0.819465
0.831908
0.843746
0.854986
0.865635
0.875702
0.885201
0.894144
0.902547
0.910426
0.917799
0.924685
0.931102
0.937072
0.942614
0.947749
0.952497
0.956877
0.96091
0.964616
0.968011
0.971116
0.973945
0.976516
0.978843
0.980938
0.982815
0.984484
0.985953
0.98723
0.98832
0.989227
0.989951
0.990493
0.990849
0.991015
0.990984
0.990746
0.990289
0.9896
0.988662
0.987459
0.985969
0.984171
0.982041
0.979554
0.976683
0.973402
0.969682
0.965495
0.960812
0.955604
0.949845
0.943507
0.936565
0.928996
0.920778
0.911893
0.902325
0.892061
0.881092
0.869413
0.857023
0.843925
0.830126
0.815639
0.800479
0.784667
0.768229
0.751194
0.733595
0.715471
0.696862
0.677812
0.658368
0.638582
0.618503
0.598187
0.577687
0.55706
0.536362
0.515648
0.494975
0.474396
0.453965
0.433732
0.413748
0.394059
0.374708
0.355738
0.337186
0.319087
0.301471
0.284368
0.267799
0.251787
0.236348
0.221495
0.207238
0.193583
0.180535
0.168092
0.156254
0.145014
0.134365
0.124298
0.114799
0.105856
0.0974534
0.0895743
0.082201
0.0753147
0.0688961
0.0629249
0.0573808
0.0522432
0.0474912
0.0431043
0.039062
0.0353441
0.0319309
0.0288031
0.0259421
0.0233298
0.0209488
0.0187826
0.0168151
0.0150312
0.0134167
0.0119579
0.010642
0.00945707
0.00839184
0.00743582
0.0065792
0.00581292
0.00512855
0.00451833
0.0039751
0.00349226
0.00306377
0.00268412
0.00234826
0.00205159
0.00178995
0.00155955
0.00135696
0.0011791
0.00102317
0.00088668
0.000767377
0.000663249
0.000572498
0.000493518
0.000424881
0.000365316
0.000313698
0.000269029
0.000230427
0.000197114
0.000168404
0.000143696
0.000122461
0.000104231
8.86255e-05
7.51454e-05
6.43487e-05
5.07872e-05
)
;

boundaryField
{
    sides
    {
        type            zeroGradient;
    }
    empty
    {
        type            empty;
    }
}


// ************************************************************************* //
