/*--------------------------------*- C++ -*----------------------------------*\
  =========                 |
  \\      /  F ield         | OpenFOAM: The Open Source CFD Toolbox
   \\    /   O peration     | Website:  https://openfoam.org
    \\  /    A nd           | Version:  7
     \\/     M anipulation  |
\*---------------------------------------------------------------------------*/
FoamFile
{
    version     2.0;
    format      ascii;
    class       volScalarField;
    location    "1.97";
    object      T;
}
// * * * * * * * * * * * * * * * * * * * * * * * * * * * * * * * * * * * * * //

dimensions      [0 0 0 1 0 0 0];

internalField   nonuniform List<scalar> 
1000
(
0.0178422
0.0178445
0.0178491
0.0178559
0.0178651
0.0178765
0.0178903
0.0179063
0.0179246
0.0179452
0.017968
0.0179932
0.0180207
0.0180504
0.0180825
0.0181168
0.0181534
0.0181923
0.0182336
0.0182771
0.0183229
0.018371
0.0184214
0.0184741
0.0185291
0.0185864
0.018646
0.0187079
0.0187721
0.0188386
0.0189075
0.0189786
0.0190521
0.0191278
0.0192059
0.0192863
0.019369
0.0194541
0.0195414
0.0196311
0.0197231
0.0198174
0.0199141
0.020013
0.0201144
0.020218
0.020324
0.0204323
0.020543
0.0206559
0.0207713
0.020889
0.021009
0.0211314
0.0212561
0.0213832
0.0215127
0.0216445
0.0217786
0.0219152
0.022054
0.0221953
0.0223389
0.0224849
0.0226333
0.0227841
0.0229372
0.0230927
0.0232506
0.0234109
0.0235735
0.0237386
0.0239061
0.0240759
0.0242482
0.0244228
0.0245998
0.0247793
0.0249612
0.0251454
0.0253321
0.0255212
0.0257127
0.0259067
0.026103
0.0263018
0.026503
0.0267066
0.0269127
0.0271212
0.0273321
0.0275455
0.0277613
0.0279795
0.0282002
0.0284233
0.0286489
0.0288769
0.0291074
0.0293403
0.0295757
0.0298135
0.0300538
0.0302966
0.0305418
0.0307895
0.0310396
0.0312923
0.0315473
0.0318049
0.0320649
0.0323274
0.0325924
0.0328598
0.0331297
0.0334021
0.033677
0.0339543
0.0342342
0.0345165
0.0348012
0.0350885
0.0353783
0.0356705
0.0359652
0.0362624
0.0365621
0.0368643
0.0371689
0.037476
0.0377856
0.0380977
0.0384123
0.0387294
0.0390489
0.039371
0.0396955
0.0400224
0.0403519
0.0406839
0.0410183
0.0413552
0.0416945
0.0420364
0.0423807
0.0427275
0.0430767
0.0434284
0.0437826
0.0441393
0.0444984
0.0448599
0.0452239
0.0455904
0.0459593
0.0463307
0.0467045
0.0470807
0.0474594
0.0478405
0.0482241
0.04861
0.0489984
0.0493892
0.0497824
0.0501781
0.0505761
0.0509765
0.0513793
0.0517846
0.0521922
0.0526021
0.0530145
0.0534292
0.0538463
0.0542657
0.0546875
0.0551117
0.0555381
0.0559669
0.0563981
0.0568315
0.0572673
0.0577053
0.0581457
0.0585883
0.0590332
0.0594804
0.0599299
0.0603816
0.0608355
0.0612917
0.0617502
0.0622108
0.0626737
0.0631387
0.063606
0.0640754
0.064547
0.0650207
0.0654966
0.0659747
0.0664549
0.0669371
0.0674215
0.067908
0.0683966
0.0688873
0.06938
0.0698747
0.0703715
0.0708703
0.0713711
0.0718739
0.0723787
0.0728855
0.0733942
0.0739049
0.0744174
0.0749319
0.0754483
0.0759666
0.0764867
0.0770087
0.0775325
0.0780582
0.0785856
0.0791149
0.0796459
0.0801787
0.0807132
0.0812494
0.0817874
0.082327
0.0828683
0.0834112
0.0839558
0.084502
0.0850498
0.0855992
0.0861501
0.0867026
0.0872566
0.0878121
0.0883691
0.0889275
0.0894874
0.0900487
0.0906114
0.0911755
0.091741
0.0923078
0.0928759
0.0934453
0.0940159
0.0945879
0.095161
0.0957354
0.0963109
0.0968876
0.0974654
0.0980444
0.0986244
0.0992055
0.0997877
0.100371
0.100955
0.10154
0.102126
0.102713
0.103301
0.10389
0.104479
0.10507
0.105661
0.106253
0.106846
0.107439
0.108033
0.108628
0.109223
0.109819
0.110416
0.111013
0.111611
0.112209
0.112808
0.113407
0.114006
0.114606
0.115206
0.115807
0.116407
0.117008
0.11761
0.118211
0.118813
0.119415
0.120017
0.120619
0.121221
0.121823
0.122425
0.123027
0.123629
0.124231
0.124832
0.125434
0.126035
0.126637
0.127237
0.127838
0.128438
0.129038
0.129638
0.130237
0.130835
0.131434
0.132031
0.132628
0.133225
0.133821
0.134416
0.135011
0.135604
0.136198
0.13679
0.137381
0.137972
0.138562
0.139151
0.139738
0.140325
0.140911
0.141496
0.14208
0.142662
0.143244
0.143824
0.144403
0.144981
0.145557
0.146133
0.146706
0.147279
0.14785
0.148419
0.148987
0.149554
0.150119
0.150682
0.151243
0.151803
0.152362
0.152918
0.153473
0.154026
0.154577
0.155126
0.155673
0.156219
0.156762
0.157303
0.157842
0.15838
0.158915
0.159447
0.159978
0.160507
0.161033
0.161557
0.162078
0.162597
0.163114
0.163628
0.16414
0.16465
0.165157
0.165661
0.166163
0.166662
0.167158
0.167652
0.168143
0.168631
0.169116
0.169599
0.170079
0.170556
0.171029
0.1715
0.171968
0.172433
0.172895
0.173354
0.17381
0.174262
0.174711
0.175158
0.1756
0.17604
0.176476
0.176909
0.177339
0.177765
0.178188
0.178607
0.179023
0.179435
0.179844
0.180249
0.180651
0.181049
0.181443
0.181834
0.182221
0.182604
0.182984
0.183359
0.183731
0.184099
0.184463
0.184824
0.18518
0.185532
0.185881
0.186225
0.186565
0.186902
0.187234
0.187562
0.187886
0.188206
0.188522
0.188833
0.18914
0.189444
0.189742
0.190037
0.190327
0.190613
0.190895
0.191172
0.191445
0.191713
0.191977
0.192237
0.192492
0.192742
0.192988
0.19323
0.193467
0.193699
0.193927
0.194151
0.194369
0.194584
0.194793
0.194998
0.195198
0.195393
0.195584
0.19577
0.195952
0.196128
0.1963
0.196467
0.196629
0.196787
0.19694
0.197088
0.197231
0.197369
0.197502
0.197631
0.197755
0.197873
0.197987
0.198096
0.1982
0.1983
0.198394
0.198483
0.198568
0.198647
0.198722
0.198792
0.198856
0.198916
0.198971
0.19902
0.199065
0.199105
0.19914
0.19917
0.199195
0.199215
0.19923
0.19924
0.199245
0.199245
0.19924
0.19923
0.199215
0.199195
0.19917
0.19914
0.199105
0.199065
0.19902
0.198971
0.198916
0.198856
0.198792
0.198722
0.198647
0.198568
0.198483
0.198394
0.1983
0.1982
0.198096
0.197987
0.197873
0.197755
0.197631
0.197502
0.197369
0.197231
0.197088
0.19694
0.196787
0.196629
0.196467
0.1963
0.196128
0.195952
0.19577
0.195584
0.195393
0.195198
0.194998
0.194793
0.194584
0.194369
0.194151
0.193927
0.193699
0.193467
0.19323
0.192988
0.192742
0.192492
0.192237
0.191977
0.191713
0.191445
0.191172
0.190895
0.190613
0.190327
0.190037
0.189742
0.189444
0.18914
0.188833
0.188522
0.188206
0.187886
0.187562
0.187234
0.186902
0.186565
0.186225
0.185881
0.185532
0.18518
0.184824
0.184463
0.184099
0.183731
0.183359
0.182984
0.182604
0.182221
0.181834
0.181443
0.181049
0.180651
0.180249
0.179844
0.179435
0.179023
0.178607
0.178188
0.177765
0.177339
0.176909
0.176476
0.17604
0.1756
0.175158
0.174711
0.174262
0.17381
0.173354
0.172895
0.172433
0.171968
0.1715
0.171029
0.170556
0.170079
0.169599
0.169116
0.168631
0.168143
0.167652
0.167158
0.166662
0.166163
0.165661
0.165157
0.16465
0.16414
0.163628
0.163114
0.162597
0.162078
0.161557
0.161033
0.160507
0.159978
0.159447
0.158915
0.15838
0.157842
0.157303
0.156762
0.156219
0.155673
0.155126
0.154577
0.154026
0.153473
0.152918
0.152362
0.151803
0.151243
0.150682
0.150119
0.149554
0.148987
0.148419
0.14785
0.147279
0.146706
0.146133
0.145557
0.144981
0.144403
0.143824
0.143244
0.142662
0.14208
0.141496
0.140911
0.140325
0.139738
0.139151
0.138562
0.137972
0.137381
0.13679
0.136198
0.135604
0.135011
0.134416
0.133821
0.133225
0.132628
0.132031
0.131434
0.130835
0.130237
0.129638
0.129038
0.128438
0.127838
0.127237
0.126637
0.126035
0.125434
0.124832
0.124231
0.123629
0.123027
0.122425
0.121823
0.121221
0.120619
0.120017
0.119415
0.118813
0.118211
0.11761
0.117008
0.116407
0.115807
0.115206
0.114606
0.114006
0.113407
0.112808
0.112209
0.111611
0.111013
0.110416
0.109819
0.109223
0.108628
0.108033
0.107439
0.106846
0.106253
0.105661
0.10507
0.104479
0.10389
0.103301
0.102713
0.102126
0.10154
0.100955
0.100371
0.0997877
0.0992055
0.0986244
0.0980444
0.0974654
0.0968876
0.0963109
0.0957354
0.095161
0.0945879
0.0940159
0.0934453
0.0928759
0.0923078
0.091741
0.0911755
0.0906114
0.0900487
0.0894874
0.0889275
0.0883691
0.0878121
0.0872566
0.0867026
0.0861501
0.0855992
0.0850498
0.084502
0.0839558
0.0834112
0.0828683
0.082327
0.0817874
0.0812494
0.0807132
0.0801787
0.0796459
0.0791149
0.0785856
0.0780582
0.0775325
0.0770087
0.0764867
0.0759666
0.0754483
0.0749319
0.0744174
0.0739049
0.0733942
0.0728855
0.0723787
0.0718739
0.0713711
0.0708703
0.0703715
0.0698747
0.06938
0.0688873
0.0683966
0.067908
0.0674215
0.0669371
0.0664549
0.0659747
0.0654966
0.0650207
0.064547
0.0640754
0.063606
0.0631387
0.0626737
0.0622108
0.0617502
0.0612917
0.0608355
0.0603816
0.0599299
0.0594804
0.0590332
0.0585883
0.0581457
0.0577053
0.0572673
0.0568315
0.0563981
0.0559669
0.0555381
0.0551117
0.0546875
0.0542657
0.0538463
0.0534292
0.0530145
0.0526021
0.0521922
0.0517846
0.0513793
0.0509765
0.0505761
0.0501781
0.0497824
0.0493892
0.0489984
0.04861
0.0482241
0.0478405
0.0474594
0.0470807
0.0467045
0.0463307
0.0459593
0.0455904
0.0452239
0.0448599
0.0444984
0.0441393
0.0437826
0.0434284
0.0430767
0.0427275
0.0423807
0.0420364
0.0416945
0.0413552
0.0410183
0.0406839
0.0403519
0.0400224
0.0396955
0.039371
0.0390489
0.0387294
0.0384123
0.0380977
0.0377856
0.037476
0.0371689
0.0368643
0.0365621
0.0362624
0.0359652
0.0356705
0.0353783
0.0350885
0.0348012
0.0345165
0.0342342
0.0339543
0.033677
0.0334021
0.0331297
0.0328598
0.0325924
0.0323274
0.0320649
0.0318049
0.0315473
0.0312923
0.0310396
0.0307895
0.0305418
0.0302966
0.0300538
0.0298135
0.0295757
0.0293403
0.0291074
0.0288769
0.0286489
0.0284233
0.0282002
0.0279795
0.0277613
0.0275455
0.0273321
0.0271212
0.0269127
0.0267066
0.026503
0.0263018
0.026103
0.0259067
0.0257127
0.0255212
0.0253321
0.0251454
0.0249612
0.0247793
0.0245998
0.0244228
0.0242482
0.0240759
0.0239061
0.0237386
0.0235735
0.0234109
0.0232506
0.0230927
0.0229372
0.0227841
0.0226333
0.0224849
0.0223389
0.0221953
0.022054
0.0219152
0.0217786
0.0216445
0.0215127
0.0213832
0.0212561
0.0211314
0.021009
0.020889
0.0207713
0.0206559
0.020543
0.0204323
0.020324
0.020218
0.0201144
0.020013
0.0199141
0.0198174
0.0197231
0.0196311
0.0195414
0.0194541
0.019369
0.0192863
0.0192059
0.0191278
0.0190521
0.0189786
0.0189075
0.0188386
0.0187721
0.0187079
0.018646
0.0185864
0.0185291
0.0184741
0.0184214
0.018371
0.0183229
0.0182771
0.0182336
0.0181923
0.0181534
0.0181168
0.0180825
0.0180504
0.0180207
0.0179932
0.017968
0.0179452
0.0179246
0.0179063
0.0178903
0.0178765
0.0178651
0.0178559
0.0178491
0.0178445
0.0178422
)
;

boundaryField
{
    sides
    {
        type            zeroGradient;
    }
    empty
    {
        type            empty;
    }
}


// ************************************************************************* //
