/*--------------------------------*- C++ -*----------------------------------*\
  =========                 |
  \\      /  F ield         | OpenFOAM: The Open Source CFD Toolbox
   \\    /   O peration     | Website:  https://openfoam.org
    \\  /    A nd           | Version:  7
     \\/     M anipulation  |
\*---------------------------------------------------------------------------*/
FoamFile
{
    version     2.0;
    format      ascii;
    class       volScalarField;
    location    "0.95";
    object      T;
}
// * * * * * * * * * * * * * * * * * * * * * * * * * * * * * * * * * * * * * //

dimensions      [0 0 0 1 0 0 0];

internalField   nonuniform List<scalar> 
1000
(
0
0
0
0
0
0
0
0
0
0
0
0
0
0
0
0
0
0
0
0
0
0
0
0
0
0
0
0
0
0
0
0
0
0
0
0
0
0
0
0
0
0
0
0
0
0
0
0
0
0
0
0
0
0
0
0
0
0
0
0
0
0
0
0
0
0
0
0
0
0
0
0
0
0
0
0
0
0
0
0
0
0
0
0
0
0
0
0
0
0
0
0
0
0
0
0
0
0
0
0
0
0
0
0
0
0
0
0
0
0
0
0
0
0
0
0
0
0
0
0
0
0
0
0
0
0
0
0
0
0
0
0
0
0
0
0
0
0
0
0
0
0
0
0
0
0
0
0
0
0
0
0
0
0
0
0
0
0
0
0
0
0
0
0
0
0
0
0
0
0
0
0
0
0
0
0
0
0
0
0
0
0
0
0
0
0
0
0
0
0
0
0
0
0
0
0
0
0
0
0
0
0
0
0
0
0
0
0
0
0
0
0
0
0
0
0
0
0
0
0
0
0
0
0
0
-3.95253e-323
-4.75291e-321
-5.46219e-319
-6.26286e-317
-7.15554e-315
-8.14613e-313
-9.24018e-311
-1.04426e-308
-1.17574e-306
-1.31877e-304
-1.47353e-302
-1.64004e-300
-1.81819e-298
-2.00762e-296
-2.20781e-294
-2.41797e-292
-2.63709e-290
-2.8639e-288
-3.09687e-286
-3.33419e-284
-3.57382e-282
-3.81348e-280
-4.05067e-278
-4.2827e-276
-4.50675e-274
-4.71988e-272
-4.91913e-270
-5.10155e-268
-5.26425e-266
-5.40452e-264
-5.51984e-262
-5.60801e-260
-5.66715e-258
-5.69579e-256
-5.69296e-254
-5.65814e-252
-5.59137e-250
-5.49323e-248
-5.36484e-246
-5.20786e-244
-5.02442e-242
-4.81713e-240
-4.58896e-238
-4.34322e-236
-4.08344e-234
-3.81331e-232
-3.53656e-230
-3.25689e-228
-2.97787e-226
-2.70287e-224
-2.43499e-222
-2.17696e-220
-1.93115e-218
-1.69949e-216
-1.48349e-214
-1.2842e-212
-1.10225e-210
-9.37868e-209
-7.90916e-207
-6.60924e-205
-5.47155e-203
-4.48648e-201
-3.64277e-199
-2.92806e-197
-2.32936e-195
-1.8335e-193
-1.42753e-191
-1.09906e-189
-8.36465e-188
-6.29102e-186
-4.67398e-184
-3.42912e-182
-2.48335e-180
-1.77449e-178
-1.25053e-176
-8.68752e-175
-5.94653e-173
-4.00834e-171
-2.65919e-169
-1.73522e-167
-1.11298e-165
-7.01201e-164
-4.33593e-162
-2.6293e-160
-1.56212e-158
-9.0838e-157
-5.16427e-155
-2.8668e-153
-1.55176e-151
-8.17709e-150
-4.18728e-148
-2.07927e-146
-9.98766e-145
-4.62709e-143
-2.06005e-141
-8.7743e-140
-3.55443e-138
-1.35865e-136
-4.84484e-135
-1.5833e-133
-4.59525e-132
-1.10641e-130
-1.76548e-129
1.05093e-128
2.29956e-126
1.11567e-124
3.52069e-123
6.85082e-122
-7.11232e-122
-7.0075e-119
-3.17615e-117
-7.46119e-116
-1.65481e-115
6.52509e-113
2.80503e-111
4.65326e-110
-9.56779e-109
-7.9111e-107
-1.79793e-105
1.69737e-104
2.24611e-102
4.97652e-101
-7.63047e-100
-6.70491e-98
-8.92796e-97
4.35379e-95
1.7318e-93
-8.91182e-93
-1.77424e-90
-1.75731e-89
1.4361e-87
3.14886e-86
-1.06851e-84
-3.58537e-83
8.40134e-82
3.45099e-80
-7.86421e-79
-2.9294e-77
8.68613e-76
1.98654e-74
-9.86518e-73
-5.23579e-72
9.62934e-70
-1.2794e-68
-5.85258e-67
2.51575e-65
-1.57765e-64
-1.72254e-62
6.99554e-61
-1.02641e-59
-1.95998e-58
1.69956e-56
-6.13203e-55
1.60525e-53
-3.42366e-52
6.24115e-51
-9.9769e-50
1.42067e-48
-1.82081e-47
2.11549e-46
-2.23924e-45
2.16679e-44
-1.92088e-43
1.56179e-42
-1.16468e-41
7.95784e-41
-4.97039e-40
2.82672e-39
-1.45465e-38
6.70703e-38
-2.72601e-37
9.48282e-37
-2.6489e-36
4.85996e-36
1.43762e-36
-5.73061e-35
2.70285e-34
-7.27477e-34
7.59783e-34
3.3075e-33
-2.01591e-32
5.02687e-32
-1.96008e-32
-3.34603e-31
1.27588e-30
-1.53044e-30
-4.79334e-30
2.48662e-29
-3.45387e-29
-8.02647e-29
4.28808e-28
-4.81541e-28
-1.65653e-27
6.46127e-27
-2.77375e-27
-3.30326e-26
7.42208e-26
6.36195e-26
-5.08779e-25
3.97562e-25
2.14608e-24
-4.77621e-24
-5.22498e-24
2.93401e-23
-4.18158e-24
-1.35385e-22
1.33452e-22
5.14667e-22
-9.49241e-22
-1.66971e-21
4.97197e-21
4.68883e-21
-2.23766e-20
-1.15356e-20
9.1871e-20
2.64252e-20
-3.54817e-19
-7.2069e-20
1.30846e-18
3.17598e-19
-4.61855e-18
-1.84053e-18
1.54553e-17
1.03635e-17
-4.79068e-17
-5.17694e-17
1.31528e-16
2.26179e-16
-2.88915e-16
-8.57749e-16
3.32624e-16
2.76428e-15
1.01913e-15
-7.16433e-15
-8.69829e-15
1.25577e-14
3.52498e-14
-8.40508e-16
-9.5272e-14
-9.57907e-14
1.4618e-13
4.09509e-13
9.95845e-14
-9.12223e-13
-1.37217e-12
5.00785e-13
3.99879e-12
4.18651e-12
-3.74133e-12
-1.52304e-11
-1.34881e-11
1.51871e-11
5.43887e-11
5.06627e-11
-4.21327e-11
-1.83337e-10
-2.12755e-10
4.44359e-11
5.4836e-10
8.76432e-10
3.84829e-10
-1.20219e-09
-3.0893e-09
-3.28918e-09
2.84858e-10
7.62825e-09
1.46436e-08
1.34236e-08
-3.57276e-09
-3.60291e-08
-6.8734e-08
-7.11567e-08
-9.18387e-09
1.30355e-07
3.10232e-07
4.25051e-07
3.15855e-07
-1.6763e-07
-1.05886e-06
-2.14826e-06
-2.89448e-06
-2.44631e-06
1.55072e-07
5.55759e-06
1.34921e-05
2.20947e-05
2.73669e-05
2.30611e-05
1.31449e-06
-4.56668e-05
-0.00012266
-0.000227153
-0.000343897
-0.000438627
-0.000451532
-0.000291173
0.000170342
0.00110017
0.00270488
0.00522749
0.00894121
0.0141401
0.0211271
0.0301997
0.0416354
0.0556763
0.072515
0.0922831
0.115041
0.140774
0.169387
0.20071
0.234501
0.270455
0.308214
0.347382
0.387538
0.428247
0.46908
0.509619
0.549476
0.588294
0.625761
0.661611
0.695628
0.727645
0.757546
0.78526
0.810762
0.834062
0.855204
0.874262
0.891331
0.906522
0.919961
0.931779
0.942112
0.951096
0.958864
0.965546
0.971263
0.97613
0.980253
0.983729
0.986646
0.989082
0.991107
0.992784
0.994166
0.9953
0.996228
0.996982
0.997595
0.998089
0.998487
0.998806
0.99906
0.999263
0.999424
0.999551
0.999651
0.99973
0.999791
0.999839
0.999877
0.999905
0.999928
0.999945
0.999958
0.999968
0.999976
0.999982
0.999986
0.99999
0.999992
0.999994
0.999995
0.999997
0.999999
1
1
1
0.999999
0.999994
0.999986
0.999978
0.999972
0.999977
0.999999
1.00005
1.00012
1.00023
1.00034
1.00044
1.00045
1.00029
0.99983
0.9989
0.997295
0.994773
0.991059
0.98586
0.978873
0.9698
0.958365
0.944324
0.927485
0.907717
0.884959
0.859226
0.830613
0.79929
0.765499
0.729545
0.691786
0.652618
0.612462
0.571753
0.53092
0.490381
0.450524
0.411706
0.374239
0.338389
0.304372
0.272355
0.242454
0.21474
0.189238
0.165938
0.144796
0.125738
0.108669
0.0934776
0.0800389
0.0682211
0.0578883
0.0489044
0.0411361
0.0344544
0.0287372
0.02387
0.0197468
0.0162708
0.0133542
0.0109181
0.00889262
0.00721591
0.00583388
0.00469954
0.00377234
0.00301751
0.00240544
0.00191105
0.00151322
0.0011943
0.000939556
0.000736811
0.000576015
0.000448928
0.000348824
0.000270236
0.00020874
0.000160774
0.000123478
9.45681e-05
7.22276e-05
5.50149e-05
4.17921e-05
3.16637e-05
2.39276e-05
1.80352e-05
1.35596e-05
1.01693e-05
7.60794e-06
5.67794e-06
4.22744e-06
3.14008e-06
2.32699e-06
1.72049e-06
1.26919e-06
9.34187e-07
6.86094e-07
5.02794e-07
3.67675e-07
2.683e-07
1.95374e-07
1.41978e-07
1.02964e-07
7.45214e-08
5.38285e-08
3.88054e-08
2.7921e-08
2.00511e-08
1.43722e-08
1.02825e-08
7.34301e-09
5.23428e-09
3.72441e-09
2.64536e-09
1.87564e-09
1.32757e-09
9.38033e-10
6.61671e-10
4.65946e-10
3.27573e-10
2.29916e-10
1.6111e-10
1.12714e-10
7.87311e-11
5.49074e-11
3.82332e-11
2.65817e-11
1.84529e-11
1.27907e-11
8.85268e-12
6.11811e-12
4.22208e-12
2.90944e-12
2.00204e-12
1.37569e-12
9.43982e-13
6.46851e-13
4.4264e-13
3.02487e-13
2.06434e-13
1.40694e-13
9.57637e-14
6.50967e-14
4.41933e-14
2.99639e-14
2.02904e-14
1.37227e-14
9.26929e-15
6.25345e-15
4.21371e-15
2.83586e-15
1.90627e-15
1.27988e-15
8.58315e-16
5.74933e-16
3.84669e-16
2.57075e-16
1.7161e-16
1.14429e-16
7.62164e-17
5.07086e-17
3.37008e-17
2.23732e-17
1.48371e-17
9.82902e-18
6.50447e-18
4.29991e-18
2.83959e-18
1.8733e-18
1.23457e-18
8.12799e-19
5.34584e-19
3.51251e-19
2.30564e-19
1.51196e-19
9.9053e-20
6.48303e-20
4.2391e-20
2.76922e-20
1.80732e-20
1.17844e-20
7.67678e-21
4.99635e-21
3.24886e-21
2.11066e-21
1.36999e-21
8.88443e-22
5.75651e-22
3.72657e-22
2.41037e-22
1.5577e-22
1.0058e-22
6.48891e-23
4.18279e-23
2.694e-23
1.73369e-23
1.11477e-23
7.16218e-24
4.59783e-24
2.94925e-24
1.89027e-24
1.21057e-24
7.74667e-25
4.95337e-25
3.16482e-25
2.02052e-25
1.28898e-25
8.21669e-26
5.23385e-26
3.33135e-26
2.11883e-26
1.34664e-26
8.55243e-27
5.42763e-27
3.44205e-27
2.18128e-27
1.38133e-27
8.74126e-28
5.52772e-28
3.49312e-28
2.20587e-28
1.39203e-28
8.77844e-29
5.53212e-29
3.48395e-29
2.19261e-29
1.37899e-29
8.66705e-30
5.44373e-30
3.41695e-30
2.14337e-30
1.34362e-30
8.41737e-31
5.26986e-31
3.29722e-31
2.06168e-31
1.28833e-31
8.04561e-32
5.02139e-32
3.132e-32
1.95234e-32
1.21626e-32
7.57243e-33
4.71177e-33
2.93004e-33
1.82099e-33
1.13106e-33
7.02119e-34
4.35595e-34
2.70088e-34
1.6737e-34
1.03658e-34
6.41625e-35
3.96931e-35
2.45418e-35
1.51654e-35
9.3662e-36
5.7814e-36
3.56668e-36
2.19918e-36
1.35526e-36
8.34735e-37
5.13858e-37
3.16161e-37
1.94421e-37
1.19495e-37
7.34055e-38
4.50695e-38
2.76575e-38
1.69636e-38
1.03993e-38
6.37189e-39
3.90223e-39
2.38858e-39
1.46133e-39
8.93601e-40
5.46164e-40
3.33648e-40
2.03724e-40
1.24333e-40
7.58435e-41
4.62426e-41
2.81812e-41
1.7166e-41
1.04514e-41
6.36024e-42
3.86875e-42
2.35215e-42
1.42942e-42
8.68265e-43
5.27165e-43
3.19921e-43
1.94063e-43
1.17665e-43
7.13109e-44
4.31987e-44
2.61573e-44
1.58315e-44
9.57774e-45
5.79178e-45
3.50085e-45
2.11517e-45
1.27741e-45
7.71136e-46
4.65313e-46
2.80657e-46
1.69209e-46
1.01973e-46
6.14285e-47
3.6989e-47
2.22636e-47
1.33949e-47
8.05575e-48
4.84278e-48
2.9101e-48
1.74802e-48
1.04956e-48
6.29939e-49
3.77934e-49
2.26653e-49
1.35873e-49
8.14213e-50
4.87722e-50
2.92037e-50
1.74798e-50
1.04584e-50
6.25505e-51
3.73964e-51
2.23493e-51
1.33516e-51
7.97335e-52
4.75977e-52
2.84033e-52
1.6943e-52
1.01031e-52
6.02221e-53
3.58839e-53
2.1374e-53
1.27267e-53
7.57507e-54
4.50716e-54
2.6808e-54
1.59394e-54
9.47382e-55
5.62892e-55
3.34329e-55
1.98504e-55
1.17819e-55
6.99054e-56
4.14626e-56
2.4584e-56
1.45714e-56
8.63381e-57
5.11395e-57
3.02806e-57
1.79236e-57
1.06058e-57
6.27358e-58
3.70975e-58
2.19295e-58
1.2959e-58
7.6555e-59
4.52099e-59
2.66902e-59
1.57518e-59
9.29332e-60
5.48115e-60
3.23172e-60
1.90484e-60
1.12239e-60
6.61145e-61
3.89324e-61
2.29187e-61
1.34876e-61
7.93497e-62
4.66683e-62
2.74388e-62
1.61278e-62
9.47664e-63
5.56675e-63
3.26902e-63
1.91913e-63
1.12631e-63
6.60824e-64
3.876e-64
2.27276e-64
1.33221e-64
7.82108e-65
4.29636e-65
)
;

boundaryField
{
    sides
    {
        type            zeroGradient;
    }
    empty
    {
        type            empty;
    }
}


// ************************************************************************* //
