/*--------------------------------*- C++ -*----------------------------------*\
  =========                 |
  \\      /  F ield         | OpenFOAM: The Open Source CFD Toolbox
   \\    /   O peration     | Website:  https://openfoam.org
    \\  /    A nd           | Version:  7
     \\/     M anipulation  |
\*---------------------------------------------------------------------------*/
FoamFile
{
    version     2.0;
    format      ascii;
    class       volScalarField;
    location    "1.12";
    object      T;
}
// * * * * * * * * * * * * * * * * * * * * * * * * * * * * * * * * * * * * * //

dimensions      [0 0 0 1 0 0 0];

internalField   nonuniform List<scalar> 
1000
(
0
0
0
0
0
0
0
0
0
0
0
0
0
0
0
0
0
0
0
0
0
0
0
0
0
0
0
0
0
0
0
0
0
0
0
0
0
0
0
0
0
0
0
0
0
0
0
0
0
0
0
0
0
0
0
0
0
0
0
0
0
0
0
0
0
0
0
0
0
0
0
0
0
0
0
0
0
0
0
0
0
0
0
0
0
0
0
0
0
0
0
0
0
0
0
0
0
0
0
0
0
0
0
0
0
0
0
0
0
0
0
0
0
0
0
0
0
0
0
0
0
0
0
0
0
0
0
0
0
0
0
0
0
0
0
0
0
0
0
0
0
0
0
0
0
0
0
0
0
0
0
0
0
0
0
0
0
0
0
0
0
0
0
0
0
0
0
0
0
0
0
0
0
0
0
0
0
0
0
0
0
0
0
0
0
0
0
0
0
0
0
0
0
0
0
0
0
0
0
0
0
0
0
0
0
0
0
0
0
0
0
0
0
0
0
0
0
0
0
0
0
0
0
0
0
0
0
0
0
0
0
0
0
0
0
0
0
0
0
0
0
0
0
0
0
0
0
0
0
0
0
0
0
0
0
0
0
0
0
0
0
0
0
0
0
0
0
0
0
0
0
0
0
0
0
0
9.49594e-321
6.80017e-317
4.82017e-313
3.38025e-309
2.34461e-305
1.60812e-301
1.09038e-297
7.3069e-294
4.83789e-290
3.16387e-286
2.0431e-282
1.30234e-278
8.19191e-275
5.08294e-271
3.10998e-267
1.87563e-263
1.11458e-259
6.52333e-256
3.75865e-252
2.13109e-248
1.18841e-244
6.515e-241
3.50922e-237
1.85615e-233
9.63539e-230
4.90577e-226
2.44818e-222
1.19668e-218
5.72516e-215
2.67878e-211
1.2248e-207
5.46747e-204
2.38063e-200
1.01006e-196
4.17133e-193
1.67485e-189
6.52993e-186
2.46878e-182
9.03785e-179
3.19864e-175
1.09253e-171
3.59456e-168
1.13684e-164
3.44824e-161
1.00055e-157
2.76939e-154
7.28886e-151
1.81761e-147
4.2769e-144
9.4516e-141
1.95099e-137
3.73758e-134
6.59451e-131
1.06166e-127
1.5416e-124
1.98935e-121
2.23696e-118
2.13231e-115
1.65259e-112
9.69287e-110
3.67538e-107
4.45934e-105
-2.53643e-102
-4.35656e-100
3.06608e-97
-6.95304e-95
1.00023e-92
-1.06653e-90
9.05235e-89
-6.37501e-87
3.82848e-85
-1.99926e-83
9.21236e-82
-3.7886e-80
1.40332e-78
-4.71673e-77
1.44753e-75
-4.0774e-74
1.05887e-72
-2.54486e-71
5.6791e-70
-1.18015e-68
2.2894e-67
-4.15509e-66
7.06873e-65
-1.12908e-63
1.69573e-62
-2.3976e-61
3.19477e-60
-4.0154e-59
4.76385e-58
-5.33786e-57
5.65104e-56
-5.65386e-55
5.34621e-54
-4.77733e-53
4.03305e-52
-3.2149e-51
2.41801e-50
-1.71416e-49
1.14379e-48
-7.17038e-48
4.21315e-47
-2.31299e-46
1.18147e-45
-5.58281e-45
2.42056e-44
-9.51149e-44
3.31932e-43
-9.90284e-43
2.30581e-42
-2.86138e-42
-7.41338e-42
6.62262e-41
-2.61636e-40
6.51406e-40
-6.70976e-40
-2.72323e-39
1.74805e-38
-4.95896e-38
5.44443e-38
1.88678e-37
-1.1241e-36
2.54709e-36
-2.6375e-37
-1.7861e-35
5.83354e-35
-5.11919e-35
-2.53594e-34
1.05653e-33
-1.15753e-33
-3.88371e-33
1.69728e-32
-1.59124e-32
-6.79478e-32
2.42981e-31
-1.02897e-31
-1.20244e-30
2.85564e-30
1.56205e-30
-1.83067e-29
2.14469e-29
6.34118e-29
-2.04245e-28
-3.90608e-29
1.07301e-27
-1.13684e-27
-3.8584e-27
9.61846e-27
8.15712e-27
-5.19293e-26
9.35666e-27
2.22685e-25
-2.0989e-25
-8.09601e-25
1.40012e-24
2.55901e-24
-7.04165e-24
-7.07538e-24
3.07118e-23
1.70032e-23
-1.2276e-22
-3.53275e-23
4.63133e-22
6.89708e-23
-1.67678e-21
-1.96223e-22
5.86865e-21
1.08088e-21
-1.98325e-20
-6.86834e-21
6.40866e-20
3.87499e-20
-1.94196e-19
-1.89673e-19
5.33022e-19
8.14373e-19
-1.23489e-18
-3.07965e-18
1.94216e-18
1.01606e-17
8.72625e-19
-2.83572e-17
-2.27632e-17
6.16337e-17
1.1138e-16
-7.4721e-17
-3.63571e-16
-1.30857e-16
8.29981e-16
1.15045e-15
-9.6351e-16
-3.92982e-15
-1.83639e-15
7.71969e-15
1.34143e-14
-2.92109e-15
-3.59752e-14
-3.80651e-14
3.64656e-14
1.37655e-13
1.00741e-13
-1.79579e-13
-4.8547e-13
-2.91863e-13
6.6913e-13
1.66538e-12
1.06437e-12
-2.03288e-12
-5.6002e-12
-4.64646e-12
4.54487e-12
1.77703e-11
2.06294e-11
-2.3504e-12
-4.8458e-11
-8.21671e-11
-4.68395e-11
8.76966e-11
2.64207e-10
3.1897e-10
6.05537e-11
-5.51655e-10
-1.22315e-09
-1.30697e-09
-1.07478e-10
2.50555e-09
5.45546e-09
6.30895e-09
2.13522e-09
-8.49618e-09
-2.29932e-08
-3.31305e-08
-2.62064e-08
9.65879e-09
7.63442e-08
1.55469e-07
2.02463e-07
1.51738e-07
-6.14786e-08
-4.61762e-07
-9.83648e-07
-1.42801e-06
-1.44982e-06
-6.06046e-07
1.51274e-06
5.05913e-06
9.63369e-06
1.3973e-05
1.57157e-05
1.13756e-05
-3.32567e-06
-3.26158e-05
-7.91883e-05
-0.000142005
-0.00021339
-0.000275506
-0.000296423
-0.000226073
7.53783e-06
0.000501451
0.00137978
0.0027943
0.00492323
0.00796818
0.0121491
0.0176976
0.0248483
0.0338298
0.0448546
0.0581089
0.0737438
0.0918664
0.112534
0.135749
0.161456
0.189545
0.21985
0.252154
0.286198
0.321687
0.3583
0.395698
0.433533
0.471461
0.509149
0.546279
0.582562
0.617737
0.651577
0.683893
0.714533
0.743381
0.77036
0.795426
0.818566
0.839797
0.85916
0.876714
0.892539
0.906725
0.919374
0.930592
0.94049
0.949179
0.95677
0.963369
0.969078
0.973996
0.978213
0.981812
0.984871
0.98746
0.989643
0.991475
0.993006
0.994282
0.99534
0.996215
0.996935
0.997527
0.99801
0.998404
0.998723
0.998982
0.999191
0.999358
0.999493
0.9996
0.999686
0.999754
0.999807
0.99985
0.999883
0.999909
0.99993
0.999946
0.999958
0.999968
0.999976
0.999982
0.999987
0.999991
0.999993
0.999994
0.999994
0.999991
0.999988
0.999984
0.999983
0.999988
1
1.00003
1.00008
1.00014
1.00021
1.00028
1.0003
1.00023
0.999992
0.999498
0.99862
0.997206
0.995077
0.992032
0.987851
0.982302
0.975152
0.96617
0.955145
0.941891
0.926256
0.908134
0.887466
0.864251
0.838544
0.810455
0.78015
0.747846
0.713802
0.678313
0.6417
0.604302
0.566467
0.528539
0.490851
0.453721
0.417438
0.382263
0.348423
0.316107
0.285467
0.256619
0.22964
0.204574
0.181434
0.160203
0.14084
0.123286
0.107461
0.0932746
0.0806259
0.0694078
0.0595098
0.0508207
0.0432302
0.0366314
0.0309216
0.0260039
0.0217874
0.0181881
0.0151288
0.0125396
0.0103573
0.00852532
0.00699363
0.00571798
0.00465963
0.00378487
0.0030645
0.00247343
0.00199017
0.00159643
0.00127672
0.00101801
0.000809341
0.000641586
0.000507154
0.000399762
0.000314239
0.000246337
0.000192587
0.000150164
0.00011678
9.05822e-05
7.00822e-05
5.40851e-05
4.16358e-05
3.19734e-05
2.44939e-05
1.87193e-05
1.42723e-05
1.08564e-05
8.23904e-06
6.23852e-06
4.71315e-06
3.55286e-06
2.67236e-06
2.00573e-06
1.50218e-06
1.12267e-06
8.37301e-07
6.23182e-07
4.62875e-07
3.43115e-07
2.53836e-07
1.87418e-07
1.38111e-07
1.01581e-07
7.45711e-08
5.46405e-08
3.99626e-08
2.9174e-08
2.12594e-08
1.54642e-08
1.12288e-08
8.13913e-09
5.88937e-09
4.25417e-09
3.06777e-09
2.20852e-09
1.5873e-09
1.13894e-09
8.15902e-10
5.83546e-10
4.16697e-10
2.97085e-10
2.11477e-10
1.50305e-10
1.06665e-10
7.55807e-11
5.34749e-11
3.77784e-11
2.66502e-11
1.87726e-11
1.32045e-11
9.27472e-12
6.50528e-12
4.55641e-12
3.18697e-12
2.22606e-12
1.55277e-12
1.08166e-12
7.52476e-13
5.22784e-13
3.62729e-13
2.5135e-13
1.73947e-13
1.20227e-13
8.29922e-14
5.72176e-14
3.93988e-14
2.70959e-14
1.8612e-14
1.27691e-14
8.74993e-15
5.98873e-15
4.09405e-15
2.79554e-15
1.90667e-15
1.29894e-15
8.83907e-16
6.00807e-16
4.07923e-16
2.76656e-16
1.87424e-16
1.26834e-16
8.57385e-17
5.78963e-17
3.90539e-17
2.6316e-17
1.77141e-17
1.19116e-17
8.0015e-18
5.36945e-18
3.59955e-18
2.41062e-18
1.61279e-18
1.07794e-18
7.19759e-19
4.80126e-19
3.19966e-19
2.13027e-19
1.41694e-19
9.41585e-20
6.25114e-20
4.14624e-20
2.74757e-20
1.81905e-20
1.20322e-20
7.95154e-21
5.25012e-21
3.46339e-21
2.2827e-21
1.50319e-21
9.89014e-22
6.50152e-22
4.27026e-22
2.80235e-22
1.83749e-22
1.20382e-22
7.88014e-23
5.15404e-23
3.36825e-23
2.19941e-23
1.43501e-23
9.3552e-24
6.09402e-24
3.96652e-24
2.57972e-24
1.67647e-24
1.08863e-24
7.0636e-25
4.57974e-25
2.96704e-25
1.92077e-25
1.24252e-25
8.03161e-26
5.18777e-26
3.34841e-26
2.15962e-26
1.39187e-26
8.96409e-27
5.76901e-27
3.7101e-27
2.3843e-27
1.5312e-27
9.82642e-28
6.30169e-28
4.03848e-28
2.58631e-28
1.65518e-28
1.05856e-28
6.76538e-29
4.32093e-29
2.75786e-29
1.75905e-29
1.12124e-29
7.14228e-30
4.54664e-30
2.89243e-30
1.8389e-30
1.16835e-30
7.41844e-31
4.70736e-31
2.98518e-31
1.89187e-31
1.19824e-31
7.58452e-32
4.79784e-32
3.03318e-32
1.91641e-32
1.21008e-32
7.6363e-33
4.81606e-33
3.03559e-33
1.91223e-33
1.20387e-33
7.57476e-34
4.76328e-34
2.9936e-34
1.88032e-34
1.18038e-34
7.40573e-35
4.64375e-35
2.91022e-35
1.82281e-35
1.14108e-35
7.13927e-36
4.46428e-36
2.79006e-36
1.74277e-36
1.08801e-36
6.78879e-37
4.23371e-37
2.63888e-37
1.64395e-37
1.0236e-37
6.37007e-38
3.96218e-38
2.4632e-38
1.53053e-38
9.50522e-39
5.90013e-39
3.66052e-39
2.26989e-39
1.40685e-39
8.7152e-40
5.39624e-40
3.33957e-40
2.06575e-40
1.27718e-40
7.89256e-41
4.87498e-41
3.00967e-41
1.8572e-41
1.14549e-41
7.06185e-42
4.35153e-42
2.68016e-42
1.64998e-42
1.0153e-42
6.24468e-43
3.83908e-43
2.35909e-43
1.44899e-43
8.8959e-44
5.45907e-44
3.34852e-44
2.05302e-44
1.25818e-44
7.70722e-45
4.71915e-45
2.88828e-45
1.76696e-45
1.0805e-45
6.60444e-46
4.03517e-46
2.46434e-46
1.50438e-46
9.17969e-47
5.59908e-47
3.41369e-47
2.08041e-47
1.26735e-47
7.71722e-48
4.6973e-48
2.85797e-48
1.73816e-48
1.05669e-48
6.42138e-49
3.90063e-49
2.36847e-49
1.43757e-49
8.72199e-50
5.28971e-50
3.20684e-50
1.94336e-50
1.17723e-50
7.12851e-51
4.31488e-51
2.6108e-51
1.5791e-51
9.54735e-52
5.7702e-52
3.48606e-52
2.1053e-52
1.27096e-52
7.66988e-53
4.62683e-53
2.79009e-53
1.68187e-53
1.01347e-53
6.10473e-54
3.67592e-54
2.21263e-54
1.33136e-54
8.00805e-55
4.81507e-55
2.89417e-55
1.73897e-55
1.0445e-55
6.27147e-56
3.76426e-56
2.2586e-56
1.35472e-56
8.12284e-57
4.86875e-57
2.91729e-57
1.7474e-57
1.04631e-57
6.26232e-58
3.75736e-58
2.08718e-58
)
;

boundaryField
{
    sides
    {
        type            zeroGradient;
    }
    empty
    {
        type            empty;
    }
}


// ************************************************************************* //
