/*--------------------------------*- C++ -*----------------------------------*\
  =========                 |
  \\      /  F ield         | OpenFOAM: The Open Source CFD Toolbox
   \\    /   O peration     | Website:  https://openfoam.org
    \\  /    A nd           | Version:  7
     \\/     M anipulation  |
\*---------------------------------------------------------------------------*/
FoamFile
{
    version     2.0;
    format      ascii;
    class       volScalarField;
    location    "4.71";
    object      T;
}
// * * * * * * * * * * * * * * * * * * * * * * * * * * * * * * * * * * * * * //

dimensions      [0 0 0 1 0 0 0];

internalField   nonuniform List<scalar> 
1000
(
0.069362
0.0693632
0.0693656
0.0693692
0.0693739
0.0693799
0.0693871
0.0693955
0.069405
0.0694158
0.0694277
0.0694409
0.0694552
0.0694707
0.0694875
0.0695054
0.0695245
0.0695448
0.0695662
0.0695889
0.0696128
0.0696378
0.069664
0.0696914
0.06972
0.0697498
0.0697808
0.0698129
0.0698462
0.0698807
0.0699164
0.0699532
0.0699912
0.0700304
0.0700708
0.0701123
0.070155
0.0701989
0.0702439
0.0702901
0.0703374
0.070386
0.0704356
0.0704864
0.0705384
0.0705915
0.0706458
0.0707012
0.0707578
0.0708155
0.0708744
0.0709344
0.0709955
0.0710578
0.0711211
0.0711857
0.0712513
0.0713181
0.071386
0.071455
0.0715251
0.0715964
0.0716687
0.0717422
0.0718168
0.0718924
0.0719692
0.0720471
0.0721261
0.0722061
0.0722873
0.0723695
0.0724528
0.0725372
0.0726227
0.0727092
0.0727968
0.0728855
0.0729752
0.073066
0.0731579
0.0732508
0.0733448
0.0734398
0.0735358
0.0736329
0.073731
0.0738302
0.0739303
0.0740315
0.0741337
0.074237
0.0743412
0.0744465
0.0745527
0.07466
0.0747682
0.0748775
0.0749877
0.0750989
0.0752111
0.0753242
0.0754384
0.0755535
0.0756695
0.0757865
0.0759045
0.0760234
0.0761433
0.0762641
0.0763858
0.0765085
0.0766321
0.0767566
0.076882
0.0770083
0.0771356
0.0772637
0.0773928
0.0775227
0.0776535
0.0777852
0.0779178
0.0780512
0.0781855
0.0783207
0.0784568
0.0785936
0.0787314
0.0788699
0.0790093
0.0791496
0.0792906
0.0794325
0.0795752
0.0797187
0.079863
0.0800081
0.0801539
0.0803006
0.0804481
0.0805963
0.0807453
0.080895
0.0810456
0.0811968
0.0813488
0.0815016
0.0816551
0.0818093
0.0819642
0.0821199
0.0822763
0.0824333
0.0825911
0.0827496
0.0829087
0.0830685
0.083229
0.0833902
0.083552
0.0837145
0.0838776
0.0840414
0.0842058
0.0843709
0.0845365
0.0847028
0.0848697
0.0850372
0.0852053
0.085374
0.0855433
0.0857131
0.0858836
0.0860545
0.0862261
0.0863982
0.0865708
0.086744
0.0869177
0.087092
0.0872667
0.087442
0.0876178
0.0877941
0.0879708
0.0881481
0.0883258
0.088504
0.0886827
0.0888618
0.0890414
0.0892214
0.0894018
0.0895827
0.089764
0.0899457
0.0901279
0.0903104
0.0904933
0.0906766
0.0908603
0.0910443
0.0912288
0.0914135
0.0915987
0.0917842
0.09197
0.0921561
0.0923426
0.0925293
0.0927164
0.0929038
0.0930915
0.0932794
0.0934677
0.0936562
0.0938449
0.094034
0.0942233
0.0944128
0.0946025
0.0947925
0.0949827
0.0951731
0.0953637
0.0955545
0.0957455
0.0959367
0.096128
0.0963195
0.0965112
0.096703
0.096895
0.0970871
0.0972794
0.0974717
0.0976642
0.0978568
0.0980494
0.0982422
0.098435
0.098628
0.0988209
0.099014
0.0992071
0.0994003
0.0995934
0.0997867
0.0999799
0.100173
0.100366
0.10056
0.100753
0.100946
0.101139
0.101333
0.101526
0.101719
0.101912
0.102105
0.102298
0.102491
0.102683
0.102876
0.103068
0.103261
0.103453
0.103645
0.103838
0.10403
0.104221
0.104413
0.104604
0.104796
0.104987
0.105178
0.105369
0.105559
0.10575
0.10594
0.10613
0.106319
0.106509
0.106698
0.106887
0.107076
0.107264
0.107452
0.10764
0.107828
0.108015
0.108202
0.108389
0.108575
0.108761
0.108947
0.109132
0.109317
0.109502
0.109686
0.10987
0.110053
0.110236
0.110419
0.110602
0.110784
0.110965
0.111146
0.111327
0.111507
0.111687
0.111866
0.112045
0.112223
0.112401
0.112579
0.112756
0.112932
0.113108
0.113284
0.113459
0.113633
0.113807
0.11398
0.114153
0.114325
0.114497
0.114668
0.114839
0.115009
0.115178
0.115347
0.115515
0.115683
0.11585
0.116016
0.116182
0.116347
0.116512
0.116676
0.116839
0.117001
0.117163
0.117324
0.117485
0.117645
0.117804
0.117962
0.11812
0.118277
0.118433
0.118589
0.118744
0.118898
0.119051
0.119204
0.119356
0.119507
0.119657
0.119807
0.119955
0.120103
0.120251
0.120397
0.120543
0.120687
0.120831
0.120975
0.121117
0.121258
0.121399
0.121539
0.121678
0.121816
0.121953
0.12209
0.122225
0.12236
0.122493
0.122626
0.122758
0.122889
0.123019
0.123149
0.123277
0.123404
0.123531
0.123656
0.123781
0.123905
0.124027
0.124149
0.12427
0.12439
0.124509
0.124627
0.124744
0.12486
0.124975
0.125089
0.125202
0.125314
0.125425
0.125535
0.125644
0.125752
0.125858
0.125964
0.126069
0.126173
0.126276
0.126378
0.126478
0.126578
0.126677
0.126774
0.126871
0.126966
0.12706
0.127154
0.127246
0.127337
0.127427
0.127516
0.127604
0.12769
0.127776
0.12786
0.127944
0.128026
0.128107
0.128187
0.128266
0.128344
0.128421
0.128496
0.128571
0.128644
0.128716
0.128787
0.128857
0.128926
0.128993
0.12906
0.129125
0.129189
0.129252
0.129314
0.129374
0.129434
0.129492
0.129549
0.129605
0.129659
0.129713
0.129765
0.129816
0.129866
0.129915
0.129963
0.130009
0.130054
0.130098
0.130141
0.130183
0.130223
0.130262
0.1303
0.130337
0.130372
0.130407
0.13044
0.130472
0.130502
0.130532
0.13056
0.130587
0.130613
0.130638
0.130661
0.130683
0.130704
0.130724
0.130742
0.130759
0.130775
0.13079
0.130804
0.130816
0.130827
0.130837
0.130846
0.130853
0.130859
0.130864
0.130868
0.13087
0.130871
0.130871
0.13087
0.130868
0.130864
0.130859
0.130853
0.130846
0.130837
0.130827
0.130816
0.130804
0.13079
0.130775
0.130759
0.130742
0.130724
0.130704
0.130683
0.130661
0.130638
0.130613
0.130587
0.13056
0.130532
0.130502
0.130472
0.13044
0.130407
0.130372
0.130337
0.1303
0.130262
0.130223
0.130183
0.130141
0.130098
0.130054
0.130009
0.129963
0.129915
0.129866
0.129816
0.129765
0.129713
0.129659
0.129605
0.129549
0.129492
0.129434
0.129374
0.129314
0.129252
0.129189
0.129125
0.12906
0.128993
0.128926
0.128857
0.128787
0.128716
0.128644
0.128571
0.128496
0.128421
0.128344
0.128266
0.128187
0.128107
0.128026
0.127944
0.12786
0.127776
0.12769
0.127604
0.127516
0.127427
0.127337
0.127246
0.127154
0.12706
0.126966
0.126871
0.126774
0.126677
0.126578
0.126478
0.126378
0.126276
0.126173
0.126069
0.125964
0.125858
0.125752
0.125644
0.125535
0.125425
0.125314
0.125202
0.125089
0.124975
0.12486
0.124744
0.124627
0.124509
0.12439
0.12427
0.124149
0.124027
0.123905
0.123781
0.123656
0.123531
0.123404
0.123277
0.123149
0.123019
0.122889
0.122758
0.122626
0.122493
0.12236
0.122225
0.12209
0.121953
0.121816
0.121678
0.121539
0.121399
0.121258
0.121117
0.120975
0.120831
0.120687
0.120543
0.120397
0.120251
0.120103
0.119955
0.119807
0.119657
0.119507
0.119356
0.119204
0.119051
0.118898
0.118744
0.118589
0.118433
0.118277
0.11812
0.117962
0.117804
0.117645
0.117485
0.117324
0.117163
0.117001
0.116839
0.116676
0.116512
0.116347
0.116182
0.116016
0.11585
0.115683
0.115515
0.115347
0.115178
0.115009
0.114839
0.114668
0.114497
0.114325
0.114153
0.11398
0.113807
0.113633
0.113459
0.113284
0.113108
0.112932
0.112756
0.112579
0.112401
0.112223
0.112045
0.111866
0.111687
0.111507
0.111327
0.111146
0.110965
0.110784
0.110602
0.110419
0.110236
0.110053
0.10987
0.109686
0.109502
0.109317
0.109132
0.108947
0.108761
0.108575
0.108389
0.108202
0.108015
0.107828
0.10764
0.107452
0.107264
0.107076
0.106887
0.106698
0.106509
0.106319
0.10613
0.10594
0.10575
0.105559
0.105369
0.105178
0.104987
0.104796
0.104604
0.104413
0.104221
0.10403
0.103838
0.103645
0.103453
0.103261
0.103068
0.102876
0.102683
0.102491
0.102298
0.102105
0.101912
0.101719
0.101526
0.101333
0.101139
0.100946
0.100753
0.10056
0.100366
0.100173
0.0999799
0.0997867
0.0995934
0.0994003
0.0992071
0.099014
0.0988209
0.098628
0.098435
0.0982422
0.0980494
0.0978568
0.0976642
0.0974717
0.0972794
0.0970871
0.096895
0.096703
0.0965112
0.0963195
0.096128
0.0959367
0.0957455
0.0955545
0.0953637
0.0951731
0.0949827
0.0947925
0.0946025
0.0944128
0.0942233
0.094034
0.0938449
0.0936562
0.0934677
0.0932794
0.0930915
0.0929038
0.0927164
0.0925293
0.0923426
0.0921561
0.09197
0.0917842
0.0915987
0.0914135
0.0912288
0.0910443
0.0908603
0.0906766
0.0904933
0.0903104
0.0901279
0.0899457
0.089764
0.0895827
0.0894018
0.0892214
0.0890414
0.0888618
0.0886827
0.088504
0.0883258
0.0881481
0.0879708
0.0877941
0.0876178
0.087442
0.0872667
0.087092
0.0869177
0.086744
0.0865708
0.0863982
0.0862261
0.0860545
0.0858836
0.0857131
0.0855433
0.085374
0.0852053
0.0850372
0.0848697
0.0847028
0.0845365
0.0843709
0.0842058
0.0840414
0.0838776
0.0837145
0.083552
0.0833902
0.083229
0.0830685
0.0829087
0.0827496
0.0825911
0.0824333
0.0822763
0.0821199
0.0819642
0.0818093
0.0816551
0.0815016
0.0813488
0.0811968
0.0810456
0.080895
0.0807453
0.0805963
0.0804481
0.0803006
0.0801539
0.0800081
0.079863
0.0797187
0.0795752
0.0794325
0.0792906
0.0791496
0.0790093
0.0788699
0.0787314
0.0785936
0.0784568
0.0783207
0.0781855
0.0780512
0.0779178
0.0777852
0.0776535
0.0775227
0.0773928
0.0772637
0.0771356
0.0770083
0.076882
0.0767566
0.0766321
0.0765085
0.0763858
0.0762641
0.0761433
0.0760234
0.0759045
0.0757865
0.0756695
0.0755535
0.0754384
0.0753242
0.0752111
0.0750989
0.0749877
0.0748775
0.0747682
0.07466
0.0745527
0.0744465
0.0743412
0.074237
0.0741337
0.0740315
0.0739303
0.0738302
0.073731
0.0736329
0.0735358
0.0734398
0.0733448
0.0732508
0.0731579
0.073066
0.0729752
0.0728855
0.0727968
0.0727092
0.0726227
0.0725372
0.0724528
0.0723695
0.0722873
0.0722061
0.0721261
0.0720471
0.0719692
0.0718924
0.0718168
0.0717422
0.0716687
0.0715964
0.0715251
0.071455
0.071386
0.0713181
0.0712513
0.0711857
0.0711211
0.0710578
0.0709955
0.0709344
0.0708744
0.0708155
0.0707578
0.0707012
0.0706458
0.0705915
0.0705384
0.0704864
0.0704356
0.070386
0.0703374
0.0702901
0.0702439
0.0701989
0.070155
0.0701123
0.0700708
0.0700304
0.0699912
0.0699532
0.0699164
0.0698807
0.0698462
0.0698129
0.0697808
0.0697498
0.06972
0.0696914
0.069664
0.0696378
0.0696128
0.0695889
0.0695662
0.0695448
0.0695245
0.0695054
0.0694875
0.0694707
0.0694552
0.0694409
0.0694277
0.0694158
0.069405
0.0693955
0.0693871
0.0693799
0.0693739
0.0693692
0.0693656
0.0693632
0.069362
)
;

boundaryField
{
    sides
    {
        type            zeroGradient;
    }
    empty
    {
        type            empty;
    }
}


// ************************************************************************* //
