/*--------------------------------*- C++ -*----------------------------------*\
  =========                 |
  \\      /  F ield         | OpenFOAM: The Open Source CFD Toolbox
   \\    /   O peration     | Website:  https://openfoam.org
    \\  /    A nd           | Version:  7
     \\/     M anipulation  |
\*---------------------------------------------------------------------------*/
FoamFile
{
    version     2.0;
    format      ascii;
    class       volScalarField;
    location    "4.18";
    object      T;
}
// * * * * * * * * * * * * * * * * * * * * * * * * * * * * * * * * * * * * * //

dimensions      [0 0 0 1 0 0 0];

internalField   nonuniform List<scalar> 
1000
(
0
0
0
0
0
0
0
0
0
0
0
0
0
0
0
0
0
0
0
0
0
0
0
0
0
0
0
0
0
0
0
0
0
0
0
0
0
0
0
0
0
0
0
0
0
0
0
0
0
0
0
0
0
0
0
0
0
0
0
0
0
0
0
0
0
0
0
0
0
0
0
-1.82804e-322
2.64325e-321
1.30903e-319
-3.7597e-318
-7.24008e-317
4.1881e-315
1.08152e-314
-3.82775e-312
4.34084e-311
2.73414e-309
-7.91161e-308
-1.15894e-306
8.80065e-305
-4.68491e-304
-6.86295e-302
1.6474e-300
2.89839e-299
-1.99152e-297
1.44978e-296
1.42928e-294
-4.28248e-293
-3.02248e-292
4.37804e-290
-7.50237e-289
-1.99098e-287
1.13102e-285
-1.12149e-284
-6.82205e-283
2.75893e-281
-1.61848e-280
-1.90877e-278
6.79397e-277
-3.46906e-276
-4.74719e-274
1.73767e-272
-1.37682e-271
-1.03345e-269
4.5195e-268
-6.27169e-267
-1.6828e-265
1.10943e-263
-2.50272e-262
-2.86786e-262
2.19948e-259
-7.99849e-258
1.22015e-256
1.90882e-255
-1.77059e-253
5.56946e-252
-8.25857e-251
-1.14132e-249
1.16768e-247
-4.12939e-246
8.65048e-245
-5.0312e-244
-4.77547e-242
2.63094e-240
-8.54855e-239
1.97054e-237
-2.69493e-236
-2.5635e-235
3.46931e-233
-1.57211e-231
5.3994e-230
-1.59572e-228
4.25379e-227
-1.04723e-225
2.41433e-224
-5.26002e-223
1.08992e-221
-2.15811e-220
4.09839e-219
-7.48641e-218
1.3185e-216
-2.24328e-215
3.69321e-214
-5.8919e-213
9.11941e-212
-1.37089e-210
2.00341e-209
-2.8486e-208
3.94371e-207
-5.31961e-206
6.99542e-205
-8.97304e-204
1.12323e-202
-1.37274e-201
1.63861e-200
-1.9111e-199
2.17849e-198
-2.42784e-197
2.64603e-196
-2.82089e-195
2.9423e-194
-3.00321e-193
3.00024e-192
-2.93405e-191
2.80916e-190
-2.63353e-189
2.41764e-188
-2.17359e-187
1.9139e-186
-1.6506e-185
1.39431e-184
-1.15365e-183
9.34949e-183
-7.42152e-182
5.76994e-181
-4.3934e-180
3.27602e-179
-2.39204e-178
1.71007e-177
-1.19681e-176
8.1984e-176
-5.49595e-175
3.60471e-174
-2.31261e-173
1.45082e-172
-8.89733e-172
5.33189e-171
-3.12098e-170
1.78353e-169
-9.94504e-169
5.40746e-168
-2.86498e-167
1.47782e-166
-7.41407e-166
3.6134e-165
-1.70838e-164
7.82198e-164
-3.46091e-163
1.47585e-162
-6.04439e-162
2.36639e-161
-8.79769e-161
3.07532e-160
-9.94522e-160
2.88725e-159
-7.02416e-159
1.12133e-158
1.10464e-158
-2.01587e-157
1.13608e-156
-4.71921e-156
1.59288e-155
-4.29689e-155
7.81358e-155
1.67447e-155
-9.61759e-154
5.37534e-153
-2.02511e-152
5.63795e-152
-9.80249e-152
-5.76363e-152
1.34729e-150
-6.66601e-150
2.15804e-149
-4.51939e-149
1.52277e-149
3.7955e-148
-2.08768e-147
6.73213e-147
-1.28619e-146
-2.83113e-147
1.39336e-145
-6.43793e-145
1.72657e-144
-1.98578e-144
-7.11618e-144
5.1462e-143
-1.67896e-142
2.78794e-142
3.04719e-142
-3.8916e-141
1.41811e-140
-2.59809e-140
-1.63397e-140
2.99853e-139
-1.10448e-138
1.91868e-138
1.80719e-138
-2.38784e-137
7.95664e-137
-1.09535e-136
-2.4803e-136
1.87768e-135
-5.07544e-135
3.50749e-135
2.88431e-134
-1.34973e-133
2.56401e-133
1.69611e-133
-2.66617e-132
8.02957e-132
-6.77633e-132
-4.00324e-131
1.89344e-130
-3.25165e-130
-3.84098e-130
3.76457e-129
-9.30461e-129
1.3128e-129
6.6075e-128
-2.17459e-127
1.8275e-127
1.05047e-126
-4.53485e-126
5.91695e-126
1.54486e-125
-8.80912e-125
1.44228e-124
2.16387e-124
-1.63717e-123
3.05318e-123
3.0485e-123
-2.96371e-122
5.89028e-122
4.71638e-122
-5.28235e-121
1.05529e-120
8.61856e-121
-9.30283e-120
1.76151e-119
1.82027e-119
-1.61311e-118
2.712e-118
4.06588e-118
-2.72713e-117
3.74022e-117
8.92083e-117
-4.42702e-116
4.2876e-116
1.84864e-115
-6.7563e-115
3.0742e-115
3.54722e-114
-9.39783e-114
-2.232e-114
6.21296e-113
-1.12701e-112
-1.501e-112
9.75984e-112
-1.00831e-111
-3.86993e-111
1.33396e-110
-2.23986e-111
-7.40508e-110
1.484e-109
1.61946e-109
-1.14415e-108
1.07736e-108
4.66785e-108
-1.40795e-107
-2.68874e-108
8.3573e-107
-1.21575e-106
-2.6885e-106
1.09949e-105
-2.41122e-106
-5.64784e-105
9.89492e-105
1.57932e-104
-7.66325e-104
2.65845e-104
3.70915e-103
-6.6351e-103
-1.03933e-102
4.90583e-102
-1.15585e-102
-2.39968e-101
3.72023e-101
7.5993e-101
-2.86352e-100
-3.29815e-101
1.49328e-99
-1.62112e-99
-5.59539e-99
1.45768e-98
1.12726e-98
-8.47549e-98
3.74123e-98
3.75239e-97
-5.79313e-97
-1.22058e-96
4.04243e-96
1.82904e-96
-2.11373e-95
1.16102e-95
8.92379e-95
-1.372e-94
-2.94728e-94
9.02329e-94
5.86988e-94
-4.67481e-93
1.18493e-93
2.04666e-92
-2.16942e-92
-7.60694e-92
1.55892e-91
2.26475e-91
-8.62313e-91
-3.99256e-91
4.10141e-90
-9.97505e-91
-1.73746e-89
1.54663e-89
6.60544e-89
-1.07031e-88
-2.22088e-88
5.86811e-88
6.23918e-88
-2.83432e-87
-1.16321e-87
1.25461e-86
-1.26277e-87
-5.18546e-86
2.90021e-86
2.02039e-85
-2.05742e-85
-7.45248e-85
1.13538e-84
2.60278e-84
-5.5476e-84
-8.56821e-84
2.5136e-83
2.62768e-83
-1.0803e-82
-7.31027e-83
4.46296e-82
1.72307e-82
-1.788e-81
-2.63649e-82
6.99158e-81
-3.70569e-82
-2.68181e-80
5.96767e-81
1.01322e-79
-3.69298e-80
-3.78347e-79
1.81548e-79
1.40029e-78
-7.95598e-79
-5.14853e-78
3.23473e-78
1.88375e-77
-1.24131e-77
-6.86609e-77
4.5273e-77
2.49412e-76
-1.56994e-76
-9.02676e-76
5.14535e-76
3.25197e-75
-1.56933e-75
-1.16436e-74
4.29758e-75
4.13455e-74
-9.56822e-75
-1.45216e-73
1.0277e-74
5.02861e-73
5.67857e-74
-1.71026e-72
-5.50346e-73
5.68623e-72
3.19085e-72
-1.83715e-71
-1.54615e-71
5.72152e-71
6.76996e-71
-1.69723e-70
-2.75929e-70
4.70121e-70
1.06072e-69
-1.1696e-69
-3.8671e-69
2.36438e-69
1.33812e-68
-2.35161e-69
-4.38112e-68
-1.07231e-68
1.3468e-67
9.31479e-68
-3.82875e-67
-4.69946e-67
9.75989e-67
1.94023e-66
-2.0685e-66
-7.06035e-66
2.70924e-66
2.31418e-65
4.26371e-66
-6.8251e-65
-5.1541e-65
1.77037e-64
2.59581e-64
-3.77028e-64
-1.00773e-63
5.00292e-64
3.31427e-63
6.46418e-64
-9.36876e-63
-8.12662e-63
2.19972e-62
3.88438e-62
-3.70218e-62
-1.3895e-61
7.34575e-63
4.05955e-61
2.78954e-61
-9.53293e-61
-1.52074e-60
1.53925e-60
5.51286e-60
1.50303e-62
-1.551e-59
-1.26393e-59
3.29855e-59
6.27044e-59
-3.87973e-59
-2.06768e-58
-7.14044e-59
5.06603e-58
6.43467e-58
-8.10114e-58
-2.4858e-57
-7.01866e-59
6.66746e-57
6.41388e-57
-1.18938e-56
-2.85476e-56
4.31775e-57
8.03273e-56
6.74635e-56
-1.45947e-55
-3.24544e-55
5.60943e-56
9.098e-55
7.91298e-55
-1.55213e-54
-3.69062e-54
1.17567e-55
9.67924e-54
1.01401e-53
-1.38756e-53
-4.12584e-53
-1.01727e-53
9.39382e-53
1.31666e-52
-8.89331e-53
-4.35057e-52
-2.77537e-52
7.72392e-52
1.60235e-51
-4.07247e-53
-4.05015e-51
-4.75839e-51
4.30889e-51
1.70397e-50
1.02614e-50
-2.93223e-50
-6.17475e-50
-5.52198e-51
1.4411e-49
1.96812e-49
-9.87526e-50
-6.0544e-49
-5.47097e-49
7.48125e-49
2.30436e-48
1.25406e-48
-3.85845e-48
-8.18485e-48
-1.84293e-48
1.70067e-47
2.76662e-47
-2.25144e-48
-6.86442e-47
-9.04324e-47
3.495e-47
2.62151e-46
2.90349e-46
-1.99343e-46
-9.65552e-46
-9.31106e-46
8.94379e-46
3.47268e-45
3.03506e-45
-3.54865e-45
-1.22943e-44
-1.02143e-44
1.29301e-44
4.30341e-44
3.58185e-44
-4.37251e-44
-1.49095e-43
-1.30778e-43
1.36227e-43
5.10121e-43
4.92078e-43
-3.7874e-43
-1.71386e-42
-1.87833e-42
8.52376e-43
5.6004e-42
7.1519e-42
-9.27875e-43
-1.7537e-41
-2.67368e-41
-4.97497e-42
5.13675e-41
9.66882e-41
4.76929e-41
-1.34437e-40
-3.32961e-40
-2.67693e-40
2.79598e-40
1.07018e-39
1.22542e-39
-2.38293e-40
-3.10919e-39
-4.89974e-39
-1.76208e-39
7.63686e-39
1.7352e-38
1.40989e-38
-1.27631e-38
-5.35952e-38
-6.85191e-38
-7.02186e-39
1.36233e-37
2.63152e-37
1.85271e-37
-2.30407e-37
-8.25494e-37
-1.02823e-36
-1.2536e-37
1.98594e-36
3.98648e-36
3.20957e-36
-2.52933e-36
-1.16911e-35
-1.67799e-35
-6.90319e-36
2.27819e-35
5.85769e-35
6.41873e-35
-1.10493e-36
-1.39414e-34
-2.695e-34
-2.29731e-34
1.23854e-34
7.33985e-34
1.18794e-33
7.95091e-34
-9.4419e-34
-3.57814e-33
-5.17002e-33
-2.80507e-33
5.30993e-33
1.671e-32
2.27136e-32
1.09213e-32
-2.57546e-32
-7.60003e-32
-1.02072e-31
-5.02387e-32
1.11577e-31
3.38219e-31
4.70136e-31
2.70249e-31
-4.24385e-31
-1.46384e-30
-2.19845e-30
-1.57509e-30
1.28199e-30
6.05015e-30
1.02426e-29
9.2448e-30
-1.64997e-30
-2.29986e-29
-4.63141e-29
-5.22192e-29
-1.6408e-29
7.3831e-29
1.96128e-28
2.75768e-28
1.95822e-28
-1.45994e-28
-7.34043e-28
-1.32423e-27
-1.41058e-27
-3.74957e-28
2.11608e-27
5.53749e-27
8.03645e-27
6.54757e-27
-2.00514e-27
-1.82596e-26
-3.73597e-26
-4.70337e-26
-2.94236e-26
3.09243e-26
1.3268e-25
2.41225e-25
2.80075e-25
1.44516e-25
-2.49998e-25
-8.84512e-25
-1.54256e-24
-1.76131e-24
-9.07767e-25
1.54712e-24
5.54612e-24
9.87564e-24
1.18062e-23
7.39726e-24
-7.06854e-24
-3.23332e-23
-6.25708e-23
-8.24411e-23
-6.73361e-23
1.01334e-23
1.65239e-22
3.78709e-22
5.73142e-22
6.01588e-22
2.67473e-22
-6.04714e-22
-2.03939e-21
-3.73802e-21
-4.92451e-21
-4.31497e-21
-3.5405e-22
8.15017e-21
2.09526e-20
3.50208e-20
4.33804e-20
3.49867e-20
-3.28177e-21
-8.14561e-20
-1.97723e-19
-3.27118e-19
-4.11037e-19
-3.53807e-19
-3.51528e-20
6.51908e-19
1.73135e-18
3.04553e-18
4.14734e-18
4.22659e-18
2.14016e-18
-3.36469e-18
-1.31466e-17
-2.68413e-17
-4.17674e-17
-5.18015e-17
-4.67026e-17
-1.26356e-17
6.51407e-17
1.96441e-16
3.7657e-16
5.73345e-16
7.12861e-16
6.68681e-16
2.62369e-16
-7.1358e-16
-2.43735e-15
-4.95204e-15
-8.00709e-15
-1.08563e-14
-1.20473e-14
-9.27373e-15
5.90893e-16
2.11107e-14
5.53495e-14
1.04165e-13
1.63585e-13
2.21276e-13
2.52445e-13
2.16009e-13
5.26069e-14
-3.13042e-13
-9.6193e-13
-1.95822e-12
-3.3094e-12
-4.90471e-12
-6.42936e-12
-7.25732e-12
-6.33369e-12
-2.07185e-12
7.68998e-12
2.56013e-11
5.44769e-11
9.65981e-11
1.5246e-10
2.1876e-10
2.85421e-10
3.31471e-10
3.19754e-10
1.90617e-10
-1.44805e-10
-8.10473e-10
-1.96828e-09
-3.81413e-09
-6.56167e-09
-1.04051e-08
-1.54494e-08
-2.15903e-08
-2.83227e-08
-3.4446e-08
-3.76275e-08
-3.37738e-08
-1.61466e-08
2.5855e-08
1.08341e-07
2.55121e-07
5.00571e-07
8.93339e-07
1.50107e-06
2.41633e-06
3.76405e-06
5.71055e-06
8.47467e-06
1.23411e-05
1.76762e-05
2.49468e-05
3.47422e-05
4.77995e-05
6.50325e-05
8.75652e-05
0.000116768
0.000154302
0.000202159
0.000262719
0.000338797
0.000433706
0.000551316
0.000696118
0.000873292
0.00108877
0.00134931
0.00166256
0.00203711
0.00248257
0.00300964
0.0036301
0.00435692
0.00520424
0.0061874
0.00732296
0.00862866
0.0101234
0.0118273
0.0137613
0.0159475
0.0184089
0.021169
0.0242521
0.0276829
0.0314861
0.0356868
0.0403095
0.0453786
0.0509177
0.0569494
0.0634952
0.0705753
0.0782079
0.0864094
0.0951942
0.104574
0.114558
0.125152
0.13636
0.148182
0.160614
0.173651
0.187283
0.201496
0.216273
0.231595
0.247438
0.263776
0.28058
0.297816
0.315451
0.333446
0.351764
0.370361
0.389197
0.408226
0.427404
0.446686
0.466026
0.485378
0.504697
0.523939
0.54306
0.562018
0.580771
0.599282
0.617513
0.635428
0.652997
0.670188
0.686973
0.703329
0.719233
0.734666
0.749611
0.764054
0.777984
0.791393
0.804274
0.816625
0.828444
0.839732
0.850493
0.860731
0.870454
0.879671
0.888391
0.896627
0.904389
0.911692
0.918551
0.92498
0.930993
0.936608
0.941839
0.946702
0.951213
0.955386
0.959237
0.962779
0.966025
0.968988
0.971678
0.974107
0.976282
0.978211
0.979901
0.981355
0.982577
0.983568
0.984328
0.984853
0.98514
0.985184
0.984976
0.984507
0.983766
0.98274
0.981415
0.979775
0.977803
0.975481
0.972788
0.969706
0.966213
0.962288
0.95791
0.953059
0.947712
0.94185
0.935455
0.928508
0.920992
0.912893
0.904199
0.894898
0.884984
0.87445
0.863296
0.85152
0.839128
0.826126
0.812525
0.798339
0.783585
0.768283
0.752457
0.736134
0.719343
0.702118
0.684493
0.666505
0.648195
0.629604
0.610773
0.591749
0.572574
0.553296
0.533959
0.514609
0.495292
0.476051
0.456932
0.437976
0.419223
0.400713
0.382483
0.364568
0.347
0.32981
0.313025
0.296669
0.280765
0.265333
0.250388
0.235945
0.222015
0.208607
0.195725
0.183375
0.171556
0.160267
0.149506
0.139267
0.129543
0.120325
0.111603
0.103366
0.0955947
0.0883093
0.0813251
0.0754857
0.0664459
)
;

boundaryField
{
    sides
    {
        type            zeroGradient;
    }
    empty
    {
        type            empty;
    }
}


// ************************************************************************* //
