/*--------------------------------*- C++ -*----------------------------------*\
  =========                 |
  \\      /  F ield         | OpenFOAM: The Open Source CFD Toolbox
   \\    /   O peration     | Website:  https://openfoam.org
    \\  /    A nd           | Version:  7
     \\/     M anipulation  |
\*---------------------------------------------------------------------------*/
FoamFile
{
    version     2.0;
    format      ascii;
    class       volScalarField;
    location    "0.6";
    object      T;
}
// * * * * * * * * * * * * * * * * * * * * * * * * * * * * * * * * * * * * * //

dimensions      [0 0 0 1 0 0 0];

internalField   nonuniform List<scalar> 
1000
(
0
0
0
0
0
0
0
0
0
0
0
0
0
0
0
0
0
0
0
0
0
0
0
0
0
0
0
0
0
0
0
0
0
0
0
0
0
0
0
0
0
0
0
0
0
0
0
0
0
0
0
0
0
0
0
0
0
0
0
0
0
0
0
0
0
0
0
0
0
0
0
0
0
0
0
0
0
0
0
0
0
0
0
0
0
0
0
0
0
0
0
0
0
0
0
0
0
0
0
0
0
0
0
0
0
0
0
0
0
0
0
0
0
0
0
0
0
0
0
0
0
0
0
0
0
0
0
0
0
0
0
0
0
0
0
0
0
0
0
0
0
0
0
0
0
0
0
0
0
0
0
0
0
0
0
0
0
0
0
0
0
0
0
0
0
0
0
0
0
0
0
0
0
0
0
0
0
0
0
0
0
0
0
0
0
0
0
0
0
0
0
0
0
0
0
0
0
0
0
0
0
0
0
0
0
0
0
0
0
0
0
0
0
0
0
0
0
0
0
0
0
0
0
0
0
0
0
0
0
0
0
0
0
0
0
0
0
0
0
0
0
0
0
0
0
0
0
0
0
0
0
0
6.42285e-323
8.93765e-321
1.25356e-318
1.75378e-316
2.44794e-314
3.40889e-312
4.73585e-310
6.56357e-308
9.07461e-306
1.25155e-303
1.7218e-301
2.36276e-299
3.23402e-297
4.41508e-295
6.01161e-293
8.16363e-291
1.1056e-288
1.49322e-286
2.01112e-284
2.70101e-282
3.61717e-280
4.83003e-278
6.43058e-276
8.53591e-274
1.12962e-271
1.49029e-269
1.95999e-267
2.56955e-265
3.35782e-263
4.37356e-261
5.67764e-259
7.3457e-257
9.47123e-255
1.21693e-252
1.55806e-250
1.98763e-248
2.52638e-246
3.19923e-244
4.03596e-242
5.07196e-240
6.34899e-238
7.91596e-236
9.82976e-234
1.2156e-231
1.49698e-229
1.83563e-227
2.24113e-225
2.72411e-223
3.29627e-221
3.97033e-219
4.75988e-217
5.67929e-215
6.74342e-213
7.96734e-211
9.36594e-209
1.09534e-206
1.27428e-204
1.47452e-202
1.6969e-200
1.94193e-198
2.20969e-196
2.49976e-194
2.8111e-192
3.14204e-190
3.49016e-188
3.85226e-186
4.22435e-184
4.60165e-182
4.97862e-180
5.34904e-178
5.70612e-176
6.04267e-174
6.35128e-172
6.62455e-170
6.85535e-168
7.03706e-166
7.1639e-164
7.23116e-162
7.23546e-160
7.17495e-158
7.04947e-156
6.86063e-154
6.61182e-152
6.30813e-150
5.95623e-148
5.56408e-146
5.14067e-144
4.69567e-142
4.23899e-140
3.78046e-138
3.32936e-136
2.89413e-134
2.48207e-132
2.09909e-130
1.7496e-128
1.43645e-126
1.16098e-124
9.23115e-123
7.21577e-121
5.54089e-119
4.1763e-117
3.08701e-115
2.23565e-113
1.58464e-111
1.09805e-109
7.42901e-108
4.90052e-106
3.14685e-104
1.96366e-102
1.18834e-100
6.95835e-99
3.93191e-97
2.13733e-95
1.11347e-93
5.53388e-92
2.60866e-90
1.15763e-88
4.78653e-87
1.8166e-85
6.178e-84
1.80034e-82
4.0325e-81
4.14012e-80
-1.81132e-78
-1.31888e-76
-4.57023e-75
-8.06198e-74
9.52109e-73
1.18143e-70
3.6766e-69
1.93804e-68
-2.90638e-66
-1.09878e-64
-3.47591e-64
9.66028e-62
2.55662e-60
-4.09311e-59
-3.12749e-57
-4.52875e-57
2.90249e-54
2.51673e-53
-2.61965e-51
-2.36448e-50
2.5095e-48
2.80016e-48
-2.32549e-45
3.41395e-44
1.40795e-42
-6.5225e-41
6.67836e-40
3.43619e-38
-1.93355e-36
5.69593e-35
-1.2247e-33
2.10829e-32
-3.02958e-31
3.71766e-30
-3.94845e-29
3.65814e-28
-2.96786e-27
2.10939e-26
-1.30922e-25
7.04049e-25
-3.23081e-24
1.22833e-23
-3.62337e-23
6.72762e-23
2.48358e-23
-7.5714e-22
3.04017e-21
-5.58312e-21
-4.52212e-21
5.97064e-20
-1.54663e-19
1.7658e-20
1.03304e-18
-2.68417e-18
-5.46312e-19
1.78314e-17
-3.08079e-17
-4.93776e-17
2.49556e-16
-8.92922e-17
-1.18331e-15
1.78982e-15
3.96383e-15
-1.18636e-14
-9.2114e-15
5.81165e-14
9.64618e-15
-2.44941e-13
3.36435e-14
9.50482e-13
-2.17822e-13
-3.5049e-12
4.55137e-13
1.23043e-11
1.76669e-12
-4.00309e-11
-2.31023e-11
1.13715e-10
1.38015e-10
-2.47492e-10
-5.85872e-10
2.29101e-10
1.83479e-09
1.12109e-09
-3.75721e-09
-7.00778e-09
1.59383e-09
1.95902e-08
2.10098e-08
-1.96635e-08
-7.77902e-08
-6.65926e-08
8.06726e-08
2.79713e-07
2.70568e-07
-1.75541e-07
-9.07246e-07
-1.23121e-06
-2.71032e-07
2.17157e-06
4.79503e-06
4.84368e-06
-4.41667e-07
-1.1287e-05
-2.30773e-05
-2.61072e-05
-8.79606e-06
3.56136e-05
0.000100733
0.000160538
0.000168806
6.77616e-05
-0.000192754
-0.000627122
-0.00118099
-0.00169965
-0.00190449
-0.00138325
0.000402029
0.00408882
0.0103717
0.0199483
0.0334609
0.0514389
0.0742507
0.102069
0.13485
0.172338
0.214074
0.259429
0.307645
0.357878
0.409244
0.460868
0.511919
0.561645
0.609398
0.654645
0.696978
0.736112
0.771879
0.804215
0.833149
0.858785
0.881284
0.900853
0.917727
0.932155
0.944393
0.954695
0.963303
0.970443
0.976325
0.981139
0.985053
0.988215
0.990755
0.992783
0.994393
0.995664
0.996662
0.997442
0.998048
0.998517
0.998878
0.999154
0.999365
0.999525
0.999646
0.999738
0.999806
0.999857
0.999895
0.999923
0.999944
0.999959
0.999971
0.999979
0.999985
0.999989
0.999992
0.999994
0.999996
0.999997
0.999998
0.999999
0.999999
0.999999
0.999999
1
1
1
1
1
1
1
1
1
1
0.999998
0.999995
0.999995
1
1.00001
1.00002
1.00003
1.00001
0.999964
0.999899
0.999839
0.999831
0.999932
1.00019
1.00063
1.00118
1.0017
1.0019
1.00138
0.999598
0.995911
0.989628
0.980052
0.966539
0.948561
0.925749
0.897931
0.86515
0.827662
0.785926
0.740571
0.692355
0.642122
0.590756
0.539132
0.488081
0.438355
0.390602
0.345355
0.303022
0.263888
0.228121
0.195785
0.166851
0.141215
0.118716
0.0991466
0.0822733
0.0678453
0.0556065
0.0453046
0.0366973
0.0295571
0.0236748
0.0188612
0.0149473
0.0117849
0.00924506
0.0072172
0.00560729
0.00433621
0.00333802
0.00255819
0.00195204
0.0014832
0.00112229
0.000845754
0.000634832
0.000474663
0.000353557
0.000262373
0.000193997
0.000142929
0.000104938
7.67812e-05
5.59916e-05
4.06971e-05
2.94853e-05
2.12949e-05
1.53321e-05
1.10055e-05
7.87634e-06
5.62043e-06
3.99916e-06
2.83756e-06
2.0078e-06
1.41683e-06
9.97142e-07
6.99937e-07
4.90054e-07
3.4224e-07
2.38418e-07
1.65686e-07
1.14866e-07
7.94455e-08
5.48201e-08
3.77414e-08
2.59251e-08
1.7769e-08
1.21524e-08
8.29331e-09
5.64781e-09
3.83822e-09
2.60311e-09
1.7619e-09
1.19017e-09
8.024e-10
5.39928e-10
3.62625e-10
2.43091e-10
1.6266e-10
1.08643e-10
7.24351e-11
4.82092e-11
3.20299e-11
2.1244e-11
1.40664e-11
9.29831e-12
6.13637e-12
4.04309e-12
2.65962e-12
1.74679e-12
1.14547e-12
7.4999e-13
4.90308e-13
3.2006e-13
2.08617e-13
1.35779e-13
8.82447e-14
5.72697e-14
3.7115e-14
2.40198e-14
1.55236e-14
1.0019e-14
6.45768e-15
4.15673e-15
2.67213e-15
1.71554e-15
1.09999e-15
7.04412e-16
4.50528e-16
2.87793e-16
1.83615e-16
1.17007e-16
7.44722e-17
4.7344e-17
3.00627e-17
1.90673e-17
1.20797e-17
7.64414e-18
4.83189e-18
3.05087e-18
1.92423e-18
1.21232e-18
7.62981e-19
4.79677e-19
3.01251e-19
1.88998e-19
1.18451e-19
7.41615e-20
4.63853e-20
2.89834e-20
1.80921e-20
1.12825e-20
7.02911e-21
4.37501e-21
2.72048e-21
1.69007e-21
1.04896e-21
6.50449e-22
4.02968e-22
2.49422e-22
1.54245e-22
9.53018e-23
5.88314e-23
3.6286e-23
2.23612e-23
1.37683e-23
8.47022e-24
5.2065e-24
3.19769e-24
1.96231e-24
1.20322e-24
7.37176e-25
4.51282e-25
2.76045e-25
1.68721e-25
1.03043e-25
6.28826e-26
3.83451e-26
2.33646e-26
1.42259e-26
8.65513e-27
5.26194e-27
3.19668e-27
1.9406e-27
1.17722e-27
7.13618e-28
4.32281e-28
2.61674e-28
1.58289e-28
9.56836e-29
5.77998e-29
3.48913e-29
2.10482e-29
1.26888e-29
7.64425e-30
4.60217e-30
2.76889e-30
1.66481e-30
1.00033e-30
6.0068e-31
3.60468e-31
2.1618e-31
1.29566e-31
7.76066e-32
4.64555e-32
2.77913e-32
1.66156e-32
9.92804e-33
5.92856e-33
3.53815e-33
2.11032e-33
1.25795e-33
7.49426e-34
4.46213e-34
2.65526e-34
1.57915e-34
9.38634e-35
5.57603e-35
3.31064e-35
1.96453e-35
1.16511e-35
6.90617e-36
4.09142e-36
2.42257e-36
1.43366e-36
8.47986e-37
5.01304e-37
2.96201e-37
1.74923e-37
1.03248e-37
6.09109e-38
3.5916e-38
2.11671e-38
1.24686e-38
7.341e-39
4.31995e-39
2.54091e-39
1.49378e-39
8.77757e-40
5.15528e-40
3.02637e-40
1.77576e-40
1.04146e-40
6.10516e-41
3.57724e-41
2.09507e-41
1.22645e-41
7.17628e-42
4.19713e-42
2.45364e-42
1.43375e-42
8.37415e-43
4.88896e-43
2.85299e-43
1.66416e-43
9.70287e-44
5.6548e-44
3.29419e-44
1.9182e-44
1.11649e-44
6.49578e-45
3.77769e-45
2.19604e-45
1.27607e-45
7.41189e-46
4.30335e-46
2.49751e-46
1.44888e-46
8.40198e-47
4.87033e-47
2.82203e-47
1.63453e-47
9.46358e-48
5.47706e-48
3.16862e-48
1.83243e-48
1.05929e-48
6.12123e-49
3.53587e-49
2.0417e-49
1.17848e-49
6.79974e-50
3.92194e-50
2.26125e-50
1.30328e-50
7.50878e-51
4.32456e-51
2.48977e-51
1.43291e-51
8.24377e-52
4.74108e-52
2.72569e-52
1.56647e-52
8.99949e-53
5.16847e-53
2.96727e-53
1.70295e-53
9.7701e-54
5.60336e-54
3.21256e-54
1.84123e-54
1.05492e-54
6.0421e-55
3.45949e-55
1.98013e-55
1.13301e-55
6.48083e-56
3.70585e-56
2.11839e-56
1.21055e-56
6.9155e-57
3.94935e-57
2.25471e-57
1.28683e-57
7.34199e-58
4.18767e-58
2.38779e-58
1.36109e-58
7.75615e-59
4.41847e-59
2.51632e-59
1.43262e-59
8.15387e-60
4.63947e-60
2.63902e-60
1.50069e-60
8.53119e-61
4.84844e-61
2.75466e-61
1.56462e-61
8.88431e-62
5.04329e-62
2.86208e-62
1.62377e-62
9.20971e-63
5.22209e-63
2.96021e-63
1.67756e-63
9.50418e-64
5.38308e-64
3.04809e-64
1.72547e-64
9.76488e-65
5.52472e-65
3.1249e-65
1.76704e-65
9.9894e-66
5.6457e-66
3.18993e-66
1.8019e-66
1.01758e-66
5.74499e-67
3.24264e-67
1.82977e-67
1.03225e-67
5.82181e-68
3.28264e-68
1.85045e-68
1.04285e-68
5.87567e-69
3.30967e-69
1.86382e-69
1.04934e-69
5.90635e-70
3.32366e-70
1.86986e-70
1.05171e-70
5.91391e-71
3.32468e-71
1.86862e-71
1.05e-71
5.89866e-72
3.31294e-72
1.86026e-72
1.04431e-72
5.86117e-73
3.28881e-73
1.84498e-73
1.03477e-73
5.80227e-74
3.25275e-74
1.82308e-74
1.02156e-74
5.72295e-75
3.20538e-75
1.79491e-75
1.00487e-75
5.62443e-76
3.1474e-76
1.76088e-76
9.84946e-77
5.50808e-77
3.07959e-77
1.72144e-77
9.62051e-78
5.37539e-78
3.00282e-78
1.67709e-78
9.36464e-79
5.22798e-79
2.918e-79
1.62834e-79
9.0848e-80
5.06752e-80
2.82608e-80
1.57574e-80
8.78407e-81
4.89574e-81
2.72805e-81
1.51984e-81
8.46555e-82
4.71433e-82
2.62703e-82
1.39443e-82
)
;

boundaryField
{
    sides
    {
        type            zeroGradient;
    }
    empty
    {
        type            empty;
    }
}


// ************************************************************************* //
