/*--------------------------------*- C++ -*----------------------------------*\
  =========                 |
  \\      /  F ield         | OpenFOAM: The Open Source CFD Toolbox
   \\    /   O peration     | Website:  https://openfoam.org
    \\  /    A nd           | Version:  7
     \\/     M anipulation  |
\*---------------------------------------------------------------------------*/
FoamFile
{
    version     2.0;
    format      ascii;
    class       volScalarField;
    location    "3.46";
    object      T;
}
// * * * * * * * * * * * * * * * * * * * * * * * * * * * * * * * * * * * * * //

dimensions      [0 0 0 1 0 0 0];

internalField   nonuniform List<scalar> 
1000
(
0
0
0
0
0
0
0
0
0
0
0
0
0
0
0
0
0
0
0
0
0
0
0
0
0
0
0
0
0
0
0
0
0
0
0
0
0
0
0
0
0
0
0
0
0
0
0
0
0
0
0
0
0
0
0
0
0
0
0
0
0
0
0
0
0
0
0
0
0
0
0
0
0
0
0
0
0
0
0
0
0
0
0
0
0
0
0
0
0
0
0
0
0
0
0
0
0
0
4.94066e-324
-1.28457e-322
-7.84576e-321
2.2643e-320
7.48191e-318
6.59318e-317
-6.13835e-315
-1.24674e-313
4.38955e-312
1.55021e-310
-2.6584e-309
-1.63336e-307
1.18817e-306
1.57269e-304
-7.51446e-305
-1.43595e-301
-6.806e-301
1.27322e-298
1.12848e-297
-1.11614e-295
-1.33396e-294
9.81043e-293
1.35893e-291
-8.73302e-290
-1.25314e-288
7.91088e-287
1.05279e-285
-7.28217e-284
-7.83202e-283
6.76037e-281
4.63542e-280
-6.24694e-278
-1.12259e-277
5.64232e-275
-2.47805e-274
-4.85916e-272
5.8559e-271
3.84057e-269
-8.6078e-268
-2.58318e-266
1.02728e-264
1.16047e-263
-1.04277e-261
2.64317e-261
8.84313e-259
-1.45098e-257
-5.66762e-256
2.13594e-254
1.56013e-253
-2.12937e-251
2.34602e-250
1.43186e-248
-4.75163e-247
-3.11315e-246
4.76304e-244
-7.38986e-243
-2.50217e-241
1.20748e-239
-6.78228e-239
-8.75795e-237
2.77958e-235
3.30915e-235
-2.47137e-232
6.50687e-231
2.70922e-230
-6.33772e-228
1.6659e-226
2.62149e-226
-1.49567e-223
4.62792e-222
-2.76134e-221
-2.95997e-219
1.26776e-217
-2.05837e-216
-3.06758e-215
2.87447e-213
-8.49862e-212
9.51538e-211
3.23059e-209
-2.1184e-207
6.2391e-206
-9.33551e-205
-1.03757e-203
1.23177e-201
-4.78718e-200
1.22942e-198
-1.95711e-197
-4.80343e-197
1.8249e-194
-8.83573e-193
3.08098e-191
-9.07319e-190
2.38402e-188
-5.73991e-187
1.28601e-185
-2.70813e-184
5.39771e-183
-1.02353e-181
1.85376e-180
-3.21685e-179
5.36205e-178
-8.60335e-177
1.33109e-175
-1.98883e-174
2.87348e-173
-4.01903e-172
5.44709e-171
-7.16e-170
9.13481e-169
-1.13192e-167
1.3631e-166
-1.59612e-165
1.81817e-164
-2.01568e-163
2.17566e-162
-2.28712e-161
2.34229e-160
-2.33755e-159
2.27376e-158
-2.15614e-157
1.99353e-156
-1.79739e-155
1.58043e-154
-1.35536e-153
1.1337e-152
-9.24929e-152
7.36003e-151
-5.71202e-150
4.3232e-149
-3.19063e-148
2.29582e-147
-1.61032e-146
1.10077e-145
-7.33114e-145
4.75556e-144
-3.00344e-143
1.846e-142
-1.10362e-141
6.41375e-141
-3.62085e-140
1.98406e-139
-1.0542e-138
5.42514e-138
-2.70034e-137
1.29782e-136
-6.01022e-136
2.67492e-135
-1.14024e-134
4.63431e-134
-1.78453e-133
6.44994e-133
-2.15571e-132
6.48545e-132
-1.65638e-131
2.9832e-131
4.8554e-132
-3.76765e-130
2.26974e-129
-9.52659e-129
3.16004e-128
-8.0741e-128
1.22182e-127
1.79728e-127
-2.34239e-126
1.1179e-125
-3.68133e-125
8.27666e-125
-6.07056e-125
-5.32918e-124
3.40387e-123
-1.21346e-122
2.74857e-122
-1.70487e-122
-1.86679e-121
1.07715e-120
-3.37538e-120
5.68434e-120
5.49296e-120
-7.89874e-119
3.0867e-118
-6.55902e-118
7.33058e-119
5.65542e-117
-2.50837e-116
5.62003e-116
-1.33817e-116
-4.39642e-115
1.91564e-114
-3.92255e-114
-8.44336e-115
3.67588e-113
-1.35343e-112
2.092e-112
3.37066e-112
-2.98168e-111
8.18736e-111
-5.42669e-111
-4.66227e-110
2.07766e-109
-3.52375e-109
-4.27926e-109
4.20254e-108
-1.0707e-107
2.89476e-108
7.24102e-107
-2.53868e-106
2.5692e-106
1.09619e-105
-5.27328e-105
7.90948e-105
1.48974e-104
-1.01269e-103
1.86969e-103
1.88304e-103
-1.85891e-102
3.85032e-102
2.43316e-102
-3.33324e-101
7.21627e-101
3.84677e-101
-5.90484e-100
1.24916e-99
8.1376e-100
-1.03386e-98
1.9905e-98
1.99315e-98
-1.77172e-97
2.85386e-97
4.82231e-97
-2.9188e-96
3.46671e-96
1.07672e-95
-4.50701e-95
2.93e-95
2.16892e-94
-6.29089e-94
-3.99788e-95
3.89151e-93
-7.44775e-93
-8.7874e-93
6.10586e-92
-6.3099e-92
-2.4116e-91
8.07107e-91
-5.06812e-92
-4.55309e-90
8.18299e-90
1.19087e-89
-6.61342e-89
4.21598e-89
3.00268e-88
-7.11155e-88
-5.40743e-88
4.7194e-87
-4.17895e-87
-1.9301e-86
5.05e-86
3.08777e-86
-3.1103e-85
2.6492e-85
1.27178e-84
-3.06197e-84
-2.6079e-84
1.9067e-83
-1.04445e-83
-8.41339e-83
1.53498e-82
2.42465e-82
-1.04467e-81
-2.87227e-83
5.18493e-81
-5.44032e-81
-1.95499e-80
4.64914e-80
4.74252e-80
-2.69333e-79
3.2715e-80
1.24467e-78
-1.29262e-78
-4.67255e-78
1.00817e-77
1.3072e-77
-5.7186e-77
-1.3803e-77
2.70947e-76
-1.43853e-76
-1.11223e-75
1.44303e-75
3.9396e-75
-9.04973e-75
-1.13866e-74
4.68216e-74
2.07097e-74
-2.14854e-73
3.44676e-74
9.0004e-73
-6.28366e-73
-3.48459e-72
4.37248e-72
1.25019e-71
-2.39173e-71
-4.12904e-71
1.15791e-70
1.22827e-70
-5.18562e-70
-3.09852e-70
2.19679e-69
5.27743e-70
-8.92351e-69
4.82645e-70
3.50852e-68
-1.07569e-68
-1.3449e-67
7.09607e-68
5.05612e-67
-3.64669e-67
-1.87393e-66
1.66276e-66
6.87812e-66
-7.03553e-66
-2.50995e-65
2.8196e-65
9.13502e-65
-1.08143e-64
-3.32324e-64
3.98917e-64
1.20974e-63
-1.41706e-63
-4.40601e-63
4.83762e-63
1.60341e-62
-1.57763e-62
-5.81638e-62
4.85517e-62
2.09633e-61
-1.37583e-61
-7.47754e-61
3.39171e-61
2.62779e-60
-6.03171e-61
-9.05183e-60
-1.43679e-61
3.0382e-59
8.7121e-60
-9.86421e-59
-5.85234e-59
3.06802e-58
2.93356e-58
-9.01074e-58
-1.27757e-57
2.4387e-57
5.06211e-57
-5.78257e-57
-1.85673e-56
1.03723e-56
6.3341e-56
-3.57989e-57
-2.00222e-55
-8.63281e-56
5.78699e-55
5.64743e-55
-1.48324e-54
-2.53477e-54
3.11792e-54
9.47519e-54
-3.91152e-54
-3.08671e-53
-7.07778e-54
8.77535e-53
7.68352e-53
-2.09902e-52
-3.65451e-52
3.69358e-52
1.32229e-51
-1.47985e-52
-3.93812e-51
-2.43509e-51
9.5188e-51
1.41317e-50
-1.63266e-50
-5.28193e-50
4.43262e-51
1.52319e-49
1.11728e-49
-3.33116e-49
-5.90726e-49
4.19946e-49
1.99412e-48
5.93301e-49
-4.93602e-48
-6.06678e-48
7.88041e-48
2.37223e-47
9.67544e-49
-6.28509e-47
-6.29893e-47
1.06424e-46
2.72241e-46
-1.06265e-47
-7.29193e-46
-7.15688e-46
1.17247e-45
3.09155e-45
2.09822e-46
-7.79163e-45
-8.93812e-45
1.0328e-44
3.42999e-44
1.17209e-44
-7.42564e-44
-1.14004e-43
5.74035e-44
3.54089e-43
2.69157e-43
-5.70422e-43
-1.35153e-42
-2.02324e-43
3.11122e-42
4.30631e-42
-2.36458e-42
-1.35398e-41
-1.12029e-41
1.89259e-41
5.14956e-41
2.03188e-41
-9.84524e-41
-1.78051e-40
2.25505e-42
4.30995e-40
5.72744e-40
-2.5596e-40
-1.71416e-39
-1.74491e-39
1.65084e-39
6.42778e-39
5.13166e-39
-7.86483e-39
-2.32497e-38
-1.49543e-38
3.26798e-38
8.24053e-38
4.48392e-38
-1.24874e-37
-2.89279e-37
-1.44621e-37
4.48217e-37
1.0118e-36
5.16772e-37
-1.52029e-36
-3.52977e-36
-2.02973e-36
4.84366e-36
1.22348e-35
8.43404e-36
-1.41825e-35
-4.17742e-35
-3.55362e-35
3.60937e-35
1.38626e-34
1.4707e-34
-6.64854e-35
-4.38404e-34
-5.85079e-34
-9.87238e-36
1.28092e-33
2.19992e-33
9.29802e-34
-3.25682e-33
-7.67804e-33
-6.17673e-33
6.07676e-33
2.42209e-32
2.94486e-32
-7.19612e-34
-6.56048e-32
-1.16043e-31
-6.61838e-32
1.32593e-31
3.85089e-31
4.16546e-31
-6.90539e-32
-1.02916e-30
-1.76034e-30
-1.05941e-30
1.81275e-30
5.69425e-30
6.86436e-30
7.94871e-31
-1.32274e-29
-2.70593e-29
-2.37439e-29
1.20314e-29
7.41747e-29
1.18999e-28
7.4759e-29
-1.06815e-28
-3.70514e-28
-5.07845e-28
-2.235e-28
6.32905e-28
1.7471e-27
2.1816e-27
7.12523e-28
-3.17755e-27
-8.00129e-27
-9.67916e-27
-2.99167e-27
1.42935e-26
3.59873e-26
4.47645e-26
1.76057e-26
-5.75366e-26
-1.58382e-25
-2.13649e-25
-1.19721e-25
1.95024e-25
6.69192e-25
1.02579e-24
8.01599e-25
-4.24635e-25
-2.60663e-24
-4.78263e-24
-4.9726e-24
-8.56964e-25
8.55549e-24
2.06854e-23
2.78664e-23
1.85391e-23
-1.71024e-23
-7.71386e-23
-1.37311e-22
-1.4758e-22
-4.57354e-23
2.0551e-22
5.6316e-22
8.54387e-22
7.76113e-22
-7.01437e-24
-1.64089e-21
-3.776e-21
-5.31562e-21
-4.45302e-21
7.41593e-22
1.10518e-20
2.43695e-20
3.42046e-20
2.97177e-20
-1.23666e-21
-6.51033e-20
-1.52361e-19
-2.27475e-19
-2.25774e-19
-6.60935e-20
3.13223e-19
8.94384e-19
1.5097e-18
1.79329e-18
1.20601e-18
-8.09097e-19
-4.50387e-18
-9.35843e-18
-1.35985e-17
-1.39568e-17
-6.05286e-18
1.42111e-17
4.80084e-17
8.99131e-17
1.24156e-16
1.2273e-16
4.81672e-17
-1.35875e-16
-4.43972e-16
-8.38815e-16
-1.19738e-15
-1.28646e-15
-7.68691e-16
7.33972e-16
3.49314e-15
7.43032e-15
1.1795e-14
1.48352e-14
1.36012e-14
4.10084e-15
-1.79178e-14
-5.52827e-14
-1.06651e-13
-1.62816e-13
-2.02684e-13
-1.90234e-13
-7.46646e-14
2.03235e-13
6.94908e-13
1.41474e-12
2.29604e-12
3.13439e-12
3.52709e-12
2.82677e-12
1.39669e-13
-5.58749e-12
-1.5336e-11
-2.95774e-11
-4.75763e-11
-6.64119e-11
-7.97614e-11
-7.66048e-11
-4.01763e-11
5.22744e-11
2.28057e-10
5.14769e-10
9.31671e-10
1.47497e-09
2.09524e-09
2.6657e-09
2.94081e-09
2.50715e-09
7.3145e-10
-3.28364e-09
-1.0718e-08
-2.29973e-08
-4.16578e-08
-6.80489e-08
-1.02787e-07
-1.44841e-07
-1.901e-07
-2.29227e-07
-2.4454e-07
-2.05654e-07
-6.349e-08
2.57739e-07
8.71058e-07
1.94031e-06
3.69737e-06
6.46367e-06
1.06766e-05
1.69218e-05
2.59712e-05
3.88286e-05
5.67825e-05
8.14667e-05
0.00011493
0.000159711
0.00021893
0.000296374
0.000396606
0.000525065
0.000688183
0.0008935
0.00114978
0.00146711
0.00185706
0.00233271
0.00290881
0.00360185
0.00443006
0.00541353
0.00657419
0.00793579
0.00952384
0.0113656
0.0134898
0.0159269
0.0187082
0.0218663
0.0254345
0.0294465
0.0339361
0.038937
0.044482
0.0506031
0.0573308
0.0646937
0.0727179
0.0814269
0.0908412
0.100978
0.111849
0.123464
0.135827
0.148938
0.162791
0.177376
0.192678
0.208676
0.225345
0.242654
0.260568
0.279049
0.298053
0.317532
0.337436
0.357711
0.378302
0.39915
0.420197
0.441381
0.462643
0.48392
0.505155
0.526287
0.547259
0.568015
0.588504
0.608675
0.62848
0.647875
0.666821
0.685281
0.703223
0.720616
0.737438
0.753668
0.769287
0.784285
0.798651
0.812381
0.825471
0.837925
0.849745
0.860939
0.871516
0.881489
0.890873
0.899681
0.907933
0.915648
0.922844
0.929544
0.935768
0.941538
0.946877
0.951806
0.956348
0.960525
0.964358
0.967868
0.971074
0.973995
0.976651
0.979057
0.981231
0.983185
0.984934
0.986489
0.98786
0.989055
0.99008
0.99094
0.991637
0.992171
0.99254
0.99274
0.992765
0.992605
0.992249
0.991684
0.990892
0.989855
0.988554
0.986963
0.98506
0.982816
0.980204
0.977193
0.973754
0.969854
0.965462
0.960545
0.955074
0.949016
0.942343
0.935027
0.927044
0.91837
0.908986
0.898875
0.888026
0.87643
0.864083
0.850986
0.837144
0.822569
0.807276
0.791286
0.774623
0.757319
0.739409
0.720932
0.701931
0.682455
0.662553
0.64228
0.62169
0.600843
0.579798
0.558614
0.537354
0.516077
0.494843
0.473711
0.45274
0.431983
0.411495
0.391324
0.37152
0.352124
0.333178
0.314718
0.296777
0.279383
0.262561
0.246332
0.230712
0.215715
0.201349
0.187619
0.174529
0.162075
0.150255
0.139061
0.128484
0.118511
0.109128
0.100319
0.0920667
0.0843524
0.077156
0.0704565
0.0642325
0.0584619
0.0531225
0.0481919
0.0436478
0.0394682
0.0356312
0.0321155
0.0289005
0.0259659
0.0232923
0.0208611
0.0186543
0.0166549
0.0148467
0.0132143
0.0117433
0.0104201
0.00923184
0.00816672
0.0072136
0.00636215
0.00560283
0.00492681
0.00432596
0.00379281
0.0033205
0.00290279
0.00253396
0.00220881
0.00192264
0.00167116
0.00145052
0.00125724
0.00108819
0.00094056
0.000811834
0.000699763
0.000602337
0.00051777
0.000444475
0.000381041
0.000326224
0.000278921
0.000238161
0.00020309
0.000172957
0.000147103
0.000124952
0.000106
8.98076e-05
7.59917e-05
6.42198e-05
5.42032e-05
4.56916e-05
3.84686e-05
3.23474e-05
2.71667e-05
2.27878e-05
1.90914e-05
1.59752e-05
1.33516e-05
1.11454e-05
9.29274e-06
7.73884e-06
6.43717e-06
5.34817e-06
4.43821e-06
3.67881e-06
3.04583e-06
2.51881e-06
2.08099e-06
1.71487e-06
1.42712e-06
1.0876e-06
)
;

boundaryField
{
    sides
    {
        type            zeroGradient;
    }
    empty
    {
        type            empty;
    }
}


// ************************************************************************* //
