/*--------------------------------*- C++ -*----------------------------------*\
  =========                 |
  \\      /  F ield         | OpenFOAM: The Open Source CFD Toolbox
   \\    /   O peration     | Website:  https://openfoam.org
    \\  /    A nd           | Version:  7
     \\/     M anipulation  |
\*---------------------------------------------------------------------------*/
FoamFile
{
    version     2.0;
    format      ascii;
    class       volScalarField;
    location    "1.34";
    object      T;
}
// * * * * * * * * * * * * * * * * * * * * * * * * * * * * * * * * * * * * * //

dimensions      [0 0 0 1 0 0 0];

internalField   nonuniform List<scalar> 
1000
(
0.000451452
0.000451575
0.000451825
0.0004522
0.000452704
0.000453337
0.000454101
0.000454997
0.000456027
0.000457191
0.000458492
0.000459932
0.000461511
0.000463231
0.000465094
0.000467101
0.000469255
0.000471557
0.000474008
0.000476612
0.000479368
0.00048228
0.00048535
0.000488578
0.000491968
0.000495521
0.000499239
0.000503125
0.00050718
0.000511407
0.000515809
0.000520386
0.000525143
0.00053008
0.000535201
0.000540508
0.000546003
0.00055169
0.00055757
0.000563646
0.000569921
0.000576398
0.000583079
0.000589968
0.000597067
0.000604379
0.000611908
0.000619655
0.000627625
0.000635821
0.000644245
0.000652901
0.000661792
0.000670922
0.000680294
0.000689912
0.000699779
0.000709898
0.000720274
0.000730909
0.000741809
0.000752976
0.000764415
0.00077613
0.000788124
0.000800402
0.000812967
0.000825825
0.000838979
0.000852433
0.000866193
0.000880262
0.000894645
0.000909348
0.000924373
0.000939727
0.000955414
0.000971438
0.000987806
0.00100452
0.00102159
0.00103902
0.00105681
0.00107497
0.0010935
0.00111241
0.00113171
0.0011514
0.00117149
0.00119198
0.00121288
0.00123419
0.00125592
0.00127808
0.00130067
0.0013237
0.00134718
0.00137111
0.00139549
0.00142035
0.00144567
0.00147148
0.00149776
0.00152455
0.00155183
0.00157962
0.00160792
0.00163674
0.0016661
0.00169599
0.00172642
0.00175741
0.00178895
0.00182107
0.00185376
0.00188703
0.00192089
0.00195536
0.00199043
0.00202613
0.00206244
0.0020994
0.00213699
0.00217524
0.00221415
0.00225373
0.00229399
0.00233494
0.00237659
0.00241894
0.00246202
0.00250582
0.00255035
0.00259564
0.00264168
0.00268849
0.00273608
0.00278445
0.00283363
0.00288361
0.00293441
0.00298604
0.00303852
0.00309185
0.00314604
0.0032011
0.00325706
0.00331391
0.00337167
0.00343035
0.00348996
0.00355052
0.00361204
0.00367452
0.00373799
0.00380245
0.00386792
0.0039344
0.00400192
0.00407048
0.0041401
0.00421079
0.00428256
0.00435543
0.00442941
0.00450452
0.00458076
0.00465815
0.00473671
0.00481645
0.00489738
0.00497952
0.00506288
0.00514747
0.00523332
0.00532043
0.00540882
0.0054985
0.0055895
0.00568182
0.00577548
0.0058705
0.00596688
0.00606466
0.00616383
0.00626442
0.00636645
0.00646993
0.00657487
0.00668129
0.00678921
0.00689865
0.00700961
0.00712213
0.00723621
0.00735186
0.00746912
0.00758799
0.00770849
0.00783065
0.00795447
0.00807997
0.00820717
0.00833609
0.00846675
0.00859916
0.00873335
0.00886932
0.0090071
0.00914671
0.00928816
0.00943147
0.00957666
0.00972376
0.00987277
0.0100237
0.0101766
0.0103315
0.0104884
0.0106472
0.0108081
0.0109711
0.0111361
0.0113032
0.0114724
0.0116438
0.0118173
0.0119929
0.0121708
0.0123508
0.012533
0.0127175
0.0129043
0.0130934
0.0132847
0.0134784
0.0136744
0.0138727
0.0140735
0.0142766
0.0144822
0.0146902
0.0149006
0.0151136
0.015329
0.015547
0.0157675
0.0159905
0.0162162
0.0164444
0.0166752
0.0169087
0.0171449
0.0173837
0.0176252
0.0178695
0.0181165
0.0183662
0.0186187
0.018874
0.0191321
0.0193931
0.0196569
0.0199236
0.0201932
0.0204657
0.0207412
0.0210196
0.021301
0.0215853
0.0218727
0.0221631
0.0224566
0.0227531
0.0230527
0.0233554
0.0236613
0.0239702
0.0242824
0.0245977
0.0249163
0.025238
0.025563
0.0258912
0.0262227
0.0265575
0.0268956
0.027237
0.0275818
0.0279299
0.0282814
0.0286363
0.0289946
0.0293563
0.0297214
0.0300901
0.0304621
0.0308377
0.0312168
0.0315994
0.0319855
0.0323752
0.0327684
0.0331652
0.0335656
0.0339696
0.0343773
0.0347885
0.0352034
0.035622
0.0360443
0.0364702
0.0368998
0.0373332
0.0377702
0.038211
0.0386555
0.0391038
0.0395559
0.0400117
0.0404713
0.0409347
0.0414019
0.041873
0.0423478
0.0428265
0.043309
0.0437954
0.0442856
0.0447797
0.0452777
0.0457795
0.0462852
0.0467948
0.0473083
0.0478257
0.048347
0.0488722
0.0494014
0.0499344
0.0504713
0.0510122
0.051557
0.0521057
0.0526583
0.0532149
0.0537754
0.0543398
0.0549081
0.0554804
0.0560566
0.0566367
0.0572207
0.0578087
0.0584005
0.0589963
0.059596
0.0601996
0.0608071
0.0614185
0.0620337
0.0626529
0.0632759
0.0639028
0.0645336
0.0651682
0.0658066
0.0664489
0.067095
0.0677449
0.0683986
0.0690561
0.0697174
0.0703825
0.0710513
0.0717238
0.0724001
0.07308
0.0737637
0.0744511
0.0751421
0.0758367
0.076535
0.0772369
0.0779424
0.0786515
0.0793641
0.0800802
0.0807999
0.081523
0.0822496
0.0829797
0.0837132
0.0844501
0.0851903
0.0859339
0.0866808
0.0874311
0.0881846
0.0889413
0.0897013
0.0904644
0.0912307
0.0920001
0.0927726
0.0935482
0.0943269
0.0951085
0.0958931
0.0966806
0.097471
0.0982644
0.0990605
0.0998594
0.100661
0.101466
0.102273
0.103082
0.103895
0.10471
0.105527
0.106347
0.10717
0.107994
0.108822
0.109651
0.110483
0.111317
0.112153
0.112991
0.113832
0.114674
0.115519
0.116365
0.117214
0.118064
0.118916
0.11977
0.120625
0.121483
0.122341
0.123202
0.124064
0.124927
0.125792
0.126658
0.127525
0.128394
0.129263
0.130134
0.131006
0.131879
0.132753
0.133628
0.134504
0.13538
0.136257
0.137135
0.138013
0.138892
0.139772
0.140652
0.141532
0.142412
0.143293
0.144174
0.145055
0.145936
0.146817
0.147698
0.148578
0.149459
0.150339
0.151219
0.152098
0.152977
0.153855
0.154733
0.15561
0.156486
0.157362
0.158236
0.15911
0.159982
0.160854
0.161724
0.162593
0.16346
0.164327
0.165191
0.166055
0.166916
0.167776
0.168634
0.169491
0.170345
0.171198
0.172048
0.172897
0.173743
0.174587
0.175428
0.176267
0.177104
0.177938
0.17877
0.179598
0.180424
0.181248
0.182068
0.182885
0.183699
0.184511
0.185318
0.186123
0.186924
0.187722
0.188516
0.189307
0.190094
0.190877
0.191657
0.192433
0.193204
0.193972
0.194736
0.195495
0.196251
0.197002
0.197748
0.19849
0.199228
0.199961
0.200689
0.201413
0.202132
0.202846
0.203555
0.204259
0.204958
0.205652
0.206341
0.207024
0.207702
0.208375
0.209042
0.209703
0.210359
0.21101
0.211654
0.212293
0.212926
0.213553
0.214174
0.214789
0.215398
0.216
0.216597
0.217187
0.217771
0.218348
0.218919
0.219483
0.220041
0.220592
0.221136
0.221674
0.222204
0.222728
0.223245
0.223755
0.224258
0.224754
0.225243
0.225724
0.226198
0.226665
0.227125
0.227577
0.228022
0.22846
0.228889
0.229312
0.229726
0.230133
0.230532
0.230924
0.231308
0.231684
0.232052
0.232412
0.232764
0.233108
0.233445
0.233773
0.234093
0.234405
0.234709
0.235004
0.235292
0.235571
0.235842
0.236104
0.236359
0.236604
0.236842
0.237071
0.237292
0.237504
0.237708
0.237903
0.23809
0.238268
0.238438
0.238599
0.238751
0.238895
0.23903
0.239157
0.239275
0.239384
0.239485
0.239577
0.23966
0.239734
0.2398
0.239857
0.239906
0.239945
0.239976
0.239999
0.240012
0.240017
0.240013
0.24
0.239979
0.239949
0.23991
0.239862
0.239806
0.239741
0.239667
0.239585
0.239494
0.239394
0.239286
0.239169
0.239043
0.238909
0.238766
0.238615
0.238455
0.238286
0.238109
0.237924
0.23773
0.237527
0.237316
0.237097
0.236869
0.236633
0.236389
0.236136
0.235875
0.235606
0.235328
0.235043
0.234749
0.234447
0.234137
0.233819
0.233493
0.233159
0.232817
0.232467
0.232109
0.231743
0.23137
0.230988
0.2306
0.230203
0.229799
0.229387
0.228968
0.228541
0.228107
0.227665
0.227216
0.22676
0.226296
0.225825
0.225347
0.224862
0.22437
0.223871
0.223365
0.222852
0.222332
0.221806
0.221273
0.220733
0.220186
0.219633
0.219073
0.218507
0.217935
0.217356
0.216771
0.21618
0.215582
0.214979
0.214369
0.213754
0.213132
0.212505
0.211872
0.211233
0.210589
0.209939
0.209284
0.208623
0.207957
0.207285
0.206608
0.205926
0.205239
0.204547
0.20385
0.203148
0.202441
0.20173
0.201013
0.200292
0.199567
0.198837
0.198103
0.197364
0.196621
0.195874
0.195122
0.194367
0.193607
0.192844
0.192077
0.191306
0.190531
0.189753
0.188971
0.188186
0.187397
0.186605
0.185809
0.185011
0.184209
0.183404
0.182596
0.181786
0.180972
0.180156
0.179337
0.178515
0.177691
0.176865
0.176036
0.175204
0.174371
0.173535
0.172697
0.171857
0.171015
0.170171
0.169326
0.168478
0.167629
0.166779
0.165926
0.165073
0.164218
0.163361
0.162503
0.161645
0.160785
0.159924
0.159061
0.158199
0.157335
0.15647
0.155605
0.154739
0.153873
0.153006
0.152138
0.15127
0.150402
0.149534
0.148665
0.147797
0.146928
0.146059
0.145191
0.144322
0.143454
0.142586
0.141719
0.140852
0.139985
0.139119
0.138253
0.137388
0.136524
0.13566
0.134798
0.133936
0.133075
0.132216
0.131357
0.130499
0.129643
0.128788
0.127934
0.127081
0.12623
0.12538
0.124532
0.123686
0.122841
0.121997
0.121156
0.120316
0.119478
0.118642
0.117808
0.116976
0.116146
0.115318
0.114492
0.113668
0.112846
0.112027
0.11121
0.110396
0.109584
0.108774
0.107967
0.107163
0.106361
0.105561
0.104765
0.103971
0.10318
0.102391
0.101606
0.100823
0.100044
0.0992672
0.0984936
0.0977231
0.0969557
0.0961914
0.0954303
0.0946723
0.0939177
0.0931663
0.0924183
0.0916736
0.0909324
0.0901945
0.0894601
0.0887293
0.0880019
0.0872782
0.086558
0.0858415
0.0851286
0.0844195
0.0837141
0.0830124
0.0823145
0.0816205
0.0809304
0.0802441
0.0795617
0.0788833
0.0782089
0.0775385
0.0768721
0.0762097
0.0755515
0.0748974
0.0742474
0.0736017
0.0729601
0.0723227
0.0716896
0.0710608
0.0704363
0.0698162
0.0692004
0.068589
0.067982
0.0673794
0.0667813
0.0661877
0.0655987
0.0650141
0.0644341
0.0638587
0.063288
0.0627218
0.0621604
0.0616036
0.0610515
0.0605042
0.0599616
0.0594238
0.0588909
0.0583627
0.0578395
0.0573211
0.0568076
0.056299
0.0557954
0.0552968
0.0548032
0.0543147
0.0538312
0.0533527
0.0528794
0.0524112
0.0519482
0.0514904
0.0510377
0.0505904
0.0501482
0.0497114
0.0492799
0.0488537
0.048433
0.0480176
0.0476076
0.0472032
0.0468042
0.0464107
0.0460228
0.0456404
0.0452637
0.0448926
0.0445272
0.0441675
0.0438135
0.0434653
0.043123
0.0427864
0.0424558
0.042131
0.0418122
0.0414994
0.0411926
0.0408919
0.0405973
0.0403088
0.0400265
0.0397504
0.0394806
0.039217
0.0389599
0.0387091
0.0384648
0.0382269
0.0379956
0.0377708
0.0375527
0.0373413
0.0371365
0.0369386
0.0367475
0.0365633
0.036386
0.0362157
0.0360524
0.0358963
0.0357473
0.0356056
0.0354711
0.035344
0.0352243
0.0351121
0.0350074
0.0349103
0.0348209
0.0347393
0.0346655
0.0345995
0.0345416
0.0344916
0.0344498
0.0344162
0.0343909
0.0343739
0.0343654
)
;

boundaryField
{
    sides
    {
        type            zeroGradient;
    }
    empty
    {
        type            empty;
    }
}


// ************************************************************************* //
