/*--------------------------------*- C++ -*----------------------------------*\
  =========                 |
  \\      /  F ield         | OpenFOAM: The Open Source CFD Toolbox
   \\    /   O peration     | Website:  https://openfoam.org
    \\  /    A nd           | Version:  7
     \\/     M anipulation  |
\*---------------------------------------------------------------------------*/
FoamFile
{
    version     2.0;
    format      ascii;
    class       volScalarField;
    location    "4.01";
    object      T;
}
// * * * * * * * * * * * * * * * * * * * * * * * * * * * * * * * * * * * * * //

dimensions      [0 0 0 1 0 0 0];

internalField   nonuniform List<scalar> 
1000
(
0
0
0
0
0
0
0
0
0
0
0
0
0
0
0
0
0
0
0
0
0
0
0
0
0
0
0
0
0
0
0
0
0
0
0
0
0
0
0
0
0
0
0
0
0
0
0
0
0
0
0
0
0
0
0
0
0
0
0
0
0
0
0
0
0
0
0
0
0
0
0
0
0
0
0
0
0
-9.88131e-324
-7.26276e-322
1.31817e-320
5.77884e-319
-1.52236e-317
-4.14735e-316
1.65136e-314
2.40949e-313
-1.66697e-311
-6.51987e-311
1.53911e-308
-9.77335e-308
-1.25629e-305
2.28298e-304
8.36461e-303
-3.05873e-301
-3.34644e-300
3.14908e-298
-1.58511e-297
-2.52438e-295
5.33031e-294
1.34277e-292
-6.9243e-291
4.09263e-291
5.96129e-288
-1.15642e-286
-2.93359e-285
1.59378e-283
-7.6451e-283
-1.21639e-280
3.34693e-279
2.8909e-278
-3.56327e-276
6.09575e-275
1.55399e-273
-9.18995e-272
1.07012e-270
4.99612e-269
-2.29015e-267
2.20045e-266
1.31502e-264
-5.76994e-263
6.34159e-262
2.92346e-260
-1.46629e-258
2.2961e-257
4.74147e-256
-3.54541e-254
8.32014e-253
2.64274e-253
-7.06845e-250
2.59018e-248
-3.86622e-247
-6.71305e-246
5.85057e-244
-1.78353e-242
2.42621e-241
4.6657e-240
-3.9787e-238
1.33223e-236
-2.58307e-235
6.28008e-235
1.82841e-232
-8.98871e-231
2.74995e-229
-5.88822e-228
6.43402e-227
1.57186e-225
-1.31321e-223
5.47442e-222
-1.80105e-220
5.16239e-219
-1.34176e-217
3.22906e-216
-7.28714e-215
1.55519e-213
-3.15771e-212
6.12736e-211
-1.14027e-209
2.04076e-208
-3.52058e-207
5.86547e-206
-9.45276e-205
1.47564e-203
-2.23402e-202
3.28347e-201
-4.68939e-200
6.51316e-199
-8.80387e-198
1.15889e-196
-1.48646e-195
1.85879e-194
-2.26716e-193
2.69832e-192
-3.13494e-191
3.55666e-190
-3.94159e-189
4.26813e-188
-4.51704e-187
4.67324e-186
-4.72737e-185
4.67668e-184
-4.52523e-183
4.28341e-182
-3.96674e-181
3.59432e-180
-3.18692e-179
2.76519e-178
-2.34797e-177
1.95113e-176
-1.58673e-175
1.26282e-174
-9.83507e-174
7.49533e-173
-5.58914e-172
4.07752e-171
-2.90997e-170
2.03121e-169
-1.38649e-168
9.25308e-168
-6.03606e-167
3.84766e-166
-2.39594e-165
1.4569e-164
-8.64725e-164
5.00735e-163
-2.82734e-162
1.55566e-161
-8.33476e-161
4.34453e-160
-2.20103e-159
1.08249e-158
-5.16078e-158
2.38093e-157
-1.06068e-156
4.55039e-156
-1.87326e-155
7.36487e-155
-2.74677e-154
9.62006e-154
-3.11198e-153
9.01543e-153
-2.17776e-152
3.38219e-152
4.04156e-152
-6.51014e-151
3.59764e-150
-1.47175e-149
4.87312e-149
-1.27266e-148
2.11643e-148
1.68317e-148
-3.30531e-147
1.71232e-146
-6.12932e-146
1.59564e-145
-2.30887e-145
-4.21059e-145
4.69094e-144
-2.06741e-143
6.07775e-143
-1.05726e-142
-7.10665e-143
1.42466e-141
-6.4606e-141
1.80339e-140
-2.52082e-140
-5.32429e-140
4.99356e-139
-1.85881e-138
3.96347e-138
-8.07646e-139
-3.34734e-137
1.59108e-136
-4.02887e-136
3.23118e-136
2.25519e-135
-1.2668e-134
3.38853e-134
-3.02442e-134
-1.73442e-133
9.81099e-133
-2.48855e-132
1.53724e-132
1.52662e-131
-7.32332e-131
1.55628e-130
1.7723e-131
-1.36823e-129
4.99464e-129
-7.2713e-129
-1.42038e-128
1.1067e-127
-2.8213e-127
1.11954e-127
1.85636e-126
-7.31254e-126
1.0419e-125
2.18997e-125
-1.54033e-124
3.39769e-124
7.11533e-125
-2.81504e-123
8.43176e-123
-5.40157e-123
-4.61275e-122
1.8186e-121
-2.12484e-121
-6.93916e-121
3.60358e-120
-5.53963e-120
-9.85825e-120
6.77401e-119
-1.2139e-118
-1.38962e-118
1.23374e-117
-2.39115e-117
-2.10993e-117
2.20557e-116
-4.34335e-116
-3.73743e-116
3.89059e-115
-7.32134e-115
-7.70039e-115
6.75502e-114
-1.13554e-113
-1.70115e-113
1.14353e-112
-1.57516e-112
-3.72492e-112
1.8585e-111
-1.81419e-111
-7.72984e-111
2.83734e-110
-1.3073e-110
-1.4855e-109
3.94032e-109
9.37363e-110
-2.60141e-108
4.69755e-108
6.34131e-108
-4.07285e-107
4.12509e-107
1.62986e-106
-5.51847e-106
7.07249e-107
3.09504e-105
-6.01879e-105
-7.13713e-105
4.71598e-104
-4.10445e-104
-1.97889e-103
5.65566e-103
1.73473e-103
-3.44658e-102
4.59027e-102
1.17784e-101
-4.36727e-101
2.7903e-102
2.33486e-100
-3.63632e-100
-7.23046e-100
2.99356e-99
-4.08278e-100
-1.52942e-98
2.32264e-98
4.87268e-98
-1.86129e-97
-8.86394e-99
9.72332e-97
-1.18655e-96
-3.48996e-96
1.03022e-95
5.2584e-96
-5.80362e-95
4.10145e-95
2.42239e-94
-4.74083e-94
-6.73445e-94
3.04999e-93
6.23155e-95
-1.48688e-92
1.48109e-92
5.66894e-92
-1.26167e-91
-1.4897e-91
7.36795e-91
2.55159e-92
-3.47586e-90
2.93637e-90
1.36037e-89
-2.49976e-89
-4.19551e-89
1.47993e-88
7.47656e-89
-7.27326e-88
2.06957e-88
3.11012e-87
-3.13537e-87
-1.16369e-86
2.1712e-86
3.69048e-86
-1.18629e-85
-8.69702e-86
5.6681e-85
4.25313e-86
-2.458e-84
1.17599e-84
9.82513e-84
-1.00698e-83
-3.63485e-83
5.98378e-83
1.23729e-82
-3.04404e-82
-3.79356e-82
1.4115e-81
9.87117e-82
-6.13639e-81
-1.74073e-81
2.54082e-80
-1.56655e-81
-1.01217e-79
3.71609e-80
3.90761e-79
-2.53845e-79
-1.47049e-78
1.35074e-78
5.42103e-78
-6.38925e-78
-1.96698e-77
2.81349e-77
7.05678e-77
-1.17887e-76
-2.51471e-76
4.75779e-76
8.94168e-76
-1.86329e-75
-3.18608e-75
7.11391e-75
1.14181e-74
-2.65534e-74
-4.12634e-74
9.70401e-74
1.5055e-73
-3.47322e-73
-5.54301e-73
1.21647e-72
2.05542e-72
-4.16064e-72
-7.65168e-72
1.38462e-71
2.84834e-71
-4.45729e-71
-1.05565e-70
1.37493e-70
3.87809e-70
-3.99859e-70
-1.40595e-69
1.06244e-69
5.00792e-69
-2.391e-69
-1.74457e-68
3.38517e-69
5.91351e-68
5.94844e-69
-1.93848e-67
-8.0912e-68
6.09556e-67
4.72679e-67
-1.81697e-66
-2.19881e-66
5.03412e-66
9.04351e-66
-1.24757e-65
-3.40506e-65
2.50661e-65
1.18848e-64
-2.52381e-65
-3.85065e-64
-1.04667e-64
1.14903e-63
9.00457e-64
-3.0921e-63
-4.39639e-63
7.13206e-63
1.73514e-62
-1.20091e-62
-5.95138e-62
1.59732e-63
1.8018e-61
1.0444e-61
-4.7406e-61
-6.09285e-61
1.01625e-60
2.46359e-60
-1.35917e-60
-8.14601e-60
-1.61193e-60
2.26074e-59
2.06858e-59
-5.05097e-59
-9.64959e-59
7.35193e-59
3.31417e-58
4.32914e-59
-9.08141e-58
-8.35381e-58
1.89756e-57
3.87927e-57
-2.14656e-57
-1.26097e-56
-4.60171e-57
3.10631e-56
3.94302e-56
-5.1246e-56
-1.53401e-55
3.46806e-57
4.21488e-55
3.75131e-55
-7.95787e-55
-1.75561e-54
4.85707e-55
5.1736e-54
3.68836e-54
-1.0199e-53
-1.98417e-53
7.28401e-54
5.97156e-53
4.14234e-53
-1.14265e-52
-2.26628e-52
6.12392e-53
6.53922e-52
5.37526e-52
-1.11257e-51
-2.59191e-51
2.20391e-53
6.66458e-51
7.36825e-51
-8.6945e-51
-2.85685e-50
-1.06418e-50
5.98741e-50
9.64033e-50
-3.73516e-50
-2.85548e-49
-2.46895e-49
4.14661e-49
1.11509e-48
3.33068e-49
-2.3453e-48
-3.7257e-48
1.11344e-48
1.05319e-47
1.06195e-47
-1.213e-47
-4.14212e-47
-2.41961e-47
6.86958e-47
1.48617e-46
3.10742e-47
-3.15667e-46
-4.97644e-46
8.3096e-47
1.29996e-45
1.58033e-45
-9.10624e-46
-5.00557e-45
-4.82959e-45
5.02462e-45
1.84623e-44
1.44491e-44
-2.25833e-44
-6.62835e-44
-4.33083e-44
9.12005e-44
2.34286e-43
1.34032e-43
-3.43238e-43
-8.21573e-43
-4.41945e-43
1.22248e-42
2.87012e-42
1.58067e-42
-4.13659e-42
-9.99354e-42
-6.08835e-42
1.3224e-41
3.45729e-41
2.4581e-41
-3.92166e-41
-1.18043e-40
-1.00817e-40
1.0321e-40
3.93692e-40
4.09434e-40
-2.11722e-40
-1.26371e-39
-1.61611e-39
1.32381e-40
3.818e-39
6.11056e-39
1.82784e-39
-1.04445e-38
-2.18203e-38
-1.42347e-38
2.36921e-38
7.22631e-38
7.31774e-38
-3.13301e-38
-2.15448e-37
-3.10094e-37
-7.59299e-38
5.4338e-37
1.13401e-36
8.44115e-37
-9.53608e-37
-3.55862e-36
-4.37888e-36
-2.45486e-37
9.04959e-36
1.71493e-35
1.20338e-35
-1.48009e-35
-5.35137e-35
-6.79621e-35
-1.20195e-35
1.23763e-34
2.59725e-34
2.26643e-34
-1.26227e-34
-7.27763e-34
-1.1263e-33
-6.11112e-34
1.229e-33
3.6936e-33
4.57246e-33
1.05739e-33
-7.6816e-33
-1.73958e-32
-1.80449e-32
1.215e-33
4.08216e-32
7.90585e-32
7.19266e-32
-2.30291e-32
-1.9922e-31
-3.55273e-31
-3.00844e-31
1.38232e-31
9.20409e-31
1.60045e-30
1.35585e-30
-5.76237e-31
-4.06237e-30
-7.25097e-30
-6.58849e-30
1.47635e-30
1.70046e-29
3.28005e-29
3.36604e-29
2.4499e-30
-6.56565e-29
-1.45599e-28
-1.74268e-28
-6.88475e-29
2.17781e-28
6.16377e-28
8.81385e-28
6.2573e-28
-4.8336e-28
-2.37326e-27
-4.20349e-27
-4.28963e-27
-6.69333e-28
7.51174e-27
1.81139e-26
2.46654e-26
1.72227e-26
-1.304e-26
-6.54238e-26
-1.20314e-25
-1.35233e-25
-5.49288e-26
1.58139e-25
4.75796e-25
7.5757e-25
7.42203e-25
1.22055e-25
-1.27137e-24
-3.19548e-24
-4.74986e-24
-4.35864e-24
-2.25171e-25
8.58927e-24
2.05956e-23
3.04184e-23
2.85703e-23
3.85176e-24
-5.06199e-23
-1.2817e-22
-1.99061e-22
-2.06734e-22
-7.80334e-23
2.45228e-22
7.52269e-22
1.29885e-21
1.56246e-21
1.06492e-21
-6.84162e-22
-3.89023e-21
-8.04966e-21
-1.1527e-20
-1.13869e-20
-3.83406e-21
1.43879e-20
4.34911e-20
7.73628e-20
1.00596e-19
8.78095e-20
7.92579e-21
-1.64015e-19
-4.26415e-19
-7.24489e-19
-9.25498e-19
-8.10784e-19
-1.0554e-19
1.43153e-18
3.8449e-18
6.75479e-18
9.11579e-18
9.06742e-18
4.04182e-18
-8.66822e-18
-3.06956e-17
-6.06741e-17
-9.18005e-17
-1.09506e-16
-9.04174e-17
-4.36223e-18
1.78459e-16
4.73187e-16
8.58103e-16
1.24632e-15
1.45741e-15
1.20096e-15
9.08628e-17
-2.2853e-15
-6.21517e-15
-1.16092e-14
-1.76467e-14
-2.23604e-14
-2.22586e-14
-1.21689e-14
1.44178e-14
6.41372e-14
1.41265e-13
2.43598e-13
3.56573e-13
4.45968e-13
4.50349e-13
2.75614e-13
-2.04422e-13
-1.13563e-12
-2.65184e-12
-4.815e-12
-7.51884e-12
-1.03506e-11
-1.24128e-11
-1.21202e-11
-7.00958e-12
6.36821e-12
3.23622e-11
7.57744e-11
1.40825e-10
2.29244e-10
3.37149e-10
4.50383e-10
5.38015e-10
5.43918e-10
3.76715e-10
-1.01006e-10
-1.08223e-09
-2.8203e-09
-5.62313e-09
-9.82802e-09
-1.57438e-08
-2.35418e-08
-3.3069e-08
-4.35497e-08
-5.31281e-08
-5.81928e-08
-5.24078e-08
-2.53555e-08
3.93246e-08
1.66439e-07
3.92554e-07
7.70304e-07
1.37394e-06
2.30632e-06
3.70771e-06
5.76659e-06
8.73289e-06
1.29339e-05
1.87936e-05
2.68547e-05
3.78054e-05
5.25099e-05
7.20432e-05
9.77307e-05
0.000131193
0.000174395
0.000229701
0.000299932
0.000388433
0.000499138
0.000636641
0.000806273
0.00101417
0.00126737
0.00157385
0.00194263
0.00238386
0.00290881
0.00353001
0.00426123
0.00511757
0.00611542
0.0072725
0.00860786
0.0101418
0.0118958
0.0138927
0.016156
0.0187105
0.0215815
0.0247951
0.0283776
0.0323558
0.0367562
0.0416051
0.0469283
0.0527506
0.0590959
0.0659866
0.0734434
0.0814851
0.0901282
0.0993865
0.109271
0.119791
0.130951
0.142751
0.155192
0.168266
0.181966
0.196277
0.211184
0.226666
0.242699
0.259256
0.276307
0.293817
0.311749
0.330065
0.348724
0.36768
0.386889
0.406305
0.425879
0.445564
0.46531
0.48507
0.504794
0.524436
0.54395
0.56329
0.582414
0.601279
0.619848
0.638083
0.65595
0.673418
0.690458
0.707044
0.723154
0.738769
0.75387
0.768445
0.782482
0.795974
0.808915
0.821304
0.833138
0.844422
0.855158
0.865355
0.87502
0.884163
0.892796
0.900932
0.908585
0.915769
0.922501
0.928798
0.934675
0.940149
0.945239
0.949961
0.954332
0.958367
0.962084
0.965497
0.968621
0.971469
0.974053
0.976385
0.978474
0.980328
0.981956
0.983361
0.984549
0.985519
0.986273
0.986809
0.987123
0.987209
0.987059
0.986665
0.986014
0.985094
0.983889
0.982383
0.980558
0.978393
0.97587
0.972964
0.969656
0.96592
0.961734
0.957074
0.951918
0.946243
0.940028
0.933251
0.925894
0.917939
0.909373
0.900181
0.890355
0.879886
0.868771
0.857009
0.844602
0.831556
0.817882
0.803592
0.788704
0.773238
0.757219
0.740674
0.723634
0.706133
0.688208
0.669898
0.651245
0.632294
0.613088
0.593676
0.574104
0.554422
0.534678
0.514921
0.495198
0.475557
0.456044
0.436705
0.417582
0.398718
0.380149
0.361915
0.344048
0.326581
0.309541
0.292955
0.276845
0.261231
0.246129
0.231555
0.217517
0.204026
0.191084
0.178696
0.166862
0.155578
0.144841
0.134644
0.124979
0.115835
0.107201
0.0990642
0.0914094
0.084222
0.0774856
0.0711836
0.0652986
0.0598128
0.0547083
0.049967
0.0455707
0.0415015
0.0377414
0.034273
0.031079
0.0281428
0.025448
0.0229788
0.0207203
0.0186568
0.0167803
0.0150454
0.0136116
0.0115503
)
;

boundaryField
{
    sides
    {
        type            zeroGradient;
    }
    empty
    {
        type            empty;
    }
}


// ************************************************************************* //
