/*--------------------------------*- C++ -*----------------------------------*\
  =========                 |
  \\      /  F ield         | OpenFOAM: The Open Source CFD Toolbox
   \\    /   O peration     | Website:  https://openfoam.org
    \\  /    A nd           | Version:  7
     \\/     M anipulation  |
\*---------------------------------------------------------------------------*/
FoamFile
{
    version     2.0;
    format      ascii;
    class       volScalarField;
    location    "3.83";
    object      T;
}
// * * * * * * * * * * * * * * * * * * * * * * * * * * * * * * * * * * * * * //

dimensions      [0 0 0 1 0 0 0];

internalField   nonuniform List<scalar> 
1000
(
0.0569628
0.0569645
0.0569677
0.0569727
0.0569793
0.0569875
0.0569973
0.0570088
0.057022
0.0570368
0.0570532
0.0570713
0.057091
0.0571124
0.0571354
0.05716
0.0571863
0.0572142
0.0572437
0.0572749
0.0573077
0.0573421
0.0573782
0.0574159
0.0574552
0.0574962
0.0575388
0.057583
0.0576288
0.0576763
0.0577254
0.057776
0.0578284
0.0578823
0.0579378
0.057995
0.0580537
0.0581141
0.058176
0.0582396
0.0583048
0.0583716
0.0584399
0.0585099
0.0585814
0.0586546
0.0587293
0.0588056
0.0588835
0.058963
0.059044
0.0591266
0.0592108
0.0592965
0.0593839
0.0594727
0.0595632
0.0596552
0.0597487
0.0598438
0.0599404
0.0600386
0.0601383
0.0602396
0.0603423
0.0604467
0.0605525
0.0606598
0.0607687
0.0608791
0.060991
0.0611044
0.0612193
0.0613357
0.0614536
0.061573
0.0616938
0.0618162
0.06194
0.0620653
0.062192
0.0623203
0.0624499
0.0625811
0.0627137
0.0628477
0.0629832
0.0631201
0.0632584
0.0633982
0.0635394
0.063682
0.063826
0.0639714
0.0641183
0.0642665
0.0644161
0.0645671
0.0647195
0.0648732
0.0650283
0.0651848
0.0653427
0.0655019
0.0656624
0.0658243
0.0659875
0.0661521
0.0663179
0.0664851
0.0666536
0.0668234
0.0669946
0.067167
0.0673407
0.0675156
0.0676919
0.0678694
0.0680482
0.0682282
0.0684095
0.0685921
0.0687758
0.0689609
0.0691471
0.0693345
0.0695232
0.0697131
0.0699041
0.0700964
0.0702898
0.0704844
0.0706802
0.0708771
0.0710752
0.0712745
0.0714749
0.0716764
0.071879
0.0720828
0.0722877
0.0724937
0.0727007
0.0729089
0.0731182
0.0733285
0.0735399
0.0737524
0.0739659
0.0741804
0.074396
0.0746126
0.0748302
0.0750489
0.0752685
0.0754892
0.0757108
0.0759334
0.076157
0.0763816
0.0766071
0.0768335
0.0770609
0.0772892
0.0775185
0.0777486
0.0779797
0.0782116
0.0784445
0.0786782
0.0789128
0.0791483
0.0793846
0.0796217
0.0798597
0.0800985
0.0803382
0.0805786
0.0808199
0.0810619
0.0813047
0.0815483
0.0817927
0.0820378
0.0822837
0.0825303
0.0827776
0.0830256
0.0832744
0.0835238
0.083774
0.0840248
0.0842763
0.0845284
0.0847812
0.0850347
0.0852888
0.0855435
0.0857988
0.0860547
0.0863112
0.0865683
0.086826
0.0870843
0.0873431
0.0876024
0.0878623
0.0881227
0.0883836
0.088645
0.088907
0.0891694
0.0894323
0.0896956
0.0899594
0.0902237
0.0904884
0.0907535
0.091019
0.091285
0.0915513
0.091818
0.0920851
0.0923526
0.0926204
0.0928885
0.093157
0.0934258
0.0936949
0.0939644
0.0942341
0.0945041
0.0947743
0.0950448
0.0953156
0.0955866
0.0958579
0.0961293
0.096401
0.0966729
0.0969449
0.0972171
0.0974895
0.0977621
0.0980347
0.0983076
0.0985805
0.0988535
0.0991267
0.0993999
0.0996732
0.0999466
0.10022
0.100494
0.100767
0.101041
0.101314
0.101588
0.101861
0.102135
0.102408
0.102682
0.102955
0.103229
0.103502
0.103775
0.104048
0.104321
0.104594
0.104867
0.105139
0.105412
0.105684
0.105956
0.106228
0.1065
0.106772
0.107043
0.107314
0.107585
0.107855
0.108126
0.108396
0.108666
0.108935
0.109204
0.109473
0.109742
0.11001
0.110278
0.110546
0.110813
0.11108
0.111346
0.111612
0.111878
0.112143
0.112407
0.112672
0.112936
0.113199
0.113462
0.113724
0.113986
0.114247
0.114508
0.114769
0.115028
0.115288
0.115546
0.115805
0.116062
0.116319
0.116575
0.116831
0.117086
0.117341
0.117594
0.117848
0.1181
0.118352
0.118603
0.118853
0.119103
0.119352
0.1196
0.119848
0.120094
0.12034
0.120586
0.12083
0.121074
0.121317
0.121559
0.1218
0.12204
0.12228
0.122518
0.122756
0.122993
0.123229
0.123464
0.123698
0.123932
0.124164
0.124396
0.124626
0.124856
0.125084
0.125312
0.125539
0.125764
0.125989
0.126213
0.126435
0.126657
0.126878
0.127097
0.127316
0.127533
0.127749
0.127964
0.128179
0.128392
0.128604
0.128814
0.129024
0.129233
0.12944
0.129646
0.129851
0.130055
0.130258
0.130459
0.13066
0.130859
0.131057
0.131253
0.131449
0.131643
0.131836
0.132027
0.132218
0.132407
0.132595
0.132781
0.132967
0.13315
0.133333
0.133514
0.133694
0.133873
0.13405
0.134226
0.134401
0.134574
0.134746
0.134916
0.135085
0.135253
0.135419
0.135584
0.135747
0.135909
0.136069
0.136228
0.136386
0.136542
0.136697
0.13685
0.137002
0.137152
0.137301
0.137448
0.137594
0.137738
0.137881
0.138022
0.138162
0.1383
0.138436
0.138571
0.138705
0.138837
0.138967
0.139096
0.139223
0.139349
0.139473
0.139595
0.139716
0.139835
0.139953
0.140069
0.140184
0.140296
0.140408
0.140517
0.140625
0.140731
0.140836
0.140939
0.14104
0.14114
0.141238
0.141334
0.141429
0.141522
0.141613
0.141702
0.14179
0.141876
0.141961
0.142044
0.142125
0.142204
0.142282
0.142358
0.142432
0.142505
0.142575
0.142644
0.142712
0.142777
0.142841
0.142903
0.142964
0.143022
0.143079
0.143134
0.143188
0.143239
0.143289
0.143337
0.143383
0.143428
0.143471
0.143512
0.143551
0.143589
0.143624
0.143658
0.14369
0.143721
0.143749
0.143776
0.143801
0.143824
0.143846
0.143866
0.143883
0.1439
0.143914
0.143926
0.143937
0.143946
0.143953
0.143959
0.143962
0.143964
0.143964
0.143962
0.143959
0.143953
0.143946
0.143937
0.143926
0.143914
0.1439
0.143883
0.143866
0.143846
0.143824
0.143801
0.143776
0.143749
0.143721
0.14369
0.143658
0.143624
0.143589
0.143551
0.143512
0.143471
0.143428
0.143383
0.143337
0.143289
0.143239
0.143188
0.143134
0.143079
0.143022
0.142964
0.142903
0.142841
0.142777
0.142712
0.142644
0.142575
0.142505
0.142432
0.142358
0.142282
0.142204
0.142125
0.142044
0.141961
0.141876
0.14179
0.141702
0.141613
0.141522
0.141429
0.141334
0.141238
0.14114
0.14104
0.140939
0.140836
0.140731
0.140625
0.140517
0.140408
0.140296
0.140184
0.140069
0.139953
0.139835
0.139716
0.139595
0.139473
0.139349
0.139223
0.139096
0.138967
0.138837
0.138705
0.138571
0.138436
0.1383
0.138162
0.138022
0.137881
0.137738
0.137594
0.137448
0.137301
0.137152
0.137002
0.13685
0.136697
0.136542
0.136386
0.136228
0.136069
0.135909
0.135747
0.135584
0.135419
0.135253
0.135085
0.134916
0.134746
0.134574
0.134401
0.134226
0.13405
0.133873
0.133694
0.133514
0.133333
0.13315
0.132967
0.132781
0.132595
0.132407
0.132218
0.132027
0.131836
0.131643
0.131449
0.131253
0.131057
0.130859
0.13066
0.130459
0.130258
0.130055
0.129851
0.129646
0.12944
0.129233
0.129024
0.128814
0.128604
0.128392
0.128179
0.127964
0.127749
0.127533
0.127316
0.127097
0.126878
0.126657
0.126435
0.126213
0.125989
0.125764
0.125539
0.125312
0.125084
0.124856
0.124626
0.124396
0.124164
0.123932
0.123698
0.123464
0.123229
0.122993
0.122756
0.122518
0.12228
0.12204
0.1218
0.121559
0.121317
0.121074
0.12083
0.120586
0.12034
0.120094
0.119848
0.1196
0.119352
0.119103
0.118853
0.118603
0.118352
0.1181
0.117848
0.117594
0.117341
0.117086
0.116831
0.116575
0.116319
0.116062
0.115805
0.115546
0.115288
0.115028
0.114769
0.114508
0.114247
0.113986
0.113724
0.113462
0.113199
0.112936
0.112672
0.112407
0.112143
0.111878
0.111612
0.111346
0.11108
0.110813
0.110546
0.110278
0.11001
0.109742
0.109473
0.109204
0.108935
0.108666
0.108396
0.108126
0.107855
0.107585
0.107314
0.107043
0.106772
0.1065
0.106228
0.105956
0.105684
0.105412
0.105139
0.104867
0.104594
0.104321
0.104048
0.103775
0.103502
0.103229
0.102955
0.102682
0.102408
0.102135
0.101861
0.101588
0.101314
0.101041
0.100767
0.100494
0.10022
0.0999466
0.0996732
0.0993999
0.0991267
0.0988535
0.0985805
0.0983076
0.0980347
0.0977621
0.0974895
0.0972171
0.0969449
0.0966729
0.096401
0.0961293
0.0958579
0.0955866
0.0953156
0.0950448
0.0947743
0.0945041
0.0942341
0.0939644
0.0936949
0.0934258
0.093157
0.0928885
0.0926204
0.0923526
0.0920851
0.091818
0.0915513
0.091285
0.091019
0.0907535
0.0904884
0.0902237
0.0899594
0.0896956
0.0894323
0.0891694
0.088907
0.088645
0.0883836
0.0881227
0.0878623
0.0876024
0.0873431
0.0870843
0.086826
0.0865683
0.0863112
0.0860547
0.0857988
0.0855435
0.0852888
0.0850347
0.0847812
0.0845284
0.0842763
0.0840248
0.083774
0.0835238
0.0832744
0.0830256
0.0827776
0.0825303
0.0822837
0.0820378
0.0817927
0.0815483
0.0813047
0.0810619
0.0808199
0.0805786
0.0803382
0.0800985
0.0798597
0.0796217
0.0793846
0.0791483
0.0789128
0.0786782
0.0784445
0.0782116
0.0779797
0.0777486
0.0775185
0.0772892
0.0770609
0.0768335
0.0766071
0.0763816
0.076157
0.0759334
0.0757108
0.0754892
0.0752685
0.0750489
0.0748302
0.0746126
0.074396
0.0741804
0.0739659
0.0737524
0.0735399
0.0733285
0.0731182
0.0729089
0.0727007
0.0724937
0.0722877
0.0720828
0.071879
0.0716764
0.0714749
0.0712745
0.0710752
0.0708771
0.0706802
0.0704844
0.0702898
0.0700964
0.0699041
0.0697131
0.0695232
0.0693345
0.0691471
0.0689609
0.0687758
0.0685921
0.0684095
0.0682282
0.0680482
0.0678694
0.0676919
0.0675156
0.0673407
0.067167
0.0669946
0.0668234
0.0666536
0.0664851
0.0663179
0.0661521
0.0659875
0.0658243
0.0656624
0.0655019
0.0653427
0.0651848
0.0650283
0.0648732
0.0647195
0.0645671
0.0644161
0.0642665
0.0641183
0.0639714
0.063826
0.063682
0.0635394
0.0633982
0.0632584
0.0631201
0.0629832
0.0628477
0.0627137
0.0625811
0.0624499
0.0623203
0.062192
0.0620653
0.06194
0.0618162
0.0616938
0.061573
0.0614536
0.0613357
0.0612193
0.0611044
0.060991
0.0608791
0.0607687
0.0606598
0.0605525
0.0604467
0.0603423
0.0602396
0.0601383
0.0600386
0.0599404
0.0598438
0.0597487
0.0596552
0.0595632
0.0594727
0.0593839
0.0592965
0.0592108
0.0591266
0.059044
0.058963
0.0588835
0.0588056
0.0587293
0.0586546
0.0585814
0.0585099
0.0584399
0.0583716
0.0583048
0.0582396
0.058176
0.0581141
0.0580537
0.057995
0.0579378
0.0578823
0.0578284
0.057776
0.0577254
0.0576763
0.0576288
0.057583
0.0575388
0.0574962
0.0574552
0.0574159
0.0573782
0.0573421
0.0573077
0.0572749
0.0572437
0.0572142
0.0571863
0.05716
0.0571354
0.0571124
0.057091
0.0570713
0.0570532
0.0570368
0.057022
0.0570088
0.0569973
0.0569875
0.0569793
0.0569727
0.0569677
0.0569645
0.0569628
)
;

boundaryField
{
    sides
    {
        type            zeroGradient;
    }
    empty
    {
        type            empty;
    }
}


// ************************************************************************* //
