/*--------------------------------*- C++ -*----------------------------------*\
  =========                 |
  \\      /  F ield         | OpenFOAM: The Open Source CFD Toolbox
   \\    /   O peration     | Website:  https://openfoam.org
    \\  /    A nd           | Version:  7
     \\/     M anipulation  |
\*---------------------------------------------------------------------------*/
FoamFile
{
    version     2.0;
    format      ascii;
    class       volScalarField;
    location    "2.91";
    object      T;
}
// * * * * * * * * * * * * * * * * * * * * * * * * * * * * * * * * * * * * * //

dimensions      [0 0 0 1 0 0 0];

internalField   nonuniform List<scalar> 
1000
(
6.88031e-183
7.04171e-183
7.63266e-183
9.30934e-183
1.37198e-182
2.50075e-182
5.35873e-182
1.25627e-181
3.06851e-181
7.62272e-181
1.90602e-180
4.77705e-180
1.19808e-179
3.00486e-179
7.53469e-179
1.88871e-178
4.73267e-178
1.18545e-177
2.96818e-177
7.42898e-177
1.85865e-176
4.6483e-176
1.16204e-175
2.90385e-175
7.25363e-175
1.81119e-174
4.52063e-174
1.12787e-173
2.81285e-173
7.01226e-173
1.74741e-172
4.35266e-172
1.08377e-171
2.69741e-171
6.71084e-171
1.66889e-170
4.14861e-170
1.03086e-169
2.56044e-169
6.35697e-169
1.57763e-168
3.91364e-168
9.70453e-168
2.4054e-167
5.95959e-167
1.47592e-166
3.65364e-166
9.04077e-166
2.23615e-165
5.52854e-165
1.36626e-164
3.375e-164
8.33346e-164
2.05679e-163
5.0742e-163
1.25129e-162
3.0843e-162
7.59921e-162
1.8715e-161
4.60703e-161
1.1336e-160
2.78811e-160
6.85436e-160
1.68435e-159
4.13716e-159
1.01573e-158
2.49266e-158
6.11437e-158
1.49915e-157
3.67402e-157
9.00001e-157
2.20367e-156
5.39327e-156
1.31935e-155
3.22603e-155
7.88457e-155
1.92614e-154
4.70323e-154
1.1479e-153
2.80033e-153
6.82831e-153
1.66423e-152
4.05425e-152
9.87194e-152
2.40265e-151
5.84484e-151
1.42118e-150
3.45396e-150
8.39035e-150
2.0372e-149
4.94401e-149
1.19927e-148
2.90765e-148
7.04626e-148
1.70672e-147
4.13196e-147
9.99855e-147
2.41827e-146
5.846e-146
1.41253e-145
3.41132e-145
8.23439e-145
1.98666e-144
4.7907e-144
1.15467e-143
2.78161e-143
6.69756e-143
1.61182e-142
3.87701e-142
9.32087e-142
2.23972e-141
5.37908e-141
1.29122e-140
3.0979e-140
7.42866e-140
1.78044e-139
4.26501e-139
1.02114e-138
2.44356e-138
5.8443e-138
1.39705e-137
3.33783e-137
7.97048e-137
1.90228e-136
4.53766e-136
1.08183e-135
2.5778e-135
6.13913e-135
1.46127e-134
3.4763e-134
8.2655e-134
1.96419e-133
4.66509e-133
1.10738e-132
2.62722e-132
6.22951e-132
1.47629e-131
3.49661e-131
8.27714e-131
1.95826e-130
4.63037e-130
1.09425e-129
2.58447e-129
6.10071e-129
1.43927e-128
3.39355e-128
7.99685e-128
1.88336e-127
4.43299e-127
1.04282e-126
2.45171e-126
5.76072e-126
1.35279e-125
3.17489e-125
7.44682e-125
1.74565e-124
4.08965e-124
9.57538e-124
2.24062e-123
5.23985e-123
1.22464e-122
2.86048e-122
6.67736e-122
1.55778e-121
3.632e-121
8.46289e-121
1.97072e-120
4.58633e-120
1.06669e-119
2.47936e-119
5.75933e-119
1.33701e-118
3.10187e-118
7.19187e-118
1.66642e-117
3.85882e-117
8.92995e-117
2.06522e-116
4.77316e-116
1.10247e-115
2.54478e-115
5.87019e-115
1.35323e-114
3.11753e-114
7.17737e-114
1.65134e-113
3.79683e-113
8.7241e-113
2.00324e-112
4.5968e-112
1.05412e-111
2.41565e-111
5.53205e-111
1.26604e-110
2.89543e-110
6.61735e-110
1.51133e-109
3.44937e-109
7.86724e-109
1.7931e-108
4.08403e-108
9.29547e-108
2.11423e-107
4.8054e-107
1.09145e-106
2.47725e-106
5.61865e-106
1.27346e-105
2.88424e-105
6.5278e-105
1.47636e-104
3.3366e-104
7.53535e-104
1.70055e-103
3.83494e-103
8.64194e-103
1.94602e-102
4.37888e-102
9.84598e-102
2.21225e-101
4.9669e-101
1.11433e-100
2.49815e-100
5.59622e-100
1.25269e-99
2.80199e-99
6.26265e-99
1.39868e-98
3.12138e-98
6.96052e-98
1.55096e-97
3.45323e-97
7.68266e-97
1.70789e-96
3.79374e-96
8.42043e-96
1.86749e-95
4.13847e-95
9.16378e-95
2.02751e-94
4.48234e-94
9.90142e-94
2.18544e-93
4.8198e-93
1.0621e-92
2.33856e-92
5.14489e-92
1.13096e-91
2.48403e-91
5.45139e-91
1.19536e-90
2.61893e-90
5.73306e-90
1.25396e-89
2.7404e-89
5.98378e-89
1.30547e-88
2.84569e-88
6.19778e-88
1.34868e-87
2.93229e-87
6.36983e-87
1.38251e-86
2.998e-86
6.49548e-86
1.40607e-85
3.04103e-85
6.57122e-85
1.41868e-84
3.06008e-84
6.59464e-84
1.4199e-83
3.05442e-83
6.56454e-83
1.40956e-82
3.02387e-82
6.48101e-82
1.38778e-81
2.96889e-81
6.34547e-81
1.35496e-80
2.89055e-80
6.16061e-80
1.31176e-79
2.79045e-79
5.93031e-79
1.25911e-78
2.67074e-78
5.65952e-78
1.19813e-77
2.53401e-77
5.35408e-77
1.13015e-76
2.38317e-76
5.02049e-76
1.05658e-75
2.2214e-75
4.66569e-75
9.78962e-75
2.052e-74
4.2968e-74
8.98818e-74
1.87825e-73
3.92091e-73
8.1766e-73
1.70337e-72
3.54479e-72
7.36917e-72
1.53035e-71
3.17472e-71
6.57899e-71
1.36192e-70
2.81631e-70
5.81758e-70
1.20043e-69
2.47436e-69
5.09468e-69
1.04784e-68
2.15279e-68
4.41802e-68
9.05682e-68
1.85456e-67
3.79336e-67
7.75033e-67
1.58172e-66
3.2244e-66
6.56562e-66
1.33539e-65
2.71298e-65
5.50537e-65
1.1159e-64
2.25924e-64
4.56873e-64
9.22831e-64
1.86183e-63
3.75186e-63
7.55163e-63
1.51817e-62
3.04847e-62
6.11397e-62
1.22474e-61
2.45042e-61
4.89678e-61
9.77356e-61
1.94834e-60
3.87921e-60
7.71412e-60
1.53212e-59
3.0392e-59
6.02121e-59
1.19142e-58
2.3545e-58
4.64712e-58
9.16046e-58
1.80342e-57
3.54587e-57
6.96288e-57
1.36551e-56
2.67447e-56
5.23136e-56
1.02194e-55
1.99372e-55
3.88447e-55
7.5583e-55
1.46872e-54
2.85019e-54
5.52366e-54
1.06904e-53
2.06622e-53
3.98811e-53
7.68716e-53
1.47969e-52
2.84432e-52
5.45991e-52
1.04663e-51
2.00351e-51
3.82989e-51
7.31089e-51
1.39361e-50
2.65276e-50
5.04241e-50
9.571e-50
1.81407e-49
3.43341e-49
6.48889e-49
1.22457e-48
2.30762e-48
4.3422e-48
8.15863e-48
1.53068e-47
2.86752e-47
5.36393e-47
1.00187e-46
1.86848e-46
3.47945e-46
6.46959e-46
1.20111e-45
2.22653e-45
4.12105e-45
7.61588e-45
1.40528e-44
2.589e-44
4.76241e-44
8.74668e-44
1.60391e-43
2.9365e-43
5.3678e-43
9.79654e-43
1.78508e-42
3.24749e-42
5.8985e-42
1.06963e-41
1.93654e-41
3.50036e-41
6.3167e-41
1.13804e-40
2.04697e-40
3.67577e-40
6.58973e-40
1.17941e-39
2.10735e-39
3.75909e-39
6.6942e-39
1.1901e-38
2.11218e-38
3.74232e-38
6.61927e-38
1.16879e-37
2.06023e-37
3.62534e-37
6.36837e-37
1.11675e-36
1.95489e-36
3.41612e-36
5.95909e-36
1.03768e-35
1.80376e-35
3.12984e-35
5.42119e-35
9.37328e-35
1.61774e-34
2.78707e-34
4.79294e-34
8.22756e-34
1.40978e-33
2.41124e-33
4.11657e-33
7.0151e-33
1.19326e-32
2.02597e-32
3.43343e-32
5.80787e-32
9.80611e-32
1.65259e-31
2.77984e-31
4.66722e-31
7.82128e-31
1.30821e-30
2.18399e-30
3.63915e-30
6.05231e-30
1.00464e-29
1.66444e-29
2.75226e-29
4.54228e-29
7.48202e-29
1.23005e-28
2.01827e-28
3.30514e-28
5.40198e-28
8.81181e-28
1.43458e-27
2.33092e-27
3.77984e-27
6.11731e-27
9.88067e-27
1.59275e-26
2.56239e-26
4.1141e-26
6.59228e-26
1.0542e-25
1.68245e-25
2.67968e-25
4.25938e-25
6.75667e-25
1.06964e-24
1.68991e-24
2.66442e-24
4.19235e-24
6.58302e-24
1.03158e-23
1.61322e-23
2.51763e-23
3.92099e-23
6.09404e-23
9.45189e-23
1.46297e-22
2.25971e-22
3.48313e-22
5.35779e-22
8.22429e-22
1.25982e-21
1.9258e-21
2.93772e-21
4.47199e-21
6.79334e-21
1.02981e-20
1.55783e-20
2.35164e-20
3.5425e-20
5.32521e-20
7.9882e-20
1.19577e-19
1.7862e-19
2.66254e-19
3.96047e-19
5.87867e-19
8.70751e-19
1.28703e-18
1.89831e-18
2.794e-18
4.1036e-18
6.01427e-18
8.79592e-18
1.28369e-17
1.86946e-17
2.71676e-17
3.93972e-17
5.7011e-17
8.23248e-17
1.18626e-16
1.70573e-16
2.44748e-16
3.50434e-16
5.00694e-16
7.13867e-16
1.01565e-15
1.44194e-15
2.04283e-15
2.888e-15
4.07421e-15
5.73551e-15
8.05716e-15
1.12947e-14
1.57997e-14
2.20551e-14
3.07222e-14
4.27053e-14
5.92374e-14
8.1997e-14
1.13263e-13
1.56122e-13
2.14749e-13
2.94774e-13
4.03773e-13
5.51923e-13
7.52858e-13
1.02481e-12
1.39209e-12
1.88708e-12
2.55276e-12
3.44611e-12
4.64248e-12
6.24127e-12
8.37335e-12
1.12107e-11
1.49785e-11
1.99717e-11
2.65748e-11
3.52888e-11
4.67646e-11
6.18459e-11
8.16245e-11
1.0751e-10
1.41317e-10
1.85381e-10
2.42692e-10
3.17082e-10
4.13443e-10
5.38007e-10
6.987e-10
9.05578e-10
1.17137e-09
1.51218e-09
1.94826e-09
2.50515e-09
3.21487e-09
4.11753e-09
5.2633e-09
6.71473e-09
8.5497e-09
1.08649e-08
1.37803e-08
1.74441e-08
2.20395e-08
2.77917e-08
3.4978e-08
4.39382e-08
5.50884e-08
6.89367e-08
8.61025e-08
1.07339e-07
1.33562e-07
1.65878e-07
2.05626e-07
2.54424e-07
3.14215e-07
3.87336e-07
4.76591e-07
5.8533e-07
7.17558e-07
8.78044e-07
1.07246e-06
1.30755e-06
1.59127e-06
1.93305e-06
2.34402e-06
2.83725e-06
3.42813e-06
4.13469e-06
4.97801e-06
5.98274e-06
7.17759e-06
8.59594e-06
1.02766e-05
1.22644e-05
1.46113e-05
1.73771e-05
2.0631e-05
2.44521e-05
2.89313e-05
3.41729e-05
4.02956e-05
4.7435e-05
5.57455e-05
6.54022e-05
7.66037e-05
8.95746e-05
0.000104569
0.000121871
0.000141804
0.000164728
0.000191046
0.00022121
0.000255723
0.000295147
0.000340105
0.000391287
0.000449459
0.000515466
0.000590238
0.000674801
0.00077028
0.000877908
0.000999034
0.00113513
0.0012878
0.00145878
0.00164997
0.0018634
0.00210131
0.00236605
0.00266021
0.00298653
0.00334797
0.00374768
0.00418901
0.00467557
0.00521114
0.00579977
0.00644572
0.0071535
0.00792783
0.00877371
0.00969634
0.0107012
0.011794
0.0129805
0.0142671
0.01566
0.0171658
0.0187913
0.0205435
0.0224294
0.0244563
0.0266316
0.0289629
0.0314578
0.0341239
0.0369689
0.0400007
0.0432267
0.0466548
0.0502925
0.0541473
0.0582263
0.0625368
0.0670856
0.0718794
0.0769243
0.0822264
0.0877913
0.0936242
0.0997296
0.106112
0.112775
0.119721
0.126954
0.134475
0.142285
0.150385
0.158774
0.167453
0.176419
0.185669
0.195202
0.205012
0.215095
0.225446
0.236059
0.246926
0.258039
0.26939
0.280971
0.29277
0.304778
0.316982
0.329371
0.341934
0.354655
0.367523
0.380523
0.39364
0.40686
0.420168
0.433549
0.446986
0.460464
0.473968
0.487481
0.500988
0.514472
0.527918
0.54131
0.554633
0.567871
0.581009
0.594033
0.606928
0.619681
0.632277
0.644704
0.656949
0.668999
0.680843
0.692471
0.70387
0.715031
0.725944
0.736601
0.746992
0.75711
0.766947
0.776496
0.78575
0.794703
0.80335
0.811686
0.819705
0.827403
0.834776
0.841821
0.848533
0.85491
0.860949
0.866647
0.872001
0.877009
0.881669
0.885979
0.889937
0.893542
0.89679
0.899681
0.902213
0.904384
0.906192
0.907637
0.908716
0.909428
0.909771
0.909745
0.909348
0.908577
0.907433
0.905914
0.90402
0.901748
0.899099
0.896073
0.892668
0.888886
0.884726
0.880188
0.875275
0.869987
0.864326
0.858295
0.851895
0.84513
0.838005
0.830522
0.822687
0.814505
0.805982
0.797125
0.78794
0.778437
0.768622
0.758505
0.748095
0.737404
0.726442
0.71522
0.70375
0.692045
0.680118
0.667983
0.655654
0.643145
0.630471
0.617648
0.60469
0.591615
0.578437
0.565173
0.55184
0.538454
0.525031
0.511587
0.49814
0.484705
0.471297
0.457934
0.444631
0.431402
0.418263
0.405227
0.39231
0.379523
0.366882
0.354396
0.34208
0.329943
0.317997
0.306251
0.294714
0.283396
0.272304
0.261445
0.250826
0.240452
0.230329
0.220461
0.210852
0.201504
0.192421
0.183604
0.175053
0.16677
0.158754
0.151004
0.14352
0.136299
0.12934
0.122639
0.116194
0.11
0.104055
0.0983529
0.09289
0.0876612
0.0826614
0.0778853
0.0733272
0.0689814
0.0648419
0.0609028
0.057158
0.0536011
0.0502261
0.0470266
0.0439963
0.0411289
0.0384183
0.0358583
0.0334426
0.0311654
0.0290205
0.0270022
0.0251047
0.0233224
0.0216498
0.0200816
0.0186126
0.0172378
0.0159521
0.014751
0.0136299
0.0125843
0.01161
0.0107029
0.00985925
0.00907513
0.00834704
0.00767153
0.00704536
0.00646541
0.00592872
0.0054325
0.00497407
0.00455092
0.00416065
0.00380102
0.00346989
0.00316525
0.00288522
0.00262803
0.00239199
0.00217555
0.00197725
0.00179571
0.00162964
0.00147786
0.00133923
0.00121274
0.00109739
0.000992303
0.000896632
0.000809604
0.000730499
0.000658654
0.000593451
0.000534324
0.000480747
0.000432236
0.000388347
0.00034867
0.000312826
0.000280472
0.000251288
0.000224985
0.000201295
0.000179975
0.000160802
0.000143573
0.000128102
0.00011422
0.000101773
9.06207e-05
8.06357e-05
7.17024e-05
6.37158e-05
5.65807e-05
5.02109e-05
4.45284e-05
3.94627e-05
3.495e-05
3.09329e-05
2.73594e-05
2.41827e-05
2.13608e-05
1.88559e-05
1.66338e-05
1.4664e-05
1.29191e-05
1.13745e-05
1.0008e-05
8.80004e-06
7.7329e-06
6.79082e-06
5.9597e-06
5.22696e-06
4.58141e-06
4.01304e-06
3.51296e-06
3.07326e-06
2.68691e-06
2.34766e-06
2.04997e-06
1.78891e-06
1.56013e-06
1.35978e-06
1.18445e-06
1.03119e-06
8.9745e-07
7.81244e-07
6.81505e-07
5.99185e-07
5.40335e-07
)
;

boundaryField
{
    sides
    {
        type            zeroGradient;
    }
    empty
    {
        type            empty;
    }
}


// ************************************************************************* //
