/*--------------------------------*- C++ -*----------------------------------*\
  =========                 |
  \\      /  F ield         | OpenFOAM: The Open Source CFD Toolbox
   \\    /   O peration     | Website:  https://openfoam.org
    \\  /    A nd           | Version:  7
     \\/     M anipulation  |
\*---------------------------------------------------------------------------*/
FoamFile
{
    version     2.0;
    format      ascii;
    class       volScalarField;
    location    "1.12";
    object      T;
}
// * * * * * * * * * * * * * * * * * * * * * * * * * * * * * * * * * * * * * //

dimensions      [0 0 0 1 0 0 0];

internalField   nonuniform List<scalar> 
1000
(
0
0
0
0
0
0
0
0
0
0
0
0
0
0
0
0
0
0
0
0
0
0
0
0
0
0
0
0
0
0
0
0
0
0
0
0
0
0
0
0
0
0
0
0
0
0
0
0
0
0
0
0
0
0
0
0
0
0
0
0
0
0
0
0
0
0
0
0
0
0
0
0
0
0
0
0
0
0
0
0
0
0
0
0
0
0
0
0
0
0
0
0
0
0
0
0
0
0
0
0
0
0
0
0
0
0
0
0
0
0
0
0
0
0
0
0
0
0
0
0
0
0
0
0
0
0
0
0
0
0
0
0
0
0
0
0
0
0
0
0
0
0
0
0
0
0
0
0
0
0
0
0
0
0
0
0
0
0
0
0
0
0
0
0
0
0
0
0
0
0
0
0
0
0
0
0
0
0
0
0
0
0
0
0
0
0
0
0
0
0
0
0
0
0
0
0
0
0
0
0
0
0
0
0
0
0
0
0
0
0
0
0
0
0
0
0
0
0
0
0
0
0
0
0
0
0
0
0
0
0
0
0
0
0
0
0
0
0
0
0
0
0
0
0
0
0
0
0
0
0
0
0
0
0
0
0
0
0
0
0
0
0
0
0
0
0
0
0
0
0
0
0
0
0
0
0
0
0
0
0
0
0
0
0
0
0
0
0
0
0
0
0
0
0
0
0
0
0
0
0
0
0
0
0
0
0
0
0
0
0
0
0
0
0
0
0
0
0
0
0
0
0
0
0
0
0
0
0
0
0
0
0
0
0
0
0
0
0
7.14367e-102
-3.59327e-99
8.93009e-97
-1.46177e-94
1.77268e-92
-1.69843e-90
1.33899e-88
-8.9321e-87
5.14564e-85
-2.59999e-83
1.16638e-81
-4.69137e-80
1.70546e-78
-5.64117e-77
1.7074e-75
-4.75151e-74
1.22082e-72
-2.90634e-71
6.4309e-70
-1.32619e-68
2.55493e-67
-4.60783e-66
7.79383e-65
-1.23832e-63
1.85072e-62
-2.6049e-61
3.45643e-60
-4.32727e-59
5.11506e-58
-5.71169e-57
6.02725e-56
-6.01185e-55
5.66829e-54
-5.05123e-53
4.25311e-52
-3.38184e-51
2.53746e-50
-1.79468e-49
1.19483e-48
-7.47398e-48
4.38213e-47
-2.40066e-46
1.22365e-45
-5.76965e-45
2.49594e-44
-9.78384e-44
3.40482e-43
-1.01212e-42
2.34251e-42
-2.84528e-42
-7.85136e-42
6.82848e-41
-2.67622e-40
6.60976e-40
-6.61743e-40
-2.84514e-39
1.79131e-38
-5.03353e-38
5.38794e-38
1.96611e-37
-1.14827e-36
2.57124e-36
-1.67071e-37
-1.83431e-35
5.91376e-35
-5.02453e-35
-2.61681e-34
1.0723e-33
-1.14641e-33
-4.01161e-33
1.72109e-32
-1.56801e-32
-6.98832e-32
2.45696e-31
-9.72227e-32
-1.22869e-30
2.87234e-30
1.67577e-30
-1.85851e-29
2.12906e-29
6.50816e-29
-2.0583e-28
-4.52291e-29
1.08861e-27
-1.12592e-27
-3.94427e-27
9.65867e-27
8.50876e-27
-5.24339e-26
8.23966e-27
2.25756e-25
-2.07373e-25
-8.24159e-25
1.39859e-24
2.6189e-24
-7.06495e-24
-7.3005e-24
3.0887e-23
1.7803e-23
-1.23632e-22
-3.80881e-23
4.66753e-22
7.8429e-23
-1.69012e-21
-2.28836e-22
5.91314e-21
1.1943e-21
-1.99654e-20
-7.26233e-21
6.44282e-20
4.00915e-20
-1.9485e-19
-1.94045e-19
5.33284e-19
8.27613e-19
-1.22932e-18
-3.11544e-18
1.90604e-18
1.02407e-17
1.0253e-18
-2.84756e-17
-2.3266e-17
6.15739e-17
1.12675e-16
-7.34886e-17
-3.65877e-16
-1.36113e-16
8.30919e-16
1.16459e-15
-9.51575e-16
-3.9522e-15
-1.88959e-15
7.7145e-15
1.35354e-14
-2.76617e-15
-3.60707e-14
-3.85432e-14
3.60748e-14
1.38233e-13
1.02398e-13
-1.78601e-13
-4.87778e-13
-2.97331e-13
6.66177e-13
1.67285e-12
1.08213e-12
-2.0213e-12
-5.61971e-12
-4.70247e-12
4.49406e-12
1.78028e-11
2.07906e-11
-2.13968e-12
-4.84214e-11
-8.25356e-11
-4.75807e-11
8.70886e-11
2.64583e-10
3.20913e-10
6.35126e-11
-5.49835e-10
-1.22553e-09
-1.31535e-09
-1.19606e-10
2.49757e-09
5.46319e-09
6.34098e-09
2.18747e-09
-8.44829e-09
-2.29935e-08
-3.32261e-08
-2.64165e-08
9.38081e-09
7.6135e-08
1.55544e-07
2.03048e-07
1.5294e-07
-5.98281e-08
-4.60253e-07
-9.83324e-07
-1.43021e-06
-1.45577e-06
-6.16163e-07
1.49967e-06
5.04683e-06
9.62883e-06
1.39851e-05
1.57557e-05
1.14537e-05
-3.20493e-06
-3.24586e-05
-7.90185e-05
-0.000141872
-0.000213375
-0.000275729
-0.000297045
-0.000227298
5.46862e-06
0.000498265
0.00137519
0.002788
0.00491495
0.00795768
0.0121362
0.0176821
0.0248303
0.0338094
0.0448319
0.0580842
0.0737175
0.091839
0.112506
0.135721
0.161429
0.189519
0.219826
0.252132
0.286179
0.321672
0.358288
0.395689
0.433528
0.47146
0.509151
0.546285
0.582571
0.617749
0.651592
0.68391
0.714551
0.743401
0.77038
0.795447
0.818587
0.839818
0.85918
0.876734
0.892558
0.906744
0.919391
0.930608
0.940505
0.949193
0.956782
0.96338
0.969088
0.974005
0.97822
0.981819
0.984877
0.987466
0.989647
0.991479
0.99301
0.994285
0.995343
0.996217
0.996937
0.997528
0.998011
0.998405
0.998724
0.998983
0.999191
0.999359
0.999493
0.999601
0.999686
0.999754
0.999808
0.99985
0.999883
0.999909
0.99993
0.999946
0.999958
0.999968
0.999976
0.999982
0.999987
0.999991
0.999993
0.999994
0.999994
0.999991
0.999988
0.999984
0.999983
0.999987
1
1.00003
1.00008
1.00014
1.00021
1.00028
1.0003
1.00023
0.999994
0.999502
0.998625
0.997212
0.995085
0.992042
0.987864
0.982318
0.97517
0.966191
0.955168
0.941916
0.926282
0.908161
0.887494
0.864279
0.838571
0.810481
0.780174
0.747868
0.713821
0.678328
0.641712
0.604311
0.566472
0.52854
0.490849
0.453715
0.417429
0.382251
0.348408
0.31609
0.285449
0.256599
0.22962
0.204553
0.181413
0.160182
0.14082
0.123266
0.107442
0.0932564
0.0806088
0.0693918
0.0594951
0.0508071
0.0432179
0.0366202
0.0309116
0.025995
0.0217795
0.0181811
0.0151227
0.0125343
0.0103526
0.00852132
0.0069902
0.00571505
0.00465714
0.00378276
0.00306272
0.00247194
0.00198892
0.00159539
0.00127586
0.0010173
0.000808757
0.000641108
0.000506763
0.000399445
0.000313981
0.000246128
0.000192419
0.00015003
0.000116672
9.04966e-05
7.00142e-05
5.40313e-05
4.15933e-05
3.19399e-05
2.44676e-05
1.86987e-05
1.42562e-05
1.08439e-05
8.22934e-06
6.23101e-06
4.70735e-06
3.54839e-06
2.66893e-06
2.0031e-06
1.50017e-06
1.12114e-06
8.36137e-07
6.22298e-07
4.62207e-07
3.4261e-07
2.53455e-07
1.87132e-07
1.37897e-07
1.0142e-07
7.44512e-08
5.45512e-08
3.98961e-08
2.91247e-08
2.12229e-08
1.54372e-08
1.12089e-08
8.12448e-09
5.87861e-09
4.24627e-09
3.06199e-09
2.2043e-09
1.58422e-09
1.1367e-09
8.14275e-10
5.82366e-10
4.15843e-10
2.96467e-10
2.11031e-10
1.49984e-10
1.06434e-10
7.54152e-11
5.33562e-11
3.76935e-11
2.65895e-11
1.87293e-11
1.31737e-11
9.25284e-12
6.48975e-12
4.54541e-12
3.17919e-12
2.22056e-12
1.54888e-12
1.07892e-12
7.50552e-13
5.21432e-13
3.61781e-13
2.50686e-13
1.73483e-13
1.19902e-13
8.27659e-14
5.706e-14
3.92892e-14
2.70197e-14
1.85591e-14
1.27324e-14
8.72457e-15
5.9712e-15
4.08196e-15
2.7872e-15
1.90093e-15
1.29499e-15
8.81195e-16
5.98947e-16
4.06648e-16
2.75783e-16
1.86827e-16
1.26427e-16
8.54608e-17
5.77072e-17
3.89252e-17
2.62285e-17
1.76547e-17
1.18713e-17
7.97421e-18
5.35099e-18
3.58707e-18
2.4022e-18
1.60711e-18
1.07411e-18
7.17182e-19
4.78393e-19
3.18802e-19
2.12246e-19
1.41171e-19
9.38079e-20
6.22768e-20
4.13056e-20
2.7371e-20
1.81207e-20
1.19857e-20
7.92058e-21
5.22953e-21
3.4497e-21
2.27361e-21
1.49717e-21
9.85021e-22
6.47509e-22
4.25277e-22
2.7908e-22
1.82986e-22
1.19879e-22
7.84698e-23
5.13221e-23
3.35388e-23
2.18996e-23
1.42881e-23
9.3145e-24
6.06734e-24
3.94904e-24
2.56828e-24
1.66898e-24
1.08373e-24
7.03167e-25
4.5589e-25
2.95345e-25
1.91193e-25
1.23676e-25
7.99416e-26
5.16343e-26
3.3326e-26
2.14936e-26
1.38522e-26
8.92102e-27
5.74112e-27
3.69206e-27
2.37264e-27
1.52366e-27
9.7778e-28
6.27034e-28
4.01827e-28
2.57329e-28
1.6468e-28
1.05317e-28
6.73076e-29
4.29869e-29
2.74359e-29
1.7499e-29
1.11538e-29
7.10472e-30
4.5226e-30
2.87706e-30
1.82907e-30
1.16207e-30
7.37838e-31
4.68181e-31
2.96889e-31
1.8815e-31
1.19163e-31
7.54249e-32
4.77111e-32
3.0162e-32
1.90563e-32
1.20324e-32
7.59291e-33
4.78856e-33
3.01817e-33
1.9012e-33
1.1969e-33
7.53065e-34
4.73541e-34
2.97599e-34
1.86921e-34
1.17338e-34
7.36156e-35
4.61592e-35
2.8927e-35
1.81179e-35
1.13415e-35
7.09568e-36
4.4369e-36
2.77287e-36
1.73198e-36
1.08124e-36
6.74639e-37
4.20715e-37
2.62225e-37
1.63354e-37
1.01709e-37
6.32939e-38
3.93676e-38
2.44733e-38
1.52063e-38
9.44345e-39
5.86163e-39
3.63652e-39
2.25495e-39
1.39755e-39
8.65735e-40
5.36027e-40
3.31722e-40
2.05186e-40
1.26856e-40
7.83906e-41
4.8418e-41
2.98911e-41
1.84446e-41
1.1376e-41
7.013e-42
4.3213e-42
2.66147e-42
1.63843e-42
1.00816e-42
6.20061e-43
3.81187e-43
2.34231e-43
1.43864e-43
8.83212e-44
5.41978e-44
3.32433e-44
2.03813e-44
1.24902e-44
7.6509e-45
4.68453e-45
2.86701e-45
1.7539e-45
1.07248e-45
6.55526e-46
4.005e-46
2.44585e-46
1.49305e-46
9.11031e-47
5.55661e-47
3.38769e-47
2.06451e-47
1.25763e-47
7.65782e-48
4.66101e-48
2.83582e-48
1.72464e-48
1.04844e-48
6.37106e-49
3.86996e-49
2.34978e-49
1.42618e-49
8.65268e-50
5.24753e-50
3.18118e-50
1.92776e-50
1.16774e-50
7.07087e-51
4.27988e-51
2.58954e-51
1.5662e-51
9.4691e-52
5.72274e-52
3.45729e-52
2.08787e-52
1.2604e-52
7.60596e-53
4.58814e-53
2.76668e-53
1.66772e-53
1.00491e-53
6.05301e-54
3.64468e-54
2.19376e-54
1.31997e-54
7.93932e-55
4.77361e-55
2.86917e-55
1.7239e-55
1.03542e-55
6.21678e-56
3.73133e-56
2.23878e-56
1.34279e-56
8.05111e-57
4.82563e-57
2.89137e-57
1.73183e-57
1.03695e-57
6.20616e-58
3.72358e-58
2.06828e-58
)
;

boundaryField
{
    sides
    {
        type            zeroGradient;
    }
    empty
    {
        type            empty;
    }
}


// ************************************************************************* //
