/*--------------------------------*- C++ -*----------------------------------*\
  =========                 |
  \\      /  F ield         | OpenFOAM: The Open Source CFD Toolbox
   \\    /   O peration     | Website:  https://openfoam.org
    \\  /    A nd           | Version:  7
     \\/     M anipulation  |
\*---------------------------------------------------------------------------*/
FoamFile
{
    version     2.0;
    format      ascii;
    class       volScalarField;
    location    "2.25";
    object      T;
}
// * * * * * * * * * * * * * * * * * * * * * * * * * * * * * * * * * * * * * //

dimensions      [0 0 0 1 0 0 0];

internalField   nonuniform List<scalar> 
1000
(
0
0
0
0
0
0
0
0
0
0
0
0
0
0
0
0
0
0
0
0
0
0
0
0
0
0
0
0
0
0
0
0
0
0
0
0
0
0
0
0
0
0
0
0
0
0
0
0
0
0
0
0
0
0
0
0
0
0
0
0
0
0
0
0
0
0
0
0
0
0
0
0
0
0
0
0
0
0
0
0
0
0
0
0
0
0
0
0
0
0
0
0
0
0
0
0
0
0
0
0
0
0
0
0
0
0
0
0
0
0
0
0
0
0
0
0
0
0
0
0
0
0
0
0
0
0
0
0
0
0
0
0
0
0
0
0
0
0
0
0
0
0
0
0
0
0
0
0
0
0
0
0
0
0
0
0
0
0
0
0
0
0
0
0
0
0
0
0
0
0
0
0
0
0
0
0
0
0
0
0
0
0
0
0
0
0
0
-1.44267e-321
-4.16006e-318
-1.16996e-314
-3.21226e-311
-8.60341e-308
-2.24587e-304
-5.70903e-301
-1.41183e-297
-3.39317e-294
-7.91678e-291
-1.79102e-287
-3.92383e-284
-8.31346e-281
-1.70086e-277
-3.35483e-274
-6.36828e-271
-1.16114e-267
-2.02924e-264
-3.39117e-261
-5.40498e-258
-8.19211e-255
-1.17683e-251
-1.59631e-248
-2.03571e-245
-2.42841e-242
-2.69368e-239
-2.75853e-236
-2.58523e-233
-2.19272e-230
-1.65886e-227
-1.09714e-224
-6.15728e-222
-2.78961e-219
-9.20591e-217
-1.56456e-214
2.7558e-212
2.18431e-209
1.58368e-207
-1.82989e-204
-1.63065e-202
1.78936e-199
-1.55846e-197
-1.21219e-194
5.68793e-192
-1.44359e-189
2.67019e-187
-3.96087e-185
4.94202e-183
-5.33897e-181
5.09312e-179
-4.35211e-177
3.36793e-175
-2.38093e-173
1.54855e-171
-9.32087e-170
5.21803e-168
-2.72856e-166
1.33768e-164
-6.16842e-163
2.6832e-161
-1.10383e-159
4.30448e-158
-1.59444e-156
5.62051e-155
-1.88872e-153
6.0598e-152
-1.85895e-150
5.45965e-149
-1.537e-147
4.15218e-146
-1.07752e-144
2.68862e-143
-6.45621e-142
1.49324e-140
-3.32903e-139
7.159e-138
-1.48602e-136
2.97925e-135
-5.7723e-134
1.08141e-132
-1.95996e-131
3.43818e-130
-5.84018e-129
9.60989e-128
-1.5324e-126
2.36887e-125
-3.55116e-124
5.16408e-123
-7.28667e-122
9.97914e-121
-1.32674e-119
1.71279e-118
-2.14747e-117
2.61537e-116
-3.09447e-115
3.55749e-114
-3.97422e-113
4.31471e-112
-4.55273e-111
4.66909e-110
-4.65418e-109
4.50928e-108
-4.24632e-107
3.88635e-106
-3.45672e-105
2.98768e-104
-2.50898e-103
2.04685e-102
-1.62187e-101
1.24792e-100
-9.32144e-100
6.75719e-99
-4.75202e-98
3.24068e-97
-2.14205e-96
1.37155e-95
-8.50171e-95
5.09782e-94
-2.95439e-93
1.65316e-92
-8.92077e-92
4.63564e-91
-2.31574e-90
1.10976e-89
-5.08843e-89
2.22488e-88
-9.23601e-88
3.61833e-87
-1.32622e-86
4.48733e-86
-1.3697e-85
3.59981e-85
-7.17102e-85
4.64218e-85
4.76607e-84
-3.20735e-83
1.31815e-82
-4.05091e-82
8.861e-82
-7.41861e-82
-4.69602e-81
3.10885e-80
-1.11703e-79
2.60416e-79
-2.30341e-79
-1.27553e-78
8.00359e-78
-2.52145e-77
4.27296e-77
3.08434e-77
-4.99364e-76
1.85221e-75
-3.50836e-75
-1.04723e-75
3.29226e-74
-1.20654e-73
2.00598e-73
1.9844e-73
-2.3064e-72
6.84037e-72
-6.69382e-72
-2.84743e-71
1.478e-70
-2.85442e-70
-1.445e-70
2.54082e-69
-7.01139e-69
3.70177e-69
3.80939e-68
-1.39483e-67
1.45257e-67
5.35802e-67
-2.48636e-66
3.2578e-66
7.68213e-66
-4.16397e-65
5.78144e-65
1.21186e-64
-6.68293e-64
8.58373e-64
2.13043e-63
-1.02556e-62
1.02908e-62
3.9249e-62
-1.47176e-61
7.98902e-62
7.00359e-61
-1.89027e-60
-2.89568e-61
1.1381e-59
-1.99439e-59
-2.69926e-59
1.59803e-58
-1.3317e-58
-6.438e-58
1.80222e-57
5.0217e-58
-1.03821e-56
1.35046e-56
3.37394e-56
-1.1965e-55
-1.19574e-57
6.09777e-55
-8.22412e-55
-1.95863e-54
6.58324e-54
1.40779e-54
-3.37189e-53
3.27559e-53
1.23926e-52
-2.9169e-52
-2.71213e-52
1.63835e-51
-3.80912e-52
-7.13532e-51
8.36057e-51
2.46336e-50
-5.85873e-50
-6.04037e-50
3.05442e-49
2.89431e-50
-1.34022e-48
8.18781e-49
5.14218e-48
-6.7497e-48
-1.73607e-47
3.80699e-47
5.03778e-47
-1.81569e-46
-1.14311e-46
7.81767e-46
1.14753e-46
-3.13474e-45
7.38166e-46
1.19291e-44
-6.70685e-45
-4.36739e-44
3.72245e-44
1.55569e-43
-1.7275e-43
-5.44589e-43
7.24998e-43
1.89066e-42
-2.8403e-42
-6.56056e-42
1.05456e-41
2.28829e-41
-3.73632e-41
-8.0438e-41
1.26486e-40
2.84711e-40
-4.07576e-40
-1.01047e-39
1.23716e-39
3.57196e-39
-3.46111e-39
-1.24731e-38
8.49836e-39
4.26306e-38
-1.58265e-38
-1.41179e-37
5.6768e-39
4.47773e-37
1.43504e-37
-1.33984e-36
-9.8462e-37
3.69798e-36
4.65491e-36
-9.03306e-36
-1.84265e-35
1.76329e-35
6.40897e-35
-1.67648e-35
-1.97501e-34
-6.79171e-35
5.30161e-34
5.30054e-34
-1.1699e-33
-2.29028e-33
1.71971e-33
7.64443e-33
7.84046e-34
-2.05894e-32
-1.79722e-32
4.22035e-32
8.29101e-32
-4.57452e-32
-2.61495e-31
-1.03186e-31
6.04044e-31
8.1574e-31
-8.38705e-31
-2.91594e-30
-6.01752e-31
6.94993e-30
8.42394e-30
-9.27882e-30
-3.093e-29
-8.78269e-30
6.85109e-29
9.58162e-29
-6.57081e-29
-3.10523e-28
-1.88688e-28
5.45632e-28
1.09562e-27
-3.28387e-29
-2.68972e-27
-3.1862e-27
2.52619e-27
1.0754e-26
7.58841e-27
-1.57244e-26
-3.82606e-26
-1.33443e-26
7.16399e-26
1.27405e-25
7.40293e-27
-2.83882e-25
-4.12448e-25
6.92702e-26
1.04001e-24
1.34021e-24
-4.05778e-25
-3.62348e-24
-4.47358e-24
1.40868e-24
1.21398e-23
1.54646e-23
-3.0405e-24
-3.90096e-23
-5.48299e-23
-1.4073e-24
1.1816e-22
1.94768e-22
6.07016e-23
-3.2413e-22
-6.7198e-22
-4.26576e-22
7.30479e-22
2.16927e-21
2.1661e-21
-8.96775e-22
-6.21575e-21
-9.0581e-21
-2.84813e-21
1.42e-20
3.17302e-20
2.76335e-20
-1.65722e-20
-8.914e-20
-1.30977e-19
-5.75502e-20
1.67312e-19
4.39426e-19
4.90176e-19
2.31157e-20
-9.82764e-19
-1.96974e-18
-1.82075e-18
5.09111e-19
4.81559e-18
8.60034e-18
7.33155e-18
-3.00781e-18
-2.13978e-17
-3.7756e-17
-3.36771e-17
8.26713e-18
8.71566e-17
1.66388e-16
1.71813e-16
2.14037e-17
-3.09744e-16
-7.1135e-16
-8.99875e-16
-4.88764e-16
7.8966e-16
2.74726e-15
4.44605e-15
4.21317e-15
2.37761e-16
-8.16164e-15
-1.89148e-14
-2.60696e-14
-2.04065e-14
7.03677e-15
5.82962e-14
1.20306e-13
1.59274e-13
1.236e-13
-3.87669e-14
-3.46369e-13
-7.39647e-13
-1.04322e-12
-9.63787e-13
-1.57158e-13
1.61179e-12
4.22279e-12
6.92626e-12
8.16645e-12
5.68322e-12
-2.90965e-12
-1.8939e-11
-4.09318e-11
-6.26812e-11
-7.18837e-11
-5.05033e-11
2.17586e-11
1.5969e-10
3.60111e-10
5.85974e-10
7.50734e-10
7.09728e-10
2.68324e-10
-7.81544e-10
-2.58543e-09
-5.10492e-09
-7.95528e-09
-1.02246e-08
-1.03217e-08
-5.92952e-09
5.82653e-09
2.78634e-08
6.21348e-08
1.08016e-07
1.60022e-07
2.04944e-07
2.18679e-07
1.63349e-07
-1.42934e-08
-3.81684e-07
-1.0144e-06
-1.98251e-06
-3.32585e-06
-5.01429e-06
-6.88816e-06
-8.57408e-06
-9.3708e-06
-8.10037e-06
-2.92011e-06
8.90784e-06
3.12913e-05
6.96265e-05
0.000131159
0.000225379
0.000364447
0.000563631
0.000841753
0.00122161
0.00173038
0.00239992
0.00326708
0.0043738
0.00576718
0.00749938
0.00962733
0.0122123
0.0153194
0.0190166
0.0233742
0.028463
0.0343541
0.0411166
0.0488171
0.0575173
0.0672734
0.0781344
0.0901404
0.103322
0.117699
0.13328
0.15006
0.168022
0.187135
0.207358
0.228635
0.250898
0.274069
0.298058
0.322769
0.348096
0.373928
0.400149
0.426641
0.453284
0.479957
0.506545
0.532932
0.559008
0.584671
0.609823
0.634376
0.658248
0.68137
0.703679
0.725123
0.74566
0.765256
0.783888
0.801541
0.818208
0.83389
0.848598
0.862344
0.875151
0.887044
0.898053
0.908212
0.917558
0.92613
0.933968
0.941114
0.94761
0.953499
0.958821
0.963618
0.96793
0.971795
0.97525
0.97833
0.981069
0.983499
0.985648
0.987544
0.989213
0.990678
0.991961
0.993082
0.99406
0.99491
0.995647
0.996286
0.996837
0.997313
0.997723
0.998075
0.998376
0.998632
0.998849
0.999029
0.999175
0.999285
0.999359
0.999393
0.999378
0.999306
0.999163
0.998932
0.998592
0.998116
0.997473
0.996629
0.995541
0.994163
0.992443
0.990326
0.987749
0.98465
0.980958
0.976605
0.97152
0.965633
0.958873
0.951174
0.942476
0.932721
0.921861
0.909856
0.896675
0.882298
0.866718
0.849939
0.831977
0.812864
0.792641
0.771364
0.749102
0.725931
0.701942
0.677231
0.651904
0.626072
0.599851
0.573359
0.546716
0.520042
0.493455
0.467068
0.440992
0.415329
0.390177
0.365624
0.341752
0.31863
0.296321
0.274877
0.25434
0.234744
0.216112
0.198459
0.181792
0.16611
0.151402
0.137656
0.124849
0.112956
0.101947
0.0917882
0.0824421
0.0738703
0.066032
0.0588858
0.0523895
0.0465011
0.0411788
0.0363817
0.0320699
0.028205
0.02475
0.0216696
0.0189305
0.0165013
0.0143523
0.0124561
0.0107872
0.00932189
0.0080386
0.0069174
0.00594017
0.00509045
0.00435333
0.00371537
0.0031645
0.00268991
0.00228196
0.00193206
0.00163261
0.0013769
0.00115901
0.000973742
0.000816539
0.000683431
0.000570956
0.000476111
0.000396294
0.000329258
0.000273069
0.000226064
0.000186818
0.000154114
0.000126913
0.000104332
8.56217e-05
7.01468e-05
5.73716e-05
4.68443e-05
3.81851e-05
3.10751e-05
2.52475e-05
2.04794e-05
1.6585e-05
1.34097e-05
1.08251e-05
8.72483e-06
7.02108e-06
5.64126e-06
4.52562e-06
3.62507e-06
2.89931e-06
2.31535e-06
1.84625e-06
1.47001e-06
1.16872e-06
9.27817e-07
7.35504e-07
5.82213e-07
4.60211e-07
3.63258e-07
2.86327e-07
2.25372e-07
1.77147e-07
1.39049e-07
1.08996e-07
8.53215e-08
6.66993e-08
5.20717e-08
4.0598e-08
3.16106e-08
2.45805e-08
1.90889e-08
1.48051e-08
1.14679e-08
8.87154e-09
6.85432e-09
5.28912e-09
4.07623e-09
3.13758e-09
2.4121e-09
1.85209e-09
1.42037e-09
1.08797e-09
8.32356e-10
6.36038e-10
4.85448e-10
3.70076e-10
2.81793e-10
2.14322e-10
1.62817e-10
1.23548e-10
9.36432e-11
7.08966e-11
5.36149e-11
4.05005e-11
3.056e-11
2.30339e-11
1.73422e-11
1.30427e-11
9.79853e-12
7.35338e-12
5.5125e-12
4.12808e-12
3.08809e-12
2.30768e-12
1.72269e-12
1.28466e-12
9.57026e-13
7.12218e-13
5.29493e-13
3.93249e-13
2.91769e-13
2.1626e-13
1.60133e-13
1.18456e-13
8.75399e-14
6.46296e-14
4.76689e-14
3.51253e-14
2.58576e-14
1.9017e-14
1.39728e-14
1.02569e-14
7.52216e-15
5.51142e-15
4.03443e-15
2.95053e-15
2.15586e-15
1.57379e-15
1.14783e-15
8.36408e-16
6.08933e-16
4.42929e-16
3.21895e-16
2.33729e-16
1.69562e-16
1.22905e-16
8.90084e-17
6.4405e-17
4.65625e-17
3.36343e-17
2.42751e-17
1.75055e-17
1.26131e-17
9.08046e-18
6.53181e-18
4.69463e-18
3.37141e-18
2.41918e-18
1.73449e-18
1.24258e-18
8.89468e-19
6.36191e-19
4.54673e-19
3.24689e-19
2.31683e-19
1.65189e-19
1.17687e-19
8.37802e-20
5.95962e-20
4.23607e-20
3.00868e-20
2.1353e-20
1.51431e-20
1.07311e-20
7.59883e-21
5.37684e-21
3.80178e-21
2.68613e-21
1.89648e-21
1.33799e-21
9.43283e-22
6.64535e-22
4.67823e-22
3.29105e-22
2.31355e-22
1.62523e-22
1.1409e-22
8.00336e-23
5.61042e-23
3.93022e-23
2.7513e-23
1.92469e-23
1.3455e-23
9.39971e-24
6.56219e-24
4.57815e-24
3.19183e-24
2.22382e-24
1.54835e-24
1.07738e-24
7.48738e-25
5.23947e-25
3.3092e-25
)
;

boundaryField
{
    sides
    {
        type            zeroGradient;
    }
    empty
    {
        type            empty;
    }
}


// ************************************************************************* //
