/*--------------------------------*- C++ -*----------------------------------*\
  =========                 |
  \\      /  F ield         | OpenFOAM: The Open Source CFD Toolbox
   \\    /   O peration     | Website:  https://openfoam.org
    \\  /    A nd           | Version:  7
     \\/     M anipulation  |
\*---------------------------------------------------------------------------*/
FoamFile
{
    version     2.0;
    format      ascii;
    class       volScalarField;
    location    "0.79";
    object      T;
}
// * * * * * * * * * * * * * * * * * * * * * * * * * * * * * * * * * * * * * //

dimensions      [0 0 0 1 0 0 0];

internalField   nonuniform List<scalar> 
1000
(
0.000398793
0.000399095
0.000399697
0.000400601
0.000401807
0.000403316
0.000405129
0.000407246
0.000409669
0.000412399
0.000415437
0.000418786
0.000422446
0.000426421
0.000430712
0.000435322
0.000440252
0.000445506
0.000451087
0.000456997
0.00046324
0.000469819
0.000476737
0.000483999
0.000491608
0.000499568
0.000507883
0.000516559
0.000525599
0.000535008
0.000544792
0.000554954
0.000565502
0.00057644
0.000587773
0.000599509
0.000611652
0.00062421
0.000637188
0.000650594
0.000664434
0.000678715
0.000693445
0.000708631
0.00072428
0.000740401
0.000757002
0.000774091
0.000791676
0.000809767
0.000828372
0.0008475
0.000867161
0.000887364
0.00090812
0.000929438
0.000951328
0.000973802
0.00099687
0.00102054
0.00104483
0.00106975
0.0010953
0.00112151
0.00114838
0.00117592
0.00120416
0.00123309
0.00126274
0.00129312
0.00132424
0.00135612
0.00138877
0.0014222
0.00145643
0.00149148
0.00152736
0.00156408
0.00160166
0.00164013
0.00167948
0.00171975
0.00176095
0.00180309
0.0018462
0.00189028
0.00193537
0.00198148
0.00202862
0.00207682
0.00212609
0.00217646
0.00222795
0.00228058
0.00233436
0.00238932
0.00244548
0.00250286
0.00256148
0.00262137
0.00268256
0.00274505
0.00280888
0.00287407
0.00294064
0.00300862
0.00307804
0.00314891
0.00322127
0.00329514
0.00337054
0.00344751
0.00352607
0.00360625
0.00368807
0.00377157
0.00385676
0.00394369
0.00403238
0.00412287
0.00421517
0.00430932
0.00440535
0.0045033
0.00460319
0.00470506
0.00480893
0.00491485
0.00502284
0.00513294
0.00524518
0.0053596
0.00547623
0.0055951
0.00571626
0.00583973
0.00596556
0.00609378
0.00622442
0.00635753
0.00649315
0.0066313
0.00677203
0.00691538
0.00706139
0.0072101
0.00736154
0.00751576
0.0076728
0.0078327
0.0079955
0.00816125
0.00832998
0.00850174
0.00867657
0.00885452
0.00903563
0.00921994
0.0094075
0.00959835
0.00979254
0.00999012
0.0101911
0.0103956
0.0106036
0.0108152
0.0110304
0.0112492
0.0114718
0.0116981
0.0119283
0.0121623
0.0124002
0.012642
0.0128879
0.0131378
0.0133919
0.0136501
0.0139125
0.0141791
0.0144501
0.0147254
0.0150052
0.0152894
0.0155781
0.0158714
0.0161694
0.016472
0.0167793
0.0170914
0.0174083
0.0177302
0.018057
0.0183887
0.0187255
0.0190675
0.0194145
0.0197668
0.0201244
0.0204873
0.0208555
0.0212292
0.0216083
0.021993
0.0223833
0.0227792
0.0231809
0.0235882
0.0240014
0.0244205
0.0248454
0.0252764
0.0257133
0.0261563
0.0266055
0.0270608
0.0275224
0.0279902
0.0284644
0.028945
0.029432
0.0299256
0.0304257
0.0309323
0.0314457
0.0319657
0.0324925
0.033026
0.0335665
0.0341138
0.0346681
0.0352293
0.0357977
0.0363731
0.0369556
0.0375453
0.0381423
0.0387465
0.0393581
0.039977
0.0406033
0.0412371
0.0418783
0.0425271
0.0431835
0.0438475
0.0445191
0.0451984
0.0458854
0.0465802
0.0472828
0.0479933
0.0487116
0.0494378
0.0501719
0.050914
0.0516641
0.0524222
0.0531884
0.0539626
0.054745
0.0555355
0.0563341
0.0571409
0.0579559
0.0587791
0.0596106
0.0604503
0.0612982
0.0621545
0.0630191
0.063892
0.0647732
0.0656627
0.0665606
0.0674668
0.0683814
0.0693043
0.0702356
0.0711753
0.0721234
0.0730798
0.0740445
0.0750176
0.0759991
0.0769889
0.077987
0.0789935
0.0800083
0.0810313
0.0820626
0.0831022
0.08415
0.0852061
0.0862703
0.0873427
0.0884232
0.0895119
0.0906086
0.0917134
0.0928262
0.0939469
0.0950756
0.0962122
0.0973567
0.0985089
0.099669
0.100837
0.102012
0.103195
0.104386
0.105584
0.106789
0.108002
0.109222
0.11045
0.111685
0.112926
0.114175
0.115431
0.116694
0.117963
0.11924
0.120523
0.121812
0.123108
0.124411
0.12572
0.127035
0.128356
0.129683
0.131016
0.132355
0.1337
0.13505
0.136406
0.137767
0.139134
0.140505
0.141882
0.143264
0.14465
0.146042
0.147438
0.148838
0.150243
0.151651
0.153064
0.154481
0.155902
0.157326
0.158754
0.160185
0.16162
0.163057
0.164498
0.165941
0.167387
0.168836
0.170286
0.171739
0.173194
0.174651
0.176109
0.177569
0.179031
0.180493
0.181957
0.183421
0.184886
0.186352
0.187818
0.189284
0.19075
0.192216
0.193682
0.195147
0.196611
0.198074
0.199536
0.200997
0.202456
0.203914
0.205369
0.206823
0.208274
0.209723
0.211169
0.212613
0.214053
0.21549
0.216924
0.218354
0.21978
0.221202
0.22262
0.224033
0.225442
0.226846
0.228245
0.229638
0.231026
0.232409
0.233785
0.235156
0.23652
0.237877
0.239228
0.240573
0.24191
0.243239
0.244561
0.245876
0.247182
0.248481
0.249771
0.251052
0.252325
0.253589
0.254844
0.256089
0.257325
0.258551
0.259767
0.260974
0.262169
0.263355
0.264529
0.265693
0.266845
0.267986
0.269116
0.270234
0.271341
0.272435
0.273517
0.274586
0.275643
0.276688
0.277719
0.278737
0.279742
0.280733
0.281711
0.282675
0.283625
0.284561
0.285483
0.28639
0.287282
0.28816
0.289023
0.289871
0.290703
0.29152
0.292322
0.293108
0.293878
0.294632
0.29537
0.296092
0.296798
0.297487
0.29816
0.298816
0.299455
0.300077
0.300682
0.30127
0.30184
0.302394
0.302929
0.303448
0.303948
0.304431
0.304896
0.305343
0.305772
0.306183
0.306576
0.306951
0.307307
0.307645
0.307964
0.308265
0.308548
0.308811
0.309057
0.309283
0.309491
0.30968
0.30985
0.310002
0.310134
0.310248
0.310343
0.310418
0.310475
0.310513
0.310532
0.310532
0.310513
0.310475
0.310418
0.310343
0.310248
0.310134
0.310002
0.30985
0.30968
0.309491
0.309283
0.309057
0.308811
0.308548
0.308265
0.307964
0.307645
0.307307
0.306951
0.306576
0.306183
0.305772
0.305343
0.304896
0.304431
0.303948
0.303448
0.302929
0.302394
0.30184
0.30127
0.300682
0.300077
0.299455
0.298816
0.29816
0.297487
0.296798
0.296092
0.29537
0.294632
0.293878
0.293108
0.292322
0.29152
0.290703
0.289871
0.289023
0.28816
0.287282
0.28639
0.285483
0.284561
0.283625
0.282675
0.281711
0.280733
0.279742
0.278737
0.277719
0.276688
0.275643
0.274586
0.273517
0.272435
0.271341
0.270234
0.269116
0.267986
0.266845
0.265693
0.264529
0.263355
0.262169
0.260974
0.259767
0.258551
0.257325
0.256089
0.254844
0.253589
0.252325
0.251052
0.249771
0.248481
0.247182
0.245876
0.244561
0.243239
0.24191
0.240573
0.239228
0.237877
0.23652
0.235156
0.233785
0.232409
0.231026
0.229638
0.228245
0.226846
0.225442
0.224033
0.22262
0.221202
0.21978
0.218354
0.216924
0.21549
0.214053
0.212613
0.211169
0.209723
0.208274
0.206823
0.205369
0.203914
0.202456
0.200997
0.199536
0.198074
0.196611
0.195147
0.193682
0.192216
0.19075
0.189284
0.187818
0.186352
0.184886
0.183421
0.181957
0.180493
0.179031
0.177569
0.176109
0.174651
0.173194
0.171739
0.170286
0.168836
0.167387
0.165941
0.164498
0.163057
0.16162
0.160185
0.158754
0.157326
0.155902
0.154481
0.153064
0.151651
0.150243
0.148838
0.147438
0.146042
0.14465
0.143264
0.141882
0.140505
0.139134
0.137767
0.136406
0.13505
0.1337
0.132355
0.131016
0.129683
0.128356
0.127035
0.12572
0.124411
0.123108
0.121812
0.120523
0.11924
0.117963
0.116694
0.115431
0.114175
0.112926
0.111685
0.11045
0.109222
0.108002
0.106789
0.105584
0.104386
0.103195
0.102012
0.100837
0.099669
0.0985089
0.0973567
0.0962122
0.0950756
0.0939469
0.0928262
0.0917134
0.0906086
0.0895119
0.0884232
0.0873427
0.0862703
0.0852061
0.08415
0.0831022
0.0820626
0.0810313
0.0800083
0.0789935
0.077987
0.0769889
0.0759991
0.0750176
0.0740445
0.0730798
0.0721234
0.0711753
0.0702356
0.0693043
0.0683814
0.0674668
0.0665606
0.0656627
0.0647732
0.063892
0.0630191
0.0621545
0.0612982
0.0604503
0.0596106
0.0587791
0.0579559
0.0571409
0.0563341
0.0555355
0.054745
0.0539626
0.0531884
0.0524222
0.0516641
0.050914
0.0501719
0.0494378
0.0487116
0.0479933
0.0472828
0.0465802
0.0458854
0.0451984
0.0445191
0.0438475
0.0431835
0.0425271
0.0418783
0.0412371
0.0406033
0.039977
0.0393581
0.0387465
0.0381423
0.0375453
0.0369556
0.0363731
0.0357977
0.0352293
0.0346681
0.0341138
0.0335665
0.033026
0.0324925
0.0319657
0.0314457
0.0309323
0.0304257
0.0299256
0.029432
0.028945
0.0284644
0.0279902
0.0275224
0.0270608
0.0266055
0.0261563
0.0257133
0.0252764
0.0248454
0.0244205
0.0240014
0.0235882
0.0231809
0.0227792
0.0223833
0.021993
0.0216083
0.0212292
0.0208555
0.0204873
0.0201244
0.0197668
0.0194145
0.0190675
0.0187255
0.0183887
0.018057
0.0177302
0.0174083
0.0170914
0.0167793
0.016472
0.0161694
0.0158714
0.0155781
0.0152894
0.0150052
0.0147254
0.0144501
0.0141791
0.0139125
0.0136501
0.0133919
0.0131378
0.0128879
0.012642
0.0124002
0.0121623
0.0119283
0.0116981
0.0114718
0.0112492
0.0110304
0.0108152
0.0106036
0.0103956
0.0101911
0.00999012
0.00979254
0.00959835
0.0094075
0.00921994
0.00903563
0.00885452
0.00867657
0.00850174
0.00832998
0.00816125
0.0079955
0.0078327
0.0076728
0.00751576
0.00736154
0.0072101
0.00706139
0.00691538
0.00677203
0.0066313
0.00649315
0.00635753
0.00622442
0.00609378
0.00596556
0.00583973
0.00571626
0.0055951
0.00547623
0.0053596
0.00524518
0.00513294
0.00502284
0.00491485
0.00480893
0.00470506
0.00460319
0.0045033
0.00440535
0.00430932
0.00421517
0.00412287
0.00403238
0.00394369
0.00385676
0.00377157
0.00368807
0.00360625
0.00352607
0.00344751
0.00337054
0.00329514
0.00322127
0.00314891
0.00307804
0.00300862
0.00294064
0.00287407
0.00280888
0.00274505
0.00268256
0.00262137
0.00256148
0.00250286
0.00244548
0.00238932
0.00233436
0.00228058
0.00222795
0.00217646
0.00212609
0.00207682
0.00202862
0.00198148
0.00193537
0.00189028
0.0018462
0.00180309
0.00176095
0.00171975
0.00167948
0.00164013
0.00160166
0.00156408
0.00152736
0.00149148
0.00145643
0.0014222
0.00138877
0.00135612
0.00132424
0.00129312
0.00126274
0.00123309
0.00120416
0.00117592
0.00114838
0.00112151
0.0010953
0.00106975
0.00104483
0.00102054
0.00099687
0.000973802
0.000951328
0.000929438
0.00090812
0.000887364
0.000867161
0.0008475
0.000828372
0.000809767
0.000791676
0.000774091
0.000757002
0.000740401
0.00072428
0.000708631
0.000693445
0.000678715
0.000664434
0.000650594
0.000637188
0.00062421
0.000611652
0.000599509
0.000587773
0.00057644
0.000565502
0.000554954
0.000544792
0.000535008
0.000525599
0.000516559
0.000507883
0.000499568
0.000491608
0.000483999
0.000476737
0.000469819
0.00046324
0.000456997
0.000451087
0.000445506
0.000440252
0.000435322
0.000430712
0.000426421
0.000422446
0.000418786
0.000415437
0.000412399
0.000409669
0.000407246
0.000405129
0.000403316
0.000401807
0.000400601
0.000399697
0.000399095
0.000398793
)
;

boundaryField
{
    sides
    {
        type            zeroGradient;
    }
    empty
    {
        type            empty;
    }
}


// ************************************************************************* //
