/*--------------------------------*- C++ -*----------------------------------*\
  =========                 |
  \\      /  F ield         | OpenFOAM: The Open Source CFD Toolbox
   \\    /   O peration     | Website:  https://openfoam.org
    \\  /    A nd           | Version:  7
     \\/     M anipulation  |
\*---------------------------------------------------------------------------*/
FoamFile
{
    version     2.0;
    format      ascii;
    class       volScalarField;
    location    "1.98";
    object      T;
}
// * * * * * * * * * * * * * * * * * * * * * * * * * * * * * * * * * * * * * //

dimensions      [0 0 0 1 0 0 0];

internalField   nonuniform List<scalar> 
1000
(
0
0
0
0
0
0
0
0
0
0
0
0
0
0
0
0
0
0
0
0
0
0
0
0
0
0
0
0
0
0
0
0
0
0
0
0
0
0
0
0
0
0
0
0
0
0
0
0
0
0
0
0
0
0
0
0
0
0
0
0
0
0
0
0
0
0
0
0
0
0
0
0
0
0
0
0
0
0
0
0
0
0
0
0
0
0
0
0
0
0
0
0
0
0
0
0
0
0
0
0
0
0
0
0
0
0
0
0
0
0
0
0
0
0
0
0
0
0
0
0
0
0
0
0
0
0
0
0
0
0
0
0
0
0
0
0
0
0
0
0
0
0
0
0
0
0
0
0
0
0
0
0
0
0
0
0
0
0
0
0
0
0
0
0
0
0
0
0
0
0
0
0
0
0
0
0
0
0
0
0
0
0
0
0
0
0
0
0
0
0
0
0
0
0
0
0
0
0
0
0
0
0
0
0
0
0
0
0
0
0
0
0
0
0
0
0
0
0
0
0
0
0
0
0
0
0
0
0
0
0
0
0
0
0
0
0
0
0
0
0
0
0
0
0
0
0
0
0
0
0
0
0
8.43437e-155
-3.88824e-152
8.8743e-150
-1.33679e-147
1.49493e-145
-1.32361e-143
9.66335e-142
-5.98244e-140
3.20537e-138
-1.50966e-136
6.32669e-135
-2.38253e-133
8.12765e-132
-2.52854e-130
7.21469e-129
-1.89716e-127
4.61673e-126
-1.04345e-124
2.19722e-123
-4.32241e-122
7.96287e-121
-1.37661e-119
2.23742e-118
-3.42427e-117
4.94166e-116
-6.73248e-115
8.66774e-114
-1.05541e-112
1.21618e-111
-1.32691e-110
1.37112e-109
-1.34198e-108
1.24397e-107
-1.09176e-106
9.06658e-106
-7.11823e-105
5.27673e-104
-3.68696e-103
2.42246e-102
-1.49187e-101
8.57337e-101
-4.56831e-100
2.2357e-99
-9.89706e-99
3.85656e-98
-1.24771e-97
2.79859e-97
2.08213e-98
-4.5941e-96
3.08259e-95
-1.33442e-94
3.97797e-94
-5.43245e-94
-2.35251e-93
2.14305e-92
-9.11182e-92
2.24238e-91
-3.26419e-92
-2.69413e-90
1.43409e-89
-3.91623e-89
1.95251e-89
3.69562e-88
-1.95238e-87
4.68319e-87
1.02372e-87
-5.5851e-86
2.25112e-85
-3.37162e-85
-9.85514e-85
7.32189e-84
-1.81769e-83
-4.31837e-84
1.92494e-82
-6.45793e-82
4.40227e-82
4.4778e-81
-1.889e-80
2.11784e-80
9.95124e-80
-4.91982e-79
6.365e-79
2.2635e-78
-1.18074e-77
1.47682e-77
5.44058e-77
-2.63324e-76
2.65919e-76
1.34658e-75
-5.38988e-75
3.09934e-75
3.23701e-74
-9.80158e-74
-9.10803e-75
7.13763e-73
-1.48531e-72
-1.76713e-72
1.37415e-71
-1.58943e-71
-5.95446e-71
2.18155e-70
-2.57425e-71
-1.33929e-69
2.55176e-69
3.85165e-69
-2.21375e-68
1.33872e-68
1.10338e-67
-2.52261e-67
-2.54812e-67
1.82826e-66
-1.21297e-66
-8.52132e-66
1.84518e-65
2.18241e-65
-1.28102e-64
4.61515e-65
6.18302e-64
-9.82065e-64
-2.03806e-63
7.30342e-63
2.21894e-63
-3.8663e-62
2.91166e-62
1.58524e-61
-2.93973e-61
-4.75335e-61
1.81302e-60
6.04838e-61
-8.83314e-60
4.54292e-60
3.60036e-59
-4.78295e-59
-1.22501e-58
2.95013e-58
3.22943e-58
-1.46577e-57
-4.25293e-58
6.34739e-57
-1.95911e-57
-2.47069e-56
2.10792e-56
8.75581e-56
-1.25526e-55
-2.83058e-55
6.07989e-55
8.26979e-55
-2.6194e-54
-2.11963e-54
1.04193e-53
4.36171e-54
-3.90496e-53
-4.60988e-54
1.39711e-52
-1.73226e-53
-4.81744e-52
1.55166e-52
1.61297e-51
-7.77729e-52
-5.2762e-51
3.19338e-51
1.69459e-50
-1.16878e-50
-5.36428e-50
3.9328e-50
1.67784e-49
-1.23114e-49
-5.19085e-49
3.58958e-49
1.5877e-48
-9.66079e-49
-4.79176e-48
2.34028e-48
1.42228e-47
-4.77491e-48
-4.13324e-47
6.37258e-48
1.16942e-46
6.39464e-48
-3.19902e-46
-9.37794e-47
8.38753e-46
4.77951e-46
-2.08283e-45
-1.88456e-45
4.81111e-45
6.461e-45
-1.00119e-44
-1.99914e-44
1.74665e-44
5.65428e-44
-1.97182e-44
-1.46256e-43
-1.6883e-44
3.42559e-43
2.01367e-43
-7.08189e-43
-8.23831e-43
1.21318e-42
2.53002e-42
-1.3811e-42
-6.46935e-42
-6.17136e-43
1.39631e-41
9.73965e-42
-2.44142e-41
-3.63743e-41
2.89008e-41
9.62123e-41
3.6269e-42
-1.98508e-40
-1.46064e-40
3.04104e-40
5.18468e-40
-2.32112e-40
-1.21555e-39
-4.69108e-40
2.03708e-39
2.53662e-39
-1.91962e-39
-6.4777e-39
-1.71905e-39
1.08818e-38
1.2619e-38
-9.40185e-39
-3.18791e-38
-1.13149e-38
4.82983e-38
6.54974e-38
-2.60328e-38
-1.43012e-37
-9.1788e-38
1.64708e-37
3.26422e-37
3.91554e-38
-5.31368e-37
-6.18144e-37
2.71756e-37
1.35289e-36
9.89088e-37
-1.22911e-36
-3.03185e-36
-1.30654e-36
3.61992e-36
6.31953e-36
1.27057e-36
-8.99982e-36
-1.27367e-35
-4.05225e-37
2.04057e-35
2.55924e-35
-1.65067e-36
-4.36407e-35
-5.23689e-35
3.76719e-36
8.92401e-35
1.10002e-34
1.3493e-36
-1.74283e-34
-2.35579e-34
-4.0611e-35
3.19635e-34
5.04901e-34
1.94495e-34
-5.2777e-34
-1.05504e-33
-6.71136e-34
7.01716e-34
2.07955e-33
1.93737e-33
-4.21616e-34
-3.68431e-33
-4.86311e-33
-1.54397e-33
5.31568e-33
1.05974e-32
8.01239e-33
-4.22735e-33
-1.9277e-32
-2.38074e-32
-7.47416e-33
2.56179e-32
5.31623e-32
4.58872e-32
-9.04042e-33
-8.75224e-32
-1.30697e-31
-7.91742e-32
7.45156e-32
2.51487e-31
3.08633e-31
1.27199e-31
-2.72787e-31
-6.74048e-31
-7.36221e-31
-2.1032e-31
8.07073e-31
1.76215e-30
1.83685e-30
4.54067e-31
-2.13325e-30
-4.57702e-30
-4.86512e-30
-1.49196e-30
5.11216e-30
1.18107e-29
1.35661e-29
6.08141e-30
-1.06283e-29
-2.97754e-29
-3.87869e-29
-2.49303e-29
1.57805e-29
7.0708e-29
1.09666e-28
9.54215e-29
4.952e-30
-1.46602e-28
-2.93512e-28
-3.33106e-28
-1.71413e-28
2.10255e-28
6.98034e-28
1.03884e-27
9.17405e-28
1.1762e-28
-1.28192e-27
-2.77689e-27
-3.48704e-27
-2.46244e-27
7.84567e-28
5.701e-27
1.0377e-26
1.18286e-26
7.07372e-27
-5.13594e-27
-2.25077e-26
-3.82856e-26
-4.22538e-26
-2.42793e-26
1.99935e-26
8.30529e-26
1.42042e-25
1.61331e-25
1.0349e-25
-5.18689e-26
-2.86253e-25
-5.26776e-25
-6.48742e-25
-5.06311e-25
6.5459e-27
8.75962e-25
1.89624e-24
2.64616e-24
2.5554e-24
1.08644e-24
-1.98115e-24
-6.23227e-24
-1.03906e-23
-1.23489e-23
-9.60661e-24
-1.76998e-25
1.61417e-23
3.64633e-23
5.40361e-23
5.86739e-23
3.89964e-23
-1.3308e-23
-9.76953e-23
-1.98914e-22
-2.83511e-22
-3.01705e-22
-1.97412e-22
7.22922e-23
5.09919e-22
1.04833e-21
1.5299e-21
1.70791e-21
1.28471e-21
-3.82183e-24
-2.25855e-21
-5.26164e-21
-8.33675e-21
-1.02883e-20
-9.49609e-21
-4.23636e-21
6.73433e-21
2.33646e-20
4.3399e-20
6.16333e-20
6.97128e-20
5.69162e-20
1.23369e-20
-7.13268e-20
-1.9255e-19
-3.35101e-19
-4.63026e-19
-5.18757e-19
-4.27163e-19
-1.08376e-19
4.98613e-19
1.40158e-18
2.51325e-18
3.61003e-18
4.30444e-18
4.04954e-18
2.19672e-18
-1.87299e-18
-8.53104e-18
-1.76004e-17
-2.80012e-17
-3.74071e-17
-4.20226e-17
-3.66276e-17
-1.50723e-17
2.85958e-17
9.823e-17
1.92874e-16
3.03402e-16
4.08939e-16
4.73879e-16
4.46707e-16
2.62247e-16
-1.50741e-16
-8.54698e-16
-1.87961e-15
-3.1901e-15
-4.64474e-15
-5.9519e-15
-6.6304e-15
-5.98799e-15
-3.136e-15
2.93691e-15
1.32054e-14
2.83368e-14
4.82878e-14
7.17644e-14
9.55614e-14
1.13843e-13
1.17475e-13
9.35923e-14
2.5674e-14
-1.05522e-13
-3.1971e-13
-6.33009e-13
-1.05153e-12
-1.56216e-12
-2.12029e-12
-2.63467e-12
-2.9501e-12
-2.82977e-12
-1.94032e-12
1.55575e-13
3.99199e-12
1.01683e-11
1.92809e-11
3.18029e-11
4.78927e-11
6.71137e-11
8.80427e-11
1.07753e-10
1.21159e-10
1.20238e-10
9.31393e-11
2.32655e-11
-1.11568e-10
-3.39701e-10
-6.95624e-10
-1.21899e-09
-1.95199e-09
-2.93435e-09
-4.19468e-09
-5.73688e-09
-7.51951e-09
-9.42576e-09
-1.1221e-08
-1.24938e-08
-1.25764e-08
-1.04372e-08
-4.54145e-09
7.33213e-09
2.83248e-08
6.27952e-08
1.16692e-07
1.9802e-07
3.17412e-07
4.8883e-07
7.30417e-07
1.06552e-06
1.52393e-06
2.1433e-06
2.97092e-06
4.06568e-06
5.50041e-06
7.36465e-06
9.76769e-06
1.28422e-05
1.67482e-05
2.16778e-05
2.786e-05
3.55671e-05
4.51202e-05
5.6897e-05
7.13392e-05
8.89612e-05
0.000110359
0.000136221
0.000167337
0.000204612
0.000249077
0.0003019
0.000364405
0.000438079
0.000524593
0.000625813
0.000743816
0.000880908
0.00103963
0.0012228
0.00143349
0.00167506
0.00195118
0.00226585
0.00262336
0.00302838
0.0034859
0.00400128
0.00458024
0.00522888
0.00595363
0.00676133
0.00765917
0.00865468
0.00975577
0.0109707
0.0123079
0.0137763
0.0153851
0.0171435
0.0190612
0.021148
0.0234138
0.0258686
0.0285226
0.0313859
0.0344686
0.0377807
0.0413321
0.0451326
0.0491916
0.0535183
0.0581216
0.0630097
0.0681908
0.0736721
0.0794606
0.0855623
0.0919829
0.098727
0.105799
0.113201
0.120936
0.129006
0.137411
0.146149
0.155221
0.164623
0.174351
0.184402
0.194769
0.205447
0.216426
0.2277
0.239258
0.251091
0.263186
0.275531
0.288114
0.300921
0.313937
0.327147
0.340535
0.354085
0.367781
0.381605
0.395539
0.409566
0.423668
0.437826
0.452023
0.46624
0.480459
0.494662
0.508832
0.52295
0.536999
0.550964
0.564826
0.57857
0.592181
0.605644
0.618944
0.632068
0.645002
0.657734
0.670253
0.682546
0.694604
0.706417
0.717976
0.729272
0.740297
0.751045
0.761508
0.771682
0.781559
0.791136
0.800408
0.809371
0.818022
0.826357
0.834373
0.842068
0.849439
0.856484
0.863202
0.869589
0.875645
0.881368
0.886755
0.891806
0.896517
0.900887
0.904914
0.908596
0.91193
0.914913
0.917544
0.919818
0.921734
0.923288
0.924477
0.925297
0.925744
0.925816
0.925509
0.924819
0.923743
0.922276
0.920417
0.918161
0.915506
0.91245
0.908989
0.905121
0.900847
0.896163
0.89107
0.885568
0.879657
0.873338
0.866615
0.859488
0.851963
0.844042
0.835732
0.827038
0.817967
0.808527
0.798726
0.788573
0.778079
0.767255
0.756113
0.744665
0.732925
0.720907
0.708626
0.696098
0.683338
0.670364
0.657192
0.643841
0.630328
0.616672
0.602892
0.589006
0.575033
0.560992
0.546903
0.532784
0.518654
0.504533
0.490437
0.476385
0.462396
0.448485
0.434671
0.420968
0.407394
0.393962
0.380687
0.367584
0.354664
0.34194
0.329424
0.317126
0.305056
0.293224
0.281636
0.270302
0.259227
0.248417
0.237877
0.227612
0.217625
0.207919
0.198495
0.189354
0.180499
0.171927
0.163639
0.155634
0.147909
0.140462
0.133289
0.126389
0.119756
0.113387
0.107277
0.10142
0.0958127
0.0904482
0.0853213
0.0804258
0.0757556
0.0713044
0.0670658
0.0630333
0.0592002
0.0555601
0.0521061
0.0488321
0.0457289
0.0428033
0.03998
0.0376006
0.0339134
)
;

boundaryField
{
    sides
    {
        type            zeroGradient;
    }
    empty
    {
        type            empty;
    }
}


// ************************************************************************* //
