/*--------------------------------*- C++ -*----------------------------------*\
  =========                 |
  \\      /  F ield         | OpenFOAM: The Open Source CFD Toolbox
   \\    /   O peration     | Website:  https://openfoam.org
    \\  /    A nd           | Version:  7
     \\/     M anipulation  |
\*---------------------------------------------------------------------------*/
FoamFile
{
    version     2.0;
    format      ascii;
    class       volScalarField;
    location    "2.31";
    object      T;
}
// * * * * * * * * * * * * * * * * * * * * * * * * * * * * * * * * * * * * * //

dimensions      [0 0 0 1 0 0 0];

internalField   nonuniform List<scalar> 
1000
(
0
0
0
0
0
0
0
0
0
0
0
0
0
0
0
0
0
0
0
0
0
0
0
0
0
0
0
0
0
0
0
0
0
0
0
0
0
0
0
0
0
0
0
0
0
0
0
0
0
0
0
0
0
0
0
0
0
0
0
0
0
0
0
0
0
0
0
0
0
0
0
0
0
0
0
0
0
0
0
0
0
0
0
0
0
0
0
0
0
0
0
0
0
0
0
0
0
0
0
0
0
0
0
0
0
0
0
0
0
0
0
0
0
0
0
0
0
0
0
0
0
0
0
0
0
0
0
0
0
0
0
0
0
0
0
0
0
0
0
0
0
0
0
-4.94066e-324
-1.5316e-322
-1.30927e-321
7.57897e-320
5.64447e-318
2.49127e-316
8.63666e-315
2.43219e-313
5.15499e-312
4.82904e-311
-2.36418e-309
-1.74955e-307
-7.09551e-306
-2.07469e-304
-4.04189e-303
-9.63775e-303
3.41513e-300
1.83588e-298
5.96749e-297
1.20667e-295
1.98342e-295
-1.06772e-292
-5.34834e-291
-1.52411e-289
-2.03814e-288
5.17388e-287
4.34363e-285
1.47766e-283
2.45972e-282
-3.29173e-281
-3.80034e-279
-1.32371e-277
-1.98899e-276
4.33676e-275
3.69699e-273
1.09119e-271
8.44371e-271
-7.0877e-269
-3.56231e-267
-6.86959e-266
8.10324e-265
9.54118e-263
2.69778e-261
5.60865e-261
-2.36703e-258
-8.6776e-257
-6.82938e-256
5.96705e-254
2.58127e-252
2.54591e-251
-1.65023e-249
-7.41853e-248
-6.44403e-247
5.12924e-245
2.05831e-243
8.47838e-243
-1.70842e-240
-5.26453e-239
2.65479e-238
5.59399e-236
1.0916e-234
-2.70252e-233
-1.62825e-231
-1.01112e-230
1.30787e-228
3.58348e-227
-5.22321e-226
-4.30768e-224
-2.83618e-223
3.51526e-221
8.34659e-220
-1.966e-218
-1.06012e-216
3.51255e-216
1.02414e-213
9.21964e-213
-8.38564e-211
-1.72623e-209
6.04079e-208
2.11229e-206
-3.86756e-205
-2.20328e-203
2.18425e-202
2.12413e-200
-1.07084e-199
-1.9688e-197
4.80881e-197
1.79319e-194
-3.21367e-194
-1.62041e-191
4.94185e-191
1.44956e-188
-9.07137e-188
-1.26444e-185
1.46566e-184
1.04187e-182
-2.05604e-181
-7.61369e-180
2.5317e-178
4.1753e-177
-2.7173e-175
-3.43684e-175
2.44746e-172
-3.24177e-171
-1.64938e-169
5.59663e-168
4.50633e-167
-5.74602e-165
7.57617e-164
3.39858e-162
-1.41677e-160
3.83068e-160
1.13019e-157
-3.25265e-156
-9.19328e-156
3.05024e-153
-8.21166e-152
-7.84174e-152
7.2381e-149
-2.34074e-147
1.96101e-146
1.2717e-144
-6.37182e-143
1.38453e-141
-1.8565e-141
-1.07665e-138
4.73083e-137
-1.18582e-135
1.47098e-134
2.86827e-133
-2.58353e-131
1.04676e-129
-3.24401e-128
8.56954e-127
-2.01571e-125
4.31978e-124
-8.55348e-123
1.57962e-121
-2.73911e-120
4.48237e-119
-6.94937e-118
1.02395e-116
-1.43748e-115
1.92676e-114
-2.47009e-113
3.03312e-112
-3.5719e-111
4.03825e-110
-4.3869e-109
4.58264e-108
-4.60611e-107
4.45692e-106
-4.15328e-105
3.72851e-104
-3.22522e-103
2.68854e-102
-2.15982e-101
1.67199e-100
-1.24709e-99
8.95959e-99
-6.19788e-98
4.12611e-97
-2.64177e-96
1.62535e-95
-9.59949e-95
5.43552e-94
-2.94597e-93
1.52523e-92
-7.52395e-92
3.52461e-91
-1.56098e-90
6.49559e-90
-2.51691e-89
8.95392e-89
-2.85332e-88
7.739e-88
-1.5429e-87
6.18742e-88
1.37151e-86
-8.78767e-86
3.57594e-85
-1.07448e-84
2.14699e-84
-3.70322e-85
-2.02822e-83
1.09543e-82
-3.55144e-82
6.88243e-82
1.09052e-82
-7.18724e-81
3.28049e-80
-8.36149e-80
7.27847e-80
4.45797e-79
-2.59662e-78
7.05851e-78
-6.46929e-78
-3.52374e-77
1.9702e-76
-4.73061e-76
1.60237e-76
3.33402e-75
-1.36373e-74
2.22707e-74
3.05696e-74
-2.83158e-73
7.24408e-73
-2.19318e-73
-4.84267e-72
1.71728e-71
-1.75295e-71
-7.35841e-71
3.50094e-70
-4.97503e-70
-1.07843e-69
6.58125e-69
-1.06257e-68
-1.69888e-68
1.18132e-67
-1.90765e-67
-3.11618e-67
2.04573e-66
-2.91393e-66
-6.43572e-66
3.37933e-65
-3.56105e-65
-1.34955e-64
5.16374e-64
-2.57894e-64
-2.63964e-63
6.91626e-63
2.22881e-63
-4.55862e-62
7.27765e-62
1.3295e-61
-6.60636e-61
3.9335e-61
3.08621e-60
-7.35327e-60
-5.29914e-60
4.90333e-59
-4.64188e-59
-1.96597e-58
5.36161e-58
2.87405e-58
-3.22688e-57
2.81875e-57
1.30622e-56
-3.09822e-56
-2.85352e-56
1.90272e-55
-7.64893e-56
-8.57926e-55
1.30262e-54
2.81784e-54
-9.13576e-54
-4.57653e-54
4.76603e-53
-2.17244e-53
-2.03309e-52
2.71481e-52
7.12726e-52
-1.78751e-51
-1.88278e-51
9.33274e-51
1.98783e-51
-4.23227e-50
1.75629e-50
1.72653e-49
-1.71906e-49
-6.43321e-49
1.04712e-48
2.19873e-48
-5.31928e-48
-6.85233e-48
2.43698e-47
1.90528e-47
-1.04252e-46
-4.44627e-47
4.24756e-46
6.91121e-47
-1.66988e-45
5.86795e-47
6.39446e-45
-1.13726e-45
-2.40157e-44
6.46395e-45
8.88917e-44
-2.75339e-44
-3.25188e-43
9.74652e-44
1.1767e-42
-2.82321e-43
-4.20659e-42
5.56469e-43
1.48091e-41
3.09905e-43
-5.1078e-41
-1.11699e-41
1.71364e-40
7.94555e-41
-5.53774e-40
-4.243e-40
1.70001e-39
1.95869e-39
-4.8511e-39
-8.16765e-39
1.23594e-38
3.12682e-38
-2.54623e-38
-1.10277e-37
2.65758e-38
3.56239e-37
1.0426e-37
-1.03635e-36
-9.02107e-37
2.6114e-36
4.2913e-36
-5.12842e-36
-1.60461e-35
4.49132e-36
5.01212e-35
2.21054e-35
-1.29202e-34
-1.59301e-34
2.48573e-34
6.46401e-34
-1.87102e-34
-1.96837e-33
-1.12006e-33
4.50858e-33
7.01893e-33
-6.12709e-33
-2.47079e-32
-6.24979e-33
6.07448e-32
7.5157e-32
-8.84463e-32
-2.87521e-31
-5.82317e-32
6.94466e-31
8.80431e-31
-8.64673e-31
-3.21107e-30
-1.31099e-30
6.74608e-30
1.09867e-29
-4.43374e-30
-3.28567e-29
-2.77953e-29
4.86111e-29
1.28206e-28
3.79866e-29
-2.68023e-28
-4.32417e-28
9.92349e-29
1.17892e-27
1.3095e-27
-1.09666e-27
-4.61598e-27
-3.66703e-27
5.92746e-27
1.69441e-26
9.87875e-27
-2.57652e-26
-6.02211e-26
-2.74787e-26
9.96254e-26
2.11608e-25
8.74146e-26
-3.54465e-25
-7.42815e-25
-3.37292e-25
1.16655e-24
2.6028e-24
1.49413e-24
-3.481e-24
-8.99666e-24
-6.87268e-24
8.82349e-24
3.00037e-23
3.06202e-23
-1.49114e-23
-9.32532e-23
-1.27222e-22
-1.46595e-23
2.54328e-22
4.79635e-22
2.933e-22
-5.2444e-22
-1.58403e-21
-1.73136e-21
2.78604e-22
4.26844e-21
7.31051e-21
4.42417e-21
-7.45646e-21
-2.3651e-20
-2.90525e-20
-4.96624e-21
5.27165e-20
1.13184e-19
1.08854e-19
-2.72766e-20
-2.86358e-19
-5.134e-19
-4.21492e-19
2.39996e-19
1.38329e-18
2.32e-18
1.8407e-18
-1.10473e-18
-6.19557e-18
-1.06356e-17
-9.30302e-18
2.75886e-18
2.55052e-17
4.87897e-17
5.12769e-17
8.21224e-18
-9.00778e-17
-2.14303e-16
-2.8173e-16
-1.72102e-16
2.09744e-16
8.29755e-16
1.42115e-15
1.46225e-15
3.30336e-16
-2.31604e-15
-5.99069e-15
-8.91042e-15
-8.01148e-15
9.86291e-17
1.70256e-14
3.96472e-14
5.75351e-14
5.27806e-14
4.60686e-15
-9.96556e-14
-2.48103e-13
-3.87268e-13
-4.14379e-13
-1.92158e-13
4.0132e-13
1.38344e-12
2.55188e-12
3.38287e-12
3.01055e-12
3.74293e-13
-5.38638e-12
-1.42611e-11
-2.45022e-11
-3.18088e-11
-2.90018e-11
-6.7999e-12
4.3642e-11
1.25954e-10
2.31586e-10
3.31677e-10
3.70138e-10
2.61974e-10
-9.76625e-11
-8.07416e-10
-1.91121e-09
-3.3251e-09
-4.7442e-09
-5.54497e-09
-4.71349e-09
-8.47704e-10
7.69946e-09
2.24552e-08
4.41547e-08
7.16916e-08
1.00664e-07
1.21576e-07
1.17888e-07
6.43179e-08
-7.39453e-08
-3.40094e-07
-7.81198e-07
-1.43843e-06
-2.32965e-06
-3.4213e-06
-4.58646e-06
-5.54492e-06
-5.78158e-06
-4.43889e-06
-1.79461e-07
8.98433e-06
2.58964e-05
5.45001e-05
0.000100117
0.000169762
0.000272486
0.000419741
0.000625765
0.00090796
0.00128726
0.0017885
0.00244065
0.00327713
0.0043359
0.00565955
0.00729522
0.00929441
0.0117127
0.0146091
0.0180457
0.0220868
0.0267978
0.0322446
0.0384919
0.0456026
0.0536364
0.0626479
0.0726865
0.0837941
0.0960045
0.109342
0.123822
0.139447
0.156211
0.174093
0.193063
0.213077
0.234083
0.256015
0.278798
0.302348
0.326574
0.351377
0.376653
0.402293
0.428188
0.454224
0.480292
0.50628
0.532082
0.557595
0.582721
0.60737
0.631457
0.654906
0.677648
0.699624
0.720783
0.741082
0.760489
0.778979
0.796535
0.813149
0.828819
0.843551
0.857357
0.870254
0.882265
0.893415
0.903736
0.91326
0.922023
0.930063
0.937418
0.944126
0.950229
0.955765
0.960773
0.965291
0.969357
0.973005
0.976271
0.979187
0.981783
0.98409
0.986134
0.98794
0.989533
0.990935
0.992165
0.993242
0.994183
0.995003
0.995717
0.996336
0.996873
0.997336
0.997735
0.998076
0.998366
0.998609
0.998807
0.998962
0.999072
0.999135
0.999145
0.999093
0.998967
0.998753
0.99843
0.997977
0.997365
0.996562
0.995531
0.994231
0.992614
0.990631
0.988226
0.985341
0.981913
0.97788
0.973175
0.967733
0.96149
0.954383
0.946352
0.937342
0.927306
0.9162
0.90399
0.890654
0.876175
0.86055
0.843787
0.825905
0.806936
0.786922
0.765916
0.743985
0.721202
0.697652
0.673426
0.648623
0.623347
0.597707
0.571812
0.545775
0.519708
0.49372
0.467918
0.442405
0.417278
0.39263
0.368543
0.345094
0.322352
0.300376
0.279217
0.258918
0.239511
0.221021
0.203465
0.186851
0.171181
0.156449
0.142643
0.129746
0.117735
0.106585
0.0962641
0.0867398
0.0779765
0.0699369
0.0625823
0.0558735
0.0497709
0.0442352
0.0392272
0.034709
0.0306434
0.0269949
0.023729
0.0208132
0.0182166
0.01591
0.0138662
0.0120595
0.0104665
0.00906508
0.00783524
0.00675848
0.00581793
0.00499824
0.00428551
0.00366716
0.0031319
0.00266957
0.0022711
0.00192842
0.00163434
0.0013825
0.00116728
0.000983743
0.000827539
0.000694868
0.000582412
0.000487278
0.000406958
0.000339277
0.000282355
0.000234575
0.000194543
0.000161067
0.000133124
0.000109843
9.04823e-05
7.44099e-05
6.10915e-05
5.00749e-05
4.09782e-05
3.348e-05
2.73101e-05
2.22418e-05
1.80856e-05
1.4683e-05
1.19021e-05
9.63301e-06
7.78459e-06
6.2813e-06
5.06068e-06
4.07116e-06
3.27025e-06
2.62304e-06
2.10083e-06
1.68015e-06
1.34176e-06
1.07e-06
8.52063e-07
6.77559e-07
5.38038e-07
4.26653e-07
3.3786e-07
2.67178e-07
2.10996e-07
1.66402e-07
1.31057e-07
1.03082e-07
8.09708e-08
6.35188e-08
4.97633e-08
3.8936e-08
3.04252e-08
2.37443e-08
1.85069e-08
1.44065e-08
1.12005e-08
8.69715e-09
6.74493e-09
5.22449e-09
4.04184e-09
3.12312e-09
2.41031e-09
1.85796e-09
1.43049e-09
1.10007e-09
8.44973e-10
6.48276e-10
4.96791e-10
3.80265e-10
2.90738e-10
2.22036e-10
1.69377e-10
1.29062e-10
9.82326e-11
7.46848e-11
5.67191e-11
4.30281e-11
3.26063e-11
2.4682e-11
1.86635e-11
1.40975e-11
1.06372e-11
8.01784e-12
6.03713e-12
4.54099e-12
3.41209e-12
2.5612e-12
1.92053e-12
1.43866e-12
1.0766e-12
8.04846e-13
6.01088e-13
4.48468e-13
3.34268e-13
2.48904e-13
1.85159e-13
1.37606e-13
1.02167e-13
7.57817e-14
5.61572e-14
4.15751e-14
3.07505e-14
2.27229e-14
1.67753e-14
1.23729e-14
9.1175e-15
6.71244e-15
4.93729e-15
3.6283e-15
2.66395e-15
1.95415e-15
1.4322e-15
1.04873e-15
7.67258e-16
5.60838e-16
4.09595e-16
2.98879e-16
2.17901e-16
1.58728e-16
1.15524e-16
8.40091e-17
6.10397e-17
4.43132e-17
3.21433e-17
2.32963e-17
1.68704e-17
1.22069e-17
8.82528e-18
6.37528e-18
4.6017e-18
3.31885e-18
2.39171e-18
1.7222e-18
1.23912e-18
8.90843e-19
6.39952e-19
4.59362e-19
3.29476e-19
2.36134e-19
1.69105e-19
1.21011e-19
8.65287e-20
6.18254e-20
4.41414e-20
3.1492e-20
2.24507e-20
1.59932e-20
1.13847e-20
8.09817e-21
5.75619e-21
4.08852e-21
2.9019e-21
2.05819e-21
1.45874e-21
1.03314e-21
7.31191e-22
5.17126e-22
3.65473e-22
2.58113e-22
1.82164e-22
1.28473e-22
9.05444e-23
6.37695e-23
4.48813e-23
3.15674e-23
2.21764e-23
1.56784e-23
1.0042e-23
)
;

boundaryField
{
    sides
    {
        type            zeroGradient;
    }
    empty
    {
        type            empty;
    }
}


// ************************************************************************* //
