/*--------------------------------*- C++ -*----------------------------------*\
  =========                 |
  \\      /  F ield         | OpenFOAM: The Open Source CFD Toolbox
   \\    /   O peration     | Website:  https://openfoam.org
    \\  /    A nd           | Version:  7
     \\/     M anipulation  |
\*---------------------------------------------------------------------------*/
FoamFile
{
    version     2.0;
    format      ascii;
    class       volScalarField;
    location    "2.66";
    object      T;
}
// * * * * * * * * * * * * * * * * * * * * * * * * * * * * * * * * * * * * * //

dimensions      [0 0 0 1 0 0 0];

internalField   nonuniform List<scalar> 
1000
(
0
0
0
0
0
0
0
0
0
0
0
0
0
0
0
0
0
0
0
0
0
0
0
0
0
0
0
0
0
0
0
0
0
0
0
0
0
0
0
0
0
0
0
0
0
0
0
0
0
0
0
0
0
0
0
0
0
0
0
0
0
0
0
0
0
0
0
0
0
0
0
0
0
0
0
0
0
0
0
0
0
0
0
0
0
0
0
0
0
0
0
0
0
0
0
0
0
0
0
0
0
0
0
0
0
0
0
0
0
0
0
0
0
0
0
0
0
0
0
0
0
0
0
0
0
0
0
0
0
0
4.94066e-324
-2.44562e-321
-1.10345e-319
-2.35657e-318
6.40368e-318
2.52062e-315
9.73596e-314
1.53716e-312
-3.14912e-311
-2.7095e-309
-7.54185e-308
-3.11898e-307
6.00363e-305
2.53514e-303
3.60025e-302
-1.10769e-300
-7.36491e-299
-1.52965e-297
1.71282e-296
2.03097e-294
5.14724e-293
-2.36794e-292
-5.63124e-290
-1.55474e-288
5.00818e-288
1.61984e-285
4.3547e-284
-2.55284e-283
-4.83107e-281
-1.11143e-279
1.5015e-278
1.4458e-276
2.36674e-275
-7.52898e-274
-4.08979e-272
-2.85534e-271
3.15339e-269
9.9011e-268
-7.39175e-267
-1.08384e-264
-1.58333e-263
6.88178e-262
2.82464e-260
-1.04359e-259
-2.81464e-257
-3.98391e-256
1.93602e-254
6.82863e-253
-7.32098e-252
-7.39622e-250
-3.66731e-249
6.33185e-247
1.13977e-245
-4.46781e-244
-1.54872e-242
2.48208e-241
1.66236e-239
-7.81752e-239
-1.58601e-236
-4.69661e-236
1.41691e-233
1.26893e-232
-1.22543e-230
-1.69042e-229
1.05305e-227
1.82787e-226
-9.18209e-225
-1.76297e-223
8.23664e-222
1.55415e-220
-7.62533e-219
-1.23789e-217
7.22154e-216
8.36646e-215
-6.8634e-213
-3.70127e-212
6.37062e-210
-1.32323e-209
-5.56844e-207
6.20751e-206
4.32914e-204
-1.01949e-202
-2.63458e-201
1.23465e-199
6.45731e-199
-1.18109e-196
1.25989e-195
8.29426e-194
-2.54532e-192
-2.57954e-191
2.71935e-189
-3.27748e-188
-1.66497e-186
6.5567e-185
-8.78989e-185
-5.44889e-182
1.45797e-180
8.35887e-180
-1.48041e-177
3.5049e-176
2.27786e-175
-3.68447e-173
9.75707e-172
-7.94935e-172
-7.98207e-169
2.86506e-167
-3.65015e-166
-1.04188e-164
7.0618e-163
-1.92867e-161
1.99173e-160
7.64031e-159
-4.94512e-157
1.56396e-155
-3.06392e-154
1.5275e-153
1.76813e-151
-9.95907e-150
3.60103e-148
-1.06164e-146
2.73984e-145
-6.39367e-144
1.37392e-142
-2.75033e-141
5.16989e-140
-9.17862e-139
1.54596e-137
-2.47888e-136
3.79463e-135
-5.55827e-134
7.80547e-133
-1.05257e-131
1.36488e-130
-1.7039e-129
2.04992e-128
-2.37879e-127
2.66459e-126
-2.88299e-125
3.01464e-124
-3.048e-123
2.98096e-122
-2.82097e-121
2.5838e-120
-2.29098e-119
1.96673e-118
-1.63479e-117
1.31577e-116
-1.02535e-115
7.73562e-115
-5.64889e-114
3.99177e-113
-2.72869e-112
1.80359e-111
-1.15209e-110
7.10745e-110
-4.23127e-109
2.42849e-108
-1.34214e-107
7.13228e-107
-3.63793e-106
1.77708e-105
-8.28999e-105
3.67943e-104
-1.54599e-103
6.10611e-103
-2.24309e-102
7.53247e-102
-2.2391e-101
5.46997e-101
-8.35046e-101
-1.132e-100
1.63701e-99
-8.49627e-99
3.16414e-98
-8.91167e-98
1.6182e-97
5.23784e-98
-1.98964e-96
1.01053e-95
-3.26868e-95
6.6224e-95
-8.06638e-96
-6.16454e-94
3.09823e-93
-8.93669e-93
1.25812e-92
2.61659e-92
-2.37202e-91
8.21593e-91
-1.44917e-90
-1.16331e-90
1.79267e-89
-6.46438e-89
1.08474e-88
1.22558e-88
-1.41661e-87
4.4809e-87
-5.26115e-87
-1.74509e-86
1.07802e-85
-2.49483e-85
2.14323e-86
1.91557e-84
-6.76787e-84
7.92095e-84
2.60774e-83
-1.45893e-82
2.69956e-82
2.46536e-82
-2.77323e-81
6.60923e-81
5.3594e-82
-4.93979e-80
1.383e-79
-3.9933e-80
-8.62215e-79
2.62597e-78
-1.06378e-78
-1.51788e-77
4.62897e-77
-1.49492e-77
-2.71179e-76
7.58138e-76
-3.50385e-77
-4.8326e-75
1.13157e-74
5.31298e-75
-8.31627e-74
1.46643e-73
2.05042e-73
-1.32808e-72
1.45386e-72
5.12963e-72
-1.87402e-71
5.37386e-72
1.00393e-70
-2.15605e-70
-1.94727e-70
1.58161e-69
-1.60936e-69
-6.2358e-69
1.92816e-68
3.67822e-69
-1.12158e-67
1.52135e-67
3.80581e-67
-1.37691e-66
-6.32778e-68
7.38537e-66
-9.72814e-66
-2.55984e-65
8.35057e-65
2.60188e-65
-4.5745e-64
4.16346e-64
1.80934e-63
-4.12462e-63
-4.38804e-63
2.49224e-62
-4.60794e-63
-1.1566e-61
1.35545e-61
4.21051e-61
-1.02788e-60
-1.05481e-60
5.69044e-60
1.15404e-61
-2.6162e-59
1.98506e-59
1.03193e-58
-1.63612e-58
-3.45174e-58
9.53551e-58
9.0098e-58
-4.70569e-57
-1.12029e-57
2.08237e-56
-6.41933e-57
-8.48067e-56
6.82184e-56
3.22263e-55
-4.23144e-55
-1.1513e-54
2.17375e-54
3.88136e-54
-1.00696e-53
-1.23591e-53
4.35989e-53
3.71139e-53
-1.79911e-52
-1.0475e-52
7.16256e-52
2.76948e-52
-2.7742e-51
-6.89048e-52
1.05153e-50
1.67719e-51
-3.91607e-50
-4.55137e-51
1.43634e-49
1.67518e-50
-5.19276e-49
-8.28728e-50
1.84915e-48
4.52006e-49
-6.4716e-48
-2.40273e-48
2.21748e-47
1.20184e-47
-7.39712e-47
-5.63795e-47
2.38296e-46
2.48975e-46
-7.32627e-46
-1.03883e-45
2.1094e-45
4.10267e-45
-5.49321e-45
-1.53286e-44
1.19185e-44
5.40066e-44
-1.54931e-44
-1.78213e-43
-3.21242e-44
5.43946e-43
3.67212e-43
-1.49994e-42
-1.92217e-42
3.55141e-42
7.85473e-42
-6.21008e-42
-2.73775e-41
1.78857e-42
8.27087e-41
4.83561e-41
-2.11539e-40
-2.86137e-40
4.16415e-40
1.12777e-39
-3.74064e-40
-3.51473e-39
-1.62518e-39
8.70203e-39
1.15377e-38
-1.5034e-38
-4.47251e-38
3.89785e-39
1.27033e-37
1.00929e-37
-2.57431e-37
-5.09279e-37
2.26076e-37
1.58643e-36
9.11664e-37
-3.35074e-36
-5.73366e-36
3.11327e-36
1.8269e-35
1.07206e-35
-3.64236e-35
-6.65804e-35
2.23686e-35
1.95826e-34
1.59667e-34
-3.20344e-34
-7.69958e-34
-7.67102e-35
1.84979e-33
2.37691e-33
-1.77907e-33
-8.06469e-33
-5.46301e-33
1.31363e-32
2.98772e-32
5.67385e-33
-6.56012e-32
-9.86938e-32
2.96738e-32
2.77235e-31
2.99043e-31
-2.60162e-31
-1.06808e-30
-8.52074e-31
1.34574e-30
3.90116e-30
2.36229e-30
-5.77078e-30
-1.38563e-29
-6.74359e-30
2.22765e-29
4.86712e-29
2.14093e-29
-7.97367e-29
-1.70578e-28
-7.94418e-29
2.66361e-28
5.96782e-28
3.34781e-28
-8.20036e-28
-2.06795e-27
-1.48685e-27
2.23113e-27
6.9865e-27
6.53719e-27
-4.72177e-27
-2.24602e-26
-2.74014e-26
3.21993e-27
6.61143e-26
1.06844e-25
3.98165e-26
-1.65291e-25
-3.78218e-25
-3.08063e-25
2.77358e-25
1.17016e-24
1.51038e-24
2.0236e-25
-2.90877e-24
-5.79677e-24
-4.44959e-24
4.22801e-24
1.75359e-23
2.39967e-23
7.84227e-24
-3.65859e-23
-8.71443e-23
-9.00291e-23
1.15435e-23
2.15098e-22
3.98288e-22
3.2855e-22
-1.95747e-22
-1.09092e-21
-1.77621e-21
-1.27054e-21
1.19067e-21
5.12689e-21
7.99965e-21
5.64559e-21
-5.22379e-21
-2.28271e-20
-3.67724e-20
-2.91911e-20
1.58691e-20
9.53042e-20
1.70081e-19
1.64154e-19
-4.2756e-21
-3.54779e-19
-7.62977e-19
-9.21689e-19
-4.19986e-19
1.01037e-18
3.12053e-18
4.8221e-18
4.22633e-18
-6.3314e-19
-1.02936e-17
-2.19729e-17
-2.83625e-17
-1.86738e-17
1.66504e-17
7.74541e-17
1.44079e-16
1.7197e-16
9.86968e-17
-1.29458e-16
-5.10628e-16
-9.32135e-16
-1.13549e-15
-7.4392e-16
6.05122e-16
3.00578e-15
5.95e-15
8.04339e-15
6.99102e-15
1.20027e-16
-1.43548e-14
-3.53457e-14
-5.66335e-14
-6.53451e-14
-4.27132e-14
3.11188e-14
1.66967e-13
3.51426e-13
5.29719e-13
5.93459e-13
3.84158e-13
-2.74292e-13
-1.50244e-12
-3.24773e-12
-5.13575e-12
-6.32927e-12
-5.46649e-12
-7.80881e-13
9.47815e-12
2.62199e-11
4.82483e-11
7.06681e-11
8.32962e-11
6.97169e-11
7.95281e-12
-1.25984e-10
-3.50289e-10
-6.64178e-10
-1.02902e-09
-1.34508e-09
-1.42781e-09
-9.9115e-10
3.50011e-10
3.04131e-09
7.49276e-09
1.39009e-08
2.19667e-08
3.04944e-08
3.68753e-08
3.64924e-08
2.2132e-08
-1.64368e-08
-9.24576e-08
-2.21367e-07
-4.18615e-07
-6.95388e-07
-1.05129e-06
-1.46277e-06
-1.86596e-06
-2.13208e-06
-2.03378e-06
-1.20017e-06
9.41539e-07
5.23985e-06
1.29105e-05
2.5647e-05
4.57529e-05
7.62943e-05
0.000121275
0.000185834
0.000276459
0.000401218
0.000570004
0.000794787
0.00108986
0.00147209
0.00196112
0.00257962
0.00335339
0.0043115
0.00548637
0.00691374
0.00863259
0.010685
0.0131158
0.0159723
0.019304
0.0231619
0.0275977
0.0326634
0.0384108
0.0448899
0.0521488
0.0602326
0.0691822
0.0790341
0.089819
0.101561
0.114279
0.127981
0.142669
0.158338
0.174971
0.192545
0.211026
0.230374
0.250538
0.271463
0.293083
0.315328
0.338121
0.361381
0.385024
0.408962
0.433105
0.457363
0.481645
0.505863
0.529929
0.553761
0.577277
0.600403
0.623067
0.645204
0.666756
0.68767
0.707901
0.727407
0.746158
0.764126
0.781293
0.797645
0.813175
0.827882
0.841768
0.854843
0.867119
0.878614
0.889347
0.899342
0.908626
0.917225
0.925169
0.93249
0.93922
0.94539
0.951032
0.95618
0.960866
0.96512
0.968972
0.972454
0.975593
0.978416
0.980949
0.983218
0.985245
0.987051
0.988658
0.990084
0.991347
0.992462
0.993444
0.994305
0.995058
0.995712
0.996275
0.996753
0.997151
0.997472
0.997716
0.997881
0.997962
0.997954
0.997845
0.997622
0.99727
0.996769
0.996096
0.995224
0.994122
0.992756
0.99109
0.989082
0.986689
0.983865
0.98056
0.976725
0.972308
0.967258
0.961524
0.955056
0.947806
0.939731
0.930787
0.920941
0.91016
0.898422
0.885707
0.872008
0.857321
0.841654
0.825023
0.80745
0.78897
0.769623
0.749459
0.728535
0.706915
0.684671
0.661878
0.638618
0.614975
0.591037
0.566895
0.542637
0.518355
0.494137
0.47007
0.446239
0.422722
0.399597
0.376933
0.354796
0.333244
0.312329
0.292099
0.272593
0.253842
0.235874
0.218707
0.202355
0.186825
0.172118
0.158232
0.145157
0.132881
0.121386
0.110653
0.100658
0.0913744
0.0827753
0.0748307
0.0675096
0.0607802
0.0546103
0.0489675
0.0438195
0.0391342
0.0348804
0.0310275
0.027546
0.0244073
0.0215843
0.019051
0.0167828
0.0147565
0.0129503
0.0113438
0.00991798
0.00865532
0.00753948
0.00655547
0.00568953
0.00492905
0.00426256
0.00367962
0.00317078
0.0027275
0.0023421
0.00200767
0.00171803
0.00146767
0.00125165
0.00106564
0.000905744
0.000768563
0.000651081
0.000550653
0.000464958
0.000391963
0.000329898
0.000277217
0.00023258
0.000194823
0.00016294
0.000136064
0.000113446
9.44425e-05
7.85029e-05
6.51551e-05
5.39957e-05
4.4681e-05
3.69184e-05
3.04597e-05
2.50942e-05
2.06439e-05
1.69583e-05
1.39108e-05
1.13948e-05
9.32065e-06
7.61337e-06
6.21016e-06
5.05856e-06
4.11485e-06
3.34263e-06
2.71165e-06
2.19681e-06
1.77734e-06
1.43605e-06
1.15876e-06
9.33791e-07
7.51516e-07
6.04037e-07
4.84874e-07
3.88722e-07
3.11241e-07
2.48889e-07
1.98778e-07
1.58559e-07
1.2632e-07
1.00512e-07
7.98796e-08
6.34049e-08
5.02672e-08
3.98038e-08
3.14808e-08
2.48686e-08
1.96221e-08
1.54643e-08
1.21733e-08
9.57154e-09
7.51721e-09
5.89704e-09
4.62081e-09
3.61668e-09
2.82758e-09
2.20818e-09
1.72254e-09
1.34223e-09
1.04474e-09
8.12297e-10
6.30885e-10
4.8946e-10
3.79331e-10
2.93668e-10
2.2711e-10
1.75451e-10
1.35401e-10
1.04384e-10
8.03893e-11
6.18464e-11
4.75319e-11
3.64934e-11
2.79901e-11
2.14465e-11
1.64162e-11
1.25533e-11
9.5899e-12
7.31882e-12
5.58012e-12
4.25033e-12
3.23431e-12
2.45879e-12
1.86744e-12
1.41696e-12
1.07413e-12
8.13478e-13
6.15501e-13
4.65272e-13
3.51384e-13
2.65129e-13
1.99863e-13
1.50526e-13
1.13266e-13
8.51513e-14
6.3958e-14
4.79965e-14
3.59864e-14
2.69578e-14
2.01766e-14
1.50879e-14
1.12729e-14
8.41518e-15
6.2765e-15
4.67735e-15
3.48266e-15
2.59092e-15
1.92589e-15
1.43035e-15
1.06143e-15
7.87006e-16
5.8305e-16
4.31594e-16
3.1922e-16
2.35912e-16
1.74204e-16
1.28533e-16
9.47651e-17
6.97606e-17
5.17488e-17
3.47465e-17
)
;

boundaryField
{
    sides
    {
        type            zeroGradient;
    }
    empty
    {
        type            empty;
    }
}


// ************************************************************************* //
