/*--------------------------------*- C++ -*----------------------------------*\
  =========                 |
  \\      /  F ield         | OpenFOAM: The Open Source CFD Toolbox
   \\    /   O peration     | Website:  https://openfoam.org
    \\  /    A nd           | Version:  7
     \\/     M anipulation  |
\*---------------------------------------------------------------------------*/
FoamFile
{
    version     2.0;
    format      ascii;
    class       volScalarField;
    location    "1.31";
    object      T;
}
// * * * * * * * * * * * * * * * * * * * * * * * * * * * * * * * * * * * * * //

dimensions      [0 0 0 1 0 0 0];

internalField   nonuniform List<scalar> 
1000
(
0
0
0
0
0
0
0
0
0
0
0
0
0
0
0
0
0
0
0
0
0
0
0
0
0
0
0
0
0
0
0
0
0
0
0
0
0
0
0
0
0
0
0
0
0
0
0
0
0
0
0
0
0
0
0
0
0
0
0
0
0
0
0
0
0
0
0
0
0
0
0
0
0
0
0
0
0
0
0
0
0
0
0
0
0
0
0
0
0
0
0
0
0
0
0
0
0
0
0
0
0
0
0
0
0
0
0
0
0
0
0
0
0
0
0
0
0
0
0
0
0
0
0
0
0
0
0
0
0
0
0
0
0
0
0
0
0
0
0
0
0
0
0
0
0
0
0
0
0
0
0
0
0
0
0
0
0
0
0
0
0
0
0
0
0
0
0
0
0
0
0
0
0
0
0
0
0
0
0
0
0
0
0
0
0
0
0
0
0
0
0
0
0
0
0
0
0
0
0
0
0
0
0
0
0
0
0
0
0
0
0
0
0
0
0
0
0
0
0
0
0
0
0
0
0
0
0
0
0
0
0
0
0
0
0
0
0
0
0
0
0
0
0
0
0
0
0
0
0
0
0
0
0
0
0
0
0
0
0
0
0
0
0
0
0
0
0
0
0
0
0
0
0
0
0
0
0
0
0
0
0
0
0
0
0
0
0
0
0
0
0
0
0
0
0
0
0
0
0
0
0
0
0
0
0
0
0
0
0
0
0
0
0
0
0
0
0
0
0
-1.15395e-102
3.51569e-100
-5.27585e-98
5.19764e-96
-3.78034e-94
2.16427e-92
-1.0155e-90
4.01474e-89
-1.3645e-87
4.04785e-86
-1.06057e-84
2.47739e-83
-5.19856e-82
9.86022e-81
-1.69905e-79
2.67081e-78
-3.84295e-77
5.07513e-76
-6.16454e-75
6.89743e-74
-7.1158e-73
6.77132e-72
-5.94185e-71
4.80319e-70
-3.56992e-69
2.43184e-68
-1.51088e-67
8.49671e-67
-4.27283e-66
1.88165e-65
-6.96396e-65
1.95221e-64
-2.50101e-64
-1.32244e-63
1.20943e-62
-5.48493e-62
1.53822e-61
-1.30206e-61
-1.29307e-60
8.35281e-60
-2.59111e-59
2.53632e-59
1.81625e-58
-1.09381e-57
2.71203e-57
4.06773e-58
-2.96902e-56
1.10016e-55
-1.15924e-55
-6.40167e-55
3.29167e-54
-5.10894e-54
-1.29287e-53
8.45061e-53
-1.42699e-52
-2.90448e-52
1.96762e-51
-2.97948e-51
-7.56164e-51
4.1566e-50
-4.40813e-50
-2.00061e-49
7.63789e-49
-2.57532e-49
-4.68814e-48
1.11699e-47
9.12075e-48
-8.90166e-47
1.02813e-46
3.72947e-46
-1.24767e-45
-2.17312e-46
7.63288e-45
-1.00975e-44
-2.8581e-44
9.50427e-44
3.01171e-44
-5.44854e-43
5.01365e-43
2.22245e-42
-4.99743e-42
-5.7432e-42
3.02009e-41
-1.59668e-42
-1.40929e-40
1.30693e-40
5.33606e-40
-1.00642e-39
-1.59988e-39
5.49126e-39
3.16418e-39
-2.50113e-38
1.65528e-39
1.00621e-37
-5.82796e-38
-3.67732e-37
3.87892e-37
1.24257e-36
-1.91688e-36
-3.93591e-36
8.1679e-36
1.18475e-35
-3.16315e-35
-3.44549e-35
1.14237e-34
9.89375e-35
-3.90389e-34
-2.88068e-34
1.2731e-33
8.71988e-34
-3.97844e-33
-2.77676e-33
1.19201e-32
9.22348e-33
-3.41384e-32
-3.12231e-32
9.27868e-32
1.04917e-31
-2.36267e-31
-3.4234e-31
5.50833e-31
1.06688e-30
-1.12277e-30
-3.13371e-30
1.76804e-30
8.56431e-30
-9.89843e-31
-2.14308e-29
-7.10196e-30
4.78836e-29
4.00923e-29
-9.09474e-29
-1.40376e-28
1.28452e-28
3.87816e-28
-5.25948e-29
-8.78126e-28
-4.47081e-28
1.57284e-27
2.00845e-27
-1.85682e-27
-5.45705e-27
-2.85707e-28
1.07093e-26
8.94644e-27
-1.37738e-26
-2.86502e-26
2.19727e-27
5.61393e-26
4.54958e-26
-6.29567e-26
-1.41663e-25
-1.93309e-26
2.36316e-25
2.67032e-25
-1.49385e-25
-6.20679e-25
-3.88719e-25
6.55421e-25
1.37503e-24
4.06646e-25
-1.85875e-24
-2.80729e-24
-1.78811e-25
4.42657e-24
5.62404e-24
-3.50288e-25
-9.58207e-24
-1.15408e-23
6.38824e-25
1.93695e-23
2.45914e-23
2.0843e-24
-3.63036e-23
-5.34158e-23
-1.72096e-23
6.00982e-23
1.1353e-22
7.03778e-23
-7.52856e-23
-2.23185e-22
-2.18333e-22
1.80114e-23
3.71657e-22
5.52165e-22
2.86254e-22
-4.13757e-22
-1.11885e-21
-1.16914e-21
-1.54802e-22
1.59286e-21
2.91604e-21
2.408e-21
-5.19982e-22
-4.7258e-21
-7.38231e-21
-5.39458e-21
2.26699e-21
1.26708e-20
1.91056e-20
1.4204e-20
-4.85383e-21
-3.17995e-20
-5.09541e-20
-4.34384e-20
1.12308e-21
7.26281e-20
1.36161e-19
1.42054e-19
5.1141e-20
-1.33249e-19
-3.43391e-19
-4.5437e-19
-3.31211e-19
9.16811e-20
7.29428e-19
1.31118e-18
1.43557e-18
7.34415e-19
-8.8978e-19
-3.04565e-18
-4.78602e-18
-4.81273e-18
-1.99423e-18
3.90508e-18
1.15483e-17
1.77842e-17
1.82118e-17
8.72807e-18
-1.21483e-17
-4.08745e-17
-6.75252e-17
-7.67427e-17
-5.19012e-17
1.75659e-17
1.27182e-16
2.49898e-16
3.34265e-16
3.12575e-16
1.21383e-16
-2.66906e-16
-8.08156e-16
-1.35878e-15
-1.67275e-15
-1.43973e-15
-3.7449e-16
1.64628e-15
4.4241e-15
7.3033e-15
9.12748e-15
8.3622e-15
3.44344e-15
-6.63303e-15
-2.15414e-14
-3.8835e-14
-5.33999e-14
-5.7502e-14
-4.17934e-14
2.44058e-15
7.97361e-14
1.85928e-13
3.03476e-13
3.98036e-13
4.1817e-13
3.00367e-13
-1.86718e-14
-5.81338e-13
-1.3806e-12
-2.32678e-12
-3.21604e-12
-3.71069e-12
-3.34473e-12
-1.57013e-12
2.14131e-12
8.12998e-12
1.63139e-11
2.59027e-11
3.50977e-11
4.08449e-11
3.87349e-11
2.31781e-11
-1.20009e-11
-7.23991e-11
-1.61178e-10
-2.76453e-10
-4.07996e-10
-5.33478e-10
-6.14766e-10
-5.95055e-10
-3.98028e-10
6.93711e-11
9.08627e-10
2.21352e-09
4.04381e-09
6.38663e-09
9.10384e-09
1.18654e-08
1.40699e-08
1.47584e-08
1.25289e-08
5.46848e-09
-8.87487e-09
-3.3449e-08
-7.15384e-08
-1.26432e-07
-2.00847e-07
-2.9601e-07
-4.10301e-07
-5.37312e-07
-6.63181e-07
-7.63017e-07
-7.96234e-07
-7.00561e-07
-3.84514e-07
2.81927e-07
1.47869e-06
3.44928e-06
6.517e-06
1.1104e-05
1.77532e-05
2.71539e-05
4.01695e-05
5.78707e-05
8.15697e-05
0.00011286
0.000153658
0.000206248
0.000273331
0.000358073
0.000464157
0.00059584
0.000757999
0.000956189
0.00119669
0.00148657
0.00183369
0.0022468
0.00273553
0.00331044
0.00398303
0.00476573
0.00567193
0.00671598
0.00791309
0.00927938
0.0108318
0.012588
0.0145663
0.0167858
0.0192657
0.0220259
0.0250864
0.0284673
0.0321885
0.0362699
0.0407307
0.0455899
0.0508654
0.0565743
0.0627327
0.0693553
0.0764554
0.0840446
0.0921328
0.100728
0.109836
0.119462
0.129605
0.140267
0.151443
0.163128
0.175315
0.187993
0.201149
0.214768
0.228834
0.243325
0.258221
0.273499
0.289132
0.305093
0.321355
0.337886
0.354655
0.371632
0.388781
0.406071
0.423467
0.440935
0.458441
0.475951
0.493432
0.510851
0.528176
0.545376
0.562421
0.579282
0.595931
0.612342
0.628491
0.644354
0.659911
0.675142
0.690029
0.704556
0.718708
0.732475
0.745844
0.758807
0.771357
0.783488
0.795197
0.806482
0.817341
0.827775
0.837786
0.847376
0.856552
0.865316
0.873675
0.881637
0.889208
0.896397
0.903211
0.90966
0.915751
0.921495
0.926899
0.931972
0.936722
0.941157
0.945283
0.949108
0.952636
0.955873
0.958822
0.961485
0.963865
0.965962
0.967774
0.969301
0.970538
0.97148
0.972123
0.972458
0.972478
0.972172
0.971532
0.970544
0.969198
0.967479
0.965375
0.96287
0.959952
0.956606
0.952817
0.948572
0.943857
0.938658
0.932964
0.926765
0.920049
0.912809
0.905037
0.896728
0.88788
0.878489
0.868558
0.858088
0.847084
0.835555
0.823508
0.810956
0.797914
0.784396
0.770422
0.756013
0.74119
0.725978
0.710403
0.694494
0.67828
0.661791
0.645058
0.628115
0.610995
0.593731
0.576359
0.558911
0.541424
0.52393
0.506463
0.489056
0.471742
0.454552
0.437516
0.420663
0.404021
0.387616
0.371472
0.355614
0.340061
0.324834
0.30995
0.295426
0.281276
0.267512
0.254144
0.241183
0.228635
0.216504
0.204796
0.193513
0.182654
0.172221
0.162209
0.152617
0.143439
0.13467
0.126305
0.118334
0.11075
0.103544
0.0967062
0.0902265
0.0840942
0.0782982
0.0728272
0.0676696
0.0628135
0.0582471
0.0539585
0.0499358
0.046167
0.0426405
0.0393446
0.0362678
0.0333992
0.0307276
0.0282424
0.0259334
0.0237904
0.0218038
0.0199642
0.0182626
0.0166905
0.0152395
0.0139018
0.0126699
0.0115366
0.0104951
0.00953901
0.00866222
0.00785899
0.0071239
0.00645187
0.00583809
0.00527808
0.00476765
0.00430285
0.00388003
0.00349577
0.00314688
0.00283043
0.00254365
0.00228402
0.00204919
0.00183698
0.0016454
0.00147259
0.00131686
0.00117665
0.00105053
0.00093717
0.000835382
0.000744061
0.000662203
0.00058889
0.000523287
0.000464634
0.000412238
0.000365471
0.000323764
0.0002866
0.000253512
0.000224076
0.000197911
0.000174672
0.000154049
0.000135762
0.000119558
0.000105213
9.25223e-05
8.13043e-05
7.13957e-05
6.26504e-05
5.49377e-05
4.81409e-05
4.21556e-05
3.6889e-05
3.22581e-05
2.81894e-05
2.4617e-05
2.14829e-05
1.87352e-05
1.6328e-05
1.42206e-05
1.2377e-05
1.07653e-05
9.35739e-06
8.1283e-06
7.05607e-06
6.12134e-06
5.30703e-06
4.59812e-06
3.98137e-06
3.44518e-06
2.97932e-06
2.57485e-06
2.22391e-06
1.91962e-06
1.65594e-06
1.42761e-06
1.23001e-06
1.05912e-06
9.11428e-07
7.83859e-07
6.73744e-07
5.78754e-07
4.96864e-07
4.2631e-07
3.65561e-07
3.13287e-07
2.68333e-07
2.29697e-07
1.96512e-07
1.68025e-07
1.43586e-07
1.22633e-07
1.04679e-07
8.93032e-08
7.61438e-08
6.48876e-08
5.5265e-08
4.70436e-08
4.00235e-08
3.40325e-08
2.89227e-08
2.45669e-08
2.08559e-08
1.76961e-08
1.50071e-08
1.272e-08
1.07758e-08
9.124e-09
7.7214e-09
6.53104e-09
5.52136e-09
4.66538e-09
3.94009e-09
3.32588e-09
2.80599e-09
2.36619e-09
1.99432e-09
1.68006e-09
1.41462e-09
1.19053e-09
1.00144e-09
8.4198e-10
7.07565e-10
5.9432e-10
4.98959e-10
4.18699e-10
3.51181e-10
2.94411e-10
2.46702e-10
2.06625e-10
1.72991e-10
1.44657e-10
1.21726e-10
9.62186e-11
)
;

boundaryField
{
    sides
    {
        type            zeroGradient;
    }
    empty
    {
        type            empty;
    }
}


// ************************************************************************* //
