/*--------------------------------*- C++ -*----------------------------------*\
  =========                 |
  \\      /  F ield         | OpenFOAM: The Open Source CFD Toolbox
   \\    /   O peration     | Website:  https://openfoam.org
    \\  /    A nd           | Version:  7
     \\/     M anipulation  |
\*---------------------------------------------------------------------------*/
FoamFile
{
    version     2.0;
    format      ascii;
    class       volScalarField;
    location    "3.09";
    object      T;
}
// * * * * * * * * * * * * * * * * * * * * * * * * * * * * * * * * * * * * * //

dimensions      [0 0 0 1 0 0 0];

internalField   nonuniform List<scalar> 
1000
(
0
0
0
0
0
0
0
0
0
0
0
0
0
0
0
0
0
0
0
0
0
0
0
0
0
0
0
0
0
0
0
0
0
0
0
0
0
0
0
0
0
0
0
0
0
0
0
0
0
0
0
0
0
0
0
0
0
0
0
0
0
0
0
0
0
0
0
0
0
0
0
0
0
0
0
0
0
0
0
0
0
0
0
0
0
0
0
0
0
0
0
0
0
0
0
0
0
0
0
0
0
0
0
0
0
0
0
0
0
0
0
0
0
0
0
0
0
0
0
0
0
0
0
0
0
0
0
0
0
0
0
0
0
0
0
0
0
0
0
0
0
0
0
0
0
-7.11455e-322
3.77091e-319
-1.65236e-316
6.18348e-314
-2.01732e-311
5.82864e-309
-1.51006e-306
3.54339e-304
-7.59337e-302
1.49645e-299
-2.72818e-297
4.62468e-295
-7.32176e-293
1.08684e-290
-1.51787e-288
2.00057e-286
-2.4953e-284
2.95271e-282
-3.3222e-280
3.56148e-278
-3.64457e-276
3.56635e-274
-3.34232e-272
3.00438e-270
-2.59379e-268
2.15343e-266
-1.72129e-264
1.32611e-262
-9.85715e-261
7.07594e-259
-4.90987e-257
3.29591e-255
-2.14214e-253
1.34901e-251
-8.23723e-250
4.88026e-248
-2.80722e-246
1.56871e-244
-8.52106e-243
4.50157e-241
-2.3141e-239
1.15814e-237
-5.64555e-236
2.68172e-234
-1.24186e-232
5.60865e-231
-2.47141e-229
1.0629e-227
-4.46339e-226
1.83065e-224
-7.33607e-223
2.87326e-221
-1.10021e-219
4.11992e-218
-1.50918e-216
5.40942e-215
-1.89771e-213
6.51763e-212
-2.19197e-210
7.22049e-209
-2.33015e-207
7.36852e-206
-2.28374e-204
6.9386e-203
-2.06699e-201
6.03853e-200
-1.73032e-198
4.86407e-197
-1.34161e-195
3.63142e-194
-9.64757e-193
2.51604e-191
-6.44226e-190
1.61973e-188
-3.99933e-187
9.69914e-186
-2.31065e-184
5.40807e-183
-1.24369e-181
2.81053e-180
-6.24201e-179
1.36258e-177
-2.92382e-176
6.16777e-175
-1.2792e-173
2.60868e-172
-5.23133e-171
1.0317e-169
-2.00112e-168
3.81777e-167
-7.16467e-166
1.3227e-164
-2.40236e-163
4.29291e-162
-7.54797e-161
1.30587e-159
-2.22324e-158
3.72488e-157
-6.14185e-156
9.96711e-155
-1.592e-153
2.50285e-152
-3.87318e-151
5.90005e-150
-8.84737e-149
1.30604e-147
-1.898e-146
2.71547e-145
-3.82485e-144
5.30411e-143
-7.24183e-142
9.73485e-141
-1.28843e-139
1.67899e-138
-2.15425e-137
2.72148e-136
-3.38516e-135
4.14588e-134
-4.9994e-133
5.9358e-132
-6.93903e-131
7.98677e-130
-9.05088e-129
1.00983e-127
-1.10928e-126
1.19965e-125
-1.27725e-124
1.33874e-123
-1.38133e-122
1.40304e-121
-1.40278e-120
1.38052e-119
-1.33724e-118
1.27486e-117
-1.19614e-116
1.10443e-115
-1.00348e-114
8.97144e-114
-7.89161e-113
6.82945e-112
-5.81416e-111
4.86889e-110
-4.01028e-109
3.24845e-108
-2.58755e-107
2.02658e-106
-1.56044e-105
1.1811e-104
-8.78653e-104
6.42362e-103
-4.61431e-102
3.25631e-101
-2.25715e-100
1.5365e-99
-1.02696e-98
6.73795e-98
-4.33871e-97
2.74123e-96
-1.6989e-95
1.03254e-94
-6.15223e-94
3.59253e-93
-2.05522e-92
1.15144e-91
-6.31491e-91
3.38875e-90
-1.77846e-89
9.12309e-89
-4.57163e-88
2.23635e-87
-1.06714e-86
4.96311e-86
-2.24758e-85
9.89998e-85
-4.23602e-84
1.75809e-83
-7.06517e-83
2.7433e-82
-1.02649e-81
3.68914e-81
-1.26793e-80
4.14289e-80
-1.27604e-79
3.65671e-79
-9.53297e-79
2.16059e-78
-3.7637e-78
2.30591e-78
1.83985e-77
-1.13074e-76
4.26533e-76
-1.23721e-75
2.74634e-75
-3.69432e-75
-3.56737e-75
4.52225e-74
-1.83135e-73
4.96986e-73
-8.67861e-73
1.51936e-73
5.77008e-72
-2.60614e-71
6.87923e-71
-9.93523e-71
-8.5528e-71
1.05978e-69
-3.64081e-69
6.88963e-69
-1.24594e-69
-4.32354e-68
1.71592e-67
-3.39559e-67
6.88673e-68
2.05482e-66
-7.73371e-66
1.31785e-65
6.24647e-66
-1.08032e-64
3.17156e-64
-3.30453e-64
-9.92311e-64
5.25213e-63
-9.94412e-63
-3.01121e-63
7.1671e-62
-1.92077e-61
1.09746e-61
8.74854e-61
-3.11476e-60
3.20087e-60
1.02576e-59
-4.63638e-59
5.88705e-59
1.25701e-58
-6.61402e-58
8.8241e-58
1.73578e-57
-9.19876e-57
1.12481e-56
2.71527e-56
-1.24117e-55
1.16237e-55
4.49211e-55
-1.58355e-54
7.38422e-55
7.24702e-54
-1.81781e-53
-4.73262e-54
1.07066e-52
-1.69688e-52
-2.69417e-52
1.36848e-51
-9.01581e-52
-5.67798e-51
1.38632e-50
7.56691e-51
-8.29237e-50
8.51834e-50
2.97552e-49
-8.5125e-49
-3.22884e-49
4.67978e-48
-4.47438e-48
-1.74361e-47
4.32391e-47
3.37292e-47
-2.48085e-46
1.12988e-46
1.06592e-45
-1.64225e-45
-3.39816e-45
1.09958e-44
5.67455e-45
-5.61489e-44
2.1924e-44
2.39783e-43
-2.8885e-43
-8.70749e-43
1.92865e-42
2.5863e-42
-1.02826e-41
-5.12733e-42
4.83184e-41
-4.09671e-42
-2.08443e-40
1.18656e-40
8.44409e-40
-8.62222e-40
-3.26276e-39
4.81015e-39
1.2184e-38
-2.36975e-38
-4.45547e-38
1.08337e-37
1.61921e-37
-4.70706e-37
-5.94559e-37
1.96925e-36
2.24227e-36
-7.98941e-36
-8.79031e-36
3.15255e-35
3.59309e-35
-1.20908e-34
-1.52031e-34
4.48743e-34
6.56361e-34
-1.59723e-33
-2.84352e-33
5.36404e-33
1.21699e-32
-1.64815e-32
-5.07574e-32
4.31953e-32
2.03721e-31
-7.5417e-32
-7.76491e-31
-8.47423e-32
2.76336e-30
1.7278e-30
-8.94155e-30
-1.12196e-29
2.49653e-29
5.49517e-29
-5.19187e-29
-2.2622e-28
2.22659e-29
7.9584e-28
5.18406e-28
-2.31488e-27
-3.60566e-27
4.85376e-27
1.62274e-26
-2.08748e-27
-5.58576e-26
-4.44893e-26
1.4198e-25
2.83317e-25
-1.81946e-25
-1.10442e-24
-5.60685e-25
2.9536e-24
5.00319e-24
-3.84832e-24
-2.0211e-23
-1.12363e-23
5.01704e-23
9.54001e-23
-3.91062e-23
-3.43938e-22
-3.16337e-22
6.4546e-22
1.81368e-21
4.6402e-22
-4.85283e-21
-8.09703e-21
3.18262e-21
2.86839e-20
3.2026e-20
-3.77979e-20
-1.50541e-19
-1.16601e-19
2.60651e-19
7.43452e-19
4.16034e-19
-1.47796e-18
-3.58103e-18
-1.63843e-18
7.47063e-18
1.71736e-17
8.08799e-18
-3.43497e-17
-8.23585e-17
-4.91397e-17
1.41191e-16
3.89903e-16
3.20434e-16
-4.80425e-16
-1.76881e-15
-2.01478e-15
9.73369e-16
7.3114e-15
1.15431e-14
2.97175e-15
-2.49823e-14
-5.77592e-14
-5.0042e-14
5.10045e-14
2.36577e-13
3.56063e-13
1.2492e-13
-6.65573e-13
-1.74102e-12
-2.01156e-12
1.43788e-13
5.49531e-12
1.17307e-11
1.19772e-11
-3.12811e-12
-3.75374e-11
-7.74581e-11
-8.26457e-11
4.41195e-12
2.18195e-10
5.0102e-10
6.38833e-10
2.71701e-10
-9.3802e-10
-2.94269e-09
-4.84384e-09
-4.61172e-09
5.45952e-10
1.26995e-08
3.04777e-08
4.57954e-08
4.1864e-08
-4.58741e-09
-1.1366e-07
-2.83408e-07
-4.63839e-07
-5.32299e-07
-2.86652e-07
5.20694e-07
2.08332e-06
4.35977e-06
6.81741e-06
8.14654e-06
6.04333e-06
-2.77879e-06
-2.21327e-05
-5.52028e-05
-0.000102438
-0.000158287
-0.000206689
-0.00021538
-0.000129312
0.000136329
0.00070276
0.00173306
0.00343548
0.00606375
0.00991364
0.0153154
0.022622
0.0321935
0.044379
0.0594957
0.0778089
0.099513
0.124714
0.15342
0.18553
0.220837
0.259032
0.299712
0.342399
0.386557
0.431614
0.476986
0.522097
0.566399
0.609392
0.650637
0.689766
0.726486
0.760584
0.791926
0.820447
0.846152
0.8691
0.889398
0.907192
0.922654
0.935975
0.947355
0.956999
0.965104
0.971865
0.97746
0.982056
0.985803
0.988837
0.991275
0.993221
0.994765
0.99598
0.996931
0.99767
0.998241
0.998679
0.999014
0.999268
0.999459
0.999602
0.999709
0.999788
0.999847
0.99989
0.999921
0.999944
0.99996
0.999972
0.99998
0.999986
0.99999
0.999993
0.999995
0.999997
0.999998
0.999999
0.999999
0.999999
1
1
1
1
1
1
1
1
1
1
0.999999
0.999998
0.999996
0.999993
0.999992
0.999994
1
1.00002
1.00006
1.0001
1.00016
1.00021
1.00022
1.00013
0.999864
0.999297
0.998267
0.996565
0.993936
0.990086
0.984685
0.977378
0.967806
0.955621
0.940504
0.922191
0.900487
0.875286
0.84658
0.81447
0.779163
0.740968
0.700288
0.657601
0.613443
0.568386
0.523014
0.477903
0.433601
0.390608
0.349363
0.310234
0.273514
0.239416
0.208074
0.179553
0.153848
0.1309
0.110602
0.0928081
0.0773461
0.0640251
0.0526447
0.0430014
0.0348956
0.0281352
0.0225402
0.0179443
0.0141969
0.0111634
0.00872499
0.00677857
0.00523539
0.00402007
0.0030692
0.00233002
0.00175901
0.00132065
0.000986159
0.000732455
0.000541155
0.000397741
0.000290836
0.000211591
0.00015317
0.000110335
7.9093e-05
5.64264e-05
4.00656e-05
2.83162e-05
1.99205e-05
1.39506e-05
9.72608e-06
6.75093e-06
4.66547e-06
3.21038e-06
2.19975e-06
1.50096e-06
1.01992e-06
6.90227e-07
4.65227e-07
3.12327e-07
2.08856e-07
1.39123e-07
9.23183e-08
6.10286e-08
4.01936e-08
2.63741e-08
1.72431e-08
1.12329e-08
7.29161e-09
4.71661e-09
3.04039e-09
1.95317e-09
1.25049e-09
7.97937e-10
5.07481e-10
3.21701e-10
2.03274e-10
1.28034e-10
8.03893e-11
5.03173e-11
3.13977e-11
1.95323e-11
1.21144e-11
7.49128e-12
4.61882e-12
2.83949e-12
1.7406e-12
1.06395e-12
6.48514e-13
3.94191e-13
2.38945e-13
1.44446e-13
8.70842e-14
5.23619e-14
3.14011e-14
1.87819e-14
1.1205e-14
6.66765e-15
3.95763e-15
2.3432e-15
1.38391e-15
8.1534e-16
4.79199e-16
2.80963e-16
1.64342e-16
9.59011e-17
5.58324e-17
3.243e-17
1.87938e-17
1.08667e-17
6.26913e-18
3.60872e-18
2.07274e-18
1.18793e-18
6.79357e-19
3.87685e-19
2.2077e-19
1.25456e-19
7.11448e-20
4.02624e-20
2.2739e-20
1.28164e-20
7.20931e-21
4.04725e-21
2.26763e-21
1.26806e-21
7.07736e-22
3.9425e-22
2.19205e-22
1.2165e-22
6.73856e-23
3.72581e-23
2.05627e-23
1.1328e-23
6.22942e-24
3.41953e-24
1.87379e-24
1.02497e-24
5.59696e-25
3.05102e-25
1.66033e-25
9.02012e-26
4.89215e-26
2.6489e-26
1.43191e-26
7.72776e-27
4.16378e-27
2.23987e-27
1.203e-27
6.45087e-28
3.45374e-28
1.84623e-28
9.85394e-29
5.25132e-29
2.79426e-29
1.4846e-29
7.87592e-30
4.17204e-30
2.20676e-30
1.16554e-30
6.1471e-31
3.23733e-31
1.70248e-31
8.94054e-32
4.68849e-32
2.45525e-32
1.28397e-32
6.70532e-33
3.49695e-33
1.82126e-33
9.4726e-34
4.92025e-34
2.55228e-34
1.32221e-34
6.84074e-35
3.53462e-35
1.824e-35
9.40048e-36
4.83866e-36
2.48744e-36
1.27714e-36
6.54911e-37
3.35422e-37
1.71581e-37
8.76634e-38
4.47345e-38
2.28006e-38
1.16074e-38
5.9021e-39
2.99757e-39
1.52064e-39
7.7051e-40
3.8997e-40
1.97146e-40
9.95523e-41
5.0214e-41
2.52995e-41
1.27326e-41
6.40087e-42
3.21429e-42
1.61235e-42
8.07905e-43
4.04384e-43
2.02192e-43
1.00989e-43
5.03873e-44
2.51139e-44
1.25042e-44
6.21937e-45
3.09023e-45
1.53387e-45
7.60585e-46
3.76762e-46
1.86445e-46
9.21725e-47
4.5522e-47
2.24602e-47
1.10708e-47
5.4516e-48
2.68193e-48
1.31812e-48
6.47211e-49
3.17487e-49
1.55595e-49
7.61827e-50
3.72661e-50
1.82124e-50
8.89246e-51
4.33788e-51
2.11416e-51
1.02945e-51
5.00821e-52
2.43428e-52
1.18215e-52
5.73576e-53
2.78052e-53
1.34674e-53
6.51721e-54
3.15112e-54
1.52228e-54
7.34776e-55
3.5436e-55
1.70753e-55
8.22106e-56
3.95479e-56
1.9009e-56
9.12926e-57
4.38082e-57
2.10049e-57
1.00631e-57
4.8172e-58
2.30413e-58
1.10122e-58
5.25889e-59
2.50941e-59
1.19649e-59
5.70038e-60
2.7137e-60
1.29088e-60
6.13584e-61
2.91428e-61
1.38311e-61
6.55924e-62
3.10831e-62
1.47187e-62
6.96449e-63
3.29298e-63
1.55585e-63
7.3456e-64
3.46554e-64
1.6338e-64
7.69684e-65
3.62339e-65
1.70454e-65
8.01289e-66
3.76413e-66
1.76699e-66
8.28894e-67
3.88563e-67
1.82022e-67
8.52089e-68
3.9861e-68
1.86344e-68
8.70536e-69
4.0641e-69
1.89605e-69
8.83984e-70
4.1186e-70
1.91764e-70
8.92272e-71
4.14899e-71
1.92798e-71
8.95328e-72
4.15509e-72
1.92707e-72
8.93177e-73
4.13713e-73
1.91509e-73
8.85789e-74
4.1143e-74
1.64699e-74
)
;

boundaryField
{
    sides
    {
        type            zeroGradient;
    }
    empty
    {
        type            empty;
    }
}


// ************************************************************************* //
