/*--------------------------------*- C++ -*----------------------------------*\
  =========                 |
  \\      /  F ield         | OpenFOAM: The Open Source CFD Toolbox
   \\    /   O peration     | Website:  https://openfoam.org
    \\  /    A nd           | Version:  7
     \\/     M anipulation  |
\*---------------------------------------------------------------------------*/
FoamFile
{
    version     2.0;
    format      ascii;
    class       volScalarField;
    location    "2.57";
    object      T;
}
// * * * * * * * * * * * * * * * * * * * * * * * * * * * * * * * * * * * * * //

dimensions      [0 0 0 1 0 0 0];

internalField   nonuniform List<scalar> 
1000
(
2.59477e-183
2.73779e-183
3.26358e-183
4.77165e-183
8.79966e-183
1.92954e-182
4.6391e-182
1.16083e-181
2.95042e-181
7.542e-181
1.93161e-180
4.94952e-180
1.26818e-179
3.24853e-179
8.31855e-179
2.12938e-178
5.44873e-178
1.39372e-177
3.5636e-177
9.1083e-177
2.32712e-176
5.9434e-176
1.51734e-175
3.87226e-175
9.87819e-175
2.51896e-174
6.42091e-174
1.63607e-173
4.16714e-173
1.06097e-172
2.7002e-172
6.8694e-172
1.7469e-171
4.44065e-171
1.12837e-170
2.86604e-170
7.27677e-170
1.84681e-169
4.6852e-169
1.18812e-168
3.01173e-168
7.63123e-168
1.93284e-167
4.89351e-167
1.23841e-166
3.1328e-166
7.92175e-166
2.0023e-165
5.05891e-165
1.27762e-164
3.22529e-164
8.13865e-164
2.05283e-163
5.17572e-163
1.30438e-162
3.28591e-162
8.27409e-162
2.08257e-161
5.23956e-161
1.31766e-160
3.31225e-160
8.32256e-160
2.09027e-159
5.24757e-159
1.31682e-158
3.30296e-158
8.28114e-158
2.07533e-157
5.19865e-157
1.30168e-156
3.25779e-156
8.14983e-156
2.03789e-155
5.09352e-155
1.27251e-154
3.17766e-154
7.93154e-154
1.97884e-153
4.93476e-153
1.23005e-152
3.06466e-152
7.63205e-152
1.89977e-151
4.7267e-151
1.17548e-150
2.92193e-150
7.25975e-150
1.8029e-149
4.47523e-149
1.11034e-148
2.75354e-148
6.82527e-148
1.69099e-147
4.18753e-147
1.03649e-146
2.56427e-146
6.34094e-146
1.56723e-145
3.8717e-145
9.56005e-145
2.35942e-144
5.82022e-144
1.43502e-143
3.53643e-143
8.71076e-143
2.14453e-142
5.27705e-142
1.29788e-141
3.1905e-141
7.83909e-141
1.9251e-140
4.72522e-140
1.15923e-139
2.84247e-139
6.96628e-139
1.70641e-138
4.17774e-138
1.02229e-137
2.50026e-137
6.1118e-137
1.49323e-136
3.64634e-136
8.89937e-136
2.17087e-135
5.2927e-135
1.28971e-134
3.14105e-134
7.64584e-134
1.86013e-133
4.52303e-133
1.09921e-132
2.66991e-132
6.48151e-132
1.57261e-131
3.81352e-131
9.24259e-131
2.23884e-130
5.42015e-130
1.31147e-129
3.17151e-129
7.66533e-129
1.85162e-128
4.47022e-128
1.0786e-127
2.60104e-127
6.26884e-127
1.51001e-126
3.63516e-126
8.74616e-126
2.10311e-125
5.05423e-125
1.21394e-124
2.91397e-124
6.99069e-124
1.6761e-123
4.01629e-123
9.61819e-123
2.30199e-122
5.50626e-122
1.31629e-121
3.14473e-121
7.50855e-121
1.79171e-120
4.27281e-120
1.01835e-119
2.42558e-119
5.77389e-119
1.37358e-118
3.26567e-118
7.75929e-118
1.84247e-117
4.3723e-117
1.03693e-116
2.4576e-116
5.82107e-116
1.3779e-115
3.25956e-115
7.70588e-115
1.82057e-114
4.29848e-114
1.01424e-113
2.39159e-113
5.63574e-113
1.32719e-112
3.12341e-112
7.34583e-112
1.7265e-111
4.05512e-111
9.51818e-111
2.23261e-110
5.23339e-110
1.22592e-109
2.86976e-109
6.71332e-109
1.5694e-108
3.66634e-108
8.55924e-108
1.99682e-107
4.65526e-107
1.08454e-106
2.52493e-106
5.87418e-106
1.36566e-105
3.17271e-105
7.36567e-105
1.70878e-104
3.96143e-104
9.17713e-104
2.12447e-103
4.91452e-103
1.13605e-102
2.62421e-102
6.05738e-102
1.39718e-101
3.22033e-101
7.41701e-101
1.70701e-100
3.92573e-100
9.02153e-100
2.07164e-99
4.75361e-99
1.08994e-98
2.49721e-98
5.71709e-98
1.30787e-97
2.98964e-97
6.82872e-97
1.55856e-96
3.55444e-96
8.0999e-96
1.84437e-95
4.19638e-95
9.54024e-95
2.1672e-94
4.91919e-94
1.11568e-93
2.52836e-93
5.72515e-93
1.29534e-92
2.92839e-92
6.61482e-92
1.49297e-91
3.36689e-91
7.58659e-91
1.70806e-90
3.84238e-90
8.6364e-90
1.93955e-89
4.35212e-89
9.75741e-89
2.18574e-88
4.89205e-88
1.09399e-87
2.44432e-87
5.45667e-87
1.21708e-86
2.71228e-86
6.03903e-86
1.34344e-85
2.98597e-85
6.63081e-85
1.47116e-84
3.26112e-84
7.2224e-84
1.5981e-83
3.53292e-83
7.80309e-83
1.72188e-82
3.79611e-82
8.36132e-82
1.83996e-81
4.04518e-81
8.88506e-81
1.94973e-80
4.27446e-80
9.36213e-80
2.04859e-79
4.47838e-79
9.7807e-79
2.13403e-78
4.65167e-78
1.01297e-77
2.20373e-77
4.78954e-77
1.03992e-76
2.25569e-76
4.88793e-76
1.05812e-75
2.2883e-75
4.94368e-75
1.06696e-74
2.30041e-74
4.95469e-74
1.06606e-73
2.29141e-73
4.92007e-73
1.05533e-72
2.26126e-72
4.84014e-72
1.03492e-71
2.21052e-71
4.71651e-71
1.00527e-70
2.14032e-70
4.55202e-70
9.67075e-70
2.05231e-69
4.35061e-69
9.21255e-69
1.94863e-68
4.11717e-68
8.68927e-68
1.83181e-67
3.85736e-67
8.11352e-67
1.70465e-66
3.57738e-66
7.49889e-66
1.57011e-65
3.28367e-65
6.85937e-65
1.43121e-64
2.98271e-64
6.20879e-64
1.29089e-63
2.68074e-63
5.56034e-63
1.15193e-62
2.38356e-62
4.92607e-62
1.01682e-61
2.09633e-61
4.31657e-61
8.87731e-61
1.82341e-60
3.74065e-60
7.66416e-60
1.56832e-59
3.20521e-59
6.54223e-59
1.33364e-58
2.71517e-58
5.5207e-58
1.12106e-57
2.27351e-57
4.60467e-57
9.31383e-57
1.88142e-56
3.79547e-56
7.64656e-56
1.53846e-55
3.09115e-55
6.20251e-55
1.24287e-54
2.48707e-54
4.97e-54
9.91804e-54
1.97648e-53
3.93329e-53
7.81649e-53
1.55116e-52
3.07389e-52
6.08281e-52
1.20199e-51
2.37178e-51
4.6733e-51
9.19485e-51
1.80648e-50
3.54397e-50
6.94237e-50
1.35796e-49
2.65228e-49
5.17259e-49
1.00727e-48
1.95854e-48
3.80243e-48
7.3711e-48
1.42673e-47
2.7573e-47
5.32059e-47
1.02509e-46
1.97193e-46
3.78741e-46
7.26293e-46
1.39058e-45
2.65824e-45
5.07341e-45
9.66744e-45
1.83919e-44
3.49332e-44
6.62442e-44
1.25415e-43
2.3705e-43
4.47319e-43
8.42707e-43
1.58495e-42
2.97598e-42
5.57848e-42
1.04393e-41
1.95026e-41
3.63728e-41
6.77204e-41
1.25869e-40
2.33543e-40
4.32579e-40
7.99852e-40
1.47637e-39
2.72031e-39
5.00353e-39
9.18685e-39
1.68378e-38
3.08053e-38
5.62586e-38
1.02558e-37
1.86622e-37
3.38975e-37
6.14582e-37
1.11223e-36
2.00914e-36
3.62261e-36
6.51969e-36
1.17117e-35
2.09991e-35
3.75806e-35
6.71283e-35
1.1968e-34
2.12967e-34
3.78242e-34
6.70491e-34
1.18625e-33
2.09469e-33
3.69163e-33
6.49332e-33
1.13989e-32
1.99712e-32
3.49209e-32
6.09402e-32
1.06135e-31
1.84476e-31
3.20001e-31
5.53969e-31
9.57062e-31
1.65011e-30
2.83921e-30
4.87521e-30
8.35404e-30
1.42857e-29
2.43787e-29
4.15158e-29
7.05524e-29
1.19647e-28
2.02477e-28
3.41929e-28
5.76205e-28
9.68939e-28
1.62589e-27
2.72242e-27
4.54872e-27
7.58382e-27
1.26168e-26
2.09445e-26
3.46935e-26
5.73427e-26
9.45713e-26
1.55628e-25
2.55542e-25
4.18675e-25
6.84434e-25
1.11641e-24
1.81697e-24
2.95054e-24
4.78064e-24
7.72849e-24
1.2466e-23
2.00622e-23
3.22144e-23
5.16102e-23
8.24963e-23
1.31566e-22
2.09345e-22
3.32342e-22
5.26397e-22
8.31845e-22
1.31151e-21
2.06299e-21
3.23755e-21
5.0691e-21
7.91838e-21
1.23404e-20
1.91872e-20
2.97632e-20
4.60606e-20
7.11153e-20
1.09541e-19
1.68333e-19
2.5807e-19
3.94714e-19
6.02284e-19
9.16839e-19
1.39238e-18
2.10955e-18
3.18855e-18
4.80799e-18
7.2327e-18
1.08543e-17
1.62507e-17
2.42718e-17
3.61657e-17
5.37592e-17
7.97207e-17
1.17937e-16
1.74056e-16
2.56263e-16
3.76394e-16
5.51517e-16
8.06182e-16
1.17561e-15
1.71023e-15
2.482e-15
3.5934e-15
5.19e-15
7.47802e-15
1.07489e-14
1.54133e-14
2.2049e-14
3.14658e-14
4.47968e-14
6.36229e-14
9.01446e-14
1.27416e-13
1.79668e-13
2.52743e-13
3.54688e-13
4.96567e-13
6.93541e-13
9.66341e-13
1.34324e-12
1.8627e-12
2.57691e-12
3.55652e-12
4.89688e-12
6.72643e-12
9.21768e-12
1.26018e-11
1.71877e-11
2.33872e-11
3.17482e-11
4.29969e-11
5.80949e-11
7.83106e-11
1.05314e-10
1.413e-10
1.8914e-10
2.5259e-10
3.36543e-10
4.47362e-10
5.93299e-10
7.85031e-10
1.03634e-09
1.36495e-09
1.79365e-09
2.35162e-09
3.07614e-09
4.01474e-09
5.22785e-09
6.79212e-09
8.80457e-09
1.13876e-08
1.46954e-08
1.89217e-08
2.4309e-08
3.11607e-08
3.9855e-08
5.08625e-08
6.47671e-08
8.22916e-08
1.04329e-07
1.31978e-07
1.66592e-07
2.09828e-07
2.63713e-07
3.30722e-07
4.13867e-07
5.16805e-07
6.43968e-07
8.00716e-07
9.93507e-07
1.23011e-06
1.51987e-06
1.87393e-06
2.30566e-06
2.83095e-06
3.46871e-06
4.24137e-06
5.17548e-06
6.30238e-06
7.65899e-06
9.2887e-06
1.12424e-05
1.35796e-05
1.63697e-05
1.96937e-05
2.36455e-05
2.8334e-05
3.38851e-05
4.04442e-05
4.81786e-05
5.72802e-05
6.79692e-05
8.04973e-05
9.51513e-05
0.000112258
0.000132188
0.000155362
0.000182253
0.000213398
0.000249399
0.000290931
0.000338752
0.000393708
0.00045674
0.000528899
0.000611347
0.000705374
0.000812401
0.000933996
0.00107188
0.00122796
0.00140428
0.00160312
0.00182693
0.00207838
0.00236038
0.00267605
0.00302879
0.00342222
0.00386026
0.00434708
0.00488717
0.00548527
0.00614646
0.00687611
0.00767988
0.00856377
0.00953407
0.0105974
0.0117607
0.0130311
0.0144162
0.0159237
0.0175617
0.0193385
0.0212626
0.0233429
0.0255881
0.0280073
0.0306099
0.0334051
0.0364022
0.0396107
0.0430398
0.0466989
0.0505972
0.0547436
0.059147
0.0638159
0.0687586
0.0739829
0.0794962
0.0853056
0.0914175
0.0978377
0.104572
0.111624
0.118998
0.126697
0.134724
0.143079
0.151764
0.160778
0.170119
0.179786
0.189775
0.200081
0.210701
0.221626
0.232851
0.244366
0.256163
0.268231
0.280559
0.293136
0.305947
0.31898
0.33222
0.345652
0.35926
0.373027
0.386936
0.40097
0.41511
0.429339
0.443638
0.457988
0.47237
0.486765
0.501155
0.515519
0.52984
0.544099
0.558277
0.572357
0.586321
0.600152
0.613834
0.62735
0.640686
0.653825
0.666755
0.679462
0.691933
0.704155
0.716119
0.727812
0.739226
0.750352
0.76118
0.771705
0.781917
0.791812
0.801385
0.810628
0.81954
0.828115
0.836351
0.844244
0.851792
0.858993
0.865846
0.872348
0.878499
0.884298
0.889745
0.894837
0.899575
0.903958
0.907986
0.911658
0.914973
0.917931
0.92053
0.92277
0.924649
0.926167
0.927322
0.928113
0.928537
0.928593
0.928279
0.927592
0.926532
0.925095
0.923279
0.921082
0.918502
0.915537
0.912184
0.908443
0.904311
0.899787
0.894871
0.889561
0.883857
0.87776
0.87127
0.864389
0.857119
0.849462
0.841421
0.833001
0.824207
0.815043
0.805517
0.795634
0.785404
0.774836
0.763938
0.752721
0.741198
0.729379
0.717278
0.704909
0.692286
0.679424
0.66634
0.653049
0.639569
0.625917
0.612112
0.598172
0.584115
0.569961
0.555729
0.541438
0.527108
0.512758
0.498408
0.484076
0.469782
0.455545
0.441382
0.427312
0.413352
0.399519
0.38583
0.3723
0.358944
0.345777
0.332811
0.320061
0.307537
0.295251
0.283212
0.271432
0.259917
0.248675
0.237713
0.227037
0.216652
0.206561
0.196768
0.187275
0.178084
0.169195
0.160609
0.152324
0.144339
0.136652
0.12926
0.122161
0.115349
0.108821
0.102571
0.0965957
0.0908877
0.0854415
0.0802508
0.0753089
0.0706091
0.0661442
0.0619072
0.0578905
0.0540869
0.0504889
0.0470888
0.0438793
0.0408527
0.0380017
0.0353188
0.0327967
0.0304282
0.0282063
0.0261239
0.0241743
0.0223509
0.0206471
0.0190569
0.017574
0.0161926
0.014907
0.0137117
0.0126016
0.0115714
0.0106165
0.00973213
0.00891389
0.00815756
0.00745913
0.00681477
0.00622087
0.00567398
0.00517086
0.00470844
0.00428382
0.00389427
0.00353723
0.00321028
0.00291117
0.00263776
0.00238809
0.00216028
0.00195263
0.0017635
0.00159141
0.00143496
0.00129285
0.00116389
0.00104695
0.000941013
0.000845125
0.000758407
0.000680052
0.000609312
0.000545504
0.000487996
0.00043621
0.000389618
0.000347732
0.00031011
0.000276346
0.000246069
0.000218941
0.000194656
0.000172933
0.000153518
0.00013618
0.000120709
0.000106915
9.46264e-05
8.3688e-05
7.3959e-05
6.53125e-05
5.76343e-05
5.08213e-05
4.47808e-05
3.94294e-05
3.46921e-05
3.05019e-05
2.67983e-05
2.35274e-05
2.06408e-05
1.80954e-05
1.58526e-05
1.38778e-05
1.21404e-05
1.0613e-05
9.27121e-06
8.09335e-06
7.06017e-06
6.15458e-06
5.36141e-06
4.66721e-06
4.06009e-06
3.5295e-06
3.06614e-06
2.66178e-06
2.30917e-06
2.00191e-06
1.73435e-06
1.50154e-06
1.2991e-06
1.12319e-06
9.70458e-07
8.37931e-07
7.23021e-07
6.23455e-07
5.37244e-07
4.62649e-07
3.9815e-07
3.42418e-07
2.94295e-07
2.52771e-07
2.16964e-07
1.8611e-07
1.5954e-07
1.36676e-07
1.17013e-07
1.00116e-07
8.56035e-08
7.31486e-08
6.24663e-08
5.33104e-08
4.5468e-08
3.8755e-08
3.30125e-08
2.81034e-08
2.39094e-08
2.03288e-08
1.72738e-08
1.46689e-08
1.24491e-08
1.05589e-08
8.95017e-09
7.58197e-09
6.41905e-09
5.43123e-09
4.59266e-09
3.88124e-09
3.27807e-09
2.767e-09
2.33422e-09
1.96797e-09
1.65822e-09
1.39644e-09
1.1754e-09
9.89035e-10
8.3249e-10
7.02434e-10
5.98288e-10
5.25881e-10
)
;

boundaryField
{
    sides
    {
        type            zeroGradient;
    }
    empty
    {
        type            empty;
    }
}


// ************************************************************************* //
