/*--------------------------------*- C++ -*----------------------------------*\
  =========                 |
  \\      /  F ield         | OpenFOAM: The Open Source CFD Toolbox
   \\    /   O peration     | Website:  https://openfoam.org
    \\  /    A nd           | Version:  7
     \\/     M anipulation  |
\*---------------------------------------------------------------------------*/
FoamFile
{
    version     2.0;
    format      ascii;
    class       volScalarField;
    location    "4.88";
    object      T;
}
// * * * * * * * * * * * * * * * * * * * * * * * * * * * * * * * * * * * * * //

dimensions      [0 0 0 1 0 0 0];

internalField   nonuniform List<scalar> 
1000
(
0
0
0
0
0
0
0
0
0
0
0
0
0
0
0
0
0
0
0
0
0
0
0
0
0
0
0
0
0
0
0
0
0
0
0
0
0
0
0
0
0
0
0
0
0
0
0
0
0
0
0
0
0
0
0
0
0
0
0
0
0
0
0
0
0
0
0
0
0
0
0
0
0
0
0
0
0
0
0
0
0
0
0
0
0
0
0
0
0
0
0
0
0
0
0
0
0
0
0
0
0
0
0
0
0
0
0
0
0
0
0
0
0
0
0
0
0
0
0
0
0
0
0
0
0
0
0
0
0
0
0
0
0
0
0
0
0
0
0
0
0
0
0
0
0
0
0
0
0
0
0
0
0
0
0
0
0
0
0
0
0
0
0
0
0
0
0
0
0
0
0
0
0
0
0
0
0
0
0
0
0
0
0
0
0
0
0
0
0
0
0
0
0
0
0
0
0
0
0
0
0
0
0
0
0
0
0
0
0
0
0
0
0
0
0
0
0
0
0
0
0
0
0
0
0
0
0
0
0
0
0
0
0
0
0
0
0
0
0
0
0
0
0
0
0
0
0
0
0
0
0
0
0
0
0
0
0
0
0
0
0
0
0
0
0
0
0
0
0
0
0
0
0
0
0
0
0
0
0
0
0
0
0
0
0
0
0
0
0
0
0
0
0
0
0
0
0
0
0
0
0
0
0
0
0
0
0
0
0
0
0
0
0
0
0
0
0
0
0
0
0
0
0
0
0
0
0
0
0
0
0
0
0
0
0
0
0
0
0
1.48714e-321
2.81369e-318
5.18547e-315
9.48544e-312
1.72208e-308
3.10269e-305
5.54727e-302
9.84091e-299
1.73209e-295
3.02444e-292
5.23864e-289
9.00018e-286
1.53356e-282
2.59137e-279
4.34198e-276
7.21334e-273
1.18803e-269
1.93963e-266
3.13877e-263
5.03389e-260
8.00022e-257
1.25981e-253
1.96545e-250
3.03752e-247
4.64968e-244
7.04888e-241
1.05817e-237
1.57277e-234
2.31419e-231
3.37049e-228
4.8583e-225
6.92965e-222
9.77932e-219
1.36524e-215
1.88515e-212
2.57424e-209
3.47572e-206
4.63938e-203
6.12096e-200
7.98078e-197
1.02815e-193
1.3085e-190
1.64478e-187
2.04161e-184
2.50196e-181
3.02647e-178
3.61283e-175
4.25514e-172
4.9435e-169
5.66376e-166
6.39759e-163
7.12293e-160
7.81475e-157
8.44632e-154
8.99068e-151
9.42241e-148
9.7195e-145
9.8651e-142
9.849e-139
9.66872e-136
9.32993e-133
8.8463e-130
8.23859e-127
7.53321e-124
6.76027e-121
5.95137e-118
5.13742e-115
4.34654e-112
3.60246e-109
2.92342e-106
2.32158e-103
1.80316e-100
1.36894e-97
1.01523e-94
7.35003e-92
5.19113e-89
3.5741e-86
2.397e-83
1.56464e-80
9.9319e-78
6.12524e-75
3.6666e-72
2.12817e-69
1.19637e-66
6.50626e-64
3.4186e-61
1.7331e-58
8.46474e-56
3.97674e-53
1.79396e-50
7.75618e-48
3.20729e-45
1.26561e-42
4.75389e-40
1.69505e-37
5.71952e-35
1.82004e-32
5.44061e-30
1.521e-27
3.95651e-25
9.51969e-23
2.10398e-20
4.23618e-18
7.69253e-16
1.24437e-13
1.76525e-11
2.15143e-09
2.19059e-07
1.78954e-05
0.00110055
0.0454073
0.954593
0.998899
0.999982
1
1
1
1
1
1
1
1
1
1
1
1
1
1
1
1
1
1
1
1
1
1
1
1
1
1
1
1
1
1
1
1
1
1
1
1
1
1
1
1
1
1
1
1
1
1
1
1
1
1
1
1
1
1
1
1
1
1
1
1
1
1
1
1
1
1
1
1
1
1
1
1
1
1
1
1
1
1
1
1
1
1
1
1
1
1
1
1
1
1
1
1
1
1
0.999982
0.998899
0.954593
0.0454073
0.00110055
1.78954e-05
2.19059e-07
2.15143e-09
1.76525e-11
1.24437e-13
7.69253e-16
4.23618e-18
2.10398e-20
9.51969e-23
3.95651e-25
1.521e-27
5.44061e-30
1.82004e-32
5.71952e-35
1.69505e-37
4.75389e-40
1.26561e-42
3.20729e-45
7.75618e-48
1.79396e-50
3.97674e-53
8.46474e-56
1.7331e-58
3.4186e-61
6.50626e-64
1.19637e-66
2.12817e-69
3.6666e-72
6.12524e-75
9.9319e-78
1.56464e-80
2.397e-83
3.5741e-86
5.19113e-89
7.35003e-92
1.01523e-94
1.36894e-97
1.80316e-100
2.32158e-103
2.92342e-106
3.60246e-109
4.34654e-112
5.13742e-115
5.95137e-118
6.76027e-121
7.53321e-124
8.23859e-127
8.8463e-130
9.32993e-133
9.66872e-136
9.849e-139
9.8651e-142
9.7195e-145
9.42241e-148
8.99068e-151
8.44632e-154
7.81475e-157
7.12293e-160
6.39759e-163
5.66376e-166
4.9435e-169
4.25514e-172
3.61283e-175
3.02647e-178
2.50196e-181
2.04161e-184
1.64478e-187
1.3085e-190
1.02815e-193
7.98078e-197
6.12096e-200
4.63938e-203
3.47572e-206
2.57424e-209
1.88515e-212
1.36524e-215
9.77932e-219
6.92965e-222
4.8583e-225
3.37049e-228
2.31419e-231
1.57277e-234
1.05817e-237
7.04888e-241
4.64968e-244
3.03752e-247
1.96545e-250
1.25981e-253
8.00022e-257
5.03389e-260
3.13877e-263
1.93963e-266
1.18803e-269
7.21334e-273
4.34198e-276
2.59137e-279
1.53356e-282
9.00018e-286
5.23864e-289
3.02444e-292
1.73209e-295
9.84091e-299
5.54727e-302
3.10269e-305
1.72208e-308
9.48544e-312
5.18547e-315
2.81369e-318
1.48714e-321
0
0
0
0
0
0
0
0
0
0
0
0
0
0
0
0
0
0
0
0
0
0
0
0
0
0
0
0
0
0
0
0
0
0
0
0
0
0
0
0
0
0
0
0
0
0
0
0
0
0
0
0
0
0
0
0
0
0
0
0
0
0
0
0
0
0
0
0
0
0
0
0
0
0
0
0
0
0
0
0
0
0
0
0
0
0
0
0
0
0
0
0
0
0
0
0
0
0
0
0
0
0
0
0
0
0
0
0
0
0
0
0
0
0
0
0
0
0
0
0
0
0
0
0
0
0
0
0
0
0
0
0
0
0
0
0
0
0
0
0
0
0
0
0
0
0
0
0
0
0
0
0
0
0
0
0
0
0
0
0
0
0
0
0
0
0
0
0
0
0
0
0
0
0
0
0
0
0
0
0
0
0
0
0
0
0
0
0
0
0
0
0
0
0
0
0
0
0
0
0
0
0
0
0
0
0
0
0
0
0
0
0
0
0
0
0
0
0
0
0
0
0
0
0
0
0
0
0
0
0
0
0
0
0
0
0
0
0
0
0
0
0
0
0
0
0
0
0
0
0
0
0
0
0
0
0
0
0
0
0
0
0
0
0
0
0
0
0
0
0
0
0
0
0
0
0
0
0
0
0
0
0
0
0
0
0
0
0
0
0
0
0
0
0
0
0
0
0
0
0
0
0
0
0
0
0
0
0
0
0
0
0
0
0
0
0
0
0
0
0
0
0
0
0
0
0
0
0
0
0
0
0
0
0
0
0
0
0
0
)
;

boundaryField
{
    sides
    {
        type            zeroGradient;
    }
    empty
    {
        type            empty;
    }
}


// ************************************************************************* //
