/*--------------------------------*- C++ -*----------------------------------*\
  =========                 |
  \\      /  F ield         | OpenFOAM: The Open Source CFD Toolbox
   \\    /   O peration     | Website:  https://openfoam.org
    \\  /    A nd           | Version:  7
     \\/     M anipulation  |
\*---------------------------------------------------------------------------*/
FoamFile
{
    version     2.0;
    format      ascii;
    class       volScalarField;
    location    "1.68";
    object      T;
}
// * * * * * * * * * * * * * * * * * * * * * * * * * * * * * * * * * * * * * //

dimensions      [0 0 0 1 0 0 0];

internalField   nonuniform List<scalar> 
1000
(
0
0
0
0
0
0
0
0
0
0
0
0
0
0
0
0
0
0
0
0
0
0
0
0
0
0
0
0
0
0
0
0
0
0
0
0
0
0
0
0
0
0
0
0
0
0
0
0
0
0
0
0
0
0
0
0
0
0
0
0
0
0
0
0
0
0
0
0
0
0
0
0
0
0
0
0
0
0
0
0
0
0
0
0
0
0
0
0
0
0
0
0
0
0
0
0
0
0
0
0
0
0
0
0
0
0
0
0
0
0
0
0
0
0
0
0
0
0
0
0
0
0
0
0
0
0
0
0
0
0
0
0
0
0
0
0
0
0
0
0
0
0
0
0
0
0
0
0
0
0
0
0
0
0
0
0
0
0
0
0
0
0
0
0
0
0
0
0
0
0
0
0
0
0
0
0
0
0
0
0
0
0
0
0
0
0
0
0
0
0
0
0
0
0
0
0
0
0
0
0
0
0
0
0
0
0
0
0
0
0
0
0
0
0
0
0
0
0
0
0
0
0
0
0
0
0
0
0
0
0
0
0
0
0
1.4822e-323
1.09189e-321
6.24499e-320
3.57767e-318
2.04548e-316
1.16706e-314
6.64484e-313
3.7754e-311
2.14054e-309
1.21104e-307
6.83689e-306
3.85141e-304
2.16488e-302
1.21421e-300
6.79505e-299
3.79422e-297
2.11386e-295
1.17502e-293
6.51663e-292
3.6058e-290
1.99055e-288
1.0963e-286
6.02372e-285
3.30193e-283
1.80564e-281
9.85027e-280
5.36054e-278
2.91008e-276
1.5759e-274
8.51273e-273
4.5869e-271
2.46531e-269
1.32164e-267
7.06705e-266
3.76908e-264
2.00492e-262
1.06368e-260
5.62823e-259
2.97007e-257
1.56309e-255
8.20387e-254
4.29394e-252
2.24124e-250
1.16655e-248
6.0547e-247
3.1336e-245
1.61713e-243
8.32124e-242
4.26933e-240
2.18399e-238
1.1139e-236
5.66417e-235
2.87151e-233
1.45129e-231
7.31236e-230
3.67288e-228
1.83903e-226
9.17897e-225
4.56674e-223
2.26472e-221
1.11945e-219
5.51521e-218
2.70816e-216
1.32534e-214
6.4641e-213
3.14196e-211
1.52192e-209
7.34626e-208
3.53353e-206
1.69357e-204
8.08793e-203
3.84851e-201
1.82454e-199
8.61799e-198
4.05537e-196
1.90113e-194
8.87838e-193
4.13027e-191
1.91394e-189
8.83413e-188
4.06134e-186
1.85963e-184
8.48037e-183
3.85138e-181
1.74185e-179
7.84479e-178
3.51807e-176
1.57095e-174
6.98442e-173
3.09166e-171
1.36246e-169
5.97728e-168
2.61041e-166
1.1348e-164
4.91031e-163
2.11474e-161
9.06433e-160
3.86656e-158
1.64133e-156
6.9331e-155
2.91401e-153
1.2186e-151
5.07003e-150
2.09852e-148
8.64049e-147
3.53884e-145
1.44162e-143
5.84086e-142
2.35348e-140
9.43022e-139
3.75732e-137
1.48849e-135
5.86268e-134
2.29558e-132
8.93516e-131
3.45692e-129
1.32929e-127
5.07989e-126
1.92911e-124
7.27934e-123
2.72909e-121
1.01647e-119
3.76085e-118
1.38211e-116
5.04463e-115
1.82851e-113
6.5812e-112
2.35183e-110
8.34355e-109
2.93829e-107
1.02704e-105
3.56268e-104
1.22635e-102
4.18837e-101
1.4191e-99
4.76943e-98
1.58981e-96
5.2552e-95
1.72243e-93
5.59676e-92
1.80265e-90
5.75444e-89
1.82029e-87
5.70502e-86
1.77125e-84
5.44672e-83
1.65862e-81
5.00078e-80
1.49255e-78
4.40893e-77
1.28875e-75
3.72688e-74
1.06604e-72
3.01548e-71
8.43336e-70
2.33133e-68
6.36884e-67
1.71895e-65
4.58252e-64
1.20633e-62
3.13493e-61
8.04019e-60
2.03448e-58
5.07756e-57
1.24949e-55
3.0307e-54
7.24326e-53
1.7051e-51
3.95212e-50
9.01576e-49
2.02344e-47
4.46592e-46
9.68875e-45
2.06519e-43
4.32292e-42
8.88171e-41
1.79013e-39
3.53751e-38
6.84981e-37
1.29884e-35
2.41016e-34
4.37367e-33
7.75602e-32
1.34304e-30
2.269e-29
3.73682e-28
5.99358e-27
9.35315e-26
1.4186e-24
2.08881e-23
2.98231e-22
4.12341e-21
5.51316e-20
7.11755e-19
8.85799e-18
1.06082e-16
1.22014e-15
1.345e-14
1.41763e-13
1.42504e-12
1.36231e-11
1.23465e-10
1.05704e-09
8.51538e-09
6.42571e-08
4.51877e-07
2.94404e-06
1.76495e-05
9.6589e-05
0.000478034
0.00211586
0.00826478
0.0280396
0.081083
0.195638
0.385705
0.614295
0.804362
0.918917
0.97196
0.991735
0.997884
0.999522
0.999903
0.999982
0.999997
1
1
1
1
1
1
1
1
1
1
1
1
1
1
1
1
1
1
1
1
1
1
1
1
1
1
1
1
1
1
1
1
1
1
1
1
1
1
1
1
1
1
1
1
1
1
1
1
1
1
1
1
1
1
1
1
1
1
1
1
1
1
1
1
1
1
1
1
1
1
1
1
1
1
1
1
1
1
1
1
0.999997
0.999982
0.999903
0.999522
0.997884
0.991735
0.97196
0.918917
0.804362
0.614295
0.385705
0.195638
0.081083
0.0280396
0.00826478
0.00211586
0.000478034
9.6589e-05
1.76495e-05
2.94404e-06
4.51877e-07
6.42571e-08
8.51538e-09
1.05704e-09
1.23465e-10
1.36231e-11
1.42504e-12
1.41763e-13
1.345e-14
1.22014e-15
1.06082e-16
8.85799e-18
7.11755e-19
5.51316e-20
4.12341e-21
2.98231e-22
2.08881e-23
1.4186e-24
9.35315e-26
5.99358e-27
3.73682e-28
2.269e-29
1.34304e-30
7.75602e-32
4.37367e-33
2.41016e-34
1.29884e-35
6.84981e-37
3.53751e-38
1.79013e-39
8.88171e-41
4.32292e-42
2.06519e-43
9.68875e-45
4.46592e-46
2.02344e-47
9.01576e-49
3.95212e-50
1.7051e-51
7.24326e-53
3.0307e-54
1.24949e-55
5.07756e-57
2.03448e-58
8.04019e-60
3.13493e-61
1.20633e-62
4.58252e-64
1.71895e-65
6.36884e-67
2.33133e-68
8.43336e-70
3.01548e-71
1.06604e-72
3.72688e-74
1.28875e-75
4.40893e-77
1.49255e-78
5.00078e-80
1.65862e-81
5.44672e-83
1.77125e-84
5.70502e-86
1.82029e-87
5.75444e-89
1.80265e-90
5.59676e-92
1.72243e-93
5.2552e-95
1.58981e-96
4.76943e-98
1.4191e-99
4.18837e-101
1.22635e-102
3.56268e-104
1.02704e-105
2.93829e-107
8.34355e-109
2.35183e-110
6.5812e-112
1.82851e-113
5.04463e-115
1.38211e-116
3.76085e-118
1.01647e-119
2.72909e-121
7.27934e-123
1.92911e-124
5.07989e-126
1.32929e-127
3.45692e-129
8.93516e-131
2.29558e-132
5.86268e-134
1.48849e-135
3.75732e-137
9.43022e-139
2.35348e-140
5.84086e-142
1.44162e-143
3.53884e-145
8.64049e-147
2.09852e-148
5.07003e-150
1.2186e-151
2.91401e-153
6.9331e-155
1.64133e-156
3.86656e-158
9.06433e-160
2.11474e-161
4.91031e-163
1.1348e-164
2.61041e-166
5.97728e-168
1.36246e-169
3.09166e-171
6.98442e-173
1.57095e-174
3.51807e-176
7.84479e-178
1.74185e-179
3.85138e-181
8.48037e-183
1.85963e-184
4.06134e-186
8.83413e-188
1.91394e-189
4.13027e-191
8.87838e-193
1.90113e-194
4.05537e-196
8.61799e-198
1.82454e-199
3.84851e-201
8.08793e-203
1.69357e-204
3.53353e-206
7.34626e-208
1.52192e-209
3.14196e-211
6.4641e-213
1.32534e-214
2.70816e-216
5.51521e-218
1.11945e-219
2.26472e-221
4.56674e-223
9.17897e-225
1.83903e-226
3.67288e-228
7.31236e-230
1.45129e-231
2.87151e-233
5.66417e-235
1.1139e-236
2.18399e-238
4.26933e-240
8.32124e-242
1.61713e-243
3.1336e-245
6.0547e-247
1.16655e-248
2.24124e-250
4.29394e-252
8.20387e-254
1.56309e-255
2.97007e-257
5.62823e-259
1.06368e-260
2.00492e-262
3.76908e-264
7.06705e-266
1.32164e-267
2.46531e-269
4.5869e-271
8.51273e-273
1.5759e-274
2.91008e-276
5.36054e-278
9.85027e-280
1.80564e-281
3.30193e-283
6.02372e-285
1.0963e-286
1.99055e-288
3.6058e-290
6.51663e-292
1.17502e-293
2.11386e-295
3.79422e-297
6.79505e-299
1.21421e-300
2.16488e-302
3.85141e-304
6.83689e-306
1.21104e-307
2.14054e-309
3.7754e-311
6.64484e-313
1.16706e-314
2.04548e-316
3.57768e-318
6.244e-320
1.09189e-321
1.4822e-323
0
0
0
0
0
0
0
0
0
0
0
0
0
0
0
0
0
0
0
0
0
0
0
0
0
0
0
0
0
0
0
0
0
0
0
0
0
0
0
0
0
0
0
0
0
0
0
0
0
0
0
0
0
0
0
0
0
0
0
0
0
0
0
0
0
0
0
0
0
0
0
0
0
0
0
0
0
0
0
0
0
0
0
0
0
0
0
0
0
0
0
0
0
0
0
0
0
0
0
0
0
0
0
0
0
0
0
0
0
0
0
0
0
0
0
0
0
0
0
0
0
0
0
0
0
0
0
0
0
0
0
0
0
0
0
0
0
0
0
0
0
0
0
0
0
0
0
0
0
0
0
0
0
0
0
0
0
0
0
0
0
0
0
0
0
0
0
0
0
0
0
0
0
0
0
0
0
0
0
0
0
0
0
0
0
0
0
0
0
0
0
0
0
0
0
0
0
0
0
0
0
0
0
0
0
0
0
0
0
0
0
0
0
0
0
0
0
0
0
0
0
0
0
0
0
0
0
0
0
0
0
0
0
0
)
;

boundaryField
{
    sides
    {
        type            zeroGradient;
    }
    empty
    {
        type            empty;
    }
}


// ************************************************************************* //
