/*--------------------------------*- C++ -*----------------------------------*\
  =========                 |
  \\      /  F ield         | OpenFOAM: The Open Source CFD Toolbox
   \\    /   O peration     | Website:  https://openfoam.org
    \\  /    A nd           | Version:  7
     \\/     M anipulation  |
\*---------------------------------------------------------------------------*/
FoamFile
{
    version     2.0;
    format      ascii;
    class       volScalarField;
    location    "3.85";
    object      T;
}
// * * * * * * * * * * * * * * * * * * * * * * * * * * * * * * * * * * * * * //

dimensions      [0 0 0 1 0 0 0];

internalField   nonuniform List<scalar> 
1000
(
0
0
0
0
0
0
0
0
0
0
0
0
0
0
0
0
0
0
0
0
0
0
0
0
0
0
0
0
0
0
0
0
0
0
0
0
0
0
0
0
0
0
0
0
0
0
0
0
0
0
0
0
0
0
0
0
0
0
0
0
0
0
0
0
0
0
0
0
0
0
0
0
0
0
0
0
0
0
0
0
0
0
0
9.88131e-324
-4.44659e-323
-1.28012e-320
4.48414e-320
1.14822e-317
-5.68907e-317
-1.01973e-314
7.75368e-314
8.89349e-312
-1.02913e-310
-7.50727e-309
1.29086e-307
5.98627e-306
-1.51854e-304
-4.30885e-303
1.66771e-301
2.50341e-300
-1.69512e-298
-6.63846e-298
1.56672e-295
-1.04557e-294
-1.26919e-292
2.40531e-291
8.22976e-290
-3.18408e-288
-2.91198e-287
3.21193e-285
-2.22517e-284
-2.46916e-282
5.94547e-281
1.1565e-279
-7.21594e-278
3.03758e-277
5.71006e-275
-1.37929e-273
-2.17062e-272
1.64951e-270
-1.68036e-269
-1.05198e-267
3.86722e-266
-8.42203e-267
-3.30865e-263
8.37193e-262
6.79961e-261
-8.9773e-259
1.86345e-257
2.45786e-256
-2.29462e-254
4.66064e-253
5.44429e-252
-5.63859e-250
1.32432e-248
4.7531e-248
-1.27584e-245
3.93023e-244
-2.90993e-243
-2.26776e-241
1.06635e-239
-2.05361e-238
-1.13364e-237
2.14946e-235
-7.5329e-234
1.24669e-232
1.12331e-231
-1.5009e-229
5.47929e-228
-1.14827e-226
5.90125e-226
6.74602e-224
-3.58691e-222
1.13052e-220
-2.4745e-219
2.83843e-218
6.01593e-217
-5.32102e-215
2.23873e-213
-7.37798e-212
2.11149e-210
-5.46822e-209
1.30922e-207
-2.93567e-206
6.21827e-205
-1.25187e-203
2.40641e-202
-4.43242e-201
7.84524e-200
-1.33744e-198
2.20031e-197
-3.499e-196
5.38595e-195
-8.0346e-194
1.16281e-192
-1.63418e-191
2.23199e-190
-2.96486e-189
3.83282e-188
-4.82491e-187
5.91758e-186
-7.07436e-185
8.24715e-184
-9.37907e-183
1.04089e-181
-1.12765e-180
1.19285e-179
-1.23239e-178
1.24382e-177
-1.22658e-176
1.18206e-175
-1.1134e-174
1.02514e-173
-9.22733e-173
8.12022e-172
-6.98685e-171
5.87805e-170
-4.83537e-169
3.88925e-168
-3.05865e-167
2.3518e-166
-1.76783e-165
1.299e-164
-9.32935e-164
6.54782e-163
-4.4902e-162
3.00789e-161
-1.96777e-160
1.25682e-159
-7.83446e-159
4.76444e-158
-2.82542e-157
1.63304e-156
-9.19371e-156
5.03806e-155
-2.68511e-154
1.39051e-153
-6.98902e-153
3.4049e-152
-1.60523e-151
7.30885e-151
-3.20596e-150
1.35042e-149
-5.43917e-149
2.08248e-148
-7.51386e-148
2.52031e-147
-7.67209e-147
2.01522e-146
-3.9431e-146
1.48119e-146
3.6774e-145
-2.47053e-144
1.10219e-143
-3.90343e-143
1.10499e-142
-2.20007e-142
6.61142e-143
2.03358e-141
-1.23536e-140
4.78454e-140
-1.34778e-139
2.35161e-139
1.37653e-139
-3.19227e-138
1.55254e-137
-4.86834e-137
9.42978e-137
8.49845e-138
-9.86169e-136
4.83914e-135
-1.41607e-134
2.17503e-134
3.24499e-134
-3.63222e-133
1.39666e-132
-3.04569e-132
8.57049e-133
2.44718e-131
-1.17394e-130
2.94517e-130
-2.18082e-130
-1.71798e-129
9.27512e-129
-2.37741e-128
1.70299e-128
1.38276e-127
-7.09438e-127
1.65191e-126
-4.67034e-127
-1.22221e-125
5.12096e-125
-9.31891e-125
-7.44867e-125
1.0478e-123
-3.24841e-123
3.28426e-123
1.44719e-122
-7.7771e-122
1.57367e-121
7.07643e-122
-1.48015e-120
4.45153e-120
-3.3819e-120
-2.3148e-119
1.01305e-118
-1.50036e-118
-2.88057e-118
2.02957e-117
-4.14625e-117
-2.32498e-117
3.75123e-116
-9.5036e-116
8.07793e-117
6.61486e-115
-1.9598e-114
8.57844e-115
1.14482e-113
-3.77096e-113
2.31551e-113
1.98994e-112
-6.89473e-112
4.50335e-112
3.52147e-111
-1.20645e-110
6.84786e-111
6.34474e-110
-2.01683e-109
7.18799e-110
1.14903e-108
-3.18739e-108
6.82324e-111
2.04863e-107
-4.66104e-107
-2.56535e-107
3.51129e-106
-6.05108e-106
-8.88781e-106
5.63976e-105
-6.32534e-105
-2.15095e-104
8.23165e-104
-3.49103e-104
-4.2656e-103
1.04086e-102
5.37364e-103
-7.17577e-102
1.02388e-101
2.31191e-101
-1.01442e-100
4.75824e-101
4.99246e-100
-1.13733e-99
-8.94586e-100
7.92906e-99
-8.10357e-99
-3.10752e-98
9.48789e-98
2.17239e-98
-5.54814e-97
7.30324e-97
1.91331e-96
-6.77809e-96
-3.98809e-97
3.67712e-95
-4.97037e-95
-1.25356e-94
4.31864e-94
7.66776e-95
-2.34486e-93
2.63539e-93
8.70486e-93
-2.43315e-92
-1.44524e-92
1.40431e-91
-9.31019e-92
-5.94732e-91
1.13945e-90
1.67328e-90
-7.4405e-90
-2.16886e-91
3.64782e-89
-3.65227e-89
-1.39006e-88
3.12538e-88
3.60723e-88
-1.82496e-87
-1.16619e-89
8.58222e-87
-7.55375e-87
-3.33495e-86
6.31719e-86
1.01197e-85
-3.70884e-85
-1.68606e-85
1.81011e-84
-5.96622e-85
-7.6831e-84
8.12913e-84
2.84839e-83
-5.51117e-83
-8.90913e-83
2.97797e-82
2.03531e-82
-1.4118e-81
-5.5099e-83
6.08455e-81
-3.08865e-81
-2.42007e-80
2.54099e-80
8.92124e-80
-1.48745e-79
-3.03245e-79
7.5001e-79
9.32376e-79
-3.45668e-78
-2.45967e-78
1.49644e-77
4.61733e-78
-6.17981e-77
1.461e-78
2.45921e-76
-7.71277e-77
-9.50023e-76
5.47814e-76
3.58408e-75
-2.94076e-75
-1.32732e-74
1.39127e-74
4.84834e-74
-6.10276e-74
-1.75467e-73
2.5405e-73
6.31879e-73
-1.01638e-72
-2.27302e-72
3.93665e-72
8.19458e-72
-1.4825e-71
-2.96773e-71
5.44044e-71
1.08093e-70
-1.94669e-70
-3.95879e-70
6.78526e-70
1.45568e-69
-2.29763e-69
-5.36018e-69
7.52123e-69
1.9698e-68
-2.36009e-68
-7.19611e-68
6.99525e-68
2.60244e-67
-1.90367e-67
-9.27594e-67
4.4512e-67
3.24348e-66
-7.05208e-67
-1.10693e-65
-6.55991e-67
3.66507e-65
1.313e-65
-1.16841e-64
-8.11672e-65
3.54827e-64
3.89261e-64
-1.00935e-63
-1.63903e-63
2.60762e-63
6.30445e-63
-5.69703e-63
-2.24811e-62
8.10066e-63
7.45468e-62
9.38169e-63
-2.28587e-61
-1.41683e-61
6.37506e-61
7.67151e-61
-1.55554e-60
-3.19316e-60
2.98028e-60
1.13946e-59
-2.44018e-60
-3.58117e-59
-1.42274e-59
9.84514e-59
1.04042e-58
-2.2604e-58
-4.54662e-58
3.65476e-58
1.58094e-57
1.37372e-59
-4.59707e-57
-3.29513e-57
1.09235e-56
1.74814e-56
-1.83742e-56
-6.38527e-56
3.47908e-57
1.83985e-55
1.35162e-55
-4.10511e-55
-7.12345e-55
5.63313e-55
2.45541e-54
5.07354e-55
-6.3641e-54
-6.91173e-54
1.14338e-53
2.90892e-53
-5.06646e-54
-8.37543e-53
-6.33703e-53
1.67299e-52
3.2829e-52
-1.36206e-52
-1.00945e-51
-6.20298e-52
2.07159e-51
3.7051e-51
-1.74183e-51
-1.15204e-50
-7.26216e-51
2.25876e-50
4.25947e-50
-1.36116e-50
-1.24861e-49
-9.95597e-50
2.12947e-49
4.89567e-49
-1.55354e-51
-1.25033e-48
-1.40875e-48
1.56382e-48
5.35931e-48
2.27623e-48
-1.08037e-47
-1.8453e-47
5.03155e-48
5.20099e-47
5.04275e-47
-6.7334e-47
-2.07373e-46
-9.11376e-47
3.95645e-46
7.21412e-46
-5.15883e-47
-1.82417e-45
-2.22421e-45
1.53626e-45
7.38685e-45
6.0221e-45
-9.78388e-45
-2.75227e-44
-1.36091e-44
4.72839e-44
9.69309e-44
2.07954e-44
-2.01033e-43
-3.29126e-43
1.29732e-44
7.93119e-43
1.0961e-42
-2.91557e-43
-2.98245e-42
-3.6387e-42
1.64039e-42
1.0858e-41
1.2219e-41
-6.9745e-42
-3.86227e-41
-4.19742e-41
2.53324e-41
1.34823e-40
1.48237e-40
-8.00139e-41
-4.61923e-40
-5.36809e-40
2.09305e-40
1.54694e-39
1.97487e-39
-3.52225e-40
-5.01848e-39
-7.28262e-39
-5.01669e-40
1.55265e-38
2.65134e-38
8.85797e-39
-4.45652e-38
-9.37719e-38
-5.73652e-38
1.12132e-37
3.16413e-37
2.87903e-37
-2.09569e-37
-9.94784e-37
-1.24906e-36
3.20906e-38
2.80343e-36
4.82253e-36
2.30678e-36
-6.50163e-36
-1.65566e-35
-1.52356e-35
8.91721e-36
4.92171e-35
6.9317e-35
1.84971e-35
-1.16926e-34
-2.53776e-34
-2.12305e-34
1.58106e-34
7.51831e-34
1.05619e-33
3.49394e-34
-1.62205e-33
-3.80666e-33
-3.70705e-33
1.14538e-33
1.01454e-32
1.69621e-32
1.08486e-32
-1.54002e-32
-5.30541e-32
-7.02586e-32
-2.38293e-32
1.03294e-31
2.5411e-31
2.81791e-31
1.74911e-32
-5.65032e-31
-1.16618e-30
-1.13772e-30
1.87135e-31
2.79343e-30
5.26757e-30
4.79765e-30
-1.36272e-30
-1.29539e-29
-2.37643e-29
-2.16572e-29
5.37753e-30
5.69459e-29
1.07439e-28
1.04685e-28
-6.82004e-30
-2.35169e-28
-4.82933e-28
-5.29109e-28
-1.09131e-28
8.80979e-28
2.11751e-27
2.69878e-27
1.36725e-27
-2.71566e-27
-8.76829e-27
-1.33874e-26
-1.08263e-26
4.38742e-27
3.23697e-26
6.21617e-26
6.9563e-26
2.39294e-26
-9.26284e-26
-2.56888e-25
-3.80862e-25
-3.16713e-25
8.48458e-26
8.55049e-25
1.75883e-24
2.20443e-24
1.33894e-24
-1.55613e-24
-6.36751e-24
-1.13716e-23
-1.28728e-23
-5.94479e-24
1.31608e-23
4.30084e-23
7.26493e-23
7.97215e-23
3.47526e-23
-8.51254e-23
-2.73103e-22
-4.66695e-22
-5.33516e-22
-2.90166e-22
4.25249e-22
1.62115e-21
2.98782e-21
3.77375e-21
2.82318e-21
-1.08826e-21
-8.53294e-21
-1.83896e-20
-2.68014e-20
-2.67683e-20
-9.25094e-21
3.33667e-20
1.01154e-19
1.78785e-19
2.28783e-19
1.90838e-19
-6.40462e-21
-4.15268e-19
-1.01924e-18
-1.67115e-18
-2.04116e-18
-1.61204e-18
2.28486e-19
3.95072e-18
9.48128e-18
1.568e-17
1.9842e-17
1.75006e-17
2.92867e-18
-2.92181e-17
-8.07822e-17
-1.45553e-16
-2.0403e-16
-2.19298e-16
-1.37015e-16
1.06371e-16
5.62812e-16
1.2361e-15
2.03027e-15
2.69064e-15
2.75589e-15
1.55261e-15
-1.72354e-15
-7.78811e-15
-1.68635e-14
-2.80721e-14
-3.86718e-14
-4.328e-14
-3.3382e-14
2.4091e-15
7.66951e-14
1.99487e-13
3.71545e-13
5.74493e-13
7.58103e-13
8.26492e-13
6.27014e-13
-5.1653e-14
-1.46253e-12
-3.85163e-12
-7.36238e-12
-1.18785e-11
-1.67954e-11
-2.07216e-11
-2.11367e-11
-1.40646e-11
6.12104e-12
4.65732e-11
1.15256e-10
2.1926e-10
3.61686e-10
5.36543e-10
7.21141e-10
8.65542e-10
8.78988e-10
6.13857e-10
-1.51217e-10
-1.72567e-09
-4.51287e-09
-8.99783e-09
-1.57022e-08
-2.50852e-08
-3.73598e-08
-5.21837e-08
-6.81689e-08
-8.21387e-08
-8.80394e-08
-7.5392e-08
-2.71404e-08
8.32734e-08
2.95814e-07
6.68976e-07
1.2864e-06
2.26528e-06
3.76695e-06
6.00997e-06
9.28614e-06
1.39799e-05
2.05914e-05
2.97641e-05
4.23164e-05
5.92788e-05
8.19364e-05
0.000111876
0.000151042
0.000201791
0.000266961
0.000349942
0.000454746
0.000586092
0.000749484
0.0009513
0.00119887
0.00150058
0.00186592
0.0023056
0.0028316
0.00345722
0.00419716
0.00506755
0.00608596
0.00727139
0.0086443
0.0102265
0.0120412
0.0141128
0.0164667
0.0191296
0.0221287
0.0254918
0.0292474
0.0334239
0.0380496
0.0431524
0.0487596
0.0548974
0.0615905
0.0688623
0.0767339
0.0852242
0.0943496
0.104124
0.114556
0.125655
0.137422
0.149858
0.162958
0.176715
0.191114
0.206141
0.221774
0.237989
0.254758
0.27205
0.289828
0.308054
0.326688
0.345685
0.364998
0.384581
0.404382
0.424353
0.444441
0.464594
0.484761
0.504891
0.524934
0.54484
0.564562
0.584054
0.603273
0.622178
0.640729
0.658891
0.676632
0.693921
0.710733
0.727043
0.742832
0.758082
0.772781
0.786918
0.800485
0.813478
0.825894
0.837736
0.849007
0.859711
0.869858
0.879456
0.888519
0.897057
0.905087
0.912624
0.919684
0.926285
0.932444
0.93818
0.943511
0.948456
0.953033
0.957261
0.961156
0.964737
0.968019
0.971018
0.973748
0.976223
0.978455
0.980455
0.982232
0.983793
0.985146
0.986294
0.98724
0.987984
0.988526
0.988861
0.988984
0.988889
0.988564
0.988
0.987181
0.986094
0.984719
0.983039
0.981032
0.978678
0.975951
0.972829
0.969286
0.965297
0.960836
0.955878
0.950398
0.944372
0.937776
0.930589
0.922792
0.914366
0.905297
0.895572
0.885182
0.874121
0.862385
0.849976
0.8369
0.823164
0.808783
0.793771
0.778151
0.761947
0.745187
0.727904
0.710133
0.691913
0.673284
0.654292
0.634982
0.615403
0.595603
0.575635
0.555549
0.535398
0.515232
0.495103
0.475061
0.455156
0.435434
0.415943
0.396724
0.37782
0.35927
0.341107
0.323367
0.306078
0.289267
0.272957
0.257168
0.241917
0.227218
0.213082
0.199515
0.186522
0.174105
0.162264
0.150993
0.140289
0.130142
0.120543
0.111481
0.102942
0.0949113
0.0873736
0.0803121
0.0737092
0.0675467
0.0618061
0.0564683
0.0515141
0.0469243
0.0426798
0.0387617
0.0351512
0.0318301
0.0287805
0.0259851
0.023427
0.0210902
0.0189591
0.0170188
0.0152553
0.013655
0.0122053
0.0108941
0.00971006
0.00864263
0.00768183
0.00681839
0.00604365
0.00534959
0.00472877
0.00417431
0.00367988
0.00323964
0.00284827
0.00250074
0.00219327
0.00191781
0.0016931
0.0013898
)
;

boundaryField
{
    sides
    {
        type            zeroGradient;
    }
    empty
    {
        type            empty;
    }
}


// ************************************************************************* //
