/*--------------------------------*- C++ -*----------------------------------*\
  =========                 |
  \\      /  F ield         | OpenFOAM: The Open Source CFD Toolbox
   \\    /   O peration     | Website:  https://openfoam.org
    \\  /    A nd           | Version:  7
     \\/     M anipulation  |
\*---------------------------------------------------------------------------*/
FoamFile
{
    version     2.0;
    format      ascii;
    class       volScalarField;
    location    "4.27";
    object      T;
}
// * * * * * * * * * * * * * * * * * * * * * * * * * * * * * * * * * * * * * //

dimensions      [0 0 0 1 0 0 0];

internalField   nonuniform List<scalar> 
1000
(
0
0
0
0
0
0
0
0
0
0
0
0
0
0
0
0
0
0
0
0
0
0
0
0
0
0
0
0
0
0
0
0
0
0
0
0
0
0
0
0
0
0
0
0
0
0
0
0
0
0
0
0
0
0
0
0
0
0
0
0
0
0
0
0
0
0
0
0
0
0
0
0
0
0
0
0
0
0
0
0
0
0
0
0
0
0
0
0
4.94066e-323
-2.37646e-321
1.08867e-319
-4.88621e-318
2.15429e-316
-9.33222e-315
3.97282e-313
-1.66237e-311
6.83829e-310
-2.7659e-308
1.10019e-306
-4.30442e-305
1.6567e-303
-6.27373e-302
2.3379e-300
-8.57444e-299
3.09549e-297
-1.10017e-295
3.8499e-294
-1.32666e-292
4.50243e-291
-1.5051e-289
4.95637e-288
-1.60804e-286
5.14061e-285
-1.61944e-283
5.02799e-282
-1.53869e-280
4.64171e-279
-1.38045e-277
4.04781e-276
-1.17036e-274
3.33702e-273
-9.38377e-272
2.60264e-270
-7.12042e-269
1.92171e-267
-5.11682e-266
1.34423e-264
-3.48453e-263
8.91339e-262
-2.25011e-260
5.60605e-259
-1.37859e-257
3.3463e-256
-8.0182e-255
1.89671e-253
-4.42957e-252
1.02138e-250
-2.32545e-249
5.22807e-248
-1.1607e-246
2.54484e-245
-5.51052e-244
1.17852e-242
-2.48952e-241
5.19459e-240
-1.07069e-238
2.18009e-237
-4.38535e-236
8.71507e-235
-1.71117e-233
3.31964e-232
-6.36328e-231
1.20526e-229
-2.25583e-228
4.17229e-227
-7.62608e-226
1.37753e-224
-2.45918e-223
4.33891e-222
-7.56636e-221
1.30414e-219
-2.22178e-218
3.74141e-217
-6.22779e-216
1.02473e-214
-1.66677e-213
2.68004e-212
-4.26006e-211
6.69435e-210
-1.03999e-208
1.5973e-207
-2.42543e-206
3.6412e-205
-5.40456e-204
7.93127e-203
-1.1508e-201
1.65095e-200
-2.34183e-199
3.28449e-198
-4.55485e-197
6.2457e-196
-8.46822e-195
1.1353e-193
-1.505e-192
1.97278e-191
-2.55702e-190
3.27723e-189
-4.15334e-188
5.20483e-187
-6.44964e-186
7.90284e-185
-9.57523e-184
1.14719e-182
-1.35905e-181
1.59202e-180
-1.84406e-179
2.11208e-178
-2.39195e-177
2.67852e-176
-2.96575e-175
3.24688e-174
-3.51469e-173
3.76172e-172
-3.98072e-171
4.1649e-170
-4.30831e-169
4.40617e-168
-4.45511e-167
4.45337e-166
-4.40092e-165
4.29943e-164
-4.15221e-163
3.96404e-162
-3.74089e-161
3.48959e-160
-3.21754e-159
2.9323e-158
-2.64127e-157
2.35137e-156
-2.06879e-155
1.79878e-154
-1.54557e-153
1.31229e-152
-1.10099e-151
9.12682e-151
-7.47519e-150
6.04876e-149
-4.83534e-148
3.81837e-147
-2.97846e-146
2.29478e-145
-1.74621e-144
1.31228e-143
-9.73862e-143
7.13637e-142
-5.16333e-141
3.68823e-140
-2.60078e-139
1.81028e-138
-1.24366e-137
8.43189e-137
-5.64119e-136
3.72383e-135
-2.4251e-134
1.55789e-133
-9.87083e-133
6.16766e-132
-3.79991e-131
2.30805e-130
-1.38186e-129
8.1538e-129
-4.74078e-128
2.71551e-127
-1.53205e-126
8.51185e-126
-4.65586e-125
2.50666e-124
-1.32798e-123
6.92102e-123
-3.54726e-122
1.78738e-121
-8.85095e-121
4.30566e-120
-2.05675e-119
9.64313e-119
-4.43531e-118
2.00012e-117
-8.83779e-117
3.82366e-116
-1.61854e-115
6.69703e-115
-2.7059e-114
1.06633e-113
-4.09269e-113
1.52735e-112
-5.5309e-112
1.93856e-111
-6.55522e-111
2.12945e-110
-6.60654e-110
1.94086e-109
-5.32713e-109
1.33423e-108
-2.90285e-108
4.76139e-108
-1.78065e-108
-2.94071e-107
1.69525e-106
-6.47188e-106
1.98105e-105
-4.95641e-105
9.33215e-105
-7.53953e-105
-3.60711e-104
2.36109e-103
-8.66075e-103
2.33439e-102
-4.43059e-102
2.95862e-102
2.00213e-101
-1.14785e-100
3.72553e-100
-8.1959e-100
8.76346e-100
2.22222e-99
-1.62027e-98
5.37391e-98
-1.11325e-97
7.97141e-98
4.73369e-97
-2.53631e-96
6.99571e-96
-1.02395e-95
-8.66958e-96
1.06781e-94
-3.57672e-94
6.39198e-94
4.10411e-95
-4.58664e-93
1.69098e-92
-3.11865e-92
-1.23111e-93
2.16426e-91
-7.66614e-91
1.2567e-90
7.38043e-91
-1.09277e-89
3.2447e-89
-3.74452e-89
-8.817e-89
5.35497e-88
-1.17105e-87
3.02582e-88
6.58265e-87
-2.26173e-86
2.817e-86
5.73074e-86
-3.51492e-85
6.90087e-85
1.63768e-85
-4.777e-84
1.27286e-83
-6.67087e-84
-5.94858e-83
2.05412e-82
-1.99084e-82
-7.07466e-82
3.08188e-81
-3.8433e-81
-8.45409e-81
4.44385e-80
-6.19371e-80
-1.07803e-79
6.27217e-79
-8.86472e-79
-1.53094e-78
8.71987e-78
-1.13754e-77
-2.39936e-77
1.18801e-76
-1.26999e-76
-3.93994e-76
1.56122e-75
-1.10014e-75
-6.406e-75
1.9255e-74
-3.54454e-75
-9.87935e-74
2.12839e-73
1.28096e-73
-1.39703e-72
1.91337e-72
3.9993e-72
-1.74483e-71
9.62983e-72
7.57388e-71
-1.80522e-70
-9.43187e-71
1.10033e-69
-1.29453e-69
-3.64291e-69
1.23813e-68
-2.82808e-70
-6.29294e-68
9.44048e-68
1.82424e-67
-7.3578e-67
1.06863e-67
3.53728e-66
-5.25654e-66
-1.06783e-65
3.9635e-65
2.89282e-66
-1.97651e-64
2.22566e-64
6.99139e-64
-1.87515e-63
-1.27178e-63
1.03721e-62
-4.95635e-63
-4.41426e-62
6.8037e-62
1.40992e-61
-4.54167e-61
-2.35237e-61
2.3252e-60
-9.57871e-61
-9.90239e-60
1.26115e-59
3.51304e-59
-8.478e-59
-9.53339e-59
4.52209e-58
1.10063e-58
-2.09896e-57
8.84319e-58
8.75894e-57
-9.21942e-57
-3.31865e-56
5.89308e-56
1.13383e-55
-3.14016e-55
-3.38021e-55
1.51014e-54
7.87471e-55
-6.78379e-54
-6.88023e-55
2.90176e-53
-7.15204e-54
-1.1971e-52
6.59637e-53
4.80944e-52
-3.96868e-52
-1.89712e-51
2.03454e-51
7.40127e-51
-9.54324e-51
-2.87492e-50
4.21899e-50
1.11843e-49
-1.78394e-49
-4.37803e-49
7.26849e-49
1.72941e-48
-2.86219e-48
-6.89905e-48
1.08864e-47
2.77509e-47
-3.98219e-47
-1.12152e-46
1.3877e-46
4.53069e-46
-4.52232e-46
-1.8184e-45
1.32544e-45
7.20181e-45
-3.14645e-45
-2.79385e-44
3.45865e-45
1.05277e-43
2.27126e-44
-3.81393e-43
-2.2765e-43
1.30983e-42
1.37838e-42
-4.17059e-42
-6.90283e-42
1.17986e-41
3.06924e-41
-2.65681e-41
-1.23847e-40
2.62686e-41
4.54273e-40
1.74994e-40
-1.49269e-39
-1.54975e-39
4.21442e-39
8.19401e-39
-9.01925e-39
-3.46334e-38
6.1207e-39
1.2328e-37
7.23028e-38
-3.63646e-37
-5.33327e-37
7.96547e-37
2.45517e-36
-5.94453e-37
-8.7186e-36
-5.70687e-36
2.37942e-35
4.06805e-35
-4.03648e-35
-1.71931e-34
-3.46256e-35
5.26086e-34
6.40465e-34
-1.04825e-33
-3.1529e-33
4.10607e-35
1.01372e-32
1.0908e-32
-2.01619e-32
-5.71882e-32
-1.51221e-33
1.78154e-31
2.13653e-31
-3.02502e-31
-1.02992e-30
-3.20098e-31
2.78831e-30
4.48528e-30
-2.86261e-30
-1.74143e-29
-1.39652e-29
3.4521e-29
8.84235e-29
1.52402e-29
-2.45345e-28
-3.85108e-28
1.9493e-28
1.42374e-27
1.45754e-27
-2.1086e-27
-7.38491e-27
-4.70512e-27
1.46372e-26
3.58328e-26
1.19338e-26
-8.5742e-26
-1.67823e-25
-1.58295e-26
4.57956e-25
7.78022e-25
-5.36549e-26
-2.30621e-24
-3.64071e-24
4.94407e-25
1.11165e-23
1.73877e-23
-1.59527e-24
-5.14422e-23
-8.47281e-23
-4.89401e-24
2.26604e-22
4.16324e-22
1.20536e-22
-9.28169e-22
-2.02087e-21
-1.16842e-21
3.35435e-21
9.43188e-21
8.6096e-21
-9.23713e-21
-4.08492e-20
-5.35859e-20
6.00145e-21
1.55173e-19
2.88516e-19
1.56974e-19
-4.53984e-19
-1.32584e-18
-1.47593e-18
4.96004e-19
4.89544e-18
8.78051e-18
5.39436e-18
-1.16595e-17
-3.85313e-17
-5.11648e-17
-9.01082e-18
1.12958e-16
2.66566e-16
2.872e-16
-5.78305e-17
-8.62357e-16
-1.75591e-15
-1.70109e-15
6.66183e-16
5.81442e-15
1.14551e-14
1.13486e-14
-2.93847e-15
-3.53146e-14
-7.42857e-14
-8.42487e-14
-1.12214e-14
1.83895e-13
4.62707e-13
6.42656e-13
3.87665e-13
-6.60243e-13
-2.55297e-12
-4.56945e-12
-4.86464e-12
-7.0036e-13
1.02115e-11
2.70246e-11
4.23446e-11
4.00294e-11
-2.49918e-12
-1.0373e-10
-2.57495e-10
-4.05835e-10
-4.17584e-10
-9.50982e-11
7.62002e-10
2.21248e-09
3.95062e-09
5.05909e-09
3.86685e-09
-1.87788e-09
-1.42617e-08
-3.36697e-08
-5.64338e-08
-7.20418e-08
-6.09025e-08
5.56847e-09
1.60029e-07
4.26541e-07
7.97603e-07
1.20002e-06
1.45226e-06
1.22165e-06
-2.0871e-09
-2.8905e-06
-8.17929e-06
-1.64418e-05
-2.76755e-05
-4.06397e-05
-5.18865e-05
-5.44375e-05
-3.60832e-05
2.26865e-05
0.000151068
0.000390548
0.00079757
0.00144607
0.00242963
0.00386302
0.00588286
0.0086471
0.0123332
0.0171351
0.0232582
0.0309137
0.0403109
0.0516496
0.0651112
0.0808499
0.098985
0.119593
0.142701
0.168285
0.196265
0.226506
0.258819
0.292969
0.328677
0.365629
0.403487
0.441895
0.480493
0.518926
0.55685
0.593945
0.629919
0.664515
0.697513
0.728737
0.758051
0.785362
0.810615
0.833796
0.85492
0.874035
0.891211
0.906541
0.920132
0.932101
0.942576
0.951683
0.959553
0.966312
0.972082
0.976978
0.981109
0.984574
0.987465
0.989862
0.99184
0.993462
0.994787
0.995862
0.99673
0.997428
0.997986
0.998429
0.998781
0.999058
0.999275
0.999444
0.999576
0.999678
0.999756
0.999816
0.999862
0.999897
0.999923
0.999943
0.999958
0.999969
0.999977
0.999983
0.999988
0.999991
0.999994
0.999995
0.999997
0.999997
0.999998
0.999998
0.999998
0.999998
1
1
1.00001
1.00002
1.00003
1.00004
1.00005
1.00005
1.00004
0.999977
0.999849
0.999609
0.999202
0.998554
0.99757
0.996137
0.994117
0.991353
0.987667
0.982865
0.976742
0.969086
0.959689
0.94835
0.934889
0.91915
0.901015
0.880407
0.857299
0.831715
0.803735
0.773494
0.741181
0.707031
0.671323
0.634371
0.596513
0.558105
0.519507
0.481074
0.44315
0.406055
0.370081
0.335485
0.302487
0.271263
0.241949
0.214638
0.189385
0.166204
0.14508
0.125965
0.108789
0.0934588
0.0798682
0.0678986
0.0574244
0.0483169
0.040447
0.033688
0.0279182
0.0230218
0.0188909
0.0154257
0.0125354
0.0101381
0.00816039
0.00653775
0.00521348
0.00413837
0.00327005
0.0025723
0.00201442
0.00157059
0.00121921
0.00094236
0.000725265
0.000555825
0.00042419
0.000322391
0.000244019
0.00018395
0.000138113
0.000103286
7.6938e-05
5.70886e-05
4.21974e-05
3.10718e-05
2.27934e-05
1.66583e-05
1.21296e-05
8.79988e-06
6.36113e-06
4.58179e-06
3.2885e-06
2.35199e-06
1.67635e-06
1.19069e-06
8.42861e-07
5.94634e-07
4.18113e-07
2.93024e-07
2.04688e-07
1.4252e-07
9.8916e-08
6.8435e-08
4.71981e-08
3.24504e-08
2.22421e-08
1.51986e-08
1.03543e-08
7.03292e-09
4.76281e-09
3.21599e-09
2.16522e-09
1.45357e-09
9.7304e-10
6.49526e-10
4.3236e-10
2.87004e-10
1.89992e-10
1.25429e-10
8.25828e-11
5.42273e-11
3.55135e-11
2.31968e-11
1.51124e-11
9.82008e-12
6.36482e-12
4.11487e-12
2.6536e-12
1.707e-12
1.09536e-12
7.01163e-13
4.47741e-13
2.85227e-13
1.81267e-13
1.14926e-13
7.26946e-14
4.5875e-14
2.88835e-14
1.81439e-14
1.13718e-14
7.11132e-15
4.43715e-15
2.76248e-15
1.7161e-15
1.06376e-15
6.5797e-16
4.06108e-16
2.50125e-16
1.5373e-16
9.42876e-17
5.77101e-17
3.52499e-17
2.14872e-17
1.30715e-17
7.93595e-18
4.80851e-18
2.9078e-18
1.75497e-18
1.05713e-18
6.35557e-19
3.81372e-19
2.28412e-19
1.36544e-19
8.1473e-20
4.85233e-20
2.88461e-20
1.71171e-20
1.01388e-20
5.99466e-21
3.53806e-21
2.08447e-21
1.22592e-21
7.19735e-22
4.21822e-22
2.46796e-22
1.44147e-22
8.40499e-23
4.89257e-23
2.84323e-23
1.64955e-23
9.55442e-24
5.52501e-24
3.18974e-24
1.83856e-24
1.05805e-24
6.07916e-25
3.48735e-25
1.9974e-25
1.14225e-25
6.52204e-26
3.71826e-26
2.11658e-26
1.20302e-26
6.82739e-27
3.86891e-27
2.18917e-27
1.23689e-27
6.97821e-28
3.93122e-28
2.21148e-28
1.24227e-28
6.96835e-29
3.90327e-29
2.18332e-29
1.21955e-29
6.80262e-30
3.78927e-30
2.10785e-30
1.17094e-30
6.49589e-31
3.59883e-31
1.99115e-31
1.10019e-31
6.07103e-32
3.3457e-32
1.84139e-32
1.01215e-32
5.55625e-33
3.04625e-33
1.66801e-33
9.12186e-34
4.98223e-34
2.71783e-34
1.48076e-34
8.05769e-35
4.37931e-35
2.37724e-35
1.28889e-35
6.97967e-36
3.77517e-36
2.0395e-36
1.10052e-36
5.93145e-37
3.19315e-37
1.71701e-37
9.22206e-38
4.94748e-38
2.65123e-38
1.41911e-38
7.5875e-39
4.05223e-39
2.16176e-39
1.15196e-39
6.13188e-40
3.26042e-40
1.73173e-40
9.18795e-41
4.86956e-41
2.57808e-41
1.36346e-41
7.20324e-42
3.80152e-42
2.00416e-42
1.0555e-42
5.55308e-43
2.91852e-43
1.53232e-43
8.03697e-44
4.21111e-44
2.20427e-44
1.15265e-44
6.02145e-45
3.14249e-45
1.63839e-45
8.53372e-46
4.44054e-46
2.30841e-46
1.19887e-46
6.22033e-47
3.22441e-47
1.66923e-47
8.69712e-48
3.85547e-48
)
;

boundaryField
{
    sides
    {
        type            zeroGradient;
    }
    empty
    {
        type            empty;
    }
}


// ************************************************************************* //
