/*--------------------------------*- C++ -*----------------------------------*\
  =========                 |
  \\      /  F ield         | OpenFOAM: The Open Source CFD Toolbox
   \\    /   O peration     | Website:  https://openfoam.org
    \\  /    A nd           | Version:  7
     \\/     M anipulation  |
\*---------------------------------------------------------------------------*/
FoamFile
{
    version     2.0;
    format      ascii;
    class       volScalarField;
    location    "3.3";
    object      T;
}
// * * * * * * * * * * * * * * * * * * * * * * * * * * * * * * * * * * * * * //

dimensions      [0 0 0 1 0 0 0];

internalField   nonuniform List<scalar> 
1000
(
0
0
0
0
0
0
0
0
0
0
0
0
0
0
0
0
0
0
0
0
0
0
0
0
0
0
0
0
0
0
0
0
0
0
0
0
0
0
0
0
0
0
0
0
0
0
0
0
0
0
0
0
0
0
0
0
0
0
0
0
0
0
0
0
0
0
0
0
0
0
0
0
0
0
0
0
0
0
0
0
0
0
0
0
0
0
0
0
0
0
0
0
0
0
0
0
0
0
0
0
0
0
0
0
0
0
0
0
0
0
0
0
0
0
0
0
0
0
0
0
0
0
0
0
0
0
0
0
0
0
0
0
4.94066e-324
-7.80624e-322
1.52162e-319
-2.76399e-317
4.69038e-315
-7.46465e-313
1.11799e-310
-1.58065e-308
2.11541e-306
-2.68657e-304
3.24508e-302
-3.73567e-300
4.10623e-298
-4.31716e-296
4.34831e-294
-4.20192e-292
3.90094e-290
-3.48363e-288
2.99603e-286
-2.48421e-284
1.98794e-282
-1.53676e-280
1.14867e-278
-8.30866e-277
5.82058e-275
-3.9521e-273
2.60271e-271
-1.66362e-269
1.03273e-267
-6.23011e-266
3.65448e-264
-2.08553e-262
1.1585e-260
-6.26728e-259
3.3035e-257
-1.69738e-255
8.50511e-254
-4.15776e-252
1.98376e-250
-9.2413e-249
4.20487e-247
-1.86938e-245
8.12299e-244
-3.45101e-242
1.43392e-240
-5.8288e-239
2.31865e-237
-9.02846e-236
3.44215e-234
-1.28527e-232
4.70125e-231
-1.68497e-229
5.91878e-228
-2.03811e-226
6.88129e-225
-2.27851e-223
7.40043e-222
-2.35815e-220
7.37354e-219
-2.26281e-217
6.81654e-216
-2.01603e-214
5.85484e-213
-1.6699e-211
4.67828e-210
-1.28756e-208
3.48175e-207
-9.25196e-206
2.41621e-204
-6.20237e-203
1.56515e-201
-3.88313e-200
9.47299e-199
-2.27258e-197
5.362e-196
-1.24439e-194
2.84086e-193
-6.38046e-192
1.40995e-190
-3.06582e-189
6.5602e-188
-1.38151e-186
2.86347e-185
-5.84209e-184
1.17331e-182
-2.31987e-181
4.51592e-180
-8.65551e-179
1.63355e-177
-3.03593e-176
5.55647e-175
-1.00156e-173
1.7781e-172
-3.10923e-171
5.35542e-170
-9.08652e-169
1.51875e-167
-2.5008e-166
4.05691e-165
-6.4841e-164
1.02108e-162
-1.58432e-161
2.42221e-160
-3.64906e-159
5.41704e-158
-7.9244e-157
1.14237e-155
-1.62289e-154
2.2721e-153
-3.13491e-152
4.26278e-151
-5.7126e-150
7.54493e-149
-9.82109e-148
1.25994e-146
-1.59306e-145
1.9852e-144
-2.43818e-143
2.95134e-142
-3.52095e-141
4.13988e-140
-4.7973e-139
5.47878e-138
-6.16655e-137
6.84016e-136
-7.47733e-135
8.05518e-134
-8.55148e-133
8.9461e-132
-9.22232e-131
9.36798e-130
-9.37641e-129
9.24689e-128
-8.98473e-127
8.60094e-126
-8.11143e-125
7.53594e-124
-6.89672e-123
6.21709e-122
-5.52008e-121
4.82711e-120
-4.15702e-119
3.52533e-118
-2.94377e-117
2.42023e-116
-1.95895e-115
1.56085e-114
-1.22412e-113
9.44868e-113
-7.17712e-112
5.36427e-111
-3.94455e-110
2.85334e-109
-2.0301e-108
1.42044e-107
-9.77241e-107
6.60969e-106
-4.39422e-105
2.87093e-104
-1.84295e-103
1.16215e-102
-7.19719e-102
4.37637e-101
-2.61214e-100
1.52999e-99
-8.79132e-99
4.95394e-98
-2.73667e-97
1.4815e-96
-7.85602e-96
4.07873e-95
-2.07229e-94
1.02976e-93
-5.0016e-93
2.37289e-92
-1.09876e-91
4.96145e-91
-2.18256e-90
9.34285e-90
-3.88666e-89
1.56885e-88
-6.13321e-88
2.31693e-87
-8.43395e-87
2.94765e-86
-9.84393e-86
3.1205e-85
-9.29817e-85
2.56383e-84
-6.35932e-84
1.33305e-83
-1.92431e-83
-6.81823e-84
1.91066e-82
-9.28452e-82
3.19172e-81
-8.64337e-81
1.76411e-80
-1.85605e-80
-4.75258e-80
3.68831e-79
-1.36472e-78
3.50463e-78
-5.67374e-78
-7.77374e-79
4.57529e-77
-1.94491e-76
5.02835e-76
-7.18595e-76
-6.35721e-76
7.81621e-75
-2.73373e-74
5.43049e-74
-2.19041e-74
-2.96202e-73
1.29429e-72
-2.85877e-72
1.77097e-72
1.30618e-71
-5.95164e-71
1.24649e-70
-3.9337e-71
-6.96249e-70
2.64296e-69
-4.30982e-69
-3.03267e-69
3.79887e-68
-1.02516e-67
8.00167e-68
4.06364e-67
-1.75449e-66
2.72616e-66
2.92303e-66
-2.55456e-65
5.52434e-65
1.41195e-66
-3.42352e-64
9.26302e-64
-4.14667e-64
-4.47808e-63
1.40902e-62
-9.28085e-63
-6.0012e-62
2.02008e-61
-1.3731e-61
-8.4669e-61
2.76161e-60
-1.45052e-60
-1.24903e-59
3.56667e-59
-6.5238e-60
-1.85916e-58
4.21482e-58
1.73005e-58
-2.66285e-57
4.24286e-57
6.38217e-57
-3.48582e-56
2.94318e-56
1.33607e-55
-3.90098e-55
-3.83951e-56
2.11271e-54
-3.25047e-54
-5.78217e-54
2.57825e-53
-9.50928e-54
-1.17468e-52
2.18031e-52
2.85532e-52
-1.48549e-51
5.59785e-52
6.64063e-51
-1.1153e-50
-1.8871e-50
7.69025e-50
2.48641e-51
-3.73664e-49
3.94713e-49
1.36608e-48
-3.26494e-48
-3.22455e-48
1.83835e-47
-1.84517e-48
-8.36438e-47
7.97944e-47
3.18379e-46
-6.14579e-46
-9.81219e-46
3.48233e-45
2.00124e-45
-1.6864e-44
1.68312e-45
7.34734e-44
-4.88417e-44
-2.9495e-43
3.60393e-43
1.10478e-42
-2.03682e-42
-3.8868e-42
1.01439e-41
1.28817e-41
-4.68279e-41
-4.02504e-41
2.05552e-40
1.18721e-40
-8.71169e-40
-3.33512e-40
3.60081e-39
9.25521e-40
-1.46114e-38
-2.80578e-39
5.8436e-38
1.07677e-38
-2.30687e-37
-5.35529e-38
8.98158e-37
3.00988e-37
-3.43767e-36
-1.69878e-36
1.28601e-35
9.17932e-36
-4.66058e-35
-4.68902e-35
1.61444e-34
2.26012e-34
-5.23108e-34
-1.02756e-33
1.52239e-33
4.39792e-33
-3.60082e-33
-1.76288e-32
4.30655e-33
6.55145e-32
2.01345e-32
-2.21482e-31
-2.02159e-31
6.55251e-31
1.12735e-30
-1.53611e-30
-4.96765e-30
1.76948e-30
1.8371e-29
7.88738e-30
-5.63576e-29
-7.21144e-29
1.30243e-28
3.52923e-28
-1.26253e-28
-1.2865e-27
-7.66339e-28
3.51416e-27
5.90513e-27
-5.63262e-27
-2.48699e-26
-7.46548e-27
7.21682e-26
1.01606e-25
-1.18566e-25
-4.554e-25
-1.45213e-25
1.26403e-24
1.95252e-24
-1.58718e-24
-8.01079e-24
-5.09538e-24
1.81876e-23
3.90881e-23
-4.2342e-24
-1.244e-22
-1.55494e-22
1.61171e-22
6.91099e-22
4.96067e-22
-1.34398e-21
-3.42482e-21
-1.08725e-21
8.43574e-21
1.59617e-20
-8.02303e-23
-4.6447e-20
-7.28955e-20
1.7518e-20
2.37295e-19
3.37475e-19
-1.17474e-19
-1.15279e-18
-1.61762e-18
4.75812e-19
5.35466e-18
8.03226e-18
-6.96659e-19
-2.34959e-17
-4.04762e-17
-9.1812e-18
9.39988e-17
1.99935e-16
1.19903e-16
-3.14543e-16
-9.26413e-16
-9.44603e-16
6.41765e-16
3.78996e-15
5.82422e-15
1.61703e-15
-1.21455e-14
-2.90641e-14
-2.79113e-14
1.82236e-14
1.11121e-13
1.87245e-13
1.10181e-13
-2.48281e-13
-8.21903e-13
-1.15428e-12
-4.29075e-13
2.003e-12
5.56881e-12
7.43633e-12
2.73108e-12
-1.25805e-11
-3.5848e-11
-5.14396e-11
-3.01116e-11
5.80078e-11
2.12621e-10
3.62595e-10
3.42312e-10
-7.14377e-11
-1.02091e-09
-2.32612e-09
-3.2253e-09
-2.29442e-09
2.17333e-09
1.1084e-08
2.27632e-08
3.10003e-08
2.41347e-08
-1.29811e-08
-9.21994e-08
-2.09489e-07
-3.28019e-07
-3.62409e-07
-1.74632e-07
4.03544e-07
1.50527e-06
3.10878e-06
4.86462e-06
5.89605e-06
4.63308e-06
-1.2172e-06
-1.44186e-05
-3.74931e-05
-7.13538e-05
-0.000113107
-0.000152907
-0.00016983
-0.000126896
3.44977e-05
0.0004003
0.00108908
0.00225618
0.00409602
0.0068419
0.0107627
0.0161564
0.0233399
0.0326362
0.044359
0.0587956
0.07619
0.0967259
0.120513
0.147577
0.17785
0.211171
0.247286
0.285859
0.326481
0.368685
0.411965
0.455794
0.499644
0.543002
0.58539
0.626374
0.66558
0.702696
0.737481
0.769762
0.799432
0.82645
0.85083
0.872633
0.891965
0.908959
0.923776
0.93659
0.947583
0.956943
0.96485
0.971481
0.977001
0.981564
0.985309
0.988362
0.990833
0.992821
0.99441
0.995671
0.996666
0.997446
0.998054
0.998525
0.998888
0.999166
0.999378
0.999538
0.999659
0.999749
0.999816
0.999866
0.999903
0.99993
0.99995
0.999964
0.999974
0.999982
0.999987
0.999991
0.999994
0.999996
0.999997
0.999998
0.999999
0.999999
0.999999
1
1
1
1
1
1
1
1
0.999998
0.999997
0.999995
0.999994
0.999995
1
1.00001
1.00004
1.00007
1.00011
1.00015
1.00017
1.00013
0.999966
0.9996
0.998911
0.997744
0.995904
0.993158
0.989237
0.983844
0.97666
0.967364
0.955641
0.941204
0.92381
0.903274
0.879487
0.852423
0.82215
0.788829
0.752714
0.714141
0.673519
0.631315
0.588035
0.544206
0.500356
0.456998
0.41461
0.373626
0.33442
0.297304
0.262519
0.230238
0.200568
0.17355
0.14917
0.127367
0.108035
0.0910406
0.0762239
0.0634102
0.0524165
0.0430573
0.03515
0.0285189
0.0229986
0.0184358
0.0146908
0.0116382
0.00916667
0.00717886
0.00559047
0.00432935
0.00333433
0.00255409
0.00194598
0.00147483
0.00111194
0.000834028
0.000622405
0.000462153
0.000341466
0.000251066
0.000183709
0.000133785
9.69708e-05
6.99617e-05
5.02447e-05
3.59217e-05
2.55673e-05
1.81176e-05
1.27828e-05
8.98017e-06
6.28207e-06
4.37625e-06
3.03602e-06
2.09766e-06
1.44349e-06
9.89375e-07
6.75461e-07
4.59359e-07
3.11198e-07
2.10026e-07
1.41216e-07
9.4599e-08
6.31394e-08
4.19899e-08
2.78252e-08
1.83738e-08
1.20905e-08
7.92857e-09
5.1816e-09
3.37498e-09
2.19095e-09
1.41763e-09
9.14284e-10
5.87763e-10
3.76653e-10
2.40611e-10
1.53228e-10
9.72804e-11
6.15731e-11
3.88553e-11
2.44465e-11
1.53358e-11
9.59244e-12
5.98277e-12
3.72081e-12
2.30753e-12
1.42708e-12
8.80131e-13
5.41329e-13
3.32048e-13
2.03133e-13
1.23939e-13
7.54222e-14
4.57787e-14
2.77148e-14
1.67362e-14
1.00812e-14
6.05735e-15
3.63064e-15
2.17082e-15
1.29483e-15
7.70485e-16
4.57388e-16
2.70886e-16
1.60059e-16
9.43564e-17
5.54975e-17
3.25683e-17
1.90697e-17
1.11412e-17
6.49478e-18
3.77793e-18
2.19284e-18
1.27009e-18
7.34075e-19
4.23387e-19
2.43687e-19
1.3997e-19
8.02326e-20
4.58975e-20
2.62034e-20
1.49301e-20
8.49016e-21
4.8186e-21
2.72952e-21
1.54319e-21
8.70819e-22
4.90476e-22
2.75739e-22
1.5473e-22
8.66667e-23
4.84553e-23
2.70425e-23
1.50652e-23
8.37784e-24
4.65078e-24
2.57728e-24
1.42576e-24
7.87384e-25
4.34097e-25
2.38921e-25
1.31279e-25
7.20135e-26
3.94382e-26
2.15631e-26
1.17707e-26
6.41494e-27
3.49053e-27
1.89628e-27
1.02856e-27
5.57037e-28
3.01207e-28
1.62622e-28
8.76663e-29
4.71878e-29
2.53616e-29
1.36106e-29
7.29349e-30
3.90263e-30
2.08521e-30
1.11253e-30
5.92727e-31
3.1534e-31
1.67529e-31
8.88778e-32
4.7086e-32
2.4911e-32
1.31612e-32
6.94397e-33
3.65876e-33
1.92521e-33
1.01168e-33
5.30927e-34
2.78263e-34
1.4565e-34
7.61384e-35
3.97501e-35
2.07262e-35
1.07932e-35
5.61349e-36
2.91591e-36
1.51278e-36
7.83865e-37
4.05673e-37
2.09692e-37
1.08259e-37
5.58244e-38
2.8752e-38
1.4791e-38
7.60003e-39
3.90055e-39
1.99956e-39
1.02386e-39
5.23661e-40
2.67526e-40
1.36518e-40
6.95868e-41
3.54307e-41
1.80198e-41
9.15469e-42
4.64581e-42
2.35509e-42
1.19257e-42
6.03245e-43
3.04818e-43
1.5386e-43
7.75811e-44
3.90778e-44
1.96632e-44
9.88387e-45
4.96311e-45
2.48965e-45
1.24762e-45
6.24578e-46
3.1236e-46
1.5606e-46
7.78932e-47
3.88399e-47
1.93478e-47
9.62863e-48
4.78714e-48
2.37777e-48
1.17991e-48
5.84946e-49
2.89716e-49
1.43358e-49
7.08703e-50
3.50029e-50
1.72721e-50
8.51502e-51
4.19402e-51
2.06387e-51
1.01471e-51
4.9844e-52
2.44622e-52
1.19948e-52
5.87639e-53
2.87638e-53
1.4067e-53
6.87358e-54
3.35575e-54
1.6369e-54
7.97787e-55
3.88493e-55
1.89022e-55
9.18921e-56
4.46356e-56
2.16633e-56
1.05054e-56
5.09026e-57
2.46442e-57
1.19217e-57
5.76247e-58
2.78312e-58
1.3431e-58
6.4765e-59
3.12053e-59
1.50237e-59
7.22743e-60
3.47419e-60
1.66874e-60
8.00917e-61
3.84109e-61
1.84073e-61
8.81452e-62
4.21773e-62
2.01666e-62
9.63525e-63
4.60014e-63
2.19461e-63
1.04623e-63
4.98398e-64
2.37253e-64
1.12858e-64
5.36462e-65
2.54821e-65
1.20955e-65
5.73721e-66
2.7194e-66
1.28807e-66
6.09681e-67
2.88379e-67
1.36309e-67
6.43852e-68
3.03915e-68
1.4333e-68
6.7906e-69
2.76436e-69
)
;

boundaryField
{
    sides
    {
        type            zeroGradient;
    }
    empty
    {
        type            empty;
    }
}


// ************************************************************************* //
