/*--------------------------------*- C++ -*----------------------------------*\
  =========                 |
  \\      /  F ield         | OpenFOAM: The Open Source CFD Toolbox
   \\    /   O peration     | Website:  https://openfoam.org
    \\  /    A nd           | Version:  7
     \\/     M anipulation  |
\*---------------------------------------------------------------------------*/
FoamFile
{
    version     2.0;
    format      ascii;
    class       volScalarField;
    location    "0.11";
    object      T;
}
// * * * * * * * * * * * * * * * * * * * * * * * * * * * * * * * * * * * * * //

dimensions      [0 0 0 1 0 0 0];

internalField   nonuniform List<scalar> 
1000
(
1.0916e-12
1.09869e-12
1.11292e-12
1.13438e-12
1.16321e-12
1.19958e-12
1.24373e-12
1.29594e-12
1.35654e-12
1.42591e-12
1.50449e-12
1.59278e-12
1.69134e-12
1.8008e-12
1.92183e-12
2.05521e-12
2.20178e-12
2.36247e-12
2.53827e-12
2.73031e-12
2.93979e-12
3.16803e-12
3.41645e-12
3.68662e-12
3.98023e-12
4.29912e-12
4.64529e-12
5.02089e-12
5.42827e-12
5.86997e-12
6.34875e-12
6.86758e-12
7.42969e-12
8.03857e-12
8.69799e-12
9.41205e-12
1.01852e-11
1.10221e-11
1.19281e-11
1.29086e-11
1.39698e-11
1.51181e-11
1.63607e-11
1.77051e-11
1.91596e-11
2.07331e-11
2.24353e-11
2.42765e-11
2.6268e-11
2.84219e-11
3.07513e-11
3.32705e-11
3.59947e-11
3.89404e-11
4.21255e-11
4.55693e-11
4.92925e-11
5.33178e-11
5.76692e-11
6.23731e-11
6.74577e-11
7.29536e-11
7.88937e-11
8.53136e-11
9.22518e-11
9.97496e-11
1.07852e-10
1.16607e-10
1.26067e-10
1.36287e-10
1.4733e-10
1.5926e-10
1.72147e-10
1.86068e-10
2.01106e-10
2.17348e-10
2.34891e-10
2.53837e-10
2.74298e-10
2.96394e-10
3.20253e-10
3.46016e-10
3.73833e-10
4.03866e-10
4.3629e-10
4.71293e-10
5.09078e-10
5.49865e-10
5.93889e-10
6.41404e-10
6.92685e-10
7.48027e-10
8.07749e-10
8.72193e-10
9.41729e-10
1.01675e-09
1.0977e-09
1.18502e-09
1.27923e-09
1.38085e-09
1.49046e-09
1.60868e-09
1.73618e-09
1.87369e-09
2.02198e-09
2.18189e-09
2.3543e-09
2.5402e-09
2.74063e-09
2.95671e-09
3.18963e-09
3.44072e-09
3.71135e-09
4.00305e-09
4.31741e-09
4.6562e-09
5.02128e-09
5.41467e-09
5.83854e-09
6.29521e-09
6.7872e-09
7.31721e-09
7.88813e-09
8.50309e-09
9.16543e-09
9.87877e-09
1.0647e-08
1.14742e-08
1.2365e-08
1.3324e-08
1.43566e-08
1.54683e-08
1.66649e-08
1.7953e-08
1.93395e-08
2.08316e-08
2.24375e-08
2.41656e-08
2.60252e-08
2.8026e-08
3.01787e-08
3.24946e-08
3.49858e-08
3.76657e-08
4.0548e-08
4.36481e-08
4.69819e-08
5.0567e-08
5.4422e-08
5.85669e-08
6.30232e-08
6.78138e-08
7.29636e-08
7.84989e-08
8.44483e-08
9.08423e-08
9.77134e-08
1.05097e-07
1.1303e-07
1.21553e-07
1.3071e-07
1.40546e-07
1.51112e-07
1.6246e-07
1.74647e-07
1.87734e-07
2.01788e-07
2.16877e-07
2.33077e-07
2.50468e-07
2.69136e-07
2.89174e-07
3.10679e-07
3.33759e-07
3.58525e-07
3.85099e-07
4.1361e-07
4.44197e-07
4.77008e-07
5.12202e-07
5.49949e-07
5.90431e-07
6.3384e-07
6.80387e-07
7.30291e-07
7.83792e-07
8.41143e-07
9.02615e-07
9.68499e-07
1.0391e-06
1.11476e-06
1.19583e-06
1.28268e-06
1.37573e-06
1.47539e-06
1.58214e-06
1.69646e-06
1.81889e-06
1.94997e-06
2.09032e-06
2.24058e-06
2.40141e-06
2.57356e-06
2.75781e-06
2.95497e-06
3.16594e-06
3.39166e-06
3.63313e-06
3.89144e-06
4.16771e-06
4.46319e-06
4.77915e-06
5.117e-06
5.47821e-06
5.86435e-06
6.2771e-06
6.71824e-06
7.18968e-06
7.69344e-06
8.23169e-06
8.80671e-06
9.42096e-06
1.0077e-05
1.07777e-05
1.15259e-05
1.23248e-05
1.31777e-05
1.40881e-05
1.50599e-05
1.6097e-05
1.72037e-05
1.83846e-05
1.96444e-05
2.09883e-05
2.24216e-05
2.39503e-05
2.55804e-05
2.73184e-05
2.91712e-05
3.11462e-05
3.32513e-05
3.54945e-05
3.78848e-05
4.04315e-05
4.31444e-05
4.6034e-05
4.91114e-05
5.23883e-05
5.58774e-05
5.95917e-05
6.35453e-05
6.77531e-05
7.22308e-05
7.69951e-05
8.20636e-05
8.74549e-05
9.31889e-05
9.92864e-05
0.00010577
0.000112662
0.000119988
0.000127775
0.000136049
0.00014484
0.000154179
0.000164098
0.000174633
0.00018582
0.000197696
0.000210304
0.000223685
0.000237885
0.000252951
0.000268935
0.000285889
0.00030387
0.000322935
0.000343149
0.000364575
0.000387284
0.000411348
0.000436843
0.000463851
0.000492456
0.000522747
0.000554818
0.000588769
0.000624702
0.000662728
0.00070296
0.000745519
0.000790532
0.000838132
0.000888458
0.000941656
0.00099788
0.00105729
0.00112006
0.00118636
0.00125638
0.00133031
0.00140835
0.00149073
0.00157766
0.00166937
0.00176612
0.00186814
0.00197573
0.00208914
0.00220867
0.00233463
0.00246733
0.00260711
0.00275431
0.0029093
0.00307244
0.00324413
0.00342478
0.00361481
0.00381468
0.00402483
0.00424574
0.00447792
0.00472189
0.00497818
0.00524734
0.00552997
0.00582667
0.00613805
0.00646477
0.0068075
0.00716693
0.00754379
0.00793882
0.00835279
0.0087865
0.00924078
0.00971647
0.0102145
0.0107356
0.011281
0.0118514
0.0124479
0.0130716
0.0137234
0.0144045
0.015116
0.0158589
0.0166346
0.0174442
0.0182889
0.01917
0.0200889
0.0210467
0.022045
0.023085
0.0241683
0.0252962
0.0264702
0.0276918
0.0289626
0.0302842
0.031658
0.0330857
0.034569
0.0361095
0.0377088
0.0393687
0.0410909
0.0428771
0.044729
0.0466485
0.0486371
0.0506968
0.0528294
0.0550365
0.05732
0.0596816
0.0621232
0.0646464
0.0672531
0.069945
0.0727238
0.0755912
0.0785489
0.0815986
0.0847418
0.0879802
0.0913152
0.0947484
0.0982812
0.101915
0.105651
0.109491
0.113436
0.117486
0.121644
0.125909
0.130284
0.134768
0.139362
0.144067
0.148884
0.153813
0.158854
0.164007
0.169273
0.17465
0.18014
0.185741
0.191454
0.197277
0.20321
0.209251
0.2154
0.221656
0.228016
0.23448
0.241046
0.247712
0.254475
0.261334
0.268286
0.275329
0.282459
0.289675
0.296972
0.304348
0.3118
0.319323
0.326914
0.334569
0.342285
0.350056
0.357879
0.365749
0.373662
0.381613
0.389596
0.397608
0.405642
0.413695
0.421759
0.42983
0.437903
0.445972
0.454031
0.462074
0.470096
0.478091
0.486053
0.493975
0.501853
0.50968
0.51745
0.525158
0.532796
0.54036
0.547842
0.555239
0.562542
0.569748
0.576849
0.583841
0.590717
0.597472
0.6041
0.610597
0.616957
0.623174
0.629243
0.635161
0.640921
0.646519
0.65195
0.65721
0.662295
0.667201
0.671923
0.676457
0.6808
0.684949
0.688899
0.692649
0.696193
0.699531
0.702658
0.705573
0.708272
0.710755
0.713018
0.71506
0.71688
0.718475
0.719845
0.720988
0.721904
0.722591
0.72305
0.723279
0.723279
0.72305
0.722591
0.721904
0.720988
0.719845
0.718475
0.71688
0.71506
0.713018
0.710755
0.708272
0.705573
0.702658
0.699531
0.696193
0.692649
0.688899
0.684949
0.6808
0.676457
0.671923
0.667201
0.662295
0.65721
0.65195
0.646519
0.640921
0.635161
0.629243
0.623174
0.616957
0.610597
0.6041
0.597472
0.590717
0.583841
0.576849
0.569748
0.562542
0.555239
0.547842
0.54036
0.532796
0.525158
0.51745
0.50968
0.501853
0.493975
0.486053
0.478091
0.470096
0.462074
0.454031
0.445972
0.437903
0.42983
0.421759
0.413695
0.405642
0.397608
0.389596
0.381613
0.373662
0.365749
0.357879
0.350056
0.342285
0.334569
0.326914
0.319323
0.3118
0.304348
0.296972
0.289675
0.282459
0.275329
0.268286
0.261334
0.254475
0.247712
0.241046
0.23448
0.228016
0.221656
0.2154
0.209251
0.20321
0.197277
0.191454
0.185741
0.18014
0.17465
0.169273
0.164007
0.158854
0.153813
0.148884
0.144067
0.139362
0.134768
0.130284
0.125909
0.121644
0.117486
0.113436
0.109491
0.105651
0.101915
0.0982812
0.0947484
0.0913152
0.0879802
0.0847418
0.0815986
0.0785489
0.0755912
0.0727238
0.069945
0.0672531
0.0646464
0.0621232
0.0596816
0.05732
0.0550365
0.0528294
0.0506968
0.0486371
0.0466485
0.044729
0.0428771
0.0410909
0.0393687
0.0377088
0.0361095
0.034569
0.0330857
0.031658
0.0302842
0.0289626
0.0276918
0.0264702
0.0252962
0.0241683
0.023085
0.022045
0.0210467
0.0200889
0.01917
0.0182889
0.0174442
0.0166346
0.0158589
0.015116
0.0144045
0.0137234
0.0130716
0.0124479
0.0118514
0.011281
0.0107356
0.0102145
0.00971647
0.00924078
0.0087865
0.00835279
0.00793882
0.00754379
0.00716693
0.0068075
0.00646477
0.00613805
0.00582667
0.00552997
0.00524734
0.00497818
0.00472189
0.00447792
0.00424574
0.00402483
0.00381468
0.00361481
0.00342478
0.00324413
0.00307244
0.0029093
0.00275431
0.00260711
0.00246733
0.00233463
0.00220867
0.00208914
0.00197573
0.00186814
0.00176612
0.00166937
0.00157766
0.00149073
0.00140835
0.00133031
0.00125638
0.00118636
0.00112006
0.00105729
0.00099788
0.000941656
0.000888458
0.000838132
0.000790532
0.000745519
0.00070296
0.000662728
0.000624702
0.000588769
0.000554818
0.000522747
0.000492456
0.000463851
0.000436843
0.000411348
0.000387284
0.000364575
0.000343149
0.000322935
0.00030387
0.000285889
0.000268935
0.000252951
0.000237885
0.000223685
0.000210304
0.000197696
0.00018582
0.000174633
0.000164098
0.000154179
0.00014484
0.000136049
0.000127775
0.000119988
0.000112662
0.00010577
9.92864e-05
9.31889e-05
8.74549e-05
8.20636e-05
7.69951e-05
7.22308e-05
6.77531e-05
6.35453e-05
5.95917e-05
5.58774e-05
5.23883e-05
4.91114e-05
4.6034e-05
4.31444e-05
4.04315e-05
3.78848e-05
3.54945e-05
3.32513e-05
3.11462e-05
2.91712e-05
2.73184e-05
2.55804e-05
2.39503e-05
2.24216e-05
2.09883e-05
1.96444e-05
1.83846e-05
1.72037e-05
1.6097e-05
1.50599e-05
1.40881e-05
1.31777e-05
1.23248e-05
1.15259e-05
1.07777e-05
1.0077e-05
9.42096e-06
8.80671e-06
8.23169e-06
7.69344e-06
7.18968e-06
6.71824e-06
6.2771e-06
5.86435e-06
5.47821e-06
5.117e-06
4.77915e-06
4.46319e-06
4.16771e-06
3.89144e-06
3.63313e-06
3.39166e-06
3.16594e-06
2.95497e-06
2.75781e-06
2.57356e-06
2.40141e-06
2.24058e-06
2.09032e-06
1.94997e-06
1.81889e-06
1.69646e-06
1.58214e-06
1.47539e-06
1.37573e-06
1.28268e-06
1.19583e-06
1.11476e-06
1.0391e-06
9.68499e-07
9.02615e-07
8.41143e-07
7.83792e-07
7.30291e-07
6.80387e-07
6.3384e-07
5.90431e-07
5.49949e-07
5.12202e-07
4.77008e-07
4.44197e-07
4.1361e-07
3.85099e-07
3.58525e-07
3.33759e-07
3.10679e-07
2.89174e-07
2.69136e-07
2.50468e-07
2.33077e-07
2.16877e-07
2.01788e-07
1.87734e-07
1.74647e-07
1.6246e-07
1.51112e-07
1.40546e-07
1.3071e-07
1.21553e-07
1.1303e-07
1.05097e-07
9.77134e-08
9.08423e-08
8.44483e-08
7.84989e-08
7.29636e-08
6.78138e-08
6.30232e-08
5.85669e-08
5.4422e-08
5.0567e-08
4.69819e-08
4.36481e-08
4.0548e-08
3.76657e-08
3.49858e-08
3.24946e-08
3.01787e-08
2.8026e-08
2.60252e-08
2.41656e-08
2.24375e-08
2.08316e-08
1.93395e-08
1.7953e-08
1.66649e-08
1.54683e-08
1.43566e-08
1.3324e-08
1.2365e-08
1.14742e-08
1.0647e-08
9.87877e-09
9.16543e-09
8.50309e-09
7.88813e-09
7.31721e-09
6.7872e-09
6.29521e-09
5.83854e-09
5.41467e-09
5.02128e-09
4.6562e-09
4.31741e-09
4.00305e-09
3.71135e-09
3.44072e-09
3.18963e-09
2.95671e-09
2.74063e-09
2.5402e-09
2.3543e-09
2.18189e-09
2.02198e-09
1.87369e-09
1.73618e-09
1.60868e-09
1.49046e-09
1.38085e-09
1.27923e-09
1.18502e-09
1.0977e-09
1.01675e-09
9.41729e-10
8.72193e-10
8.07749e-10
7.48027e-10
6.92685e-10
6.41404e-10
5.93889e-10
5.49865e-10
5.09078e-10
4.71293e-10
4.3629e-10
4.03866e-10
3.73833e-10
3.46016e-10
3.20253e-10
2.96394e-10
2.74298e-10
2.53837e-10
2.34891e-10
2.17348e-10
2.01106e-10
1.86068e-10
1.72147e-10
1.5926e-10
1.4733e-10
1.36287e-10
1.26067e-10
1.16607e-10
1.07852e-10
9.97496e-11
9.22518e-11
8.53136e-11
7.88937e-11
7.29536e-11
6.74577e-11
6.23731e-11
5.76692e-11
5.33178e-11
4.92925e-11
4.55693e-11
4.21255e-11
3.89404e-11
3.59947e-11
3.32705e-11
3.07513e-11
2.84219e-11
2.6268e-11
2.42765e-11
2.24353e-11
2.07331e-11
1.91596e-11
1.77051e-11
1.63607e-11
1.51181e-11
1.39698e-11
1.29086e-11
1.19281e-11
1.10221e-11
1.01852e-11
9.41205e-12
8.69799e-12
8.03857e-12
7.42969e-12
6.86758e-12
6.34875e-12
5.86997e-12
5.42827e-12
5.02089e-12
4.64529e-12
4.29912e-12
3.98023e-12
3.68662e-12
3.41645e-12
3.16803e-12
2.93979e-12
2.73031e-12
2.53827e-12
2.36247e-12
2.20178e-12
2.05521e-12
1.92183e-12
1.8008e-12
1.69134e-12
1.59278e-12
1.50449e-12
1.42591e-12
1.35654e-12
1.29594e-12
1.24373e-12
1.19958e-12
1.16321e-12
1.13438e-12
1.11292e-12
1.09869e-12
1.0916e-12
)
;

boundaryField
{
    sides
    {
        type            zeroGradient;
    }
    empty
    {
        type            empty;
    }
}


// ************************************************************************* //
