/*--------------------------------*- C++ -*----------------------------------*\
  =========                 |
  \\      /  F ield         | OpenFOAM: The Open Source CFD Toolbox
   \\    /   O peration     | Website:  https://openfoam.org
    \\  /    A nd           | Version:  7
     \\/     M anipulation  |
\*---------------------------------------------------------------------------*/
FoamFile
{
    version     2.0;
    format      ascii;
    class       volScalarField;
    location    "1.89";
    object      T;
}
// * * * * * * * * * * * * * * * * * * * * * * * * * * * * * * * * * * * * * //

dimensions      [0 0 0 1 0 0 0];

internalField   nonuniform List<scalar> 
1000
(
0.0160277
0.01603
0.0160344
0.0160412
0.0160501
0.0160613
0.0160748
0.0160905
0.0161084
0.0161286
0.016151
0.0161757
0.0162026
0.0162318
0.0162632
0.0162968
0.0163327
0.0163709
0.0164113
0.016454
0.0164989
0.016546
0.0165955
0.0166471
0.0167011
0.0167573
0.0168158
0.0168765
0.0169395
0.0170047
0.0170723
0.0171421
0.0172142
0.0172885
0.0173652
0.0174441
0.0175253
0.0176087
0.0176945
0.0177826
0.0178729
0.0179655
0.0180605
0.0181577
0.0182573
0.0183591
0.0184632
0.0185697
0.0186785
0.0187895
0.0189029
0.0190187
0.0191367
0.0192571
0.0193798
0.0195048
0.0196322
0.0197619
0.0198939
0.0200283
0.0201651
0.0203042
0.0204456
0.0205894
0.0207356
0.0208841
0.021035
0.0211883
0.0213439
0.0215019
0.0216624
0.0218251
0.0219903
0.0221579
0.0223279
0.0225002
0.022675
0.0228522
0.0230317
0.0232137
0.0233982
0.023585
0.0237742
0.0239659
0.02416
0.0243566
0.0245556
0.024757
0.0249609
0.0251672
0.025376
0.0255872
0.0258009
0.026017
0.0262356
0.0264567
0.0266803
0.0269063
0.0271348
0.0273658
0.0275992
0.0278352
0.0280736
0.0283146
0.028558
0.028804
0.0290524
0.0293034
0.0295568
0.0298128
0.0300713
0.0303323
0.0305958
0.0308618
0.0311304
0.0314015
0.0316751
0.0319513
0.03223
0.0325112
0.032795
0.0330813
0.0333702
0.0336616
0.0339555
0.034252
0.0345511
0.0348527
0.0351569
0.0354636
0.0357728
0.0360847
0.0363991
0.036716
0.0370355
0.0373576
0.0376822
0.0380094
0.0383392
0.0386715
0.0390064
0.0393439
0.0396839
0.0400265
0.0403717
0.0407194
0.0410697
0.0414225
0.0417779
0.0421359
0.0424965
0.0428596
0.0432252
0.0435935
0.0439642
0.0443376
0.0447135
0.0450919
0.0454729
0.0458565
0.0462426
0.0466312
0.0470224
0.0474161
0.0478123
0.0482111
0.0486124
0.0490163
0.0494227
0.0498315
0.0502429
0.0506569
0.0510733
0.0514922
0.0519136
0.0523375
0.0527639
0.0531928
0.0536242
0.054058
0.0544944
0.0549331
0.0553744
0.055818
0.0562641
0.0567127
0.0571637
0.0576171
0.0580729
0.0585312
0.0589918
0.0594548
0.0599202
0.060388
0.0608582
0.0613307
0.0618056
0.0622828
0.0627623
0.0632442
0.0637284
0.0642149
0.0647037
0.0651947
0.0656881
0.0661837
0.0666815
0.0671816
0.0676839
0.0681885
0.0686952
0.0692042
0.0697153
0.0702286
0.0707441
0.0712616
0.0717814
0.0723032
0.0728271
0.0733532
0.0738813
0.0744115
0.0749437
0.0754779
0.0760142
0.0765524
0.0770927
0.0776349
0.0781791
0.0787252
0.0792732
0.0798231
0.0803749
0.0809286
0.0814841
0.0820415
0.0826007
0.0831617
0.0837244
0.084289
0.0848552
0.0854232
0.0859929
0.0865643
0.0871373
0.087712
0.0882883
0.0888662
0.0894457
0.0900268
0.0906094
0.0911935
0.0917791
0.0923661
0.0929547
0.0935446
0.094136
0.0947287
0.0953228
0.0959183
0.096515
0.0971131
0.0977124
0.0983129
0.0989147
0.0995176
0.100122
0.100727
0.101333
0.101941
0.102549
0.103159
0.103769
0.104381
0.104993
0.105607
0.106221
0.106836
0.107452
0.108069
0.108687
0.109305
0.109924
0.110544
0.111165
0.111786
0.112408
0.11303
0.113653
0.114277
0.1149
0.115525
0.11615
0.116775
0.117401
0.118026
0.118653
0.119279
0.119906
0.120533
0.12116
0.121787
0.122415
0.123042
0.12367
0.124298
0.124925
0.125553
0.12618
0.126807
0.127435
0.128062
0.128688
0.129315
0.129941
0.130567
0.131192
0.131818
0.132442
0.133067
0.13369
0.134314
0.134936
0.135558
0.13618
0.1368
0.13742
0.13804
0.138658
0.139276
0.139893
0.140509
0.141124
0.141738
0.142351
0.142963
0.143574
0.144183
0.144792
0.1454
0.146006
0.146611
0.147215
0.147817
0.148418
0.149017
0.149616
0.150212
0.150807
0.151401
0.151993
0.152583
0.153172
0.153759
0.154344
0.154927
0.155509
0.156089
0.156667
0.157242
0.157816
0.158388
0.158958
0.159526
0.160092
0.160655
0.161216
0.161776
0.162332
0.162887
0.163439
0.163989
0.164536
0.165081
0.165623
0.166163
0.166701
0.167235
0.167767
0.168297
0.168823
0.169347
0.169869
0.170387
0.170902
0.171415
0.171925
0.172431
0.172935
0.173436
0.173933
0.174428
0.174919
0.175407
0.175892
0.176374
0.176852
0.177327
0.177799
0.178267
0.178732
0.179194
0.179652
0.180106
0.180557
0.181005
0.181449
0.181889
0.182325
0.182758
0.183187
0.183612
0.184034
0.184451
0.184865
0.185275
0.185681
0.186083
0.186481
0.186875
0.187265
0.187651
0.188033
0.18841
0.188784
0.189153
0.189518
0.189879
0.190236
0.190588
0.190936
0.19128
0.191619
0.191954
0.192284
0.19261
0.192932
0.193249
0.193562
0.19387
0.194173
0.194472
0.194766
0.195056
0.19534
0.195621
0.195896
0.196167
0.196433
0.196694
0.196951
0.197203
0.19745
0.197692
0.197929
0.198161
0.198388
0.198611
0.198829
0.199041
0.199249
0.199451
0.199649
0.199842
0.200029
0.200212
0.20039
0.200562
0.200729
0.200892
0.201049
0.201201
0.201348
0.20149
0.201626
0.201758
0.201884
0.202005
0.202121
0.202232
0.202337
0.202437
0.202532
0.202622
0.202707
0.202786
0.20286
0.202929
0.202992
0.20305
0.203103
0.203151
0.203193
0.203231
0.203262
0.203289
0.20331
0.203326
0.203337
0.203342
0.203342
0.203337
0.203326
0.20331
0.203289
0.203262
0.203231
0.203193
0.203151
0.203103
0.20305
0.202992
0.202929
0.20286
0.202786
0.202707
0.202622
0.202532
0.202437
0.202337
0.202232
0.202121
0.202005
0.201884
0.201758
0.201626
0.20149
0.201348
0.201201
0.201049
0.200892
0.200729
0.200562
0.20039
0.200212
0.200029
0.199842
0.199649
0.199451
0.199249
0.199041
0.198829
0.198611
0.198388
0.198161
0.197929
0.197692
0.19745
0.197203
0.196951
0.196694
0.196433
0.196167
0.195896
0.195621
0.19534
0.195056
0.194766
0.194472
0.194173
0.19387
0.193562
0.193249
0.192932
0.19261
0.192284
0.191954
0.191619
0.19128
0.190936
0.190588
0.190236
0.189879
0.189518
0.189153
0.188784
0.18841
0.188033
0.187651
0.187265
0.186875
0.186481
0.186083
0.185681
0.185275
0.184865
0.184451
0.184034
0.183612
0.183187
0.182758
0.182325
0.181889
0.181449
0.181005
0.180557
0.180106
0.179652
0.179194
0.178732
0.178267
0.177799
0.177327
0.176852
0.176374
0.175892
0.175407
0.174919
0.174428
0.173933
0.173436
0.172935
0.172431
0.171925
0.171415
0.170902
0.170387
0.169869
0.169347
0.168823
0.168297
0.167767
0.167235
0.166701
0.166163
0.165623
0.165081
0.164536
0.163989
0.163439
0.162887
0.162332
0.161776
0.161216
0.160655
0.160092
0.159526
0.158958
0.158388
0.157816
0.157242
0.156667
0.156089
0.155509
0.154927
0.154344
0.153759
0.153172
0.152583
0.151993
0.151401
0.150807
0.150212
0.149616
0.149017
0.148418
0.147817
0.147215
0.146611
0.146006
0.1454
0.144792
0.144183
0.143574
0.142963
0.142351
0.141738
0.141124
0.140509
0.139893
0.139276
0.138658
0.13804
0.13742
0.1368
0.13618
0.135558
0.134936
0.134314
0.13369
0.133067
0.132442
0.131818
0.131192
0.130567
0.129941
0.129315
0.128688
0.128062
0.127435
0.126807
0.12618
0.125553
0.124925
0.124298
0.12367
0.123042
0.122415
0.121787
0.12116
0.120533
0.119906
0.119279
0.118653
0.118026
0.117401
0.116775
0.11615
0.115525
0.1149
0.114277
0.113653
0.11303
0.112408
0.111786
0.111165
0.110544
0.109924
0.109305
0.108687
0.108069
0.107452
0.106836
0.106221
0.105607
0.104993
0.104381
0.103769
0.103159
0.102549
0.101941
0.101333
0.100727
0.100122
0.0995176
0.0989147
0.0983129
0.0977124
0.0971131
0.096515
0.0959183
0.0953228
0.0947287
0.094136
0.0935446
0.0929547
0.0923661
0.0917791
0.0911935
0.0906094
0.0900268
0.0894457
0.0888662
0.0882883
0.087712
0.0871373
0.0865643
0.0859929
0.0854232
0.0848552
0.084289
0.0837244
0.0831617
0.0826007
0.0820415
0.0814841
0.0809286
0.0803749
0.0798231
0.0792732
0.0787252
0.0781791
0.0776349
0.0770927
0.0765524
0.0760142
0.0754779
0.0749437
0.0744115
0.0738813
0.0733532
0.0728271
0.0723032
0.0717814
0.0712616
0.0707441
0.0702286
0.0697153
0.0692042
0.0686952
0.0681885
0.0676839
0.0671816
0.0666815
0.0661837
0.0656881
0.0651947
0.0647037
0.0642149
0.0637284
0.0632442
0.0627623
0.0622828
0.0618056
0.0613307
0.0608582
0.060388
0.0599202
0.0594548
0.0589918
0.0585312
0.0580729
0.0576171
0.0571637
0.0567127
0.0562641
0.055818
0.0553744
0.0549331
0.0544944
0.054058
0.0536242
0.0531928
0.0527639
0.0523375
0.0519136
0.0514922
0.0510733
0.0506569
0.0502429
0.0498315
0.0494227
0.0490163
0.0486124
0.0482111
0.0478123
0.0474161
0.0470224
0.0466312
0.0462426
0.0458565
0.0454729
0.0450919
0.0447135
0.0443376
0.0439642
0.0435935
0.0432252
0.0428596
0.0424965
0.0421359
0.0417779
0.0414225
0.0410697
0.0407194
0.0403717
0.0400265
0.0396839
0.0393439
0.0390064
0.0386715
0.0383392
0.0380094
0.0376822
0.0373576
0.0370355
0.036716
0.0363991
0.0360847
0.0357728
0.0354636
0.0351569
0.0348527
0.0345511
0.034252
0.0339555
0.0336616
0.0333702
0.0330813
0.032795
0.0325112
0.03223
0.0319513
0.0316751
0.0314015
0.0311304
0.0308618
0.0305958
0.0303323
0.0300713
0.0298128
0.0295568
0.0293034
0.0290524
0.028804
0.028558
0.0283146
0.0280736
0.0278352
0.0275992
0.0273658
0.0271348
0.0269063
0.0266803
0.0264567
0.0262356
0.026017
0.0258009
0.0255872
0.025376
0.0251672
0.0249609
0.024757
0.0245556
0.0243566
0.02416
0.0239659
0.0237742
0.023585
0.0233982
0.0232137
0.0230317
0.0228522
0.022675
0.0225002
0.0223279
0.0221579
0.0219903
0.0218251
0.0216624
0.0215019
0.0213439
0.0211883
0.021035
0.0208841
0.0207356
0.0205894
0.0204456
0.0203042
0.0201651
0.0200283
0.0198939
0.0197619
0.0196322
0.0195048
0.0193798
0.0192571
0.0191367
0.0190187
0.0189029
0.0187895
0.0186785
0.0185697
0.0184632
0.0183591
0.0182573
0.0181577
0.0180605
0.0179655
0.0178729
0.0177826
0.0176945
0.0176087
0.0175253
0.0174441
0.0173652
0.0172885
0.0172142
0.0171421
0.0170723
0.0170047
0.0169395
0.0168765
0.0168158
0.0167573
0.0167011
0.0166471
0.0165955
0.016546
0.0164989
0.016454
0.0164113
0.0163709
0.0163327
0.0162968
0.0162632
0.0162318
0.0162026
0.0161757
0.016151
0.0161286
0.0161084
0.0160905
0.0160748
0.0160613
0.0160501
0.0160412
0.0160344
0.01603
0.0160277
)
;

boundaryField
{
    sides
    {
        type            zeroGradient;
    }
    empty
    {
        type            empty;
    }
}


// ************************************************************************* //
