/*--------------------------------*- C++ -*----------------------------------*\
  =========                 |
  \\      /  F ield         | OpenFOAM: The Open Source CFD Toolbox
   \\    /   O peration     | Website:  https://openfoam.org
    \\  /    A nd           | Version:  7
     \\/     M anipulation  |
\*---------------------------------------------------------------------------*/
FoamFile
{
    version     2.0;
    format      ascii;
    class       volScalarField;
    location    "2.7";
    object      T;
}
// * * * * * * * * * * * * * * * * * * * * * * * * * * * * * * * * * * * * * //

dimensions      [0 0 0 1 0 0 0];

internalField   nonuniform List<scalar> 
1000
(
0
0
0
0
0
0
0
0
0
0
0
0
0
0
0
0
0
0
0
0
0
0
0
0
0
0
0
0
0
0
0
0
0
0
0
0
0
0
0
0
0
0
0
0
0
0
0
0
0
0
0
0
0
0
0
0
0
0
0
0
0
0
0
0
0
0
0
0
0
0
0
0
0
0
0
0
0
0
0
0
0
0
0
0
0
0
0
0
0
0
0
0
0
0
0
0
0
0
0
0
0
0
0
0
0
0
0
0
0
0
0
0
0
0
0
0
0
0
0
0
0
0
0
0
0
0
0
0
0
0
0
0
0
0
0
0
0
0
0
0
0
0
0
0
0
0
0
0
0
0
0
0
0
0
0
0
0
0
0
0
0
0
0
0
0
0
0
0
0
0
0
0
0
0
0
0
0
0
0
0
0
0
0
0
0
0
0
0
0
0
0
0
0
0
0
0
0
0
0
0
0
0
0
0
0
0
0
0
0
0
0
0
0
0
0
0
9.88131e-324
6.81811e-322
3.25243e-320
1.53686e-318
7.24288e-317
3.40546e-315
1.59743e-313
7.47546e-312
3.48997e-310
1.62542e-308
7.552e-307
3.5003e-305
1.6184e-303
7.46452e-302
3.43433e-300
1.57616e-298
7.21557e-297
3.29492e-295
1.50077e-293
6.81829e-292
3.08971e-290
1.39648e-288
6.29531e-287
2.83048e-285
1.26927e-283
5.67662e-282
2.53199e-280
1.12632e-278
4.99669e-277
2.21061e-275
9.75318e-274
4.29115e-272
1.88273e-270
8.2372e-269
3.59368e-267
1.56336e-265
6.78158e-264
2.93322e-262
1.265e-260
5.43953e-259
2.33209e-257
9.96865e-256
4.24837e-254
1.80507e-252
7.64616e-251
3.22893e-249
1.35935e-247
5.70491e-246
2.38673e-244
9.95369e-243
4.13791e-241
1.71468e-239
7.08236e-238
2.9158e-236
1.19649e-234
4.89354e-233
1.99474e-231
8.10383e-230
3.28111e-228
1.32393e-226
5.32374e-225
2.13333e-223
8.51884e-222
3.38977e-220
1.34405e-218
5.3101e-217
2.09035e-215
8.19887e-214
3.204e-212
1.24745e-210
4.83869e-209
1.86981e-207
7.19809e-206
2.7604e-204
1.05451e-202
4.01267e-201
1.52094e-199
5.74204e-198
2.15916e-196
8.0863e-195
3.01612e-193
1.12037e-191
4.14457e-190
1.52679e-188
5.60079e-187
2.04584e-185
7.44093e-184
2.69465e-182
9.71579e-181
3.48768e-179
1.24641e-177
4.4344e-176
1.57049e-174
5.53666e-173
1.94291e-171
6.78623e-170
2.35916e-168
8.16244e-167
2.81058e-165
9.63083e-164
3.28401e-162
1.11428e-160
3.76197e-159
1.2637e-157
4.22334e-156
1.40421e-154
4.64459e-153
1.5282e-151
5.00157e-150
1.62818e-148
5.27158e-147
1.69746e-145
5.43568e-144
1.73091e-142
5.48075e-141
1.72552e-139
5.40118e-138
1.68081e-136
5.19972e-135
1.59899e-133
4.8875e-132
1.48481e-130
4.48304e-129
1.34511e-127
4.01045e-126
1.18809e-124
3.49699e-123
1.02257e-121
2.97038e-120
8.57071e-119
2.45624e-117
6.99101e-116
1.976e-114
5.5459e-113
1.54546e-111
4.27571e-110
1.1743e-108
3.20134e-107
8.66213e-106
2.32602e-104
6.19807e-103
1.63873e-101
4.29856e-100
1.11855e-98
2.88706e-97
7.39056e-96
1.87616e-94
4.72259e-93
1.17858e-91
2.91575e-90
7.14992e-89
1.73762e-87
4.1846e-86
9.98478e-85
2.3602e-83
5.52615e-82
1.28143e-80
2.94242e-79
6.68929e-78
1.50541e-76
3.35317e-75
7.39114e-74
1.61194e-72
3.47766e-71
7.4208e-70
1.56587e-68
3.26679e-67
6.73687e-66
1.37303e-64
2.76497e-63
5.50048e-62
1.08071e-60
2.09661e-59
4.01533e-58
7.58947e-57
1.4154e-55
2.60381e-54
4.7237e-53
8.44842e-52
1.48923e-50
2.58648e-49
4.42468e-48
7.4531e-47
1.23574e-45
2.01604e-44
3.23515e-43
5.10442e-42
7.9156e-41
1.20594e-39
1.80421e-38
2.64955e-37
3.81745e-36
5.39362e-35
7.46911e-34
1.01322e-32
1.34568e-31
1.74874e-30
2.2222e-29
2.75949e-28
3.3463e-27
3.9598e-26
4.56899e-25
5.13634e-24
5.62081e-23
5.98217e-22
6.18602e-21
6.20881e-20
6.04185e-19
5.69359e-18
5.1893e-17
4.56826e-16
3.87865e-15
3.17116e-14
2.49245e-13
1.8798e-12
1.3577e-11
9.37048e-11
6.1653e-10
3.85698e-09
2.2877e-08
1.28242e-07
6.77045e-07
3.35324e-06
1.55123e-05
6.67014e-05
0.000265132
0.000968256
0.00322652
0.00973601
0.0263823
0.0636382
0.135476
0.252727
0.411768
0.588232
0.747273
0.864524
0.936362
0.973618
0.990264
0.996773
0.999032
0.999735
0.999933
0.999984
0.999997
0.999999
1
1
1
1
1
1
1
1
1
1
1
1
1
1
1
1
1
1
1
1
1
1
1
1
1
1
1
1
1
1
1
1
1
1
1
1
1
1
1
1
1
1
1
1
1
1
1
1
1
1
1
1
1
1
1
1
1
1
1
1
1
1
1
1
1
1
1
1
1
1
1
1
1
1
0.999999
0.999997
0.999984
0.999933
0.999735
0.999032
0.996773
0.990264
0.973618
0.936362
0.864524
0.747273
0.588232
0.411768
0.252727
0.135476
0.0636382
0.0263823
0.00973601
0.00322652
0.000968256
0.000265132
6.67014e-05
1.55123e-05
3.35324e-06
6.77045e-07
1.28242e-07
2.2877e-08
3.85698e-09
6.1653e-10
9.37048e-11
1.3577e-11
1.8798e-12
2.49245e-13
3.17116e-14
3.87865e-15
4.56826e-16
5.1893e-17
5.69359e-18
6.04185e-19
6.20881e-20
6.18602e-21
5.98217e-22
5.62081e-23
5.13634e-24
4.56899e-25
3.9598e-26
3.3463e-27
2.75949e-28
2.2222e-29
1.74874e-30
1.34568e-31
1.01322e-32
7.46911e-34
5.39362e-35
3.81745e-36
2.64955e-37
1.80421e-38
1.20594e-39
7.9156e-41
5.10442e-42
3.23515e-43
2.01604e-44
1.23574e-45
7.4531e-47
4.42468e-48
2.58648e-49
1.48923e-50
8.44842e-52
4.7237e-53
2.60381e-54
1.4154e-55
7.58947e-57
4.01533e-58
2.09661e-59
1.08071e-60
5.50048e-62
2.76497e-63
1.37303e-64
6.73687e-66
3.26679e-67
1.56587e-68
7.4208e-70
3.47766e-71
1.61194e-72
7.39114e-74
3.35317e-75
1.50541e-76
6.68929e-78
2.94242e-79
1.28143e-80
5.52615e-82
2.3602e-83
9.98478e-85
4.1846e-86
1.73762e-87
7.14992e-89
2.91575e-90
1.17858e-91
4.72259e-93
1.87616e-94
7.39056e-96
2.88706e-97
1.11855e-98
4.29856e-100
1.63873e-101
6.19807e-103
2.32602e-104
8.66213e-106
3.20134e-107
1.1743e-108
4.27571e-110
1.54546e-111
5.5459e-113
1.976e-114
6.99101e-116
2.45624e-117
8.57071e-119
2.97038e-120
1.02257e-121
3.49699e-123
1.18809e-124
4.01045e-126
1.34511e-127
4.48304e-129
1.48481e-130
4.8875e-132
1.59899e-133
5.19972e-135
1.68081e-136
5.40118e-138
1.72552e-139
5.48075e-141
1.73091e-142
5.43568e-144
1.69746e-145
5.27158e-147
1.62818e-148
5.00157e-150
1.5282e-151
4.64459e-153
1.40421e-154
4.22334e-156
1.2637e-157
3.76197e-159
1.11428e-160
3.28401e-162
9.63083e-164
2.81058e-165
8.16244e-167
2.35916e-168
6.78623e-170
1.94291e-171
5.53666e-173
1.57049e-174
4.4344e-176
1.24641e-177
3.48768e-179
9.71579e-181
2.69465e-182
7.44093e-184
2.04584e-185
5.60079e-187
1.52679e-188
4.14457e-190
1.12037e-191
3.01612e-193
8.0863e-195
2.15916e-196
5.74204e-198
1.52094e-199
4.01267e-201
1.05451e-202
2.7604e-204
7.19809e-206
1.86981e-207
4.83869e-209
1.24745e-210
3.204e-212
8.19887e-214
2.09035e-215
5.3101e-217
1.34405e-218
3.38977e-220
8.51884e-222
2.13333e-223
5.32374e-225
1.32393e-226
3.28111e-228
8.10383e-230
1.99474e-231
4.89354e-233
1.19649e-234
2.9158e-236
7.08236e-238
1.71468e-239
4.13791e-241
9.95369e-243
2.38673e-244
5.70491e-246
1.35935e-247
3.22893e-249
7.64616e-251
1.80507e-252
4.24837e-254
9.96865e-256
2.33209e-257
5.43953e-259
1.265e-260
2.93322e-262
6.78158e-264
1.56336e-265
3.59368e-267
8.2372e-269
1.88273e-270
4.29115e-272
9.75318e-274
2.21061e-275
4.99669e-277
1.12632e-278
2.53199e-280
5.67662e-282
1.26927e-283
2.83048e-285
6.29531e-287
1.39648e-288
3.08971e-290
6.81829e-292
1.50077e-293
3.29492e-295
7.21557e-297
1.57616e-298
3.43433e-300
7.46452e-302
1.6184e-303
3.5003e-305
7.552e-307
1.62542e-308
3.48997e-310
7.47546e-312
1.59743e-313
3.40546e-315
7.24288e-317
1.53685e-318
3.25243e-320
6.81811e-322
9.88131e-324
0
0
0
0
0
0
0
0
0
0
0
0
0
0
0
0
0
0
0
0
0
0
0
0
0
0
0
0
0
0
0
0
0
0
0
0
0
0
0
0
0
0
0
0
0
0
0
0
0
0
0
0
0
0
0
0
0
0
0
0
0
0
0
0
0
0
0
0
0
0
0
0
0
0
0
0
0
0
0
0
0
0
0
0
0
0
0
0
0
0
0
0
0
0
0
0
0
0
0
0
0
0
0
0
0
0
0
0
0
0
0
0
0
0
0
0
0
0
0
0
0
0
0
0
0
0
0
0
0
0
0
0
0
0
0
0
0
0
0
0
0
0
0
0
0
0
0
0
0
0
0
0
0
0
0
0
0
0
0
0
0
0
0
0
0
0
0
0
0
0
0
0
0
0
0
0
0
0
0
0
0
0
0
0
0
0
0
0
0
0
0
0
0
0
0
0
0
0
0
0
0
0
0
0
0
0
0
0
0
0
0
0
0
0
0
0
)
;

boundaryField
{
    sides
    {
        type            zeroGradient;
    }
    empty
    {
        type            empty;
    }
}


// ************************************************************************* //
