/*--------------------------------*- C++ -*----------------------------------*\
  =========                 |
  \\      /  F ield         | OpenFOAM: The Open Source CFD Toolbox
   \\    /   O peration     | Website:  https://openfoam.org
    \\  /    A nd           | Version:  7
     \\/     M anipulation  |
\*---------------------------------------------------------------------------*/
FoamFile
{
    version     2.0;
    format      ascii;
    class       volScalarField;
    location    "0.82";
    object      T;
}
// * * * * * * * * * * * * * * * * * * * * * * * * * * * * * * * * * * * * * //

dimensions      [0 0 0 1 0 0 0];

internalField   nonuniform List<scalar> 
1000
(
0
0
0
0
0
0
0
0
0
0
0
0
0
0
0
0
0
0
0
0
0
0
0
0
0
0
0
0
0
0
0
0
0
0
0
0
0
0
0
0
0
0
0
0
0
0
0
0
0
0
0
0
0
0
0
0
0
0
0
0
0
0
0
0
0
0
0
0
0
0
0
0
0
0
0
0
0
0
0
0
0
0
0
0
0
0
0
0
0
0
0
0
0
0
0
0
0
0
0
0
0
0
0
0
0
0
0
0
0
0
0
0
0
0
0
0
0
0
0
0
0
0
0
0
0
0
0
0
0
0
0
0
0
0
0
0
0
0
0
0
0
0
0
0
0
0
0
0
0
0
0
0
0
0
0
0
0
0
0
0
0
0
0
0
0
0
0
0
0
0
0
0
0
0
0
0
0
0
0
0
0
0
0
0
0
0
0
0
0
0
0
0
0
0
0
0
0
0
0
0
0
0
0
0
0
0
0
0
0
0
0
0
0
0
0
0
0
0
0
0
0
0
0
0
0
0
0
0
0
0
0
0
0
0
0
0
0
0
0
0
0
0
0
0
0
0
0
0
0
0
0
0
0
0
0
0
0
0
0
0
0
0
0
0
0
0
0
0
0
0
0
0
0
0
0
0
0
0
0
0
0
0
0
0
0
0
0
0
0
0
0
0
0
0
0
0
0
0
0
0
0
0
0
0
0
0
0
0
0
0
0
0
0
0
0
0
0
0
0
0
0
0
0
0
0
0
0
0
0
0
0
0
0
0
0
0
0
0
0
0
0
0
0
0
0
0
0
0
0
0
0
0
0
0
0
0
0
9.23903e-322
4.94703e-318
2.63133e-314
1.39243e-310
7.33008e-307
3.83828e-303
1.99903e-299
1.03542e-295
5.33319e-292
2.7314e-288
1.39081e-284
7.04027e-281
3.54244e-277
1.77158e-273
8.80464e-270
4.34817e-266
2.13349e-262
1.03995e-258
5.03516e-255
2.42124e-251
1.15618e-247
5.48169e-244
2.58014e-240
1.20544e-236
5.58926e-233
2.57158e-229
1.17384e-225
5.31509e-222
2.38685e-218
1.06285e-214
4.69216e-211
2.05323e-207
8.90394e-204
3.8257e-200
1.62829e-196
6.86346e-193
2.86447e-189
1.18339e-185
4.83819e-182
1.95702e-178
7.82966e-175
3.09744e-171
1.21127e-167
4.68087e-164
1.78695e-160
6.73681e-157
2.50723e-153
9.20811e-150
3.3359e-146
1.19164e-142
4.19542e-139
1.45516e-135
4.96985e-132
1.67054e-128
5.52357e-125
1.79553e-121
5.7348e-118
1.79857e-114
5.53521e-111
1.67045e-107
4.93974e-104
1.43022e-100
4.05103e-97
1.1215e-93
3.03171e-90
7.99437e-87
2.05403e-83
5.13616e-80
1.2483e-76
2.94474e-73
6.73227e-70
1.48919e-66
3.18147e-63
6.55152e-60
1.29762e-56
2.46602e-53
4.48467e-50
7.78129e-47
1.28381e-43
2.00642e-40
2.95753e-37
4.09121e-34
5.28031e-31
6.31507e-28
6.94154e-25
6.94355e-22
6.24335e-19
4.96802e-16
3.42757e-13
1.99372e-10
9.38791e-08
3.35578e-05
0.00809886
0.991901
0.999966
1
1
1
1
1
1
1
1
1
1
1
1
1
1
1
1
1
1
1
1
1
1
1
1
1
1
1
1
1
1
1
1
1
1
1
1
1
1
1
1
1
1
1
1
1
1
1
1
1
1
1
1
1
1
1
1
1
1
1
1
1
1
1
1
1
1
1
1
1
1
1
1
1
1
1
1
1
1
1
1
1
1
1
1
1
1
1
1
1
1
1
1
1
1
1
1
0.999966
0.991901
0.00809886
3.35578e-05
9.38791e-08
1.99372e-10
3.42757e-13
4.96802e-16
6.24335e-19
6.94355e-22
6.94154e-25
6.31507e-28
5.28031e-31
4.09121e-34
2.95753e-37
2.00642e-40
1.28381e-43
7.78129e-47
4.48467e-50
2.46602e-53
1.29762e-56
6.55152e-60
3.18147e-63
1.48919e-66
6.73227e-70
2.94474e-73
1.2483e-76
5.13616e-80
2.05403e-83
7.99437e-87
3.03171e-90
1.1215e-93
4.05103e-97
1.43022e-100
4.93974e-104
1.67045e-107
5.53521e-111
1.79857e-114
5.7348e-118
1.79553e-121
5.52357e-125
1.67054e-128
4.96985e-132
1.45516e-135
4.19542e-139
1.19164e-142
3.3359e-146
9.20811e-150
2.50723e-153
6.73681e-157
1.78695e-160
4.68087e-164
1.21127e-167
3.09744e-171
7.82966e-175
1.95702e-178
4.83819e-182
1.18339e-185
2.86447e-189
6.86346e-193
1.62829e-196
3.8257e-200
8.90394e-204
2.05323e-207
4.69216e-211
1.06285e-214
2.38685e-218
5.31509e-222
1.17384e-225
2.57158e-229
5.58926e-233
1.20544e-236
2.58014e-240
5.48169e-244
1.15618e-247
2.42124e-251
5.03516e-255
1.03995e-258
2.13349e-262
4.34817e-266
8.80464e-270
1.77158e-273
3.54244e-277
7.04027e-281
1.39081e-284
2.7314e-288
5.33319e-292
1.03542e-295
1.99903e-299
3.83828e-303
7.33008e-307
1.39243e-310
2.63133e-314
4.94703e-318
9.23903e-322
0
0
0
0
0
0
0
0
0
0
0
0
0
0
0
0
0
0
0
0
0
0
0
0
0
0
0
0
0
0
0
0
0
0
0
0
0
0
0
0
0
0
0
0
0
0
0
0
0
0
0
0
0
0
0
0
0
0
0
0
0
0
0
0
0
0
0
0
0
0
0
0
0
0
0
0
0
0
0
0
0
0
0
0
0
0
0
0
0
0
0
0
0
0
0
0
0
0
0
0
0
0
0
0
0
0
0
0
0
0
0
0
0
0
0
0
0
0
0
0
0
0
0
0
0
0
0
0
0
0
0
0
0
0
0
0
0
0
0
0
0
0
0
0
0
0
0
0
0
0
0
0
0
0
0
0
0
0
0
0
0
0
0
0
0
0
0
0
0
0
0
0
0
0
0
0
0
0
0
0
0
0
0
0
0
0
0
0
0
0
0
0
0
0
0
0
0
0
0
0
0
0
0
0
0
0
0
0
0
0
0
0
0
0
0
0
0
0
0
0
0
0
0
0
0
0
0
0
0
0
0
0
0
0
0
0
0
0
0
0
0
0
0
0
0
0
0
0
0
0
0
0
0
0
0
0
0
0
0
0
0
0
0
0
0
0
0
0
0
0
0
0
0
0
0
0
0
0
0
0
0
0
0
0
0
0
0
0
0
0
0
0
0
0
0
0
0
0
0
0
0
0
0
0
0
0
0
0
0
0
0
0
0
0
0
0
0
0
0
0
0
0
0
0
0
0
0
0
0
0
0
0
0
0
0
0
0
0
0
0
0
0
0
0
0
0
0
0
0
0
0
0
0
0
0
0
0
)
;

boundaryField
{
    sides
    {
        type            zeroGradient;
    }
    empty
    {
        type            empty;
    }
}


// ************************************************************************* //
