/*--------------------------------*- C++ -*----------------------------------*\
  =========                 |
  \\      /  F ield         | OpenFOAM: The Open Source CFD Toolbox
   \\    /   O peration     | Website:  https://openfoam.org
    \\  /    A nd           | Version:  7
     \\/     M anipulation  |
\*---------------------------------------------------------------------------*/
FoamFile
{
    version     2.0;
    format      ascii;
    class       volScalarField;
    location    "3.25";
    object      T;
}
// * * * * * * * * * * * * * * * * * * * * * * * * * * * * * * * * * * * * * //

dimensions      [0 0 0 1 0 0 0];

internalField   nonuniform List<scalar> 
1000
(
9.72238e-183
9.78637e-183
1.00198e-182
1.0676e-182
1.23792e-182
1.66693e-182
2.73444e-182
5.37675e-182
1.19013e-181
2.7992e-181
6.76451e-181
1.65311e-180
4.05755e-180
9.97455e-180
2.45296e-179
6.03187e-179
1.48285e-178
3.64411e-178
8.95204e-178
2.19828e-177
5.39601e-177
1.324e-176
3.24736e-176
7.96154e-176
1.95114e-175
4.77974e-175
1.17042e-174
2.86487e-174
7.00956e-174
1.71434e-173
4.19109e-173
1.02418e-172
2.50178e-172
6.10859e-172
1.49091e-171
3.63734e-171
8.8702e-171
2.16223e-170
5.26852e-170
1.28319e-169
3.12402e-169
7.6024e-169
1.84929e-168
4.49648e-168
1.09284e-167
2.65494e-167
6.44715e-167
1.56493e-166
3.79693e-166
9.2084e-166
2.23228e-165
5.40907e-165
1.31011e-164
3.17179e-164
7.67558e-164
1.85664e-163
4.48902e-163
1.08489e-162
2.62075e-162
6.3281e-162
1.52731e-161
3.68459e-161
8.88497e-161
2.14155e-160
5.15946e-160
1.24247e-159
2.99068e-159
7.19543e-159
1.7304e-158
4.15947e-158
9.9938e-158
2.40007e-157
5.76127e-157
1.38233e-156
3.31516e-156
7.94686e-156
1.90408e-155
4.56007e-155
1.09158e-154
2.61177e-154
6.24611e-154
1.49307e-153
3.56734e-153
8.5193e-153
2.03356e-152
4.85178e-152
1.15701e-151
2.75783e-151
6.57032e-151
1.56458e-150
3.72388e-150
8.85901e-150
2.10651e-149
5.00643e-149
1.18927e-148
2.82371e-148
6.70109e-148
1.58949e-147
3.76836e-147
8.92961e-147
2.11493e-146
5.0066e-146
1.1846e-145
2.80145e-145
6.62177e-145
1.56439e-144
3.69401e-144
8.71825e-144
2.05655e-143
4.84871e-143
1.14259e-142
2.69111e-142
6.33502e-142
1.49053e-141
3.50515e-141
8.23847e-141
1.93535e-140
4.54408e-140
1.06636e-139
2.50111e-139
5.86316e-139
1.37373e-138
3.21691e-138
7.52914e-138
1.76124e-137
4.11775e-137
9.62204e-137
2.24719e-136
5.24539e-136
1.22371e-135
2.85328e-135
6.64924e-135
1.54868e-134
3.60506e-134
8.38734e-134
1.95027e-133
4.53237e-133
1.05272e-132
2.44377e-132
5.66974e-132
1.31469e-131
3.04674e-131
7.05675e-131
1.63353e-130
3.77922e-130
8.73837e-130
2.01934e-129
4.66379e-129
1.07651e-128
2.48341e-128
5.72566e-128
1.31932e-127
3.03824e-127
6.99262e-127
1.60843e-126
3.69751e-126
8.49494e-126
1.95054e-125
4.476e-125
1.02652e-124
2.35279e-124
5.38939e-124
1.23377e-123
2.82272e-123
6.45413e-123
1.47484e-122
3.3681e-122
7.68707e-122
1.75336e-121
3.9968e-121
9.10513e-121
2.07296e-120
4.71657e-120
1.07249e-119
2.43716e-119
5.53483e-119
1.25618e-118
2.84921e-118
6.45836e-118
1.463e-117
3.31199e-117
7.493e-117
1.69412e-116
3.82783e-116
8.64332e-116
1.95042e-115
4.39837e-115
9.91225e-115
2.23238e-114
5.02435e-114
1.13007e-113
2.54005e-113
5.70549e-113
1.28072e-112
2.87293e-112
6.44028e-112
1.44276e-111
3.22989e-111
7.22585e-111
1.61546e-110
3.60916e-110
8.05786e-110
1.79778e-109
4.00823e-109
8.93039e-109
1.98832e-108
4.42386e-108
9.83587e-108
2.18535e-107
4.85203e-107
1.07652e-106
2.38677e-106
5.288e-106
1.17075e-105
2.59016e-105
5.72635e-105
1.26508e-104
2.79282e-104
6.16103e-104
1.35815e-103
2.99177e-103
6.58551e-103
1.44854e-102
3.18386e-102
6.99287e-102
1.53474e-101
3.36582e-101
7.37603e-101
1.61521e-100
3.53435e-100
7.72789e-100
1.68843e-99
3.68618e-99
8.04153e-99
1.75294e-98
3.81825e-98
8.31046e-98
1.80738e-97
3.92771e-97
8.52882e-97
1.85054e-96
4.01208e-96
8.69156e-96
1.88141e-95
4.06933e-95
8.79465e-95
1.89918e-94
4.09796e-94
8.83526e-94
1.90336e-93
4.09703e-93
8.81183e-93
1.89369e-92
4.06626e-92
8.72418e-92
1.87024e-91
4.00598e-91
8.57356e-91
1.83338e-90
3.91722e-90
8.36259e-90
1.78376e-89
3.8016e-89
8.09519e-89
1.72234e-88
3.66132e-88
7.77652e-88
1.65028e-87
3.49911e-87
7.41274e-87
1.569e-86
3.31808e-86
7.01084e-86
1.48003e-85
3.12169e-85
6.57843e-85
1.38506e-84
2.91359e-84
6.12347e-84
1.28581e-83
2.69751e-83
5.65402e-83
1.18401e-82
2.47718e-82
5.178e-82
1.08135e-81
2.25616e-81
4.70297e-81
9.79423e-81
2.03781e-80
4.23593e-80
8.79682e-80
1.82513e-79
3.78312e-79
7.83417e-79
1.62077e-78
3.34992e-78
6.9172e-78
1.42694e-77
2.94078e-77
6.05474e-77
1.24539e-76
2.55911e-76
5.25347e-76
1.07739e-75
2.20736e-75
4.51793e-75
9.23788e-75
1.88699e-74
3.85063e-74
7.84972e-74
1.59859e-73
3.25221e-73
6.60962e-73
1.34193e-72
2.72167e-72
5.51433e-72
1.11609e-71
2.25661e-71
4.55784e-71
9.19615e-71
1.85352e-70
3.73189e-70
7.50585e-70
1.50803e-69
3.02659e-69
6.06784e-69
1.2152e-68
2.43103e-68
4.85805e-68
9.69753e-68
1.93369e-67
3.85154e-67
7.66312e-67
1.52299e-66
3.02347e-66
5.99557e-66
1.1876e-65
2.34976e-65
4.64394e-65
9.16767e-65
1.80775e-64
3.5606e-64
7.00506e-64
1.37658e-63
2.70204e-63
5.2976e-63
1.03744e-62
2.02927e-62
3.96469e-62
7.73693e-62
1.50805e-61
2.93596e-61
5.70911e-61
1.10884e-60
2.15105e-60
4.16782e-60
8.06575e-60
1.55903e-59
3.0098e-59
5.80352e-59
1.11767e-58
2.14982e-58
4.13005e-58
7.92447e-58
1.51861e-57
2.90657e-57
5.55612e-57
1.06076e-56
2.02262e-56
3.8518e-56
7.32588e-56
1.39156e-55
2.63991e-55
5.0017e-55
9.46427e-55
1.78852e-54
3.37549e-54
6.36229e-54
1.19763e-53
2.25143e-53
4.22692e-53
7.92529e-53
1.48398e-52
2.77501e-52
5.18225e-52
9.66473e-52
1.80001e-51
3.34791e-51
6.21846e-51
1.15345e-50
2.1366e-50
3.95232e-50
7.30099e-50
1.34682e-49
2.48106e-49
4.56416e-49
8.38449e-49
1.5381e-48
2.8176e-48
5.15422e-48
9.41521e-48
1.71743e-47
3.12832e-47
5.69009e-47
1.03348e-46
1.8744e-46
3.39462e-46
6.1389e-46
1.10855e-45
1.99889e-45
3.59901e-45
6.4705e-45
1.16159e-44
2.08219e-44
3.72688e-44
6.66071e-44
1.18863e-43
2.11797e-43
3.76824e-43
6.69422e-43
1.18742e-42
2.10303e-42
3.71898e-42
6.56654e-42
1.15766e-41
2.03778e-41
3.58147e-41
6.28479e-41
1.10114e-40
1.92628e-40
3.36444e-40
5.86712e-40
1.02153e-39
1.77579e-39
3.08207e-39
5.34074e-39
9.2399e-39
1.59602e-38
2.7524e-38
4.73897e-38
8.14621e-38
1.39805e-37
2.39544e-37
4.09769e-37
6.99813e-37
1.1932e-36
2.0311e-36
3.45169e-36
5.85619e-36
9.91922e-36
1.67733e-35
2.83161e-35
4.77225e-35
8.02943e-35
1.3487e-34
2.2616e-34
3.78599e-34
6.32716e-34
1.0556e-33
1.75813e-33
2.92321e-33
4.85205e-33
8.03979e-33
1.3299e-32
2.19604e-32
3.62003e-32
5.95706e-32
9.7858e-32
1.60474e-31
2.62696e-31
4.29283e-31
7.0028e-31
1.14034e-30
1.85368e-30
3.00793e-30
4.87227e-30
7.87817e-30
1.27159e-29
2.04878e-29
3.29511e-29
5.29013e-29
8.47784e-29
1.3562e-28
2.16562e-28
3.45189e-28
5.49222e-28
8.72276e-28
1.38284e-27
2.18828e-27
3.45655e-27
5.44993e-27
8.57724e-27
1.34744e-26
2.11289e-26
3.30711e-26
5.1668e-26
8.05742e-26
1.25421e-25
1.94869e-25
3.02214e-25
4.67823e-25
7.22843e-25
1.11481e-24
1.71613e-24
2.6369e-24
4.04415e-24
6.19086e-24
9.45941e-24
1.44267e-23
2.19611e-23
3.33681e-23
5.06049e-23
7.66019e-23
1.15737e-22
1.74536e-22
2.62714e-22
3.94696e-22
5.91867e-22
8.85862e-22
1.32339e-21
1.97329e-21
2.93679e-21
4.36247e-21
6.46801e-21
9.57164e-21
1.41377e-20
2.08425e-20
3.06688e-20
4.50422e-20
6.60266e-20
9.66037e-20
1.41073e-19
2.05622e-19
2.99137e-19
4.34356e-19
6.29501e-19
9.10587e-19
1.31468e-18
1.89451e-18
2.72487e-18
3.91174e-18
5.60491e-18
8.01572e-18
1.14417e-17
1.63011e-17
2.31801e-17
3.28996e-17
4.6606e-17
6.58976e-17
9.29981e-17
1.30995e-16
1.84168e-16
2.58434e-16
3.61963e-16
5.06008e-16
7.0604e-16
9.83289e-16
1.36683e-15
1.89638e-15
2.62616e-15
3.62992e-15
5.00791e-15
6.89603e-15
9.47821e-15
1.30029e-14
1.78048e-14
2.43345e-14
3.31966e-14
4.52017e-14
6.14334e-14
8.33384e-14
1.12844e-13
1.52511e-13
2.0574e-13
2.77032e-13
3.72337e-13
4.99505e-13
6.68869e-13
8.94007e-13
1.19273e-12
1.58833e-12
2.11128e-12
2.80125e-12
3.70992e-12
4.90437e-12
6.47156e-12
8.52401e-12
1.1207e-11
1.47078e-11
1.92671e-11
2.51943e-11
3.28854e-11
4.28471e-11
5.57261e-11
7.23464e-11
9.37557e-11
1.21284e-10
1.56614e-10
2.01878e-10
2.59761e-10
3.33649e-10
4.27796e-10
5.47543e-10
6.99577e-10
8.92256e-10
1.13601e-09
1.44383e-09
1.83186e-09
2.32013e-09
2.93345e-09
3.70249e-09
4.66507e-09
5.86779e-09
7.36791e-09
9.2357e-09
1.15572e-08
1.44376e-08
1.80052e-08
2.24164e-08
2.78611e-08
3.45699e-08
4.28221e-08
5.29552e-08
6.53767e-08
8.05774e-08
9.91473e-08
1.21795e-07
1.49368e-07
1.82882e-07
2.23547e-07
2.72808e-07
3.3238e-07
4.04301e-07
4.90986e-07
5.95294e-07
7.20597e-07
8.70872e-07
1.0508e-06
1.26588e-06
1.52255e-06
1.82836e-06
2.19211e-06
2.6241e-06
3.13628e-06
3.74255e-06
4.45905e-06
5.30446e-06
6.30038e-06
7.47172e-06
8.84718e-06
1.04598e-05
1.23474e-05
1.45535e-05
1.71277e-05
2.01267e-05
2.36153e-05
2.76669e-05
3.23651e-05
3.78047e-05
4.4093e-05
5.13511e-05
5.97159e-05
6.93413e-05
8.04004e-05
9.30875e-05
0.00010762
0.000124242
0.000143224
0.00016487
0.000189516
0.000217536
0.000249345
0.000285402
0.000326214
0.000372339
0.000424395
0.000483056
0.000549065
0.000623236
0.000706456
0.000799695
0.00090401
0.00102055
0.00115056
0.00129539
0.00145651
0.00163548
0.00183402
0.00205395
0.00229724
0.00256598
0.00286245
0.00318903
0.0035483
0.00394299
0.00437599
0.00485037
0.00536939
0.00593648
0.00655525
0.0072295
0.00796323
0.00876063
0.00962605
0.0105641
0.0115794
0.012677
0.013862
0.0151397
0.0165154
0.0179949
0.0195839
0.0212883
0.0231142
0.0250676
0.0271549
0.0293823
0.0317564
0.0342835
0.0369701
0.0398228
0.042848
0.0460522
0.0494418
0.0530231
0.0568022
0.0607852
0.064978
0.0693863
0.0740156
0.078871
0.0839575
0.0892797
0.0948419
0.100648
0.106701
0.113005
0.119562
0.126375
0.133444
0.140771
0.148357
0.156202
0.164306
0.172666
0.181282
0.190151
0.19927
0.208636
0.218244
0.22809
0.238169
0.248473
0.258997
0.269734
0.280675
0.291812
0.303136
0.314638
0.326308
0.338135
0.350108
0.362216
0.374447
0.386789
0.39923
0.411757
0.424358
0.437017
0.449724
0.462463
0.475222
0.487986
0.500742
0.513477
0.526176
0.538826
0.551413
0.563925
0.576347
0.588668
0.600874
0.612952
0.624892
0.63668
0.648305
0.659756
0.671022
0.682092
0.692957
0.703607
0.714031
0.724222
0.734171
0.743869
0.753308
0.762482
0.771382
0.780003
0.788338
0.796381
0.804126
0.811569
0.818703
0.825525
0.832029
0.838212
0.844069
0.849598
0.854794
0.859654
0.864175
0.868354
0.872189
0.875677
0.878815
0.881602
0.884035
0.886112
0.887831
0.889192
0.890191
0.890829
0.891103
0.891013
0.890558
0.889736
0.888548
0.886993
0.885071
0.882782
0.880127
0.877106
0.873719
0.869969
0.865856
0.861383
0.856551
0.851363
0.845823
0.839932
0.833696
0.827119
0.820204
0.812957
0.805384
0.797491
0.789283
0.780769
0.771955
0.76285
0.753461
0.743799
0.733872
0.72369
0.713263
0.702603
0.69172
0.680626
0.669333
0.657853
0.6462
0.634385
0.622422
0.610325
0.598108
0.585783
0.573366
0.56087
0.54831
0.5357
0.523053
0.510385
0.497709
0.485039
0.47239
0.459774
0.447205
0.434697
0.422262
0.409913
0.397661
0.38552
0.373499
0.361611
0.349865
0.338271
0.32684
0.315579
0.304499
0.293605
0.282906
0.272409
0.26212
0.252044
0.242186
0.232552
0.223144
0.213967
0.205023
0.196315
0.187843
0.179611
0.171618
0.163864
0.156349
0.149073
0.142035
0.135233
0.128664
0.122328
0.11622
0.110339
0.10468
0.0992411
0.0940171
0.0890045
0.0841989
0.0795959
0.0751906
0.0709785
0.0669544
0.0631133
0.0594501
0.0559596
0.0526364
0.0494752
0.0464708
0.0436177
0.0409106
0.0383443
0.0359134
0.0336128
0.0314372
0.0293816
0.027441
0.0256104
0.0238851
0.0222603
0.0207314
0.0192939
0.0179435
0.0166759
0.0154869
0.0143727
0.0133294
0.0123531
0.0114404
0.0105877
0.00979182
0.00904946
0.0083576
0.0077133
0.00711376
0.00655631
0.00603839
0.00555756
0.00511153
0.00469807
0.00431512
0.00396068
0.00363289
0.00332996
0.00305023
0.00279211
0.00255412
0.00233483
0.00213294
0.00194721
0.00177645
0.0016196
0.0014756
0.00134352
0.00122245
0.00111156
0.00101005
0.000917217
0.000832366
0.000754869
0.00068414
0.000619633
0.000560844
0.000507303
0.000458576
0.000414261
0.000373987
0.000337412
0.000304218
0.000274114
0.000246832
0.000222124
0.000199765
0.000179547
0.000161287
0.000144829
0.000130069
0.00011701
0.000105926
9.77959e-05
)
;

boundaryField
{
    sides
    {
        type            zeroGradient;
    }
    empty
    {
        type            empty;
    }
}


// ************************************************************************* //
