/*--------------------------------*- C++ -*----------------------------------*\
  =========                 |
  \\      /  F ield         | OpenFOAM: The Open Source CFD Toolbox
   \\    /   O peration     | Website:  https://openfoam.org
    \\  /    A nd           | Version:  7
     \\/     M anipulation  |
\*---------------------------------------------------------------------------*/
FoamFile
{
    version     2.0;
    format      ascii;
    class       volScalarField;
    location    "3.18";
    object      T;
}
// * * * * * * * * * * * * * * * * * * * * * * * * * * * * * * * * * * * * * //

dimensions      [0 0 0 1 0 0 0];

internalField   nonuniform List<scalar> 
1000
(
0
0
0
0
0
0
0
0
0
0
0
0
0
0
0
0
0
0
0
0
0
0
0
0
0
0
0
0
0
0
0
0
0
0
0
0
0
0
0
0
0
0
0
0
0
0
0
0
0
0
0
0
0
0
0
0
0
0
0
0
0
0
0
0
0
0
0
0
0
0
0
0
0
0
0
0
0
0
0
0
0
0
0
0
0
0
0
0
0
0
0
0
0
0
0
0
0
0
0
0
0
0
0
0
0
0
0
0
0
0
0
0
0
0
0
0
0
0
0
8.94259e-322
6.04272e-319
3.65007e-316
1.93286e-313
8.68383e-311
3.11868e-308
7.74968e-306
5.84686e-304
-4.82873e-301
-2.08215e-298
-1.01417e-296
1.6913e-293
3.21809e-291
-1.29788e-288
-3.05172e-286
1.33596e-283
1.20337e-281
-1.42415e-278
2.40417e-276
5.38644e-274
-4.18664e-271
1.36195e-268
-3.14582e-266
5.82581e-264
-9.12763e-262
1.24741e-259
-1.5169e-257
1.66475e-255
-1.66646e-253
1.53433e-251
-1.30808e-249
1.0384e-247
-7.7117e-246
5.37937e-244
-3.53691e-242
2.19865e-240
-1.29568e-238
7.25607e-237
-3.86992e-235
1.96946e-233
-9.58099e-232
4.46263e-230
-1.99312e-228
8.54725e-227
-3.52386e-225
1.39834e-223
-5.3466e-222
1.97174e-220
-7.01994e-219
2.41496e-217
-8.03405e-216
2.58667e-214
-8.06569e-213
2.43743e-211
-7.14316e-210
2.03132e-208
-5.60848e-207
1.50426e-205
-3.92136e-204
9.9402e-203
-2.4513e-201
5.88347e-200
-1.37494e-198
3.1298e-197
-6.94222e-196
1.501e-194
-3.16456e-193
6.50782e-192
-1.30581e-190
2.55726e-189
-4.88924e-188
9.12837e-187
-1.66472e-185
2.96614e-184
-5.16466e-183
8.78996e-182
-1.46257e-180
2.37969e-179
-3.78681e-178
5.89464e-177
-8.97726e-176
1.33783e-174
-1.95118e-173
2.78544e-172
-3.89265e-171
5.3261e-170
-7.13569e-169
9.36211e-168
-1.203e-166
1.5141e-165
-1.86671e-164
2.2546e-163
-2.66784e-162
3.09298e-161
-3.51356e-160
3.91104e-159
-4.26608e-158
4.56008e-157
-4.77678e-156
4.90371e-155
-4.93339e-154
4.86408e-153
-4.69986e-152
4.45036e-151
-4.1297e-150
3.75529e-149
-3.34618e-148
2.92157e-147
-2.49928e-146
2.09466e-145
-1.71979e-144
1.38312e-143
-1.08948e-142
8.40413e-142
-6.34784e-141
4.69406e-140
-3.3977e-139
2.40687e-138
-1.66822e-137
1.13107e-136
-7.49966e-136
4.86166e-135
-3.08018e-134
1.9066e-133
-1.15255e-132
6.80114e-132
-3.91566e-131
2.19828e-130
-1.20265e-129
6.40695e-129
-3.32093e-128
1.67318e-127
-8.18491e-127
3.88235e-126
-1.78278e-125
7.91016e-125
-3.38318e-124
1.39061e-123
-5.47153e-123
2.04979e-122
-7.25576e-122
2.39851e-121
-7.25971e-121
1.93584e-120
-4.12505e-120
4.41606e-120
1.73217e-119
-1.499e-118
7.00047e-118
-2.50606e-117
7.14767e-117
-1.48365e-116
1.05121e-116
9.06433e-116
-5.95941e-115
2.2989e-114
-6.33582e-114
1.08182e-113
5.02051e-114
-1.28126e-112
5.94207e-112
-1.74033e-111
2.98836e-111
1.58299e-111
-3.46791e-110
1.48125e-109
-3.74437e-109
3.94101e-109
1.51873e-108
-1.01773e-107
3.14419e-107
-4.8593e-107
-6.0262e-107
6.63521e-106
-2.24978e-105
3.70483e-105
3.55961e-105
-4.44595e-104
1.45999e-103
-2.0894e-103
-3.65097e-103
3.03265e-102
-8.42923e-102
7.33916e-102
3.85841e-101
-1.94281e-100
3.91372e-100
1.06746e-100
-3.30146e-99
1.03777e-98
-1.02476e-98
-4.23549e-98
2.1205e-97
-3.72841e-97
-3.4335e-97
3.72173e-96
-8.99573e-96
1.12175e-96
5.92689e-95
-1.82047e-94
1.21188e-94
8.93453e-94
-3.33605e-93
3.26457e-93
1.33007e-92
-5.74695e-92
6.53315e-92
2.03839e-91
-9.49128e-91
1.10159e-90
3.30348e-90
-1.51368e-89
1.59769e-89
5.64378e-89
-2.32283e-88
1.91064e-88
9.86351e-88
-3.38252e-87
1.53435e-87
1.69555e-86
-4.5552e-86
-4.13646e-87
2.76511e-85
-5.41684e-85
-5.13903e-85
4.1403e-84
-5.12462e-84
-1.37289e-83
5.48296e-83
-2.45457e-83
-2.61024e-82
6.0348e-82
3.74219e-82
-3.94711e-81
4.6768e-81
1.34928e-80
-4.72132e-80
4.17773e-81
2.43325e-79
-3.99906e-79
-6.61999e-79
3.06728e-78
-1.08717e-78
-1.4162e-77
2.5545e-77
3.63203e-77
-1.77853e-76
5.51276e-77
8.11831e-76
-1.30955e-75
-2.34514e-75
9.26038e-75
2.59619e-76
-4.49139e-74
5.03299e-74
1.57199e-73
-4.10615e-73
-2.98353e-73
2.2312e-72
-8.98711e-73
-9.40067e-72
1.32918e-71
3.02272e-71
-8.82928e-71
-5.63967e-71
4.45157e-70
-1.30507e-70
-1.86159e-69
2.0846e-69
6.49945e-69
-1.40438e-68
-1.76557e-68
7.30956e-68
2.43294e-68
-3.26995e-67
1.11605e-67
1.30232e-66
-1.26354e-66
-4.65881e-66
7.86998e-66
1.4797e-65
-3.99232e-65
-3.97753e-65
1.80401e-64
7.5425e-65
-7.53134e-64
2.15175e-65
2.96135e-63
-1.22681e-63
-1.10992e-62
8.60156e-63
3.99922e-62
-4.52813e-62
-1.39479e-61
2.09263e-61
4.73817e-61
-8.945e-61
-1.57792e-60
3.62457e-60
5.1889e-60
-1.41163e-59
-1.69914e-59
5.32961e-59
5.59324e-59
-1.96144e-58
-1.86893e-58
7.0612e-58
6.39095e-58
-2.49137e-57
-2.24656e-57
8.61986e-57
8.11273e-57
-2.9224e-56
-2.99301e-56
9.68801e-56
1.11837e-55
-3.12863e-55
-4.19195e-55
9.78417e-55
1.56196e-54
-2.93576e-54
-5.74021e-54
8.32383e-54
2.06659e-53
-2.16853e-53
-7.24459e-53
4.8748e-53
2.45809e-52
-7.65207e-53
-8.01821e-52
-3.95864e-53
2.493e-51
1.07086e-51
-7.29691e-51
-6.29686e-51
1.96981e-50
2.79048e-50
-4.71144e-50
-1.06546e-49
9.0012e-50
3.64122e-49
-8.06934e-50
-1.12298e-48
-3.73105e-49
3.09208e-48
2.86445e-48
-7.32102e-48
-1.27111e-47
1.32922e-47
4.48935e-47
-9.07378e-48
-1.33779e-46
-6.42621e-47
3.33341e-46
4.13977e-46
-6.36611e-46
-1.61611e-45
5.66466e-46
4.88894e-45
2.20147e-45
-1.16581e-44
-1.5276e-44
1.92768e-44
5.71347e-44
-4.12654e-45
-1.56619e-43
-1.24011e-43
3.07751e-43
6.01656e-43
-2.691e-43
-1.82594e-42
-9.89171e-43
3.82696e-42
6.2134e-42
-3.89218e-42
-1.98063e-41
-9.64486e-42
4.0929e-41
6.61429e-41
-3.57542e-41
-2.04342e-40
-1.25295e-40
3.7894e-40
7.21732e-40
-1.56423e-40
-1.96324e-39
-1.80242e-39
2.80516e-39
7.62141e-39
1.91183e-39
-1.63604e-38
-2.3877e-38
1.12766e-38
7.11681e-38
5.90606e-38
-9.8472e-38
-2.62798e-37
-9.2883e-38
5.07522e-37
8.64482e-37
-9.0625e-38
-2.15237e-36
-2.59526e-36
1.62158e-36
8.20877e-36
7.21831e-36
-9.29855e-36
-2.93629e-35
-1.88613e-35
4.1455e-35
1.01134e-34
4.73873e-35
-1.63676e-34
-3.41785e-34
-1.2047e-34
5.99462e-34
1.14872e-33
3.40773e-34
-2.07767e-33
-3.87047e-33
-1.17728e-33
6.85859e-33
1.30989e-32
4.89798e-33
-2.14749e-32
-4.4333e-32
-2.21653e-32
6.27027e-32
1.48546e-31
1.00254e-31
-1.63911e-31
-4.85279e-31
-4.34668e-31
3.43169e-31
1.51311e-30
1.77288e-30
-3.11469e-31
-4.36135e-30
-6.71894e-30
-2.04863e-30
1.09558e-29
2.3306e-29
1.6921e-29
-2.04297e-29
-7.20801e-29
-8.35649e-29
5.5271e-30
1.88e-28
3.25649e-28
1.87939e-28
-3.50522e-28
-1.03795e-27
-1.16076e-27
5.64579e-29
2.55782e-27
4.64475e-27
3.30109e-27
-3.57371e-27
-1.37049e-26
-1.85314e-26
-6.60486e-27
2.62116e-26
6.43946e-26
6.98715e-26
1.26067e-27
-1.43651e-25
-2.8495e-25
-2.62672e-25
7.35091e-26
6.94115e-25
1.23616e-24
1.04016e-24
-4.71507e-25
-3.11933e-24
-5.37499e-24
-4.51888e-24
1.87181e-24
1.32381e-23
2.35526e-23
2.15759e-23
-3.70666e-24
-5.24561e-23
-1.02846e-22
-1.0903e-22
-1.88623e-23
1.85196e-22
4.35458e-22
5.53274e-22
2.94337e-22
-5.049e-22
-1.70535e-21
-2.67994e-21
-2.35244e-21
3.55276e-22
5.63562e-21
1.17514e-20
1.45081e-20
8.14996e-21
-1.16498e-20
-4.29752e-20
-7.29171e-20
-7.6487e-20
-2.34962e-20
1.04008e-19
2.86234e-19
4.42551e-19
4.29352e-19
8.03502e-20
-6.98028e-19
-1.78862e-18
-2.73515e-18
-2.71787e-18
-7.48292e-19
3.83549e-18
1.06051e-17
1.72388e-17
1.91452e-17
1.01501e-17
-1.51637e-17
-5.7312e-17
-1.06719e-16
-1.39553e-16
-1.1797e-16
1.18605e-18
2.46175e-16
5.99075e-16
9.60238e-16
1.12386e-15
7.88357e-16
-3.71187e-16
-2.54774e-15
-5.56659e-15
-8.61361e-15
-1.00305e-14
-7.34196e-15
2.27958e-15
2.09247e-14
4.81634e-14
7.87528e-14
1.0042e-13
9.28005e-14
2.91098e-14
-1.17645e-13
-3.62335e-13
-6.88844e-13
-1.02651e-12
-1.22736e-12
-1.05414e-12
-1.9431e-13
1.68146e-12
4.79726e-12
9.07422e-12
1.3861e-11
1.76263e-11
1.76903e-11
1.01287e-11
-9.95482e-12
-4.75399e-11
-1.05912e-10
-1.83768e-10
-2.71108e-10
-3.44139e-10
-3.59855e-10
-2.51709e-10
7.12902e-11
7.18626e-10
1.80083e-09
3.39494e-09
5.48672e-09
7.88409e-09
1.00984e-08
1.11955e-08
9.62575e-09
3.05862e-09
-1.17364e-08
-3.88894e-08
-8.32029e-08
-1.4954e-07
-2.41616e-07
-3.59902e-07
-4.98281e-07
-6.38984e-07
-7.45257e-07
-7.51074e-07
-5.47145e-07
3.76932e-08
1.26063e-06
3.49565e-06
7.27198e-06
1.33212e-05
2.26345e-05
3.65301e-05
5.67324e-05
8.54639e-05
0.000125548
0.000180525
0.000254781
0.000353682
0.000483725
0.000652691
0.000869798
0.00114587
0.00149346
0.00192707
0.00246318
0.00312045
0.00391978
0.00488436
0.00603973
0.00741373
0.00903648
0.0109403
0.0131594
0.0157298
0.0186893
0.0220766
0.0259315
0.0302939
0.0352041
0.0407016
0.046825
0.053611
0.0610946
0.0693076
0.0782788
0.0880331
0.0985911
0.109968
0.122176
0.135217
0.149093
0.163795
0.179311
0.195621
0.212698
0.230512
0.249024
0.26819
0.287962
0.308286
0.329104
0.350355
0.371973
0.393891
0.41604
0.438349
0.460748
0.483164
0.505529
0.527774
0.549831
0.571638
0.593132
0.614257
0.634959
0.655188
0.6749
0.694055
0.712617
0.730556
0.747847
0.764468
0.780403
0.795642
0.810178
0.824008
0.837133
0.849558
0.861293
0.872348
0.882738
0.89248
0.901593
0.910097
0.918016
0.925373
0.932191
0.938498
0.944317
0.949676
0.954599
0.959113
0.963243
0.967013
0.970448
0.97357
0.976402
0.978966
0.981281
0.983366
0.985239
0.986916
0.988412
0.98974
0.990912
0.991938
0.992825
0.99358
0.994207
0.994709
0.995083
0.995329
0.995441
0.995411
0.995229
0.994882
0.994354
0.993626
0.992677
0.991482
0.990015
0.988246
0.986144
0.983674
0.980802
0.977489
0.973699
0.969392
0.964529
0.959072
0.952983
0.946227
0.938769
0.930577
0.921624
0.911885
0.90134
0.889974
0.877776
0.864742
0.850873
0.836176
0.820665
0.80436
0.787285
0.769475
0.750965
0.731801
0.712031
0.691708
0.670891
0.649641
0.628024
0.606106
0.583958
0.561649
0.539251
0.516834
0.49447
0.472225
0.450168
0.428362
0.406868
0.385743
0.365041
0.344812
0.3251
0.305945
0.287383
0.269444
0.252153
0.235532
0.219597
0.204358
0.189822
0.175992
0.162867
0.150442
0.138707
0.127652
0.117262
0.10752
0.0984071
0.0899025
0.0819838
0.0746274
0.0678088
0.0615026
0.0556832
0.0503248
0.0454016
0.0408878
0.0367581
0.0329879
0.029553
0.02643
0.0235964
0.0210306
0.0187119
0.0166207
0.0147383
0.0130473
0.011531
0.0101741
0.00896215
0.00788162
0.00692009
0.00606604
0.00530884
0.00463873
0.00404676
0.00352476
0.00306527
0.00266152
0.00230736
0.00199725
0.00172616
0.00148959
0.0012835
0.00110425
0.00094862
0.000813707
0.00069695
0.000596068
0.000509043
0.000434093
0.000369643
0.000314311
0.00026688
0.000226286
0.000191595
0.000161996
0.000136779
0.000115327
9.71059e-05
8.16518e-05
6.85639e-05
5.74961e-05
4.81501e-05
4.02694e-05
3.36339e-05
2.80547e-05
2.33703e-05
1.94427e-05
1.61542e-05
1.34046e-05
1.11088e-05
9.19443e-06
7.60035e-06
6.27474e-06
5.17385e-06
4.26081e-06
3.50455e-06
2.87898e-06
2.36218e-06
1.9358e-06
1.58447e-06
1.29534e-06
1.0577e-06
8.62638e-07
7.02717e-07
5.7177e-07
4.64682e-07
3.77212e-07
3.05853e-07
2.47709e-07
2.0039e-07
1.61926e-07
1.30697e-07
1.05372e-07
8.48602e-08
6.8265e-08
5.48546e-08
4.40302e-08
3.53032e-08
2.82751e-08
2.26218e-08
1.80793e-08
1.44336e-08
1.15107e-08
9.17008e-09
7.29771e-09
5.80157e-09
4.60737e-09
3.6552e-09
2.89683e-09
2.29341e-09
1.81413e-09
1.4316e-09
1.14149e-09
8.24617e-10
)
;

boundaryField
{
    sides
    {
        type            zeroGradient;
    }
    empty
    {
        type            empty;
    }
}


// ************************************************************************* //
