/*--------------------------------*- C++ -*----------------------------------*\
  =========                 |
  \\      /  F ield         | OpenFOAM: The Open Source CFD Toolbox
   \\    /   O peration     | Website:  https://openfoam.org
    \\  /    A nd           | Version:  7
     \\/     M anipulation  |
\*---------------------------------------------------------------------------*/
FoamFile
{
    version     2.0;
    format      ascii;
    class       volScalarField;
    location    "4.18";
    object      T;
}
// * * * * * * * * * * * * * * * * * * * * * * * * * * * * * * * * * * * * * //

dimensions      [0 0 0 1 0 0 0];

internalField   nonuniform List<scalar> 
1000
(
0.00466641
0.00466651
0.00466671
0.004667
0.0046674
0.0046679
0.0046685
0.00466921
0.00467002
0.00467094
0.00467196
0.00467309
0.00467433
0.00467568
0.00467715
0.00467872
0.00468041
0.00468221
0.00468413
0.00468616
0.00468831
0.00469058
0.00469297
0.00469548
0.00469811
0.00470087
0.00470375
0.00470675
0.00470988
0.00471314
0.00471653
0.00472005
0.0047237
0.00472748
0.00473139
0.00473544
0.00473963
0.00474395
0.00474841
0.004753
0.00475774
0.00476262
0.00476765
0.00477282
0.00477813
0.00478359
0.0047892
0.00479496
0.00480086
0.00480692
0.00481314
0.0048195
0.00482602
0.0048327
0.00483954
0.00484654
0.00485369
0.00486101
0.00486849
0.00487614
0.00488395
0.00489193
0.00490008
0.0049084
0.00491689
0.00492556
0.00493439
0.00494341
0.0049526
0.00496196
0.00497151
0.00498124
0.00499115
0.00500125
0.00501153
0.005022
0.00503265
0.0050435
0.00505453
0.00506576
0.00507719
0.0050888
0.00510062
0.00511263
0.00512485
0.00513726
0.00514988
0.0051627
0.00517573
0.00518897
0.00520241
0.00521607
0.00522994
0.00524402
0.00525831
0.00527283
0.00528756
0.00530251
0.00531768
0.00533308
0.0053487
0.00536455
0.00538062
0.00539692
0.00541346
0.00543023
0.00544723
0.00546447
0.00548194
0.00549966
0.00551761
0.00553581
0.00555425
0.00557294
0.00559188
0.00561106
0.0056305
0.00565019
0.00567013
0.00569033
0.00571079
0.0057315
0.00575248
0.00577372
0.00579523
0.005817
0.00583904
0.00586135
0.00588393
0.00590678
0.00592991
0.00595332
0.00597701
0.00600097
0.00602522
0.00604975
0.00607457
0.00609968
0.00612508
0.00615076
0.00617675
0.00620302
0.0062296
0.00625647
0.00628364
0.00631112
0.0063389
0.00636698
0.00639538
0.00642408
0.0064531
0.00648243
0.00651208
0.00654204
0.00657232
0.00660293
0.00663386
0.00666511
0.00669669
0.0067286
0.00676084
0.00679342
0.00682632
0.00685957
0.00689316
0.00692708
0.00696135
0.00699596
0.00703092
0.00706623
0.00710189
0.00713791
0.00717427
0.007211
0.00724808
0.00728553
0.00732333
0.0073615
0.00740004
0.00743895
0.00747823
0.00751788
0.00755791
0.00759831
0.00763909
0.00768025
0.0077218
0.00776373
0.00780605
0.00784876
0.00789186
0.00793535
0.00797924
0.00802353
0.00806821
0.0081133
0.00815879
0.00820469
0.008251
0.00829771
0.00834484
0.00839238
0.00844034
0.00848872
0.00853752
0.00858674
0.00863638
0.00868646
0.00873696
0.00878789
0.00883926
0.00889106
0.0089433
0.00899598
0.0090491
0.00910267
0.00915668
0.00921114
0.00926605
0.00932141
0.00937723
0.0094335
0.00949024
0.00954743
0.00960509
0.00966321
0.0097218
0.00978086
0.0098404
0.0099004
0.00996088
0.0100218
0.0100833
0.0101452
0.0102076
0.0102705
0.0103339
0.0103978
0.0104621
0.010527
0.0105924
0.0106582
0.0107246
0.0107915
0.0108588
0.0109267
0.0109951
0.011064
0.0111334
0.0112034
0.0112738
0.0113448
0.0114163
0.0114883
0.0115609
0.011634
0.0117076
0.0117818
0.0118564
0.0119317
0.0120074
0.0120837
0.0121606
0.012238
0.0123159
0.0123944
0.0124735
0.0125531
0.0126332
0.012714
0.0127953
0.0128771
0.0129595
0.0130425
0.013126
0.0132102
0.0132949
0.0133801
0.013466
0.0135524
0.0136394
0.013727
0.0138152
0.013904
0.0139933
0.0140833
0.0141738
0.014265
0.0143567
0.014449
0.014542
0.0146355
0.0147297
0.0148244
0.0149198
0.0150158
0.0151124
0.0152096
0.0153074
0.0154059
0.0155049
0.0156046
0.0157049
0.0158059
0.0159075
0.0160097
0.0161125
0.016216
0.0163201
0.0164248
0.0165302
0.0166362
0.0167429
0.0168502
0.0169582
0.0170668
0.0171761
0.017286
0.0173966
0.0175078
0.0176197
0.0177322
0.0178454
0.0179593
0.0180738
0.018189
0.0183049
0.0184214
0.0185386
0.0186565
0.0187751
0.0188943
0.0190142
0.0191348
0.0192561
0.019378
0.0195007
0.019624
0.019748
0.0198727
0.0199981
0.0201242
0.0202509
0.0203784
0.0205066
0.0206354
0.020765
0.0208952
0.0210262
0.0211578
0.0212902
0.0214233
0.021557
0.0216915
0.0218267
0.0219626
0.0220992
0.0222366
0.0223746
0.0225134
0.0226528
0.022793
0.0229339
0.0230756
0.0232179
0.023361
0.0235048
0.0236493
0.0237945
0.0239405
0.0240872
0.0242346
0.0243828
0.0245316
0.0246813
0.0248316
0.0249827
0.0251345
0.025287
0.0254403
0.0255943
0.0257491
0.0259046
0.0260608
0.0262178
0.0263755
0.0265339
0.0266931
0.0268531
0.0270137
0.0271751
0.0273373
0.0275002
0.0276639
0.0278282
0.0279934
0.0281593
0.0283259
0.0284933
0.0286614
0.0288303
0.0289999
0.0291703
0.0293414
0.0295132
0.0296859
0.0298592
0.0300333
0.0302082
0.0303838
0.0305602
0.0307373
0.0309151
0.0310938
0.0312731
0.0314532
0.0316341
0.0318157
0.0319981
0.0321812
0.032365
0.0325497
0.032735
0.0329211
0.033108
0.0332956
0.033484
0.0336731
0.0338629
0.0340535
0.0342449
0.0344369
0.0346298
0.0348234
0.0350177
0.0352128
0.0354086
0.0356052
0.0358025
0.0360005
0.0361993
0.0363988
0.0365991
0.0368001
0.0370018
0.0372043
0.0374075
0.0376115
0.0378162
0.0380216
0.0382278
0.0384347
0.0386423
0.0388506
0.0390597
0.0392695
0.0394801
0.0396913
0.0399033
0.040116
0.0403294
0.0405436
0.0407585
0.040974
0.0411904
0.0414074
0.0416251
0.0418435
0.0420627
0.0422826
0.0425031
0.0427244
0.0429464
0.0431691
0.0433924
0.0436165
0.0438413
0.0440668
0.0442929
0.0445198
0.0447473
0.0449756
0.0452045
0.0454341
0.0456644
0.0458953
0.046127
0.0463593
0.0465923
0.0468259
0.0470603
0.0472953
0.0475309
0.0477672
0.0480042
0.0482419
0.0484801
0.0487191
0.0489587
0.0491989
0.0494398
0.0496813
0.0499235
0.0501663
0.0504097
0.0506538
0.0508985
0.0511438
0.0513898
0.0516363
0.0518835
0.0521313
0.0523797
0.0526287
0.0528784
0.0531286
0.0533794
0.0536308
0.0538828
0.0541354
0.0543886
0.0546424
0.0548967
0.0551516
0.0554071
0.0556632
0.0559198
0.056177
0.0564348
0.0566931
0.056952
0.0572114
0.0574713
0.0577318
0.0579929
0.0582544
0.0585165
0.0587792
0.0590423
0.059306
0.0595702
0.0598349
0.0601001
0.0603658
0.060632
0.0608987
0.0611659
0.0614335
0.0617017
0.0619703
0.0622394
0.062509
0.0627791
0.0630496
0.0633205
0.063592
0.0638638
0.0641361
0.0644089
0.0646821
0.0649557
0.0652298
0.0655042
0.0657791
0.0660544
0.0663301
0.0666062
0.0668827
0.0671596
0.0674369
0.0677146
0.0679926
0.0682711
0.0685498
0.068829
0.0691085
0.0693884
0.0696686
0.0699492
0.0702301
0.0705114
0.0707929
0.0710748
0.0713571
0.0716396
0.0719224
0.0722056
0.072489
0.0727728
0.0730568
0.0733411
0.0736257
0.0739106
0.0741957
0.0744811
0.0747667
0.0750526
0.0753387
0.0756251
0.0759117
0.0761986
0.0764856
0.0767729
0.0770604
0.0773481
0.077636
0.0779241
0.0782124
0.0785009
0.0787895
0.0790783
0.0793673
0.0796564
0.0799457
0.0802352
0.0805248
0.0808145
0.0811043
0.0813943
0.0816844
0.0819746
0.0822649
0.0825553
0.0828459
0.0831365
0.0834271
0.0837179
0.0840087
0.0842996
0.0845906
0.0848816
0.0851727
0.0854638
0.0857549
0.0860461
0.0863372
0.0866284
0.0869196
0.0872108
0.0875021
0.0877933
0.0880844
0.0883756
0.0886667
0.0889578
0.0892489
0.0895399
0.0898309
0.0901218
0.0904126
0.0907034
0.090994
0.0912846
0.0915752
0.0918656
0.0921559
0.0924461
0.0927362
0.0930261
0.093316
0.0936056
0.0938952
0.0941846
0.0944739
0.094763
0.0950519
0.0953406
0.0956292
0.0959176
0.0962058
0.0964938
0.0967816
0.0970691
0.0973565
0.0976436
0.0979305
0.0982172
0.0985036
0.0987898
0.0990757
0.0993614
0.0996468
0.0999319
0.100217
0.100501
0.100785
0.101069
0.101353
0.101636
0.101919
0.102202
0.102484
0.102766
0.103048
0.103329
0.10361
0.103891
0.104171
0.104451
0.10473
0.10501
0.105288
0.105567
0.105844
0.106122
0.106399
0.106676
0.106952
0.107227
0.107503
0.107778
0.108052
0.108326
0.108599
0.108872
0.109145
0.109417
0.109689
0.10996
0.11023
0.1105
0.11077
0.111039
0.111307
0.111575
0.111843
0.112109
0.112376
0.112641
0.112907
0.113171
0.113435
0.113699
0.113962
0.114224
0.114486
0.114747
0.115007
0.115267
0.115527
0.115785
0.116043
0.116301
0.116558
0.116814
0.117069
0.117324
0.117578
0.117832
0.118085
0.118337
0.118588
0.118839
0.119089
0.119339
0.119587
0.119835
0.120083
0.120329
0.120575
0.12082
0.121065
0.121309
0.121552
0.121794
0.122035
0.122276
0.122516
0.122755
0.122994
0.123231
0.123468
0.123705
0.12394
0.124175
0.124408
0.124641
0.124874
0.125105
0.125336
0.125566
0.125795
0.126023
0.12625
0.126477
0.126702
0.126927
0.127151
0.127375
0.127597
0.127819
0.128039
0.128259
0.128478
0.128696
0.128913
0.12913
0.129345
0.12956
0.129774
0.129987
0.130199
0.13041
0.13062
0.130829
0.131038
0.131245
0.131452
0.131658
0.131863
0.132067
0.13227
0.132472
0.132673
0.132873
0.133073
0.133271
0.133469
0.133665
0.133861
0.134056
0.13425
0.134443
0.134635
0.134826
0.135016
0.135205
0.135393
0.13558
0.135766
0.135952
0.136136
0.13632
0.136502
0.136684
0.136864
0.137044
0.137222
0.1374
0.137577
0.137752
0.137927
0.138101
0.138274
0.138445
0.138616
0.138786
0.138955
0.139123
0.13929
0.139456
0.139621
0.139785
0.139948
0.14011
0.140271
0.140431
0.14059
0.140748
0.140905
0.141061
0.141217
0.141371
0.141524
0.141676
0.141827
0.141977
0.142126
0.142275
0.142422
0.142568
0.142713
0.142857
0.143
0.143143
0.143284
0.143424
0.143563
0.143701
0.143838
0.143975
0.14411
0.144244
0.144377
0.144509
0.14464
0.144771
0.1449
0.145028
0.145155
0.145281
0.145406
0.14553
0.145653
0.145776
0.145897
0.146017
0.146136
0.146254
0.146371
0.146487
0.146602
0.146716
0.146829
0.146941
0.147052
0.147162
0.147271
0.147379
0.147486
0.147592
0.147696
0.1478
0.147903
0.148005
0.148106
0.148205
0.148304
0.148402
0.148499
0.148594
0.148689
0.148782
0.148875
0.148967
0.149057
0.149147
0.149235
0.149322
0.149409
0.149494
0.149578
0.149662
0.149744
0.149825
0.149905
0.149984
0.150062
0.150139
0.150214
0.150289
0.150363
0.150436
0.150507
0.150578
0.150647
0.150715
0.150782
0.150848
0.150913
0.150977
0.15104
0.151102
0.151162
0.151222
0.15128
0.151337
0.151394
0.151448
0.151502
0.151555
0.151606
0.151657
0.151706
0.151754
0.151801
0.151846
0.151891
0.151934
0.151976
0.152017
0.152057
0.152095
0.152132
0.152168
0.152203
0.152236
0.152268
0.152299
0.152329
0.152357
0.152384
0.15241
0.152434
0.152457
0.152479
0.152499
0.152518
0.152536
0.152552
0.152566
0.15258
0.152592
0.152602
0.152611
0.152619
0.152625
0.152629
0.152632
0.152634
)
;

boundaryField
{
    sides
    {
        type            zeroGradient;
    }
    empty
    {
        type            empty;
    }
}


// ************************************************************************* //
