/*--------------------------------*- C++ -*----------------------------------*\
  =========                 |
  \\      /  F ield         | OpenFOAM: The Open Source CFD Toolbox
   \\    /   O peration     | Website:  https://openfoam.org
    \\  /    A nd           | Version:  7
     \\/     M anipulation  |
\*---------------------------------------------------------------------------*/
FoamFile
{
    version     2.0;
    format      ascii;
    class       volScalarField;
    location    "4.16";
    object      T;
}
// * * * * * * * * * * * * * * * * * * * * * * * * * * * * * * * * * * * * * //

dimensions      [0 0 0 1 0 0 0];

internalField   nonuniform List<scalar> 
1000
(
1.61172e-48
1.91298e-48
2.57103e-48
3.707e-48
5.52963e-48
8.37305e-48
1.27571e-47
1.94812e-47
2.97677e-47
4.54808e-47
6.946e-47
1.06025e-46
1.61742e-46
2.46588e-46
3.75705e-46
5.72066e-46
8.70501e-46
1.32378e-45
2.01179e-45
3.05542e-45
4.63747e-45
7.03414e-45
1.06625e-44
1.61521e-44
2.44521e-44
3.69931e-44
5.59297e-44
8.45049e-44
1.27596e-43
1.92534e-43
2.90332e-43
4.37517e-43
6.58885e-43
9.91603e-43
1.49135e-42
2.24147e-42
3.36664e-42
5.05328e-42
7.57984e-42
1.1362e-41
1.70201e-41
2.54787e-41
3.81154e-41
5.69812e-41
8.51275e-41
1.27091e-40
1.89612e-40
2.82697e-40
4.21193e-40
6.27113e-40
9.3307e-40
1.38735e-39
2.06139e-39
3.0608e-39
4.54164e-39
6.73426e-39
9.97855e-39
1.47756e-38
2.18635e-38
3.23292e-38
4.77713e-38
7.054e-38
1.04088e-37
1.53484e-37
2.26162e-37
3.3302e-37
4.90022e-37
7.20534e-37
1.05873e-36
1.55457e-36
2.281e-36
3.34451e-36
4.90038e-36
7.17491e-36
1.04977e-35
1.53482e-35
2.24238e-35
3.27378e-35
4.77614e-35
6.96289e-35
1.01435e-34
1.47663e-34
2.14802e-34
3.12241e-34
4.53549e-34
6.58326e-34
9.54859e-34
1.38395e-33
2.00437e-33
2.90081e-33
4.19506e-33
6.06228e-33
8.75411e-33
1.26318e-32
1.82136e-32
2.62423e-32
3.77818e-32
5.4355e-32
7.81395e-32
1.12247e-31
1.61121e-31
2.31101e-31
3.31225e-31
4.74367e-31
6.78856e-31
9.70755e-31
1.38711e-30
1.98053e-30
2.82565e-30
4.02832e-30
5.73846e-30
8.16831e-30
1.16181e-29
1.65121e-29
2.34495e-29
3.32757e-29
4.71829e-29
6.68503e-29
9.46419e-29
1.33883e-28
1.89245e-28
2.67292e-28
3.77228e-28
5.31963e-28
7.49576e-28
1.05538e-27
1.48475e-27
2.08716e-27
2.93166e-27
4.11458e-27
5.7702e-27
8.08552e-27
1.13208e-26
1.5838e-26
2.21397e-26
3.09238e-26
4.31584e-26
6.01846e-26
8.38598e-26
1.16754e-25
1.62417e-25
2.25757e-25
3.13542e-25
4.35106e-25
6.03307e-25
8.35844e-25
1.15706e-24
1.60039e-24
2.21177e-24
3.05417e-24
4.21392e-24
5.80925e-24
8.00188e-24
1.10129e-23
1.51443e-23
2.08082e-23
2.85663e-23
3.91841e-23
5.37032e-23
7.35401e-23
1.00619e-22
1.37554e-22
1.87886e-22
2.56418e-22
3.49649e-22
4.76372e-22
6.4847e-22
8.81987e-22
1.19857e-21
1.62738e-21
2.20771e-21
2.99242e-21
4.05254e-21
5.48349e-21
7.41328e-21
1.00135e-20
1.35141e-20
1.82224e-20
2.45498e-20
3.30454e-20
4.44419e-20
5.97164e-20
8.01703e-20
1.07535e-19
1.44114e-19
1.92964e-19
2.58144e-19
3.45035e-19
4.60765e-19
6.14765e-19
8.19505e-19
1.09146e-18
1.45235e-18
1.93086e-18
2.56471e-18
3.40357e-18
4.51275e-18
5.97799e-18
7.91183e-18
1.04618e-17
1.3821e-17
1.82424e-17
2.40562e-17
3.1694e-17
4.17186e-17
5.48638e-17
7.20848e-17
9.46245e-17
1.24098e-16
1.62602e-16
2.12856e-16
2.78384e-16
3.63748e-16
4.74849e-16
6.19309e-16
8.06965e-16
1.0505e-15
1.36627e-15
1.77528e-15
2.30459e-15
2.9889e-15
3.87278e-15
5.01331e-15
6.48362e-15
8.37723e-15
1.08137e-14
1.39455e-14
1.79674e-14
2.31272e-14
2.97404e-14
3.82083e-14
4.90404e-14
6.28832e-14
8.05565e-14
1.03098e-13
1.3182e-13
1.68383e-13
2.14879e-13
2.7395e-13
3.48923e-13
4.43984e-13
5.64397e-13
7.16771e-13
9.09399e-13
1.15267e-12
1.4596e-12
1.84645e-12
2.33355e-12
2.94626e-12
3.7162e-12
4.68275e-12
5.8949e-12
7.41351e-12
9.31414e-12
1.16905e-11
1.46586e-11
1.83622e-11
2.29787e-11
2.87272e-11
3.58782e-11
4.47646e-11
5.57964e-11
6.94775e-11
8.64266e-11
1.07403e-10
1.33337e-10
1.65366e-10
2.04884e-10
2.53589e-10
3.13557e-10
3.87315e-10
4.7794e-10
5.89173e-10
7.25559e-10
8.9261e-10
1.09701e-09
1.34684e-09
1.65189e-09
2.02396e-09
2.47731e-09
3.0291e-09
3.70002e-09
4.51491e-09
5.50363e-09
6.70198e-09
8.15288e-09
9.90768e-09
1.20278e-08
1.45865e-08
1.76713e-08
2.13863e-08
2.58556e-08
3.12265e-08
3.7674e-08
4.54055e-08
5.46669e-08
6.5749e-08
7.89953e-08
9.48114e-08
1.13675e-07
1.3615e-07
1.62899e-07
1.94698e-07
2.32461e-07
2.77258e-07
3.3034e-07
3.93172e-07
4.67464e-07
5.55208e-07
6.58728e-07
7.80726e-07
9.24342e-07
1.09322e-06
1.29159e-06
1.52434e-06
1.79713e-06
2.11649e-06
2.48997e-06
2.92624e-06
3.43531e-06
4.02864e-06
4.71944e-06
5.52281e-06
6.45606e-06
7.53897e-06
8.79415e-06
1.02474e-05
1.1928e-05
1.38694e-05
1.61096e-05
1.86916e-05
2.16643e-05
2.50829e-05
2.90098e-05
3.35157e-05
3.86799e-05
4.45919e-05
5.13525e-05
5.90746e-05
6.78851e-05
7.79257e-05
8.93554e-05
0.000102352
0.000117112
0.000133857
0.000152832
0.000174309
0.00019859
0.00022601
0.00025694
0.000291788
0.000331006
0.000375091
0.00042459
0.000480105
0.000542293
0.000611878
0.000689649
0.000776469
0.000873279
0.000981102
0.00110105
0.00123434
0.00138228
0.00154628
0.00172789
0.00192875
0.00215065
0.00239551
0.00266539
0.00296249
0.00328918
0.00364799
0.00404161
0.00447292
0.00494498
0.00546101
0.00602447
0.00663898
0.00730838
0.00803672
0.00882826
0.00968747
0.010619
0.0116278
0.012719
0.0138979
0.01517
0.0165411
0.0180172
0.0196044
0.021309
0.0231376
0.0250969
0.0271937
0.0294349
0.0318278
0.0343794
0.0370972
0.0399885
0.0430607
0.0463212
0.0497775
0.0534369
0.0573068
0.0613944
0.0657068
0.0702508
0.0750332
0.0800606
0.0853391
0.0908746
0.0966728
0.102739
0.109077
0.115693
0.122589
0.129769
0.137235
0.144991
0.153036
0.161373
0.170001
0.17892
0.188129
0.197624
0.207404
0.217466
0.227803
0.238412
0.249286
0.260419
0.271803
0.283429
0.295288
0.307371
0.319666
0.332162
0.344848
0.357709
0.370734
0.383907
0.397215
0.410642
0.424174
0.437793
0.451483
0.46523
0.479014
0.49282
0.506631
0.520429
0.534197
0.547918
0.561574
0.57515
0.588629
0.601993
0.615227
0.628315
0.641242
0.653992
0.666552
0.678907
0.691044
0.702951
0.714613
0.726022
0.737164
0.748029
0.758609
0.768894
0.778874
0.788544
0.797894
0.806919
0.815612
0.823969
0.831983
0.839651
0.846969
0.853934
0.860541
0.86679
0.872678
0.878202
0.883362
0.888156
0.892583
0.896643
0.900334
0.903657
0.906611
0.909196
0.911412
0.913258
0.914735
0.915843
0.916581
0.916951
0.916951
0.916581
0.915843
0.914735
0.913258
0.911412
0.909196
0.906611
0.903657
0.900334
0.896643
0.892583
0.888156
0.883362
0.878202
0.872678
0.86679
0.860541
0.853934
0.846969
0.839651
0.831983
0.823969
0.815612
0.806919
0.797894
0.788544
0.778874
0.768894
0.758609
0.748029
0.737164
0.726022
0.714613
0.702951
0.691044
0.678907
0.666552
0.653992
0.641242
0.628315
0.615227
0.601993
0.588629
0.57515
0.561574
0.547918
0.534197
0.520429
0.506631
0.49282
0.479014
0.46523
0.451483
0.437793
0.424174
0.410642
0.397215
0.383907
0.370734
0.357709
0.344848
0.332162
0.319666
0.307371
0.295288
0.283429
0.271803
0.260419
0.249286
0.238412
0.227803
0.217466
0.207404
0.197624
0.188129
0.17892
0.170001
0.161373
0.153036
0.144991
0.137235
0.129769
0.122589
0.115693
0.109077
0.102739
0.0966728
0.0908746
0.0853391
0.0800606
0.0750332
0.0702508
0.0657068
0.0613944
0.0573068
0.0534369
0.0497775
0.0463212
0.0430607
0.0399885
0.0370972
0.0343794
0.0318278
0.0294349
0.0271937
0.0250969
0.0231376
0.021309
0.0196044
0.0180172
0.0165411
0.01517
0.0138979
0.012719
0.0116278
0.010619
0.00968747
0.00882826
0.00803672
0.00730838
0.00663898
0.00602447
0.00546101
0.00494498
0.00447292
0.00404161
0.00364799
0.00328918
0.00296249
0.00266539
0.00239551
0.00215065
0.00192875
0.00172789
0.00154628
0.00138228
0.00123434
0.00110105
0.000981102
0.000873279
0.000776469
0.000689649
0.000611878
0.000542293
0.000480105
0.00042459
0.000375091
0.000331006
0.000291788
0.00025694
0.00022601
0.00019859
0.000174309
0.000152832
0.000133857
0.000117112
0.000102352
8.93554e-05
7.79257e-05
6.78851e-05
5.90746e-05
5.13525e-05
4.45919e-05
3.86799e-05
3.35157e-05
2.90098e-05
2.50829e-05
2.16643e-05
1.86916e-05
1.61096e-05
1.38694e-05
1.1928e-05
1.02474e-05
8.79415e-06
7.53897e-06
6.45606e-06
5.52281e-06
4.71944e-06
4.02864e-06
3.43531e-06
2.92624e-06
2.48997e-06
2.11649e-06
1.79713e-06
1.52434e-06
1.29159e-06
1.09322e-06
9.24342e-07
7.80726e-07
6.58728e-07
5.55208e-07
4.67464e-07
3.93172e-07
3.3034e-07
2.77258e-07
2.32461e-07
1.94698e-07
1.62899e-07
1.3615e-07
1.13675e-07
9.48114e-08
7.89953e-08
6.5749e-08
5.46669e-08
4.54055e-08
3.7674e-08
3.12265e-08
2.58556e-08
2.13863e-08
1.76713e-08
1.45865e-08
1.20278e-08
9.90768e-09
8.15288e-09
6.70198e-09
5.50363e-09
4.51491e-09
3.70002e-09
3.0291e-09
2.47731e-09
2.02396e-09
1.65189e-09
1.34684e-09
1.09701e-09
8.9261e-10
7.25559e-10
5.89173e-10
4.7794e-10
3.87315e-10
3.13557e-10
2.53589e-10
2.04884e-10
1.65366e-10
1.33337e-10
1.07403e-10
8.64266e-11
6.94775e-11
5.57964e-11
4.47646e-11
3.58782e-11
2.87272e-11
2.29787e-11
1.83622e-11
1.46586e-11
1.16905e-11
9.31414e-12
7.41351e-12
5.8949e-12
4.68275e-12
3.7162e-12
2.94626e-12
2.33355e-12
1.84645e-12
1.4596e-12
1.15267e-12
9.09399e-13
7.16771e-13
5.64397e-13
4.43984e-13
3.48923e-13
2.7395e-13
2.14879e-13
1.68383e-13
1.3182e-13
1.03098e-13
8.05565e-14
6.28832e-14
4.90404e-14
3.82083e-14
2.97404e-14
2.31272e-14
1.79674e-14
1.39455e-14
1.08137e-14
8.37723e-15
6.48362e-15
5.01331e-15
3.87278e-15
2.9889e-15
2.30459e-15
1.77528e-15
1.36627e-15
1.0505e-15
8.06965e-16
6.19309e-16
4.74849e-16
3.63748e-16
2.78384e-16
2.12856e-16
1.62602e-16
1.24098e-16
9.46245e-17
7.20848e-17
5.48638e-17
4.17186e-17
3.1694e-17
2.40562e-17
1.82424e-17
1.3821e-17
1.04618e-17
7.91183e-18
5.97799e-18
4.51275e-18
3.40357e-18
2.56471e-18
1.93086e-18
1.45235e-18
1.09146e-18
8.19505e-19
6.14765e-19
4.60765e-19
3.45035e-19
2.58144e-19
1.92964e-19
1.44114e-19
1.07535e-19
8.01703e-20
5.97164e-20
4.44419e-20
3.30454e-20
2.45498e-20
1.82224e-20
1.35141e-20
1.00135e-20
7.41328e-21
5.48349e-21
4.05254e-21
2.99242e-21
2.20771e-21
1.62738e-21
1.19857e-21
8.81987e-22
6.4847e-22
4.76372e-22
3.49649e-22
2.56418e-22
1.87886e-22
1.37554e-22
1.00619e-22
7.35401e-23
5.37032e-23
3.91841e-23
2.85663e-23
2.08082e-23
1.51443e-23
1.10129e-23
8.00188e-24
5.80925e-24
4.21392e-24
3.05417e-24
2.21177e-24
1.60039e-24
1.15706e-24
8.35844e-25
6.03307e-25
4.35106e-25
3.13542e-25
2.25757e-25
1.62417e-25
1.16754e-25
8.38598e-26
6.01846e-26
4.31584e-26
3.09238e-26
2.21397e-26
1.5838e-26
1.13208e-26
8.08552e-27
5.7702e-27
4.11458e-27
2.93166e-27
2.08716e-27
1.48475e-27
1.05538e-27
7.49576e-28
5.31963e-28
3.77228e-28
2.67292e-28
1.89245e-28
1.33883e-28
9.46419e-29
6.68503e-29
4.71829e-29
3.32757e-29
2.34495e-29
1.65121e-29
1.16181e-29
8.16831e-30
5.73846e-30
4.02832e-30
2.82565e-30
1.98053e-30
1.38711e-30
9.70755e-31
6.78856e-31
4.74367e-31
3.31225e-31
2.31101e-31
1.61121e-31
1.12247e-31
7.81395e-32
5.4355e-32
3.77818e-32
2.62423e-32
1.82136e-32
1.26318e-32
8.75411e-33
6.06228e-33
4.19506e-33
2.90081e-33
2.00437e-33
1.38395e-33
9.54859e-34
6.58326e-34
4.53549e-34
3.12241e-34
2.14802e-34
1.47663e-34
1.01435e-34
6.96289e-35
4.77614e-35
3.27378e-35
2.24238e-35
1.53482e-35
1.04977e-35
7.17491e-36
4.90038e-36
3.34451e-36
2.281e-36
1.55457e-36
1.05873e-36
7.20534e-37
4.90022e-37
3.3302e-37
2.26162e-37
1.53484e-37
1.04088e-37
7.054e-38
4.77713e-38
3.23292e-38
2.18635e-38
1.47756e-38
9.97855e-39
6.73426e-39
4.54164e-39
3.0608e-39
2.06139e-39
1.38735e-39
9.3307e-40
6.27113e-40
4.21193e-40
2.82697e-40
1.89612e-40
1.27091e-40
8.51275e-41
5.69812e-41
3.81154e-41
2.54787e-41
1.70201e-41
1.1362e-41
7.57984e-42
5.05328e-42
3.36664e-42
2.24147e-42
1.49135e-42
9.91603e-43
6.58885e-43
4.37517e-43
2.90332e-43
1.92534e-43
1.27596e-43
8.45049e-44
5.59297e-44
3.69931e-44
2.44521e-44
1.61521e-44
1.06625e-44
7.03414e-45
4.63747e-45
3.05542e-45
2.01179e-45
1.32378e-45
8.70501e-46
5.72066e-46
3.75705e-46
2.46588e-46
1.61742e-46
1.06025e-46
6.946e-47
4.54808e-47
2.97677e-47
1.94812e-47
1.27571e-47
8.37305e-48
5.52963e-48
3.707e-48
2.57103e-48
1.91298e-48
1.61172e-48
)
;

boundaryField
{
    sides
    {
        type            zeroGradient;
    }
    empty
    {
        type            empty;
    }
}


// ************************************************************************* //
