/*--------------------------------*- C++ -*----------------------------------*\
  =========                 |
  \\      /  F ield         | OpenFOAM: The Open Source CFD Toolbox
   \\    /   O peration     | Website:  https://openfoam.org
    \\  /    A nd           | Version:  7
     \\/     M anipulation  |
\*---------------------------------------------------------------------------*/
FoamFile
{
    version     2.0;
    format      ascii;
    class       volScalarField;
    location    "2.99";
    object      T;
}
// * * * * * * * * * * * * * * * * * * * * * * * * * * * * * * * * * * * * * //

dimensions      [0 0 0 1 0 0 0];

internalField   nonuniform List<scalar> 
1000
(
0.041157
0.0411591
0.0411633
0.0411697
0.0411782
0.0411888
0.0412015
0.0412163
0.0412333
0.0412524
0.0412735
0.0412969
0.0413223
0.0413498
0.0413795
0.0414112
0.0414451
0.0414811
0.0415192
0.0415595
0.0416018
0.0416462
0.0416928
0.0417414
0.0417922
0.041845
0.0419
0.0419571
0.0420163
0.0420775
0.0421409
0.0422063
0.0422739
0.0423435
0.0424153
0.0424891
0.042565
0.042643
0.0427231
0.0428053
0.0428895
0.0429758
0.0430642
0.0431547
0.0432472
0.0433418
0.0434385
0.0435372
0.043638
0.0437409
0.0438458
0.0439528
0.0440618
0.0441728
0.0442859
0.0444011
0.0445183
0.0446375
0.0447587
0.044882
0.0450073
0.0451347
0.045264
0.0453954
0.0455288
0.0456642
0.0458016
0.045941
0.0460824
0.0462258
0.0463712
0.0465185
0.0466679
0.0468192
0.0469726
0.0471279
0.0472851
0.0474443
0.0476055
0.0477687
0.0479338
0.0481008
0.0482698
0.0484407
0.0486135
0.0487883
0.048965
0.0491437
0.0493242
0.0495066
0.049691
0.0498772
0.0500654
0.0502554
0.0504474
0.0506412
0.0508368
0.0510344
0.0512338
0.0514351
0.0516382
0.0518431
0.05205
0.0522586
0.0524691
0.0526814
0.0528955
0.0531114
0.0533291
0.0535487
0.05377
0.0539931
0.054218
0.0544447
0.0546731
0.0549033
0.0551352
0.0553689
0.0556044
0.0558415
0.0560805
0.0563211
0.0565634
0.0568075
0.0570532
0.0573007
0.0575498
0.0578006
0.0580531
0.0583072
0.058563
0.0588204
0.0590795
0.0593403
0.0596026
0.0598666
0.0601321
0.0603993
0.0606681
0.0609384
0.0612104
0.0614839
0.0617589
0.0620356
0.0623137
0.0625934
0.0628746
0.0631574
0.0634416
0.0637274
0.0640146
0.0643034
0.0645936
0.0648852
0.0651784
0.0654729
0.065769
0.0660664
0.0663653
0.0666655
0.0669672
0.0672703
0.0675747
0.0678805
0.0681877
0.0684962
0.0688061
0.0691173
0.0694298
0.0697437
0.0700588
0.0703752
0.0706929
0.0710119
0.0713322
0.0716536
0.0719764
0.0723003
0.0726255
0.0729519
0.0732795
0.0736082
0.0739382
0.0742692
0.0746015
0.0749349
0.0752694
0.075605
0.0759418
0.0762796
0.0766185
0.0769585
0.0772996
0.0776417
0.0779848
0.078329
0.0786742
0.0790203
0.0793675
0.0797156
0.0800647
0.0804148
0.0807658
0.0811177
0.0814705
0.0818243
0.0821789
0.0825344
0.0828908
0.083248
0.0836061
0.083965
0.0843247
0.0846852
0.0850465
0.0854085
0.0857714
0.0861349
0.0864992
0.0868643
0.08723
0.0875964
0.0879635
0.0883313
0.0886997
0.0890688
0.0894385
0.0898088
0.0901797
0.0905512
0.0909233
0.0912959
0.091669
0.0920427
0.0924169
0.0927916
0.0931668
0.0935425
0.0939186
0.0942951
0.0946721
0.0950495
0.0954273
0.0958055
0.096184
0.0965629
0.0969422
0.0973217
0.0977016
0.0980818
0.0984622
0.098843
0.0992239
0.0996051
0.0999866
0.100368
0.10075
0.101132
0.101514
0.101896
0.102279
0.102661
0.103044
0.103427
0.10381
0.104192
0.104575
0.104958
0.105341
0.105724
0.106107
0.10649
0.106872
0.107255
0.107638
0.10802
0.108403
0.108785
0.109167
0.109549
0.10993
0.110312
0.110693
0.111074
0.111455
0.111836
0.112216
0.112596
0.112976
0.113355
0.113734
0.114113
0.114491
0.114869
0.115246
0.115623
0.116
0.116376
0.116751
0.117127
0.117501
0.117875
0.118249
0.118622
0.118994
0.119366
0.119737
0.120108
0.120478
0.120847
0.121216
0.121584
0.121951
0.122318
0.122684
0.123049
0.123413
0.123776
0.124139
0.124501
0.124862
0.125222
0.125581
0.12594
0.126297
0.126654
0.12701
0.127364
0.127718
0.128071
0.128423
0.128774
0.129123
0.129472
0.12982
0.130166
0.130512
0.130856
0.1312
0.131542
0.131883
0.132222
0.132561
0.132898
0.133235
0.13357
0.133903
0.134236
0.134567
0.134897
0.135225
0.135553
0.135878
0.136203
0.136526
0.136848
0.137168
0.137487
0.137805
0.138121
0.138435
0.138748
0.13906
0.13937
0.139679
0.139986
0.140291
0.140595
0.140898
0.141198
0.141497
0.141795
0.142091
0.142385
0.142678
0.142968
0.143258
0.143545
0.143831
0.144115
0.144397
0.144678
0.144956
0.145233
0.145508
0.145782
0.146053
0.146323
0.14659
0.146856
0.14712
0.147382
0.147643
0.147901
0.148157
0.148411
0.148664
0.148914
0.149163
0.149409
0.149654
0.149896
0.150136
0.150375
0.150611
0.150845
0.151077
0.151307
0.151535
0.151761
0.151984
0.152206
0.152425
0.152643
0.152858
0.15307
0.153281
0.153489
0.153696
0.1539
0.154101
0.154301
0.154498
0.154693
0.154886
0.155076
0.155264
0.15545
0.155634
0.155815
0.155994
0.15617
0.156345
0.156516
0.156686
0.156853
0.157017
0.15718
0.15734
0.157497
0.157652
0.157805
0.157955
0.158103
0.158248
0.158391
0.158531
0.158669
0.158804
0.158937
0.159068
0.159196
0.159321
0.159444
0.159564
0.159682
0.159798
0.159911
0.160021
0.160129
0.160234
0.160336
0.160436
0.160534
0.160629
0.160721
0.160811
0.160898
0.160982
0.161064
0.161144
0.16122
0.161295
0.161366
0.161435
0.161501
0.161565
0.161626
0.161684
0.16174
0.161793
0.161844
0.161892
0.161937
0.161979
0.162019
0.162057
0.162091
0.162123
0.162152
0.162179
0.162203
0.162224
0.162243
0.162259
0.162272
0.162283
0.162291
0.162296
0.162299
0.162299
0.162296
0.162291
0.162283
0.162272
0.162259
0.162243
0.162224
0.162203
0.162179
0.162152
0.162123
0.162091
0.162057
0.162019
0.161979
0.161937
0.161892
0.161844
0.161793
0.16174
0.161684
0.161626
0.161565
0.161501
0.161435
0.161366
0.161295
0.16122
0.161144
0.161064
0.160982
0.160898
0.160811
0.160721
0.160629
0.160534
0.160436
0.160336
0.160234
0.160129
0.160021
0.159911
0.159798
0.159682
0.159564
0.159444
0.159321
0.159196
0.159068
0.158937
0.158804
0.158669
0.158531
0.158391
0.158248
0.158103
0.157955
0.157805
0.157652
0.157497
0.15734
0.15718
0.157017
0.156853
0.156686
0.156516
0.156345
0.15617
0.155994
0.155815
0.155634
0.15545
0.155264
0.155076
0.154886
0.154693
0.154498
0.154301
0.154101
0.1539
0.153696
0.153489
0.153281
0.15307
0.152858
0.152643
0.152425
0.152206
0.151984
0.151761
0.151535
0.151307
0.151077
0.150845
0.150611
0.150375
0.150136
0.149896
0.149654
0.149409
0.149163
0.148914
0.148664
0.148411
0.148157
0.147901
0.147643
0.147382
0.14712
0.146856
0.14659
0.146323
0.146053
0.145782
0.145508
0.145233
0.144956
0.144678
0.144397
0.144115
0.143831
0.143545
0.143258
0.142968
0.142678
0.142385
0.142091
0.141795
0.141497
0.141198
0.140898
0.140595
0.140291
0.139986
0.139679
0.13937
0.13906
0.138748
0.138435
0.138121
0.137805
0.137487
0.137168
0.136848
0.136526
0.136203
0.135878
0.135553
0.135225
0.134897
0.134567
0.134236
0.133903
0.13357
0.133235
0.132898
0.132561
0.132222
0.131883
0.131542
0.1312
0.130856
0.130512
0.130166
0.12982
0.129472
0.129123
0.128774
0.128423
0.128071
0.127718
0.127364
0.12701
0.126654
0.126297
0.12594
0.125581
0.125222
0.124862
0.124501
0.124139
0.123776
0.123413
0.123049
0.122684
0.122318
0.121951
0.121584
0.121216
0.120847
0.120478
0.120108
0.119737
0.119366
0.118994
0.118622
0.118249
0.117875
0.117501
0.117127
0.116751
0.116376
0.116
0.115623
0.115246
0.114869
0.114491
0.114113
0.113734
0.113355
0.112976
0.112596
0.112216
0.111836
0.111455
0.111074
0.110693
0.110312
0.10993
0.109549
0.109167
0.108785
0.108403
0.10802
0.107638
0.107255
0.106872
0.10649
0.106107
0.105724
0.105341
0.104958
0.104575
0.104192
0.10381
0.103427
0.103044
0.102661
0.102279
0.101896
0.101514
0.101132
0.10075
0.100368
0.0999866
0.0996051
0.0992239
0.098843
0.0984622
0.0980818
0.0977016
0.0973217
0.0969422
0.0965629
0.096184
0.0958055
0.0954273
0.0950495
0.0946721
0.0942951
0.0939186
0.0935425
0.0931668
0.0927916
0.0924169
0.0920427
0.091669
0.0912959
0.0909233
0.0905512
0.0901797
0.0898088
0.0894385
0.0890688
0.0886997
0.0883313
0.0879635
0.0875964
0.08723
0.0868643
0.0864992
0.0861349
0.0857714
0.0854085
0.0850465
0.0846852
0.0843247
0.083965
0.0836061
0.083248
0.0828908
0.0825344
0.0821789
0.0818243
0.0814705
0.0811177
0.0807658
0.0804148
0.0800647
0.0797156
0.0793675
0.0790203
0.0786742
0.078329
0.0779848
0.0776417
0.0772996
0.0769585
0.0766185
0.0762796
0.0759418
0.075605
0.0752694
0.0749349
0.0746015
0.0742692
0.0739382
0.0736082
0.0732795
0.0729519
0.0726255
0.0723003
0.0719764
0.0716536
0.0713322
0.0710119
0.0706929
0.0703752
0.0700588
0.0697437
0.0694298
0.0691173
0.0688061
0.0684962
0.0681877
0.0678805
0.0675747
0.0672703
0.0669672
0.0666655
0.0663653
0.0660664
0.065769
0.0654729
0.0651784
0.0648852
0.0645936
0.0643034
0.0640146
0.0637274
0.0634416
0.0631574
0.0628746
0.0625934
0.0623137
0.0620356
0.0617589
0.0614839
0.0612104
0.0609384
0.0606681
0.0603993
0.0601321
0.0598666
0.0596026
0.0593403
0.0590795
0.0588204
0.058563
0.0583072
0.0580531
0.0578006
0.0575498
0.0573007
0.0570532
0.0568075
0.0565634
0.0563211
0.0560805
0.0558415
0.0556044
0.0553689
0.0551352
0.0549033
0.0546731
0.0544447
0.054218
0.0539931
0.05377
0.0535487
0.0533291
0.0531114
0.0528955
0.0526814
0.0524691
0.0522586
0.05205
0.0518431
0.0516382
0.0514351
0.0512338
0.0510344
0.0508368
0.0506412
0.0504474
0.0502554
0.0500654
0.0498772
0.049691
0.0495066
0.0493242
0.0491437
0.048965
0.0487883
0.0486135
0.0484407
0.0482698
0.0481008
0.0479338
0.0477687
0.0476055
0.0474443
0.0472851
0.0471279
0.0469726
0.0468192
0.0466679
0.0465185
0.0463712
0.0462258
0.0460824
0.045941
0.0458016
0.0456642
0.0455288
0.0453954
0.045264
0.0451347
0.0450073
0.044882
0.0447587
0.0446375
0.0445183
0.0444011
0.0442859
0.0441728
0.0440618
0.0439528
0.0438458
0.0437409
0.043638
0.0435372
0.0434385
0.0433418
0.0432472
0.0431547
0.0430642
0.0429758
0.0428895
0.0428053
0.0427231
0.042643
0.042565
0.0424891
0.0424153
0.0423435
0.0422739
0.0422063
0.0421409
0.0420775
0.0420163
0.0419571
0.0419
0.041845
0.0417922
0.0417414
0.0416928
0.0416462
0.0416018
0.0415595
0.0415192
0.0414811
0.0414451
0.0414112
0.0413795
0.0413498
0.0413223
0.0412969
0.0412735
0.0412524
0.0412333
0.0412163
0.0412015
0.0411888
0.0411782
0.0411697
0.0411633
0.0411591
0.041157
)
;

boundaryField
{
    sides
    {
        type            zeroGradient;
    }
    empty
    {
        type            empty;
    }
}


// ************************************************************************* //
