/*--------------------------------*- C++ -*----------------------------------*\
  =========                 |
  \\      /  F ield         | OpenFOAM: The Open Source CFD Toolbox
   \\    /   O peration     | Website:  https://openfoam.org
    \\  /    A nd           | Version:  7
     \\/     M anipulation  |
\*---------------------------------------------------------------------------*/
FoamFile
{
    version     2.0;
    format      ascii;
    class       volScalarField;
    location    "1.66";
    object      T;
}
// * * * * * * * * * * * * * * * * * * * * * * * * * * * * * * * * * * * * * //

dimensions      [0 0 0 1 0 0 0];

internalField   nonuniform List<scalar> 
1000
(
0.0110834
0.0110854
0.0110894
0.0110955
0.0111036
0.0111138
0.0111259
0.0111401
0.0111564
0.0111746
0.0111949
0.0112173
0.0112416
0.011268
0.0112965
0.0113269
0.0113595
0.011394
0.0114306
0.0114693
0.01151
0.0115528
0.0115976
0.0116445
0.0116934
0.0117444
0.0117975
0.0118526
0.0119098
0.0119691
0.0120305
0.0120939
0.0121595
0.0122271
0.0122968
0.0123687
0.0124426
0.0125186
0.0125968
0.012677
0.0127594
0.0128439
0.0129306
0.0130194
0.0131103
0.0132033
0.0132985
0.0133959
0.0134954
0.0135971
0.013701
0.013807
0.0139153
0.0140257
0.0141383
0.0142531
0.0143701
0.0144893
0.0146108
0.0147345
0.0148604
0.0149885
0.0151189
0.0152515
0.0153864
0.0155236
0.015663
0.0158047
0.0159487
0.016095
0.0162436
0.0163945
0.0165477
0.0167032
0.0168611
0.0170213
0.0171838
0.0173487
0.017516
0.0176856
0.0178576
0.0180319
0.0182087
0.0183878
0.0185694
0.0187533
0.0189397
0.0191285
0.0193198
0.0195135
0.0197096
0.0199082
0.0201093
0.0203128
0.0205189
0.0207274
0.0209384
0.0211519
0.0213679
0.0215865
0.0218076
0.0220312
0.0222574
0.0224861
0.0227174
0.0229513
0.0231877
0.0234268
0.0236684
0.0239126
0.0241594
0.0244089
0.024661
0.0249157
0.0251731
0.0254331
0.0256957
0.0259611
0.0262291
0.0264998
0.0267731
0.0270492
0.027328
0.0276094
0.0278936
0.0281806
0.0284702
0.0287626
0.0290577
0.0293556
0.0296563
0.0299597
0.0302659
0.0305748
0.0308866
0.0312011
0.0315185
0.0318386
0.0321616
0.0324873
0.0328159
0.0331474
0.0334816
0.0338187
0.0341587
0.0345015
0.0348471
0.0351956
0.035547
0.0359012
0.0362584
0.0366184
0.0369813
0.037347
0.0377157
0.0380873
0.0384617
0.0388391
0.0392194
0.0396026
0.0399887
0.0403777
0.0407696
0.0411645
0.0415623
0.041963
0.0423666
0.0427732
0.0431827
0.0435951
0.0440105
0.0444288
0.0448501
0.0452743
0.0457014
0.0461315
0.0465645
0.0470005
0.0474393
0.0478812
0.0483259
0.0487736
0.0492243
0.0496779
0.0501344
0.0505938
0.0510562
0.0515215
0.0519897
0.0524608
0.0529349
0.0534119
0.0538918
0.0543746
0.0548603
0.0553489
0.0558404
0.0563347
0.056832
0.0573322
0.0578352
0.0583411
0.0588498
0.0593614
0.0598759
0.0603932
0.0609133
0.0614362
0.061962
0.0624906
0.063022
0.0635561
0.0640931
0.0646328
0.0651753
0.0657206
0.0662685
0.0668193
0.0673727
0.0679289
0.0684877
0.0690493
0.0696135
0.0701804
0.0707499
0.071322
0.0718968
0.0724742
0.0730542
0.0736368
0.0742219
0.0748096
0.0753998
0.0759926
0.0765878
0.0771856
0.0777858
0.0783884
0.0789935
0.079601
0.0802109
0.0808232
0.0814379
0.0820549
0.0826742
0.0832958
0.0839197
0.0845459
0.0851743
0.085805
0.0864378
0.0870728
0.08771
0.0883493
0.0889907
0.0896342
0.0902798
0.0909274
0.091577
0.0922286
0.0928822
0.0935377
0.0941951
0.0948544
0.0955156
0.0961786
0.0968434
0.09751
0.0981784
0.0988485
0.0995203
0.100194
0.100869
0.101546
0.102224
0.102904
0.103585
0.104268
0.104952
0.105638
0.106325
0.107013
0.107703
0.108394
0.109087
0.10978
0.110475
0.111171
0.111868
0.112566
0.113266
0.113966
0.114667
0.115369
0.116072
0.116776
0.117481
0.118187
0.118893
0.119601
0.120308
0.121017
0.121726
0.122436
0.123146
0.123857
0.124568
0.12528
0.125992
0.126704
0.127417
0.128129
0.128843
0.129556
0.130269
0.130983
0.131696
0.13241
0.133124
0.133837
0.13455
0.135264
0.135977
0.136689
0.137402
0.138114
0.138826
0.139537
0.140248
0.140958
0.141668
0.142377
0.143085
0.143793
0.1445
0.145207
0.145912
0.146616
0.14732
0.148023
0.148724
0.149425
0.150124
0.150823
0.15152
0.152216
0.15291
0.153603
0.154295
0.154985
0.155674
0.156361
0.157047
0.157731
0.158414
0.159094
0.159773
0.16045
0.161125
0.161799
0.16247
0.163139
0.163806
0.164471
0.165134
0.165795
0.166453
0.167109
0.167763
0.168414
0.169063
0.16971
0.170354
0.170995
0.171633
0.172269
0.172902
0.173533
0.17416
0.174785
0.175406
0.176025
0.176641
0.177253
0.177863
0.178469
0.179072
0.179672
0.180269
0.180862
0.181451
0.182038
0.18262
0.1832
0.183775
0.184347
0.184916
0.18548
0.186041
0.186598
0.187151
0.1877
0.188246
0.188787
0.189324
0.189857
0.190386
0.190911
0.191432
0.191948
0.19246
0.192968
0.193472
0.193971
0.194465
0.194955
0.195441
0.195921
0.196398
0.196869
0.197336
0.197798
0.198256
0.198708
0.199156
0.199599
0.200037
0.200469
0.200897
0.20132
0.201738
0.202151
0.202558
0.20296
0.203357
0.203749
0.204136
0.204517
0.204893
0.205263
0.205628
0.205988
0.206342
0.206691
0.207034
0.207372
0.207703
0.20803
0.20835
0.208665
0.208975
0.209278
0.209576
0.209868
0.210154
0.210434
0.210709
0.210977
0.21124
0.211497
0.211747
0.211992
0.212231
0.212464
0.21269
0.212911
0.213126
0.213334
0.213536
0.213732
0.213923
0.214106
0.214284
0.214456
0.214621
0.21478
0.214933
0.215079
0.215219
0.215353
0.215481
0.215602
0.215717
0.215826
0.215928
0.216024
0.216114
0.216197
0.216274
0.216344
0.216408
0.216466
0.216517
0.216562
0.216601
0.216633
0.216659
0.216678
0.216691
0.216697
0.216697
0.216691
0.216678
0.216659
0.216633
0.216601
0.216562
0.216517
0.216466
0.216408
0.216344
0.216274
0.216197
0.216114
0.216024
0.215928
0.215826
0.215717
0.215602
0.215481
0.215353
0.215219
0.215079
0.214933
0.21478
0.214621
0.214456
0.214284
0.214106
0.213923
0.213732
0.213536
0.213334
0.213126
0.212911
0.21269
0.212464
0.212231
0.211992
0.211747
0.211497
0.21124
0.210977
0.210709
0.210434
0.210154
0.209868
0.209576
0.209278
0.208975
0.208665
0.20835
0.20803
0.207703
0.207372
0.207034
0.206691
0.206342
0.205988
0.205628
0.205263
0.204893
0.204517
0.204136
0.203749
0.203357
0.20296
0.202558
0.202151
0.201738
0.20132
0.200897
0.200469
0.200037
0.199599
0.199156
0.198708
0.198256
0.197798
0.197336
0.196869
0.196398
0.195921
0.195441
0.194955
0.194465
0.193971
0.193472
0.192968
0.19246
0.191948
0.191432
0.190911
0.190386
0.189857
0.189324
0.188787
0.188246
0.1877
0.187151
0.186598
0.186041
0.18548
0.184916
0.184347
0.183775
0.1832
0.18262
0.182038
0.181451
0.180862
0.180269
0.179672
0.179072
0.178469
0.177863
0.177253
0.176641
0.176025
0.175406
0.174785
0.17416
0.173533
0.172902
0.172269
0.171633
0.170995
0.170354
0.16971
0.169063
0.168414
0.167763
0.167109
0.166453
0.165795
0.165134
0.164471
0.163806
0.163139
0.16247
0.161799
0.161125
0.16045
0.159773
0.159094
0.158414
0.157731
0.157047
0.156361
0.155674
0.154985
0.154295
0.153603
0.15291
0.152216
0.15152
0.150823
0.150124
0.149425
0.148724
0.148023
0.14732
0.146616
0.145912
0.145207
0.1445
0.143793
0.143085
0.142377
0.141668
0.140958
0.140248
0.139537
0.138826
0.138114
0.137402
0.136689
0.135977
0.135264
0.13455
0.133837
0.133124
0.13241
0.131696
0.130983
0.130269
0.129556
0.128843
0.128129
0.127417
0.126704
0.125992
0.12528
0.124568
0.123857
0.123146
0.122436
0.121726
0.121017
0.120308
0.119601
0.118893
0.118187
0.117481
0.116776
0.116072
0.115369
0.114667
0.113966
0.113266
0.112566
0.111868
0.111171
0.110475
0.10978
0.109087
0.108394
0.107703
0.107013
0.106325
0.105638
0.104952
0.104268
0.103585
0.102904
0.102224
0.101546
0.100869
0.100194
0.0995203
0.0988485
0.0981784
0.09751
0.0968434
0.0961786
0.0955156
0.0948544
0.0941951
0.0935377
0.0928822
0.0922286
0.091577
0.0909274
0.0902798
0.0896342
0.0889907
0.0883493
0.08771
0.0870728
0.0864378
0.085805
0.0851743
0.0845459
0.0839197
0.0832958
0.0826742
0.0820549
0.0814379
0.0808232
0.0802109
0.079601
0.0789935
0.0783884
0.0777858
0.0771856
0.0765878
0.0759926
0.0753998
0.0748096
0.0742219
0.0736368
0.0730542
0.0724742
0.0718968
0.071322
0.0707499
0.0701804
0.0696135
0.0690493
0.0684877
0.0679289
0.0673727
0.0668193
0.0662685
0.0657206
0.0651753
0.0646328
0.0640931
0.0635561
0.063022
0.0624906
0.061962
0.0614362
0.0609133
0.0603932
0.0598759
0.0593614
0.0588498
0.0583411
0.0578352
0.0573322
0.056832
0.0563347
0.0558404
0.0553489
0.0548603
0.0543746
0.0538918
0.0534119
0.0529349
0.0524608
0.0519897
0.0515215
0.0510562
0.0505938
0.0501344
0.0496779
0.0492243
0.0487736
0.0483259
0.0478812
0.0474393
0.0470005
0.0465645
0.0461315
0.0457014
0.0452743
0.0448501
0.0444288
0.0440105
0.0435951
0.0431827
0.0427732
0.0423666
0.041963
0.0415623
0.0411645
0.0407696
0.0403777
0.0399887
0.0396026
0.0392194
0.0388391
0.0384617
0.0380873
0.0377157
0.037347
0.0369813
0.0366184
0.0362584
0.0359012
0.035547
0.0351956
0.0348471
0.0345015
0.0341587
0.0338187
0.0334816
0.0331474
0.0328159
0.0324873
0.0321616
0.0318386
0.0315185
0.0312011
0.0308866
0.0305748
0.0302659
0.0299597
0.0296563
0.0293556
0.0290577
0.0287626
0.0284702
0.0281806
0.0278936
0.0276094
0.027328
0.0270492
0.0267731
0.0264998
0.0262291
0.0259611
0.0256957
0.0254331
0.0251731
0.0249157
0.024661
0.0244089
0.0241594
0.0239126
0.0236684
0.0234268
0.0231877
0.0229513
0.0227174
0.0224861
0.0222574
0.0220312
0.0218076
0.0215865
0.0213679
0.0211519
0.0209384
0.0207274
0.0205189
0.0203128
0.0201093
0.0199082
0.0197096
0.0195135
0.0193198
0.0191285
0.0189397
0.0187533
0.0185694
0.0183878
0.0182087
0.0180319
0.0178576
0.0176856
0.017516
0.0173487
0.0171838
0.0170213
0.0168611
0.0167032
0.0165477
0.0163945
0.0162436
0.016095
0.0159487
0.0158047
0.015663
0.0155236
0.0153864
0.0152515
0.0151189
0.0149885
0.0148604
0.0147345
0.0146108
0.0144893
0.0143701
0.0142531
0.0141383
0.0140257
0.0139153
0.013807
0.013701
0.0135971
0.0134954
0.0133959
0.0132985
0.0132033
0.0131103
0.0130194
0.0129306
0.0128439
0.0127594
0.012677
0.0125968
0.0125186
0.0124426
0.0123687
0.0122968
0.0122271
0.0121595
0.0120939
0.0120305
0.0119691
0.0119098
0.0118526
0.0117975
0.0117444
0.0116934
0.0116445
0.0115976
0.0115528
0.01151
0.0114693
0.0114306
0.011394
0.0113595
0.0113269
0.0112965
0.011268
0.0112416
0.0112173
0.0111949
0.0111746
0.0111564
0.0111401
0.0111259
0.0111138
0.0111036
0.0110955
0.0110894
0.0110854
0.0110834
)
;

boundaryField
{
    sides
    {
        type            zeroGradient;
    }
    empty
    {
        type            empty;
    }
}


// ************************************************************************* //
