/*--------------------------------*- C++ -*----------------------------------*\
  =========                 |
  \\      /  F ield         | OpenFOAM: The Open Source CFD Toolbox
   \\    /   O peration     | Website:  https://openfoam.org
    \\  /    A nd           | Version:  7
     \\/     M anipulation  |
\*---------------------------------------------------------------------------*/
FoamFile
{
    version     2.0;
    format      ascii;
    class       volScalarField;
    location    "0.83";
    object      T;
}
// * * * * * * * * * * * * * * * * * * * * * * * * * * * * * * * * * * * * * //

dimensions      [0 0 0 1 0 0 0];

internalField   nonuniform List<scalar> 
1000
(
0
0
0
0
0
0
0
0
0
0
0
0
0
0
0
0
0
0
0
0
0
0
0
0
0
0
0
0
0
0
0
0
0
0
0
0
0
0
0
0
0
0
0
0
0
0
0
0
0
0
0
0
0
0
0
0
0
0
0
0
0
0
0
0
0
0
0
0
0
0
0
0
0
0
0
0
0
0
0
0
0
0
0
0
0
0
0
0
0
0
0
0
0
0
0
0
0
0
0
0
0
0
0
0
0
0
0
0
0
0
0
0
0
0
0
0
0
0
0
0
0
0
0
0
0
0
0
0
0
0
0
0
0
0
0
0
0
0
0
0
0
0
0
0
0
0
0
0
0
0
0
0
0
0
0
0
0
0
0
0
0
0
0
0
0
0
0
0
0
0
0
0
0
0
0
0
0
0
0
0
0
0
0
0
0
0
0
0
0
0
0
0
0
0
0
0
0
0
0
0
0
0
0
0
0
0
0
0
0
0
0
0
0
0
0
0
0
0
0
0
0
0
0
0
0
0
0
0
0
0
0
0
0
0
0
0
0
0
0
0
0
0
0
0
0
0
0
0
0
0
0
0
0
0
0
0
0
0
0
0
0
0
0
0
0
0
0
0
0
0
0
0
0
0
0
0
0
0
0
0
0
0
0
0
0
0
0
0
0
0
0
0
0
0
0
0
0
0
0
0
0
0
0
0
0
0
0
0
0
0
0
0
0
0
0
0
0
0
0
0
0
0
0
0
0
0
0
0
0
0
0
0
0
0
0
0
0
0
0
0
0
0
0
0
0
0
0
0
0
0
0
0
0
0
0
0
0
1.97132e-321
1.04953e-317
5.55035e-314
2.92014e-310
1.52829e-306
7.95583e-303
4.11914e-299
2.12093e-295
1.08593e-291
5.52832e-288
2.79802e-284
1.40777e-280
7.04029e-277
3.49925e-273
1.72837e-269
8.48254e-266
4.13607e-262
2.00341e-258
9.63858e-255
4.60535e-251
2.18503e-247
1.02928e-243
4.81321e-240
2.23403e-236
1.02904e-232
4.70317e-229
2.13254e-225
9.59119e-222
4.27802e-218
1.89202e-214
8.29547e-211
3.60497e-207
1.55245e-203
6.62369e-200
2.79931e-196
1.17158e-192
4.85466e-189
1.99116e-185
8.08172e-182
3.24514e-178
1.28877e-174
5.06066e-171
1.96424e-167
7.53357e-164
2.8542e-160
1.06782e-156
3.94352e-153
1.43708e-149
5.16556e-146
1.83069e-142
6.39419e-139
2.20005e-135
7.45331e-132
2.48494e-128
8.14903e-125
2.62709e-121
8.32082e-118
2.58768e-114
7.89624e-111
2.36261e-107
6.92632e-104
1.98797e-100
5.58141e-97
1.5315e-93
4.1031e-90
1.07221e-86
2.72982e-83
6.76337e-80
1.62856e-76
3.80587e-73
8.6189e-70
1.88836e-66
3.99546e-63
8.14786e-60
1.59797e-56
3.00675e-53
5.41336e-50
9.29779e-47
1.51836e-43
2.34852e-40
3.42575e-37
4.68902e-34
5.9875e-31
7.08384e-28
7.70195e-25
7.61954e-22
6.77505e-19
5.33055e-16
3.63591e-13
2.0906e-10
9.72967e-08
3.43706e-05
0.0081964
0.991804
0.999966
1
1
1
1
1
1
1
1
1
1
1
1
1
1
1
1
1
1
1
1
1
1
1
1
1
1
1
1
1
1
1
1
1
1
1
1
1
1
1
1
1
1
1
1
1
1
1
1
1
1
1
1
1
1
1
1
1
1
1
1
1
1
1
1
1
1
1
1
1
1
1
1
1
1
1
1
1
1
1
1
1
1
1
1
1
1
1
1
1
1
1
1
1
1
1
1
0.999966
0.991804
0.0081964
3.43706e-05
9.72967e-08
2.0906e-10
3.63591e-13
5.33055e-16
6.77505e-19
7.61954e-22
7.70195e-25
7.08384e-28
5.9875e-31
4.68902e-34
3.42575e-37
2.34852e-40
1.51836e-43
9.29779e-47
5.41336e-50
3.00675e-53
1.59797e-56
8.14786e-60
3.99546e-63
1.88836e-66
8.6189e-70
3.80587e-73
1.62856e-76
6.76337e-80
2.72982e-83
1.07221e-86
4.1031e-90
1.5315e-93
5.58141e-97
1.98797e-100
6.92632e-104
2.36261e-107
7.89624e-111
2.58768e-114
8.32082e-118
2.62709e-121
8.14903e-125
2.48494e-128
7.45331e-132
2.20005e-135
6.39419e-139
1.83069e-142
5.16556e-146
1.43708e-149
3.94352e-153
1.06782e-156
2.8542e-160
7.53357e-164
1.96424e-167
5.06066e-171
1.28877e-174
3.24514e-178
8.08172e-182
1.99116e-185
4.85466e-189
1.17158e-192
2.79931e-196
6.62369e-200
1.55245e-203
3.60497e-207
8.29547e-211
1.89202e-214
4.27802e-218
9.59119e-222
2.13254e-225
4.70317e-229
1.02904e-232
2.23403e-236
4.81321e-240
1.02928e-243
2.18503e-247
4.60535e-251
9.63858e-255
2.00341e-258
4.13607e-262
8.48254e-266
1.72837e-269
3.49925e-273
7.04029e-277
1.40777e-280
2.79802e-284
5.52832e-288
1.08593e-291
2.12093e-295
4.11914e-299
7.95583e-303
1.52829e-306
2.92014e-310
5.55035e-314
1.04953e-317
1.97132e-321
0
0
0
0
0
0
0
0
0
0
0
0
0
0
0
0
0
0
0
0
0
0
0
0
0
0
0
0
0
0
0
0
0
0
0
0
0
0
0
0
0
0
0
0
0
0
0
0
0
0
0
0
0
0
0
0
0
0
0
0
0
0
0
0
0
0
0
0
0
0
0
0
0
0
0
0
0
0
0
0
0
0
0
0
0
0
0
0
0
0
0
0
0
0
0
0
0
0
0
0
0
0
0
0
0
0
0
0
0
0
0
0
0
0
0
0
0
0
0
0
0
0
0
0
0
0
0
0
0
0
0
0
0
0
0
0
0
0
0
0
0
0
0
0
0
0
0
0
0
0
0
0
0
0
0
0
0
0
0
0
0
0
0
0
0
0
0
0
0
0
0
0
0
0
0
0
0
0
0
0
0
0
0
0
0
0
0
0
0
0
0
0
0
0
0
0
0
0
0
0
0
0
0
0
0
0
0
0
0
0
0
0
0
0
0
0
0
0
0
0
0
0
0
0
0
0
0
0
0
0
0
0
0
0
0
0
0
0
0
0
0
0
0
0
0
0
0
0
0
0
0
0
0
0
0
0
0
0
0
0
0
0
0
0
0
0
0
0
0
0
0
0
0
0
0
0
0
0
0
0
0
0
0
0
0
0
0
0
0
0
0
0
0
0
0
0
0
0
0
0
0
0
0
0
0
0
0
0
0
0
0
0
0
0
0
0
0
0
0
0
0
0
0
0
0
0
0
0
0
0
0
0
0
0
0
0
0
0
0
0
0
0
0
0
0
0
0
0
0
0
0
0
0
0
0
0
0
)
;

boundaryField
{
    sides
    {
        type            zeroGradient;
    }
    empty
    {
        type            empty;
    }
}


// ************************************************************************* //
