/*--------------------------------*- C++ -*----------------------------------*\
  =========                 |
  \\      /  F ield         | OpenFOAM: The Open Source CFD Toolbox
   \\    /   O peration     | Website:  https://openfoam.org
    \\  /    A nd           | Version:  7
     \\/     M anipulation  |
\*---------------------------------------------------------------------------*/
FoamFile
{
    version     2.0;
    format      ascii;
    class       volScalarField;
    location    "0.22";
    object      T;
}
// * * * * * * * * * * * * * * * * * * * * * * * * * * * * * * * * * * * * * //

dimensions      [0 0 0 1 0 0 0];

internalField   nonuniform List<scalar> 
1000
(
0
0
0
0
0
0
0
0
0
0
0
0
0
0
0
0
0
0
0
0
0
0
0
0
0
0
0
0
0
0
0
0
0
0
0
0
0
0
0
0
0
0
0
0
0
0
0
0
0
0
0
0
0
0
0
0
0
0
0
0
0
0
0
0
0
0
0
0
0
0
0
0
0
0
0
0
0
0
0
0
0
0
0
0
0
0
0
0
0
0
0
0
0
0
0
0
0
0
0
0
0
0
0
0
0
0
0
0
0
0
0
0
0
0
0
0
0
0
0
0
0
0
0
0
0
0
0
0
0
0
0
0
0
0
0
0
0
0
0
0
0
0
0
0
0
0
0
0
0
0
0
0
0
0
0
0
0
0
0
0
0
0
0
0
0
0
0
0
0
0
0
0
0
0
0
0
0
0
0
0
0
0
0
0
0
0
0
0
0
0
0
0
0
0
0
0
0
0
0
0
0
0
0
0
0
0
0
0
0
0
0
0
0
0
0
0
0
0
0
0
0
0
0
0
0
0
0
0
0
0
0
0
0
0
0
0
0
0
0
0
0
0
0
0
0
0
0
0
0
0
0
0
0
0
0
0
0
0
0
0
0
0
0
0
0
0
0
0
0
0
0
0
0
0
0
0
0
0
0
0
0
0
0
0
0
0
0
0
0
0
0
0
0
0
0
0
0
0
0
0
0
0
0
0
0
0
0
0
0
0
0
0
0
0
0
0
0
0
0
0
0
0
0
0
0
0
0
0
0
0
0
0
0
0
0
0
0
0
0
0
0
0
0
0
0
0
0
0
0
0
0
0
0
2.76677e-322
4.32668e-318
6.74089e-314
1.04705e-309
1.62133e-305
2.50262e-301
3.85039e-297
5.90425e-293
9.0227e-289
1.37398e-284
2.08477e-280
3.15156e-276
4.74612e-272
7.11953e-268
1.06369e-263
1.58264e-259
2.34476e-255
3.45869e-251
5.07881e-247
7.4232e-243
1.07978e-238
1.56291e-234
2.25068e-230
3.22407e-226
4.59337e-222
6.50752e-218
9.16583e-214
1.28326e-209
1.78546e-205
2.46821e-201
3.38927e-197
4.62185e-193
6.25742e-189
8.40858e-185
1.12116e-180
1.48285e-176
1.94475e-172
2.5282e-168
3.25668e-164
4.15508e-160
5.24851e-156
6.56059e-152
8.11119e-148
9.91351e-144
1.19708e-139
1.42724e-135
1.67905e-131
1.94761e-127
2.22573e-123
2.50379e-119
2.76995e-115
3.01056e-111
3.21096e-107
3.35654e-103
3.43415e-99
3.43364e-95
3.34933e-91
3.18124e-87
2.93586e-83
2.62614e-79
2.27056e-75
1.89147e-71
1.51254e-67
1.15608e-63
8.40295e-60
5.77295e-56
3.72127e-52
2.23037e-48
1.22888e-44
6.13353e-41
2.71952e-37
1.04244e-33
3.31881e-30
8.22595e-27
1.40588e-23
1.21099e-20
-1.25996e-18
5.9098e-17
-1.70855e-15
3.42184e-14
-5.0301e-13
5.59402e-12
-4.76734e-11
3.1054e-10
-1.51082e-09
5.13892e-09
-9.74203e-09
-4.87467e-09
8.62575e-08
-1.86821e-07
-1.36658e-07
1.24434e-06
-8.28696e-07
-5.0351e-06
6.36537e-06
1.81342e-05
-2.37546e-05
-6.71554e-05
4.67174e-05
0.000231196
5.99934e-05
-0.000556789
-0.000809341
0.000265327
0.00228763
0.00316308
0.000600881
-0.00571137
-0.0130248
-0.016169
-0.00929013
0.0123409
0.0511589
0.106976
0.177338
0.258278
0.345158
0.433417
0.519103
0.599167
0.671555
0.735148
0.789616
0.835223
0.872641
0.902779
0.926649
0.945264
0.959578
0.97044
0.978582
0.984618
0.989045
0.992259
0.994571
0.99622
0.997386
0.998204
0.998774
0.999168
0.999438
0.999623
0.999748
0.999833
0.999889
0.999927
0.999952
0.999969
0.99998
0.999987
0.999992
0.999995
0.999997
0.999998
0.999999
0.999999
0.999999
1
1
1
1
1
1
1
1
1
1
1
1
1
1
1
1
1
1
1
1
1
1
1
1
1
1
1
1
1
1
1
1
1
1
0.999999
1
1.00001
0.999994
0.999982
1.00002
1.00007
0.999953
0.999769
0.99994
1.00056
1.00081
0.999735
0.997712
0.996837
0.999399
1.00571
1.01302
1.01617
1.00929
0.987659
0.948841
0.893024
0.822662
0.741722
0.654842
0.566583
0.480897
0.400833
0.328445
0.264852
0.210384
0.164777
0.127359
0.0972207
0.0733513
0.0547358
0.0404224
0.0295604
0.0214175
0.0153819
0.0109555
0.00774128
0.00542907
0.00378029
0.0026143
0.0017962
0.00122643
0.000832424
0.000561777
0.000377056
0.000251748
0.000167237
0.000110559
7.27489e-05
4.76548e-05
3.10817e-05
2.01878e-05
1.30593e-05
8.41507e-06
5.40208e-06
3.45527e-06
2.20227e-06
1.39887e-06
8.85619e-07
5.58886e-07
3.51599e-07
2.20527e-07
1.37911e-07
8.60007e-08
5.34811e-08
3.31687e-08
2.05172e-08
1.26591e-08
7.79121e-09
4.78363e-09
2.93012e-09
1.79067e-09
1.09187e-09
6.6432e-10
4.03326e-10
2.4436e-10
1.47747e-10
8.91547e-11
5.3694e-11
3.22762e-11
1.93656e-11
1.15982e-11
6.93394e-12
4.13821e-12
2.4655e-12
1.46647e-12
8.7083e-13
5.16295e-13
3.05619e-13
1.80633e-13
1.066e-13
6.2817e-14
3.6963e-14
2.1719e-14
1.2744e-14
7.46758e-15
4.36987e-15
2.55379e-15
1.49052e-15
8.68836e-16
5.05819e-16
2.94117e-16
1.70812e-16
9.90841e-17
5.74093e-17
3.32248e-17
1.92067e-17
1.10908e-17
6.39729e-18
3.68608e-18
2.12166e-18
1.21993e-18
7.00726e-19
4.02092e-19
2.305e-19
1.32006e-19
7.55263e-20
4.3171e-20
2.46536e-20
1.4066e-20
8.01798e-21
4.56639e-21
2.59836e-21
1.47723e-21
8.39127e-22
4.76256e-22
2.7008e-22
1.53034e-22
8.66429e-23
4.90153e-23
2.7707e-23
1.56498e-23
8.8328e-24
4.98148e-24
2.80734e-24
1.58093e-24
8.8964e-25
5.00271e-25
2.81118e-25
1.57859e-25
8.85828e-26
4.96746e-26
2.78373e-26
1.55895e-26
8.7247e-27
4.87964e-27
2.72739e-27
1.52346e-27
8.50444e-28
4.7445e-28
2.64527e-28
1.47397e-28
8.20819e-29
4.56825e-29
2.54097e-29
1.41254e-29
7.84787e-30
4.35772e-30
2.41838e-30
1.34138e-30
7.43605e-31
4.12001e-31
2.28151e-31
1.26276e-31
6.98536e-32
3.8622e-32
2.13431e-32
1.17886e-32
6.50805e-33
3.59107e-33
1.98055e-33
1.09178e-33
6.01559e-34
3.31295e-34
1.82367e-34
1.00341e-34
5.51835e-35
3.03349e-35
1.66679e-35
9.15428e-36
5.02546e-36
2.75764e-36
1.51256e-36
8.29275e-37
4.54466e-37
2.48955e-37
1.3632e-37
7.46137e-38
4.08226e-38
2.23257e-38
1.2205e-38
6.66954e-39
3.6432e-39
1.9893e-39
1.0858e-39
5.92425e-40
3.23111e-40
1.7616e-40
9.60062e-41
5.23036e-41
2.84842e-41
1.55067e-41
8.43876e-42
4.59074e-42
2.49651e-42
1.35716e-42
7.37526e-43
4.00659e-43
2.17582e-43
1.1812e-43
6.41033e-44
3.47769e-44
1.88608e-44
1.02255e-44
5.54203e-45
3.00271e-45
1.62637e-45
8.80615e-46
4.7667e-46
2.57937e-46
1.39533e-46
7.54578e-47
4.07944e-47
2.20478e-47
1.19125e-47
6.43439e-48
3.47445e-48
1.87559e-48
1.01219e-48
5.46088e-49
2.94537e-49
1.58815e-49
8.56098e-50
4.61353e-50
2.48555e-50
1.33873e-50
7.20851e-51
3.88043e-51
2.08832e-51
1.12357e-51
6.04347e-52
3.24982e-52
1.7471e-52
9.39001e-53
5.04547e-53
2.71036e-53
1.4556e-53
7.81533e-54
4.19512e-54
2.25131e-54
1.20786e-54
6.4788e-55
3.47429e-55
1.86266e-55
9.98381e-56
5.35003e-56
2.86625e-56
1.53522e-56
8.22102e-57
4.4013e-57
2.35579e-57
1.26064e-57
6.74452e-58
3.60754e-58
1.92919e-58
1.03144e-58
5.51335e-59
2.94641e-59
1.57426e-59
8.4094e-60
4.49119e-60
2.39809e-60
1.2802e-60
6.83279e-61
3.6461e-61
1.94522e-61
1.03758e-61
5.53327e-62
2.95023e-62
1.57268e-62
8.38186e-63
4.46635e-63
2.37947e-63
1.26742e-63
6.74958e-64
3.59375e-64
1.91309e-64
1.01822e-64
5.41829e-65
2.88271e-65
1.53341e-65
8.15521e-66
4.33641e-66
2.3054e-66
1.22541e-66
6.51235e-67
3.46031e-67
1.83829e-67
9.76416e-68
5.18536e-68
2.75325e-68
1.46163e-68
7.75801e-69
4.11708e-69
2.18451e-69
1.15889e-69
6.14691e-70
3.25985e-70
1.72849e-70
9.16349e-71
4.85717e-71
2.57415e-71
1.36399e-71
7.22636e-72
3.82786e-72
2.02732e-72
1.07354e-72
5.68388e-73
3.00886e-73
1.59254e-73
8.42772e-74
4.45925e-74
2.3591e-74
1.24785e-74
6.59954e-75
3.48977e-75
1.84508e-75
9.75363e-76
5.15528e-76
2.72441e-76
1.43956e-76
7.60539e-77
4.01744e-77
2.12185e-77
1.12051e-77
5.91633e-78
3.1234e-78
1.6487e-78
8.70146e-79
4.59178e-79
2.42276e-79
1.27814e-79
6.74191e-80
3.55574e-80
1.87506e-80
9.88649e-81
5.21206e-81
2.74737e-81
1.44799e-81
7.63057e-82
4.02059e-82
2.11819e-82
1.11579e-82
5.87681e-83
3.09488e-83
1.62964e-83
8.57987e-84
4.51663e-84
2.37735e-84
1.25117e-84
6.58388e-85
3.46413e-85
1.82244e-85
9.58639e-86
5.04202e-86
2.65155e-86
1.39425e-86
7.33042e-87
3.85358e-87
2.02557e-87
1.06458e-87
5.5944e-88
2.93954e-88
1.54438e-88
8.11288e-89
4.26134e-89
2.23803e-89
1.17526e-89
6.17096e-90
3.23982e-90
1.70075e-90
8.92704e-91
4.68518e-91
2.45864e-91
1.29008e-91
6.76842e-92
3.55067e-92
1.86245e-92
9.76812e-93
5.12258e-93
2.68608e-93
1.40832e-93
7.38309e-94
3.87014e-94
2.02847e-94
1.06307e-94
5.57074e-95
2.91887e-95
1.52923e-95
8.01092e-96
4.19612e-96
2.19769e-96
1.15091e-96
6.02659e-97
3.15542e-97
1.65195e-97
8.64755e-98
4.52632e-98
2.36894e-98
1.2397e-98
6.48692e-99
3.39403e-99
1.77562e-99
9.2884e-100
4.85836e-100
2.54094e-100
1.3288e-100
6.94832e-101
3.63295e-101
1.89931e-101
9.92869e-102
5.18975e-102
2.71243e-102
1.41752e-102
7.40732e-103
3.87036e-103
2.02209e-103
1.05635e-103
5.51796e-104
2.88209e-104
1.50521e-104
7.8604e-105
4.10444e-105
2.14301e-105
1.11881e-105
5.84046e-106
3.04859e-106
1.59116e-106
8.30404e-107
4.33338e-107
2.26113e-107
1.17974e-107
6.15473e-108
3.21066e-108
1.67472e-108
8.73477e-109
4.55537e-109
2.37552e-109
1.2389e-109
6.31205e-110
)
;

boundaryField
{
    sides
    {
        type            zeroGradient;
    }
    empty
    {
        type            empty;
    }
}


// ************************************************************************* //
