/*--------------------------------*- C++ -*----------------------------------*\
  =========                 |
  \\      /  F ield         | OpenFOAM: The Open Source CFD Toolbox
   \\    /   O peration     | Website:  https://openfoam.org
    \\  /    A nd           | Version:  7
     \\/     M anipulation  |
\*---------------------------------------------------------------------------*/
FoamFile
{
    version     2.0;
    format      ascii;
    class       volScalarField;
    location    "10";
    object      p;
}
// * * * * * * * * * * * * * * * * * * * * * * * * * * * * * * * * * * * * * //

dimensions      [0 2 -2 0 0 0 0];

internalField   nonuniform List<scalar> 
8800
(
0.432113
0.384406
0.345866
0.317025
0.296344
0.281715
0.271353
0.264096
0.259424
0.257362
0.258338
0.262109
0.268296
0.277178
0.289599
0.307046
0.33159
0.365347
0.407699
0.466391
0.263134
0.270823
0.278669
0.282071
0.280733
0.275902
0.269715
0.263921
0.259409
0.256628
0.25618
0.258326
0.262344
0.267802
0.274103
0.27998
0.283334
0.282445
0.276718
0.267805
0.241124
0.2474
0.251833
0.255161
0.257592
0.258573
0.257798
0.255944
0.254031
0.253024
0.253722
0.2557
0.258018
0.259679
0.259758
0.258057
0.255233
0.251401
0.246604
0.242804
0.235101
0.237886
0.241105
0.244015
0.246052
0.24748
0.248468
0.248859
0.248777
0.248755
0.249126
0.249718
0.249968
0.24951
0.248463
0.24689
0.244505
0.241327
0.238522
0.237023
0.229549
0.231033
0.23374
0.236768
0.23939
0.241378
0.2427
0.243566
0.244114
0.244476
0.244812
0.244933
0.244633
0.243852
0.24241
0.240231
0.23747
0.234485
0.232506
0.231818
0.226788
0.227486
0.229327
0.231501
0.233592
0.235568
0.237307
0.238669
0.23964
0.240307
0.240614
0.240469
0.23981
0.238609
0.236981
0.235121
0.233064
0.230998
0.229775
0.229527
0.225778
0.226117
0.227073
0.22829
0.22963
0.230989
0.232295
0.233533
0.234612
0.235428
0.235803
0.235663
0.235105
0.234259
0.233247
0.232023
0.230924
0.229862
0.229263
0.229148
0.22421
0.224382
0.224911
0.225713
0.226631
0.227678
0.228909
0.230119
0.231231
0.232154
0.232652
0.232632
0.23221
0.231512
0.230742
0.230027
0.22934
0.228749
0.228451
0.228392
0.221707
0.221791
0.222101
0.222621
0.223229
0.223975
0.224855
0.225861
0.22692
0.227922
0.228596
0.228824
0.228724
0.228423
0.228137
0.227777
0.227412
0.227091
0.22695
0.226922
0.218713
0.218761
0.218989
0.219414
0.219949
0.220633
0.221424
0.22237
0.223442
0.224567
0.225463
0.225957
0.226139
0.22613
0.225973
0.225756
0.225516
0.225324
0.225253
0.225239
0.215391
0.215421
0.215581
0.215895
0.216331
0.21691
0.217662
0.218616
0.219774
0.221083
0.222256
0.223039
0.223486
0.223705
0.223777
0.223759
0.223689
0.223624
0.223605
0.223595
0.211703
0.211727
0.211858
0.212119
0.212515
0.213077
0.213849
0.214876
0.216184
0.217757
0.21927
0.220379
0.221107
0.221557
0.221813
0.221944
0.221999
0.22202
0.222033
0.222024
0.207601
0.207626
0.207752
0.208004
0.208402
0.208995
0.209845
0.211017
0.212566
0.214497
0.216431
0.217924
0.218947
0.219632
0.22007
0.220337
0.220492
0.220578
0.220614
0.220606
0.203037
0.20306
0.203202
0.20348
0.203925
0.204603
0.205595
0.206992
0.208875
0.211274
0.213727
0.215657
0.217052
0.217993
0.218615
0.219012
0.219255
0.219394
0.21945
0.219442
0.197949
0.197976
0.198144
0.198471
0.199002
0.199817
0.201021
0.202735
0.20507
0.208075
0.211187
0.21368
0.215464
0.216699
0.217523
0.218058
0.218391
0.218581
0.218658
0.218648
0.192219
0.192251
0.192459
0.192863
0.19352
0.194531
0.19603
0.198171
0.201098
0.204881
0.208814
0.211971
0.214251
0.215832
0.216893
0.217584
0.218017
0.218265
0.218364
0.218353
0.185689
0.185729
0.185993
0.186504
0.187335
0.188613
0.190507
0.19321
0.196906
0.20168
0.206641
0.210623
0.213501
0.2155
0.216845
0.217721
0.218271
0.218586
0.218711
0.218697
0.178143
0.178196
0.178535
0.179191
0.180256
0.181892
0.184309
0.18775
0.192437
0.198469
0.204715
0.209717
0.213327
0.215836
0.217523
0.218623
0.219314
0.219709
0.219865
0.219848
0.169288
0.16936
0.169801
0.170652
0.172037
0.174154
0.177262
0.181666
0.187631
0.195256
0.203102
0.209359
0.213868
0.216998
0.219104
0.220477
0.221337
0.221828
0.222023
0.222001
0.158717
0.158812
0.159394
0.16052
0.162352
0.165132
0.169154
0.174814
0.182424
0.192058
0.201886
0.209683
0.215289
0.21918
0.221799
0.223506
0.224572
0.225178
0.225418
0.225392
0.145858
0.145987
0.146764
0.148277
0.150726
0.154374
0.159663
0.167016
0.17675
0.188909
0.201174
0.210843
0.217782
0.222602
0.225852
0.227973
0.229295
0.230041
0.230334
0.230301
0.129913
0.130094
0.131156
0.133236
0.136565
0.141483
0.148489
0.158074
0.170556
0.185867
0.20109
0.213009
0.221557
0.227509
0.231542
0.234187
0.23584
0.236768
0.237129
0.23708
0.109707
0.10997
0.111472
0.114436
0.119074
0.125803
0.135231
0.147846
0.163856
0.183038
0.201789
0.216366
0.226831
0.234161
0.239169
0.24249
0.244587
0.245763
0.246206
0.24614
0.0833505
0.0837558
0.0860364
0.0904937
0.0972151
0.106732
0.119651
0.136325
0.156786
0.180614
0.203461
0.221099
0.233806
0.242799
0.249034
0.253242
0.255952
0.257495
0.258075
0.257982
0.0475414
0.0482814
0.0521919
0.059466
0.06979
0.0837118
0.101632
0.123665
0.149607
0.178846
0.206295
0.227345
0.242603
0.253574
0.261361
0.26677
0.270374
0.272476
0.273275
0.27315
-0.00404022
-0.00185128
0.00623018
0.0192381
0.0359186
0.0566117
0.0814373
0.110266
0.142689
0.177979
0.210396
0.235104
0.253153
0.266399
0.276112
0.28318
0.288167
0.291308
0.292569
0.292393
-0.0818756
-0.0709228
-0.0523654
-0.0290595
-0.00283933
0.0268527
0.0601104
0.0967461
0.136356
0.178262
0.216116
0.244929
0.266262
0.282346
0.294659
0.304227
0.311654
0.316948
0.319617
0.32
-0.164729
-0.140705
-0.11121
-0.077596
-0.0416006
-0.00283746
0.0388204
0.0833461
0.130478
0.179694
0.223984
0.257938
0.283519
0.303326
0.319068
0.331877
0.342408
0.351657
0.357251
0.357803
-0.228101
-0.201908
-0.164229
-0.122413
-0.0779808
-0.0309611
0.0186519
0.0707516
0.125076
0.181148
0.231282
0.269639
0.298561
0.321013
0.338858
0.353312
0.365077
0.374693
0.379822
0.380524
-0.279075
-0.250805
-0.208511
-0.16092
-0.110122
-0.0564308
-4.89538e-05
0.0587508
0.119598
0.181909
0.237131
0.278986
0.310219
0.334139
0.352848
0.367766
0.379798
0.389335
0.394596
0.395366
-0.319956
-0.291237
-0.245581
-0.193771
-0.138188
-0.0792226
-0.017221
0.0473766
0.114
0.181879
0.241612
0.286436
0.319456
0.3444
0.363635
0.378731
0.390729
0.399995
0.405282
0.406076
-0.354427
-0.325466
-0.277609
-0.222471
-0.162985
-0.0996645
-0.0329405
0.0366812
0.108511
0.181554
0.245455
0.292921
0.327463
0.353206
0.372773
0.387915
0.399813
0.408849
0.414098
0.414929
-0.384558
-0.355573
-0.306054
-0.248276
-0.18559
-0.118571
-0.0477026
0.0264228
0.102987
0.180788
0.248609
0.298614
0.334628
0.361149
0.381069
0.396304
0.408135
0.417043
0.422178
0.423015
-0.411801
-0.382772
-0.331929
-0.271975
-0.206621
-0.136452
-0.0619893
0.0161339
0.0970611
0.179457
0.251216
0.303844
0.341419
0.3688
0.389137
0.404521
0.416338
0.425161
0.430174
0.431023
-0.436971
-0.40786
-0.355947
-0.294194
-0.226599
-0.153747
-0.0761121
0.00567022
0.0907146
0.177595
0.253355
0.308774
0.348082
0.376468
0.397331
0.412939
0.424799
0.433523
0.438407
0.439305
-0.460765
-0.431485
-0.37866
-0.31537
-0.24584
-0.170634
-0.0901912
-0.00509361
0.0838059
0.175071
0.254981
0.31345
0.354752
0.384349
0.405882
0.42181
0.433766
0.442446
0.447181
0.448123
-0.483447
-0.453953
-0.400324
-0.335809
-0.26461
-0.187355
-0.104428
-0.0163254
0.076208
0.171794
0.256014
0.317846
0.36147
0.392541
0.414937
0.43131
0.443436
0.452116
0.456714
0.457631
-0.505375
-0.475561
-0.421246
-0.355685
-0.283056
-0.204035
-0.118909
-0.0280816
0.0678418
0.167658
0.256327
0.321863
0.368185
0.401064
0.424568
0.441554
0.453963
0.462696
0.467162
0.468014
-0.526589
-0.496491
-0.441636
-0.375077
-0.301219
-0.220679
-0.133645
-0.0403865
0.0586629
0.162566
0.255787
0.32534
0.374779
0.409856
0.434781
0.452597
0.465431
0.474281
0.478643
0.479341
-0.547164
-0.516785
-0.461442
-0.394013
-0.319127
-0.237301
-0.148628
-0.0532404
0.04866
0.15644
0.254237
0.32807
0.381053
0.418801
0.445533
0.464453
0.477868
0.486931
0.491228
0.491718
-0.567151
-0.536317
-0.480672
-0.412503
-0.336759
-0.25386
-0.163811
-0.0665888
0.0378478
0.14924
0.251513
0.329811
0.386751
0.427692
0.456693
0.47706
0.491265
0.500613
0.504866
0.505131
-0.586576
-0.555475
-0.49927
-0.430509
-0.354059
-0.270289
-0.179118
-0.0803634
0.0262779
0.140954
0.247504
0.330327
0.391532
0.436169
0.468021
0.490277
0.505552
0.515296
0.519438
0.519484
-0.605268
-0.573873
-0.517231
-0.447979
-0.370968
-0.286508
-0.194465
-0.0944668
0.0140394
0.131618
0.242133
0.329374
0.39498
0.443779
0.479222
0.503997
0.520636
0.530748
0.534661
0.534455
-0.623217
-0.591545
-0.534524
-0.464863
-0.387417
-0.302452
-0.20975
-0.108796
0.00123409
0.121297
0.235353
0.326729
0.396715
0.450026
0.489824
0.518103
0.536657
0.546974
0.550273
0.549736
-0.64046
-0.608461
-0.551119
-0.481109
-0.403336
-0.318032
-0.224881
-0.123238
-0.0120165
0.110093
0.227173
0.32226
0.396366
0.454239
0.499082
0.532256
0.55404
0.564373
0.565767
0.564661
-0.656853
-0.624578
-0.566945
-0.496662
-0.41867
-0.333169
-0.239762
-0.137675
-0.0255836
0.09815
0.217697
0.315871
0.393627
0.455629
0.505678
0.545307
0.573157
0.585456
0.582499
0.579063
-0.672486
-0.63992
-0.582019
-0.511537
-0.433458
-0.34791
-0.254451
-0.152173
-0.0395351
0.0854095
0.206828
0.307432
0.388227
0.453372
0.507887
0.554813
0.592336
0.614505
0.611623
0.586907
-0.687319
-0.654514
-0.596452
-0.525899
-0.447955
-0.362555
-0.269338
-0.167201
-0.0544138
0.071213
0.193878
0.296055
0.379294
0.4464
0.502571
0.554784
0.599731
0.624463
0.6137
0.584309
-0.701237
-0.668473
-0.610074
-0.539513
-0.461881
-0.376776
-0.284188
-0.182421
-0.0698662
0.055912
0.179066
0.28171
0.366551
0.4346
0.486101
0.535851
0.572717
0.582461
0.517288
0.470499
-0.713635
-0.682216
-0.622452
-0.551816
-0.474657
-0.390178
-0.298739
-0.197657
-0.085732
0.0396671
0.162526
0.264487
0.349375
0.419162
0.460878
0.488294
0.50958
0.470092
0.391375
0.339058
-0.765994
-0.692388
-0.633675
-0.564217
-0.487634
-0.404018
-0.313116
-0.21317
-0.102341
0.0220914
0.143857
0.244161
0.326116
0.400036
0.419812
0.418216
0.388966
0.318987
0.226632
0.175608
-0.719786
-0.706308
-0.648919
-0.581701
-0.50578
-0.423314
-0.33438
-0.236198
-0.127175
-0.00460273
0.113685
0.208612
0.282539
0.342901
0.352142
0.218629
0.0905586
0.00205735
-0.0893519
-0.037064
-0.746092
-0.719105
-0.662699
-0.595177
-0.52006
-0.438504
-0.350211
-0.253623
-0.14625
-0.0253979
0.0898897
0.178896
0.244396
0.27722
0.217614
0.0316432
-0.139796
-0.261187
-0.394981
-0.304194
-0.765038
-0.734074
-0.677952
-0.610064
-0.535473
-0.454765
-0.367513
-0.272746
-0.167534
-0.049286
0.0625219
0.1449
0.199365
0.204322
0.0692291
-0.182582
-0.397141
-0.56187
-0.753262
-0.667121
-0.782525
-0.749967
-0.693025
-0.624808
-0.550586
-0.470763
-0.385034
-0.292186
-0.189358
-0.0737224
0.0342561
0.109221
0.14916
0.110718
-0.108137
-0.406218
-0.687124
-0.93372
-1.21303
-1.17896
-0.798285
-0.765734
-0.708177
-0.639784
-0.565978
-0.487149
-0.403084
-0.312496
-0.212305
-0.099073
0.00517549
0.0718065
0.092755
0.000525027
-0.283267
-0.617998
-0.964536
-1.28437
-1.65963
-2.03056
-0.813378
-0.781189
-0.723578
-0.655241
-0.58189
-0.50411
-0.421771
-0.33361
-0.236147
-0.125592
-0.0248636
0.0327953
0.0329778
-0.11395
-0.444352
-0.790355
-1.15529
-1.47041
-1.61542
-1.8505
-0.828415
-0.79657
-0.73924
-0.671234
-0.598487
-0.521952
-0.441661
-0.356441
-0.262328
-0.154744
-0.0572777
-0.00934069
-0.0324155
-0.248136
-0.591584
-0.918729
-1.23045
-1.45077
-1.49594
-1.53122
-0.843636
-0.812105
-0.755107
-0.687555
-0.61563
-0.540595
-0.462795
-0.381194
-0.291237
-0.18669
-0.0909917
-0.0531131
-0.110349
-0.384153
-0.731142
-1.02526
-1.26655
-1.42196
-1.44437
-1.44191
-0.859116
-0.827754
-0.770983
-0.703988
-0.633024
-0.559798
-0.485016
-0.407854
-0.322909
-0.221941
-0.126831
-0.0974042
-0.193404
-0.514645
-0.872588
-1.14752
-1.28718
-1.34862
-1.38565
-1.39252
-0.87458
-0.843245
-0.786648
-0.720192
-0.650367
-0.579268
-0.508084
-0.436249
-0.357892
-0.261312
-0.164262
-0.141759
-0.280242
-0.654021
-1.02096
-1.32463
-1.31438
-1.34067
-1.41613
-1.43438
-0.889573
-0.858161
-0.801664
-0.735739
-0.667163
-0.598504
-0.531526
-0.46623
-0.396812
-0.306638
-0.20539
-0.18304
-0.362538
-0.807732
-1.20269
-1.64724
-1.79003
-1.64741
-1.59733
-1.58842
-0.903295
-0.871882
-0.81543
-0.750022
-0.682722
-0.61685
-0.554724
-0.497906
-0.440655
-0.360858
-0.253657
-0.227618
-0.450756
-0.946967
-1.37889
-1.809
-1.91719
-1.7476
-1.69463
-1.67111
-0.915165
-0.883651
-0.827216
-0.762305
-0.696552
-0.633356
-0.576901
-0.530549
-0.491097
-0.432457
-0.324803
-0.293793
-0.561865
-1.03536
-1.3367
-1.43241
-1.49597
-1.56992
-1.64256
-1.66152
-0.924282
-0.892594
-0.836142
-0.771698
-0.707149
-0.646972
-0.596861
-0.563739
-0.551756
-0.536594
-0.456701
-0.432589
-0.70636
-1.15518
-1.45923
-1.51628
-1.61965
-1.72731
-1.79869
-1.83542
-0.929634
-0.897662
-0.841158
-0.777084
-0.713646
-0.656305
-0.613028
-0.59628
-0.623606
-0.69962
-0.714857
-0.677369
-0.928276
-1.39694
-1.94077
-2.39912
-2.57603
-2.53632
-2.40234
-2.33956
-0.930067
-0.897808
-0.841217
-0.777343
-0.714681
-0.659651
-0.622945
-0.624608
-0.706455
-0.948026
-1.17285
-1.07182
-1.18663
-1.60289
-2.2451
-2.99076
-3.23823
-3.05283
-2.75772
-2.62336
-0.924724
-0.892008
-0.835271
-0.771375
-0.708914
-0.655179
-0.623423
-0.642778
-0.789674
-1.2679
-1.82864
-1.54437
-1.28253
-1.36717
-1.67326
-2.08466
-2.16989
-1.90896
-1.5934
-1.45248
-0.912854
-0.87953
-0.822523
-0.758225
-0.695187
-0.641056
-0.61108
-0.640707
-0.838665
-1.53121
-2.47532
-1.84526
-1.10826
-0.521153
-0.120737
0.0782772
0.204957
0.40628
0.548759
0.599731
-0.893798
-0.859941
-0.802382
-0.737377
-0.672914
-0.616209
-0.582149
-0.607552
-0.807328
-1.53552
-2.51048
-1.61704
-0.578569
0.332114
0.963081
1.40016
1.66096
1.76098
1.8005
1.80907
-0.867033
-0.83292
-0.774906
-0.709024
-0.642295
-0.58088
-0.536913
-0.539369
-0.673989
-1.17699
-1.69224
-0.845749
0.0400126
0.808951
1.32248
1.65593
1.83803
1.9249
1.96095
1.96766
-0.832472
-0.798591
-0.740506
-0.673744
-0.604587
-0.537469
-0.480287
-0.449652
-0.484904
-0.65522
-0.67553
-0.0961035
0.508531
0.996484
1.31483
1.5228
1.64847
1.72185
1.75953
1.76733
-0.789818
-0.756389
-0.699438
-0.63244
-0.561512
-0.489421
-0.419975
-0.359025
-0.313823
-0.267279
-0.0864762
0.28494
0.68259
0.982468
1.18351
1.32059
1.41302
1.47481
1.50736
1.51189
-0.735712
-0.704889
-0.651361
-0.585299
-0.514172
-0.43948
-0.361911
-0.281219
-0.19164
-0.0639026
0.149331
0.414086
0.670244
0.869006
1.01198
1.11517
1.19001
1.24314
1.2703
1.27809
-0.670988
-0.643181
-0.594028
-0.53129
-0.462651
-0.388403
-0.308209
-0.2192
-0.113114
0.0317915
0.223303
0.421594
0.596395
0.734795
0.839903
0.919475
0.979287
1.02167
1.0462
1.05425
-0.58921
-0.570976
-0.525322
-0.468535
-0.405008
-0.335464
-0.258011
-0.169827
-0.0642227
0.0718807
0.230776
0.379189
0.50203
0.598451
0.672534
0.72962
0.773853
0.806219
0.825291
0.830214
-0.477744
-0.468709
-0.436535
-0.391014
-0.338331
-0.278738
-0.210531
-0.131226
-0.0357447
0.0833056
0.21505
0.332533
0.426935
0.499698
0.554524
0.594978
0.624553
0.646617
0.660504
0.663663
-0.360023
-0.356358
-0.335711
-0.303737
-0.264792
-0.218365
-0.162857
-0.0962455
-0.0147296
0.0862896
0.194615
0.288382
0.361983
0.417343
0.457689
0.486402
0.506199
0.519092
0.525249
0.526643
-0.247498
-0.245528
-0.234695
-0.215368
-0.189735
-0.156769
-0.114987
-0.0621518
0.00431701
0.0872306
0.175061
0.24939
0.30646
0.348375
0.377934
0.398005
0.410913
0.418559
0.422216
0.422686
-0.149317
-0.149198
-0.144807
-0.13521
-0.120535
-0.0993828
-0.0699912
-0.030301
0.0218062
0.0881614
0.158452
0.217129
0.261175
0.292756
0.31443
0.328439
0.336926
0.341576
0.343464
0.343508
-0.0738755
-0.0746436
-0.0745337
-0.0717334
-0.0646967
-0.0518916
-0.031902
-0.00286012
0.0369205
0.0888398
0.144081
0.189852
0.22377
0.24754
0.263237
0.273069
0.27881
0.281651
0.282641
0.282557
-0.0228661
-0.0237885
-0.0255781
-0.0260804
-0.0234864
-0.0162572
-0.00289189
0.0180273
0.0481361
0.0882698
0.131257
0.16665
0.192452
0.210267
0.221972
0.229115
0.232933
0.234619
0.235131
0.235005
0.00877114
0.00803243
0.0062692
0.00509957
0.00597852
0.0100696
0.0187794
0.0336937
0.0561498
0.0868228
0.119926
0.147137
0.166932
0.180424
0.18896
0.193948
0.196534
0.197548
0.197778
0.19766
0.0277605
0.0272821
0.0260493
0.0250941
0.0255437
0.0283326
0.034481
0.0452017
0.061801
0.0850526
0.110439
0.131249
0.146148
0.156098
0.162359
0.165957
0.167707
0.16829
0.168372
0.168274
0.039427
0.039133
0.0383704
0.0377616
0.0380627
0.0399898
0.0444384
0.0524147
0.064862
0.0824073
0.101642
0.117391
0.128658
0.136198
0.140855
0.143448
0.144656
0.145011
0.145036
0.144956
0.0467068
0.0465243
0.0460449
0.045686
0.0459808
0.0474331
0.0506815
0.056538
0.065844
0.0791148
0.0937378
0.105712
0.114225
0.119831
0.123249
0.125131
0.12598
0.126202
0.126201
0.126137
0.0508932
0.0507754
0.0504528
0.0502234
0.0504792
0.0515978
0.0540656
0.0584747
0.065457
0.0754512
0.0864898
0.0955096
0.101898
0.106093
0.108633
0.110006
0.110601
0.110734
0.110719
0.110666
0.0527251
0.0526466
0.0524261
0.0522787
0.0524941
0.053347
0.0552003
0.0585138
0.0637782
0.07132
0.0796585
0.0864663
0.0912748
0.0944094
0.0962877
0.0972875
0.0977056
0.0977838
0.0977619
0.0977191
0.0527924
0.0527388
0.0525926
0.052507
0.0526954
0.0533617
0.0547754
0.0572798
0.0612465
0.0669335
0.0732212
0.0783451
0.0819483
0.0842855
0.085675
0.0864033
0.0866963
0.0867381
0.0867133
0.0866783
0.0515611
0.0515226
0.0514243
0.0513773
0.0515369
0.0520551
0.0531335
0.0550303
0.0580267
0.0623139
0.0670497
0.070902
0.0736026
0.0753456
0.0763733
0.0769045
0.07711
0.0771302
0.0771056
0.077077
0.0493677
0.049339
0.049271
0.0492462
0.0493783
0.0497802
0.0506032
0.0520402
0.0543014
0.0575342
0.0610984
0.0639911
0.0660119
0.0673094
0.0680688
0.0684551
0.0685979
0.0686036
0.06858
0.0685567
0.0464521
0.0464299
0.0463804
0.0463664
0.0464721
0.0467818
0.0474079
0.0484949
0.0502005
0.0526346
0.0553134
0.0574819
0.058992
0.0599562
0.0605155
0.0607954
0.0608937
0.060891
0.0608694
0.0608505
0.0429878
0.0429702
0.0429327
0.0429232
0.0430044
0.0432396
0.0437132
0.0445333
0.0458177
0.047647
0.0496577
0.0512799
0.0524048
0.0531202
0.0535315
0.0537333
0.0537995
0.0537912
0.0537717
0.0537567
0.039106
0.039092
0.0390624
0.0390542
0.0391146
0.039291
0.0396465
0.0402622
0.0412256
0.0425972
0.0441012
0.0453113
0.046148
0.0466763
0.0469771
0.0471214
0.0471648
0.0471537
0.0471366
0.0471246
0.0349063
0.0348951
0.0348711
0.0348628
0.0349058
0.0350358
0.0353005
0.0357599
0.0364795
0.0375032
0.0386229
0.0395223
0.0401413
0.0405299
0.0407481
0.04085
0.0408773
0.0408651
0.0408501
0.0408404
0.0304644
0.0304553
0.0304355
0.0304268
0.0304562
0.0305504
0.030745
0.0310844
0.0316172
0.0323756
0.0332048
0.0338685
0.0343227
0.034605
0.0347617
0.0348324
0.0348482
0.0348355
0.0348227
0.0348151
0.02584
0.0258325
0.0258158
0.0258066
0.0258252
0.0258917
0.0260323
0.0262799
0.0266698
0.0272244
0.0278302
0.0283137
0.028643
0.028846
0.0289569
0.0290048
0.0290127
0.0290004
0.0289894
0.0289835
0.0210801
0.021074
0.0210597
0.0210501
0.0210604
0.0211054
0.0212038
0.0213796
0.0216584
0.0220567
0.0224914
0.0228371
0.0230713
0.0232142
0.0232899
0.0233201
0.0233219
0.0233098
0.0233002
0.0232955
0.0162184
0.0162134
0.0162012
0.0161914
0.0161954
0.0162237
0.0162896
0.0164098
0.0166015
0.0168768
0.0171774
0.0174158
0.0175762
0.0176722
0.0177213
0.0177386
0.0177362
0.0177247
0.0177164
0.0177128
0.0112822
0.0112783
0.0112683
0.0112589
0.0112584
0.0112743
0.0113151
0.0113917
0.0115149
0.0116908
0.0118829
0.0120344
0.0121349
0.0121941
0.0122232
0.0122315
0.0122268
0.0122167
0.01221
0.0122073
0.0062939
0.00629124
0.00628321
0.00627498
0.00627236
0.0062791
0.0062996
0.00633915
0.00640381
0.00649657
0.00659775
0.0066774
0.00673057
0.00676172
0.00677582
0.00677779
0.00677208
0.0067633
0.0067581
0.00675648
0.00126462
0.00126399
0.00126182
0.00125828
0.00125658
0.00125691
0.00125912
0.00126468
0.00127448
0.00128955
0.00130921
0.00132764
0.00134068
0.00134859
0.00135247
0.00135361
0.00135313
0.0013503
0.00134687
0.00134557
-0.861925
-0.596656
-0.303161
-0.0688079
0.121028
0.274931
0.406212
0.517406
0.570076
0.546888
-0.390367
-0.21422
-0.0329026
0.122017
0.253504
0.364268
0.455031
0.520455
0.55477
0.565102
-0.0766077
0.0382874
0.157886
0.264138
0.356013
0.433245
0.494744
0.539627
0.570521
0.586902
0.13798
0.215602
0.299034
0.374054
0.439397
0.494647
0.539584
0.574633
0.601683
0.618961
0.296993
0.35269
0.41113
0.466342
0.515015
0.557067
0.592467
0.621212
0.644196
0.661414
0.421894
0.462664
0.508029
0.551182
0.590135
0.624565
0.654185
0.678596
0.698135
0.715165
0.526885
0.560001
0.599246
0.635949
0.66988
0.700326
0.726642
0.748195
0.764839
0.781803
0.623284
0.655225
0.692492
0.727349
0.759399
0.788019
0.812527
0.8322
0.846354
0.863385
0.723341
0.758227
0.796841
0.832165
0.86373
0.891218
0.914203
0.932235
0.944664
0.962106
0.841224
0.880095
0.919915
0.955281
0.985546
1.01108
1.0321
1.04848
1.06034
1.07848
0.987999
1.02722
1.06399
1.09528
1.12157
1.14415
1.16362
1.17948
1.19215
1.21022
1.1642
1.19615
1.22273
1.24551
1.26582
1.28487
1.30284
1.31952
1.33505
1.35318
1.35346
1.37088
1.38617
1.40261
1.41867
1.43337
1.44674
1.46079
1.47842
1.49861
1.53554
1.54514
1.55684
1.56781
1.57717
1.58683
1.59774
1.6092
1.62064
1.63603
1.74299
1.74666
1.73171
1.71702
1.71097
1.71673
1.73525
1.76559
1.79776
1.82442
2.04938
1.91457
1.83805
1.79573
1.77823
1.78229
1.80971
1.86613
1.96883
2.19322
0.322681
0.320639
0.316186
0.307717
0.295697
0.283813
0.273851
0.266195
0.260753
0.257548
0.257037
0.259403
0.264061
0.27083
0.279792
0.29095
0.303292
0.314079
0.320081
0.323026
0.246846
0.252755
0.259136
0.26391
0.266644
0.266594
0.264147
0.260642
0.257374
0.255173
0.254844
0.256663
0.259816
0.263568
0.26689
0.268363
0.267059
0.263224
0.257825
0.251145
0.237909
0.240206
0.243955
0.247409
0.249926
0.251809
0.252918
0.252908
0.252065
0.251218
0.251197
0.25221
0.253538
0.254306
0.253934
0.252516
0.250435
0.247552
0.243799
0.240669
0.232222
0.233266
0.235554
0.238657
0.241331
0.243217
0.244516
0.245429
0.24599
0.246281
0.246567
0.246866
0.246904
0.246482
0.245611
0.24421
0.242034
0.239119
0.236303
0.234696
0.2277
0.228113
0.229798
0.232532
0.235192
0.237649
0.239636
0.241002
0.241881
0.242453
0.242861
0.243076
0.242878
0.242149
0.240731
0.238645
0.236208
0.233554
0.231213
0.230319
0.226299
0.226466
0.227351
0.228901
0.230555
0.232096
0.233568
0.235008
0.236258
0.237211
0.237778
0.237825
0.237368
0.23648
0.235378
0.234082
0.232599
0.23107
0.229805
0.229385
0.225099
0.225174
0.225642
0.226536
0.227585
0.228776
0.230122
0.231409
0.23256
0.233539
0.234207
0.234387
0.234095
0.233437
0.232481
0.231518
0.230614
0.22974
0.229083
0.228879
0.223062
0.223102
0.223342
0.223874
0.22456
0.225273
0.226233
0.227322
0.228451
0.229505
0.230306
0.230632
0.230512
0.230107
0.22957
0.229149
0.228648
0.228156
0.227839
0.227746
0.220245
0.220259
0.220411
0.220794
0.221316
0.221982
0.222759
0.223632
0.224636
0.2257
0.226651
0.227227
0.227423
0.227391
0.227235
0.226836
0.226605
0.226307
0.226126
0.226085
0.217097
0.217104
0.217204
0.217486
0.217912
0.218456
0.219148
0.220009
0.221045
0.22222
0.223376
0.224217
0.224671
0.22486
0.224884
0.2248
0.224669
0.224518
0.224436
0.224419
0.213595
0.213599
0.213675
0.213888
0.214233
0.214715
0.215367
0.21623
0.217332
0.218666
0.220096
0.221257
0.222009
0.222458
0.222702
0.222809
0.222831
0.222814
0.222804
0.222803
0.209706
0.209705
0.20978
0.209967
0.210285
0.21076
0.211441
0.212382
0.213634
0.215219
0.217002
0.218538
0.219612
0.220316
0.220759
0.221025
0.221173
0.22125
0.22129
0.221298
0.205379
0.205375
0.205455
0.205651
0.205984
0.206498
0.207259
0.208342
0.209825
0.211755
0.213991
0.215987
0.217405
0.218409
0.219067
0.219487
0.219747
0.219899
0.219977
0.219995
0.200566
0.200561
0.200651
0.200874
0.201258
0.20186
0.202761
0.204064
0.205872
0.208263
0.211077
0.21362
0.215508
0.21681
0.217696
0.218276
0.218644
0.218865
0.218977
0.219003
0.195176
0.195168
0.195278
0.195549
0.196015
0.196749
0.197855
0.199464
0.201712
0.204704
0.208251
0.211488
0.213885
0.215573
0.216723
0.217482
0.217968
0.218262
0.218411
0.218445
0.18907
0.18906
0.189198
0.189539
0.190124
0.191043
0.192429
0.19445
0.197277
0.201046
0.20552
0.209611
0.212643
0.214788
0.216252
0.217221
0.217842
0.21822
0.218411
0.218454
0.182063
0.18205
0.182229
0.182665
0.183411
0.184581
0.186343
0.188907
0.19249
0.197255
0.2029
0.20805
0.211865
0.214563
0.216407
0.217629
0.218413
0.218891
0.219132
0.219187
0.1739
0.173883
0.174117
0.174684
0.175649
0.177151
0.179411
0.182692
0.187259
0.1933
0.200416
0.206883
0.211659
0.215035
0.217342
0.218872
0.219856
0.220457
0.220759
0.220826
0.164235
0.164213
0.164525
0.165272
0.166531
0.168478
0.1714
0.175631
0.181479
0.18915
0.198111
0.206204
0.212161
0.216367
0.219239
0.221148
0.222379
0.223133
0.223512
0.223594
0.152593
0.152568
0.152993
0.15399
0.155647
0.158202
0.162052
0.167545
0.175042
0.184786
0.196048
0.206135
0.213534
0.218751
0.222317
0.22469
0.226227
0.227176
0.227654
0.227754
0.138302
0.138277
0.138874
0.140232
0.142454
0.145878
0.150957
0.158143
0.167839
0.180221
0.19432
0.206827
0.215966
0.222413
0.226827
0.22977
0.231687
0.232881
0.233488
0.233613
0.120362
0.120342
0.121215
0.123123
0.126185
0.130869
0.13773
0.147248
0.159804
0.175508
0.193056
0.20845
0.219665
0.227595
0.233051
0.236704
0.239091
0.240588
0.241356
0.241517
0.0972462
0.0972549
0.0985996
0.101383
0.105782
0.112412
0.121858
0.134585
0.1509
0.17074
0.19241
0.211178
0.224826
0.23453
0.241271
0.245834
0.248838
0.250734
0.251721
0.251936
0.0664968
0.0666125
0.0688195
0.0731409
0.0798188
0.0895501
0.102844
0.120035
0.141216
0.166091
0.192552
0.215159
0.231589
0.243381
0.251712
0.25747
0.261342
0.263827
0.265125
0.265402
0.0236115
0.0240446
0.0282349
0.0357927
0.046708
0.0615986
0.0806353
0.103867
0.131113
0.161883
0.193704
0.220514
0.240011
0.254188
0.264443
0.271773
0.2769
0.280355
0.282197
0.282556
-0.0397699
-0.0376079
-0.0278083
-0.0132713
0.00566034
0.0288063
0.0558999
0.086796
0.121194
0.158529
0.19607
0.227269
0.249989
0.266751
0.279213
0.288501
0.295373
0.300272
0.303151
0.303521
-0.11555
-0.111878
-0.0938416
-0.0678531
-0.0383414
-0.00567857
0.0301842
0.0692554
0.111323
0.155927
0.200166
0.236917
0.264051
0.284591
0.300449
0.312876
0.322773
0.330357
0.333612
0.335162
-0.19329
-0.18283
-0.155883
-0.119842
-0.0808197
-0.0390591
0.00537167
0.052484
0.102145
0.153991
0.204939
0.247209
0.278604
0.302673
0.321624
0.336844
0.349192
0.359008
0.364839
0.367343
-0.251229
-0.239643
-0.207723
-0.165212
-0.118872
-0.0696247
-0.0177276
0.0366798
0.0933659
0.151931
0.208999
0.256018
0.290726
0.317154
0.33775
0.35405
0.367067
0.377284
0.383663
0.386336
-0.29762
-0.285675
-0.250336
-0.203251
-0.151669
-0.0967273
-0.0387723
0.0218623
0.084771
0.149382
0.211846
0.262835
0.300065
0.32804
0.349542
0.366346
0.379589
0.389876
0.396339
0.398955
-0.335435
-0.323616
-0.286402
-0.235858
-0.180169
-0.120662
-0.0577429
0.00815414
0.0764872
0.146534
0.213962
0.268548
0.30793
0.337132
0.359261
0.376306
0.389556
0.399762
0.406214
0.40869
-0.367992
-0.35634
-0.317682
-0.264529
-0.205578
-0.142307
-0.0751715
-0.0046689
0.068556
0.143602
0.215614
0.273493
0.31483
0.345108
0.367759
0.385001
0.39827
0.408411
0.414884
0.417283
-0.396875
-0.385386
-0.345723
-0.290476
-0.228841
-0.162395
-0.0916095
-0.0170458
0.0605735
0.140226
0.216634
0.277794
0.321117
0.352517
0.375742
0.393228
0.40656
0.416658
0.423165
0.425479
-0.423248
-0.411853
-0.371388
-0.314405
-0.25056
-0.181443
-0.10753
-0.0293774
0.0522834
0.136358
0.217136
0.281675
0.327114
0.359756
0.383652
0.401451
0.414899
0.42499
0.431523
0.433757
-0.447858
-0.436511
-0.395362
-0.336934
-0.27122
-0.199814
-0.123155
-0.0417656
0.0436345
0.131935
0.217081
0.28517
0.332955
0.36704
0.391753
0.409971
0.423594
0.433715
0.440253
0.442385
-0.471169
-0.459833
-0.418094
-0.358451
-0.291136
-0.217735
-0.138662
-0.054384
0.0344464
0.126802
0.216372
0.28826
0.338687
0.374484
0.400218
0.418987
0.432865
0.44307
0.449592
0.451665
-0.493579
-0.482168
-0.439871
-0.37922
-0.310545
-0.235427
-0.154246
-0.0673756
0.0246363
0.120872
0.214906
0.290854
0.344279
0.382123
0.409136
0.428633
0.442879
0.453218
0.459734
0.461765
-0.515268
-0.503708
-0.460858
-0.39941
-0.329534
-0.25295
-0.16993
-0.080764
0.0141444
0.114066
0.212547
0.29281
0.349621
0.389901
0.418524
0.438986
0.453744
0.464303
0.470813
0.472825
-0.536263
-0.524537
-0.481214
-0.419065
-0.348154
-0.270318
-0.185728
-0.094556
0.00295295
0.106328
0.209178
0.293959
0.354535
0.397684
0.428303
0.450025
0.465502
0.476391
0.48293
0.484938
-0.556688
-0.544749
-0.50105
-0.438185
-0.366423
-0.287536
-0.201617
-0.108727
-0.00890984
0.0976371
0.20471
0.294114
0.358787
0.405252
0.438328
0.461678
0.478141
0.489537
0.496177
0.498064
-0.576446
-0.56432
-0.520312
-0.45678
-0.384302
-0.304553
-0.217531
-0.123204
-0.0213967
0.0880034
0.199069
0.293068
0.362081
0.412336
0.448423
0.473872
0.491592
0.503633
0.510423
0.512173
-0.595586
-0.583231
-0.538851
-0.474801
-0.401742
-0.3213
-0.233404
-0.137904
-0.0344307
0.0774711
0.192198
0.290623
0.364093
0.41861
0.458308
0.486443
0.505814
0.518633
0.525524
0.527063
-0.613924
-0.601471
-0.556703
-0.492211
-0.418679
-0.337692
-0.24915
-0.152738
-0.0479113
0.06612
0.184105
0.286654
0.364534
0.423566
0.467477
0.499075
0.520721
0.534432
0.541216
0.542417
-0.631586
-0.618983
-0.573828
-0.508971
-0.435071
-0.353679
-0.264666
-0.167604
-0.0617281
0.0540682
0.174843
0.281108
0.363108
0.426558
0.475193
0.511337
0.536403
0.551346
0.557361
0.557734
-0.648434
-0.635653
-0.590222
-0.525024
-0.450834
-0.369183
-0.27987
-0.182377
-0.0757433
0.0414186
0.164504
0.273941
0.359625
0.42707
0.480522
0.522318
0.552727
0.570465
0.57464
0.57226
-0.664518
-0.651567
-0.605789
-0.540321
-0.465929
-0.384142
-0.294684
-0.196974
-0.0898417
0.0283447
0.153237
0.265153
0.353933
0.424835
0.482486
0.530301
0.568424
0.593209
0.598156
0.586682
-0.679766
-0.666677
-0.620656
-0.554985
-0.480543
-0.398814
-0.309429
-0.211796
-0.104501
0.0142925
0.140448
0.254145
0.345401
0.41906
0.479376
0.53227
0.579142
0.61531
0.625107
0.619343
-0.694172
-0.68087
-0.634815
-0.568981
-0.494675
-0.413206
-0.32408
-0.22684
-0.119739
-0.000804105
0.126035
0.240746
0.333474
0.40935
0.469441
0.522642
0.571047
0.607203
0.602956
0.534302
-0.707576
-0.693659
-0.648185
-0.582372
-0.508465
-0.427453
-0.338673
-0.241991
-0.135456
-0.0168096
0.110063
0.224961
0.317777
0.395216
0.453024
0.494561
0.535328
0.547195
0.498754
0.424558
-0.719958
-0.706984
-0.660513
-0.594771
-0.521575
-0.441057
-0.353348
-0.257168
-0.151464
-0.0334762
0.0927423
0.20666
0.297821
0.377215
0.433511
0.47363
0.461225
0.432273
0.356482
0.273988
-0.700862
-0.684631
-0.639975
-0.572807
-0.496433
-0.413089
-0.320983
-0.221633
-0.11146
0.0122949
0.133183
0.23233
0.312216
0.388402
0.465993
0.374653
0.320065
0.249837
0.161489
0.102387
-0.723498
-0.705302
-0.673976
-0.613739
-0.541726
-0.462341
-0.375509
-0.281064
-0.177182
-0.0610202
0.0632416
0.173531
0.259115
0.33134
0.396442
0.394974
0.270455
0.167534
0.0924584
-0.0122666
-0.739213
-0.723128
-0.684806
-0.623906
-0.552168
-0.473739
-0.388621
-0.295822
-0.193621
-0.0792723
0.0431994
0.150441
0.231431
0.291304
0.311579
0.230345
0.0458619
-0.0783386
-0.176238
-0.286737
-0.754976
-0.742589
-0.699036
-0.637402
-0.565764
-0.487827
-0.40356
-0.311986
-0.211562
-0.0990948
0.0206312
0.122537
0.195349
0.241095
0.209324
0.0388707
-0.17591
-0.336938
-0.474111
-0.647451
-0.773
-0.760046
-0.714889
-0.65226
-0.580781
-0.503415
-0.420131
-0.330119
-0.231716
-0.12143
-0.00449989
0.091655
0.154361
0.18147
0.0929195
-0.158857
-0.424353
-0.641881
-0.841783
-1.10818
-0.789274
-0.776684
-0.7307
-0.667097
-0.595736
-0.519051
-0.437021
-0.348987
-0.252878
-0.144892
-0.0306684
0.0602046
0.111564
0.11078
-0.0430434
-0.355083
-0.676994
-0.989195
-1.2539
-1.81151
-0.804476
-0.792512
-0.746368
-0.682264
-0.611122
-0.535148
-0.454471
-0.368489
-0.274912
-0.169729
-0.0584757
0.0263228
0.0664796
0.0251619
-0.201541
-0.534943
-0.891473
-1.24899
-1.56533
-2.14746
-0.819456
-0.807918
-0.761921
-0.69784
-0.627035
-0.551845
-0.472643
-0.388891
-0.298155
-0.195957
-0.0871436
-0.0085393
0.017277
-0.069655
-0.351808
-0.687335
-1.03384
-1.3575
-1.51819
-1.55642
-0.834632
-0.823468
-0.777685
-0.713816
-0.643517
-0.569337
-0.491925
-0.410908
-0.323733
-0.224987
-0.118556
-0.0451084
-0.0364419
-0.166078
-0.496709
-0.82152
-1.11199
-1.36267
-1.45671
-1.47321
-0.849987
-0.839186
-0.793544
-0.729958
-0.660292
-0.587349
-0.512086
-0.434302
-0.351491
-0.257021
-0.152524
-0.0829433
-0.0925562
-0.266222
-0.633448
-0.956172
-1.18479
-1.35286
-1.42266
-1.41468
-0.865529
-0.854891
-0.809322
-0.746017
-0.677104
-0.605616
-0.53289
-0.459044
-0.381856
-0.292689
-0.189678
-0.122031
-0.147986
-0.387592
-0.767263
-1.10692
-1.27718
-1.26911
-1.35283
-1.39125
-0.880845
-0.870317
-0.824701
-0.761644
-0.693532
-0.623737
-0.554027
-0.485217
-0.414726
-0.33309
-0.230812
-0.160266
-0.203009
-0.517059
-0.91875
-1.29915
-1.51923
-1.45885
-1.48559
-1.50578
-0.89536
-0.884926
-0.839148
-0.776321
-0.709053
-0.641173
-0.574848
-0.511911
-0.451454
-0.379748
-0.278937
-0.200096
-0.262838
-0.639501
-1.09203
-1.54912
-1.99723
-1.88638
-1.70656
-1.65584
-0.908378
-0.89802
-0.852002
-0.78939
-0.722983
-0.657096
-0.594623
-0.538865
-0.490017
-0.435129
-0.341714
-0.253886
-0.331854
-0.75887
-1.20493
-1.5179
-1.70153
-1.65637
-1.66028
-1.66727
-0.919095
-0.908735
-0.862481
-0.800051
-0.734493
-0.670559
-0.612373
-0.565159
-0.532379
-0.50418
-0.436971
-0.346965
-0.427276
-0.870956
-1.24805
-1.36944
-1.32082
-1.48555
-1.62444
-1.69325
-0.926586
-0.916203
-0.86961
-0.80731
-0.742507
-0.680447
-0.626736
-0.589411
-0.578355
-0.59529
-0.600794
-0.533188
-0.611187
-1.05038
-1.46825
-1.83718
-1.97384
-2.06821
-2.0554
-2.04761
-0.929744
-0.919307
-0.872293
-0.810093
-0.745832
-0.685396
-0.635922
-0.609472
-0.627101
-0.721933
-0.885564
-0.890464
-0.910615
-1.29853
-1.81857
-2.50291
-2.95892
-3.01514
-2.81232
-2.64605
-0.927575
-0.917016
-0.869567
-0.807314
-0.743283
-0.683843
-0.637731
-0.621795
-0.673419
-0.886778
-1.31321
-1.43881
-1.24082
-1.38034
-1.80355
-2.51635
-2.98157
-2.92161
-2.56109
-2.29916
-0.919207
-0.90845
-0.860473
-0.797977
-0.733732
-0.674299
-0.629646
-0.621281
-0.703066
-1.04983
-1.89317
-2.07422
-1.45732
-1.11337
-0.956727
-0.951009
-0.997285
-0.852038
-0.600907
-0.44505
-0.904077
-0.893052
-0.844482
-0.78117
-0.716307
-0.65565
-0.60966
-0.601852
-0.696352
-1.10738
-2.26774
-2.37672
-1.30873
-0.428584
0.278021
0.728479
1.04518
1.22914
1.33218
1.36966
-0.881728
-0.870502
-0.821519
-0.757067
-0.690906
-0.627555
-0.576379
-0.558411
-0.631122
-0.986302
-1.9425
-1.86391
-0.749416
0.190117
0.945798
1.44463
1.75592
1.90267
1.95857
1.97005
-0.851735
-0.840367
-0.790455
-0.725936
-0.658036
-0.591006
-0.53185
-0.495385
-0.518309
-0.703702
-1.13103
-0.829999
-0.0513246
0.645516
1.15964
1.49072
1.69486
1.80754
1.8642
1.88545
-0.814254
-0.803572
-0.753022
-0.688033
-0.618812
-0.548225
-0.480517
-0.423364
-0.391697
-0.410613
-0.426159
-0.112732
0.391039
0.840816
1.14607
1.35058
1.48459
1.57044
1.62242
1.64363
-0.767828
-0.75847
-0.708672
-0.643872
-0.574305
-0.501543
-0.42725
-0.353722
-0.282522
-0.204851
-0.059879
0.209249
0.535717
0.821814
1.02248
1.1632
1.26289
1.33375
1.38009
1.40344
-0.709572
-0.702326
-0.655408
-0.592713
-0.52464
-0.452014
-0.374796
-0.292343
-0.200711
-0.0851142
0.0875357
0.313335
0.536836
0.725982
0.868477
0.974241
1.0537
1.11385
1.15742
1.17701
-0.635069
-0.628067
-0.588447
-0.531759
-0.468612
-0.399192
-0.323561
-0.239558
-0.14244
-0.0204094
0.140985
0.320849
0.481002
0.61212
0.713829
0.79181
0.852577
0.901825
0.941228
0.960265
-0.537796
-0.533014
-0.506454
-0.459031
-0.403226
-0.341265
-0.272031
-0.193476
-0.101427
0.0115713
0.15037
0.292426
0.411166
0.505282
0.577445
0.632142
0.673135
0.703555
0.725707
0.738183
-0.418829
-0.417594
-0.402277
-0.368331
-0.325836
-0.276428
-0.218975
-0.15193
-0.0712994
0.0272177
0.144596
0.260311
0.35447
0.427629
0.482532
0.522797
0.551709
0.572285
0.585686
0.590699
-0.302105
-0.302235
-0.294163
-0.272863
-0.243958
-0.208375
-0.164308
-0.1105
-0.0440102
0.0384689
0.135755
0.228829
0.302753
0.358883
0.399853
0.428749
0.448452
0.461101
0.468214
0.471144
-0.195387
-0.196091
-0.192318
-0.181287
-0.164429
-0.141432
-0.110692
-0.0702712
-0.0180111
0.0484708
0.127132
0.2015
0.259471
0.302429
0.332911
0.353674
0.367045
0.375058
0.379248
0.38054
-0.10791
-0.108767
-0.108343
-0.104629
-0.0966391
-0.0832809
-0.0630918
-0.0342034
0.00544648
0.0576007
0.120061
0.17882
0.223838
0.256601
0.279287
0.294076
0.303171
0.308325
0.310704
0.311288
-0.0451148
-0.0458377
-0.046972
-0.0477306
-0.0452611
-0.0383298
-0.025446
-0.00513183
0.0243326
0.0644385
0.113156
0.159043
0.19387
0.218684
0.235412
0.246151
0.25255
0.255855
0.257204
0.257469
-0.00483422
-0.00537325
-0.00682857
-0.00857948
-0.00853876
-0.00532285
0.00253412
0.0166238
0.0383855
0.0689708
0.106624
0.142011
0.168647
0.187514
0.200142
0.207983
0.212398
0.214501
0.215236
0.215329
0.0196257
0.0192829
0.0181791
0.0166382
0.0162477
0.0180888
0.023197
0.0328903
0.0486733
0.0716759
0.100533
0.127811
0.148264
0.162511
0.171749
0.177355
0.180433
0.1818
0.182167
0.182184
0.0343739
0.0341471
0.0334565
0.0324403
0.0321212
0.0333407
0.0370042
0.0441309
0.055813
0.0730617
0.0949755
0.115707
0.131123
0.14177
0.14869
0.152824
0.15499
0.155869
0.156045
0.156032
0.043591
0.0434392
0.043014
0.0423841
0.0422247
0.0431112
0.0457076
0.050884
0.0595885
0.0725902
0.0891884
0.104949
0.116676
0.124747
0.129894
0.132906
0.134452
0.135047
0.135139
0.135119
0.0491894
0.0490871
0.0488143
0.0484115
0.0483581
0.0490795
0.0510609
0.0549217
0.0613969
0.0711616
0.0837299
0.0956661
0.104501
0.110525
0.114342
0.116556
0.117666
0.118067
0.118107
0.118083
0.0521045
0.0520339
0.0518491
0.0515727
0.0515561
0.0521121
0.0536056
0.056516
0.0613989
0.0687526
0.078227
0.0872342
0.0938908
0.0984209
0.10127
0.1029
0.103698
0.103967
0.103977
0.103953
0.0529765
0.0529254
0.0528018
0.0526199
0.0526359
0.0530804
0.0542212
0.0564144
0.0600886
0.0656326
0.0727886
0.0795863
0.0845947
0.0879839
0.0900997
0.0912969
0.0918701
0.0920494
0.0920423
0.0920193
0.0523381
0.0522994
0.0522158
0.0520985
0.0521323
0.0524881
0.0533658
0.0550336
0.0578104
0.0619906
0.0673819
0.0724996
0.0762618
0.0787964
0.080369
0.0812499
0.0816626
0.0817811
0.0817651
0.0817437
0.0505846
0.0505545
0.0504961
0.0504201
0.0504609
0.0507435
0.0514179
0.0526843
0.0547823
0.0579364
0.0619995
0.0658504
0.0686735
0.0705675
0.0717354
0.0723823
0.0726783
0.0727557
0.0727359
0.0727165
0.0480012
0.0479777
0.0479351
0.0478839
0.0479228
0.0481446
0.0486615
0.0496227
0.0512094
0.0535867
0.0566454
0.0595391
0.0616533
0.0630664
0.0639324
0.0644072
0.064619
0.0646677
0.0646461
0.0646289
0.0447901
0.0447718
0.0447395
0.0447024
0.0447347
0.0449056
0.0452989
0.0460266
0.0472232
0.049014
0.0513145
0.0534847
0.0550655
0.0561171
0.0567575
0.0571043
0.0572546
0.0572838
0.0572624
0.0572475
0.041101
0.0410867
0.0410614
0.0410327
0.0410568
0.0411857
0.0414826
0.0420312
0.0429318
0.0442774
0.0460025
0.0476263
0.0488055
0.0495864
0.0500585
0.0503111
0.0504168
0.0504326
0.0504123
0.0503995
0.0370473
0.037036
0.0370157
0.0369924
0.037009
0.0371048
0.0373268
0.0377376
0.0384116
0.039418
0.040707
0.041919
0.0427962
0.0433737
0.0437199
0.0439018
0.0439745
0.0439811
0.0439625
0.0439517
0.0327161
0.0327072
0.0326906
0.032671
0.0326812
0.0327505
0.0329141
0.0332184
0.0337194
0.0344686
0.0354271
0.0363257
0.0369743
0.0373992
0.0376511
0.0377809
0.0378299
0.0378303
0.0378133
0.0378043
0.0281757
0.0281687
0.0281552
0.0281382
0.0281428
0.028191
0.028309
0.0285317
0.0289004
0.0294524
0.0301586
0.0308188
0.0312932
0.0316023
0.0317839
0.0318759
0.0319083
0.0319052
0.0318903
0.0318827
0.0234777
0.0234723
0.023461
0.0234459
0.0234462
0.0234785
0.0235618
0.023722
0.0239889
0.0243892
0.0249018
0.0253804
0.0257225
0.0259431
0.0260709
0.0261332
0.0261525
0.0261467
0.0261334
0.0261271
0.0186622
0.018658
0.0186485
0.0186351
0.0186323
0.0186522
0.0187086
0.0188198
0.0190069
0.0192892
0.0196508
0.0199883
0.0202289
0.0203828
0.02047
0.0205104
0.0205202
0.0205123
0.0205002
0.0204948
0.0137602
0.0137571
0.013749
0.0137368
0.0137315
0.0137419
0.0137774
0.0138503
0.013975
0.014164
0.014407
0.014633
0.0147927
0.0148935
0.0149491
0.0149732
0.0149767
0.0149682
0.0149576
0.0149532
0.0087951
0.00879284
0.00878616
0.00877571
0.00876971
0.00877367
0.00879327
0.00883596
0.00891023
0.00902298
0.00916745
0.00930156
0.00939569
0.00945478
0.00948664
0.00949889
0.00949793
0.00948948
0.00948032
0.00947682
0.00126425
0.00126335
0.00125994
0.00125712
0.00125661
0.00125767
0.0012614
0.00126897
0.00128131
0.0012994
0.00131915
0.00133482
0.00134521
0.00135094
0.00135329
0.00135366
0.00135195
0.00134839
0.00134615
0.00404836
-2.26154
-1.24148
-0.674602
-0.324841
-0.065104
0.136526
0.29846
0.437137
0.573849
0.677897
-0.823218
-0.525274
-0.267181
-0.0575737
0.115761
0.259912
0.380262
0.479667
0.543775
0.556199
-0.321924
-0.156864
-0.00167034
0.136259
0.255104
0.35627
0.439872
0.503908
0.54587
0.568819
-0.025088
0.08096
0.18391
0.27882
0.362054
0.433252
0.491693
0.537237
0.57109
0.593306
0.17717
0.25003
0.32263
0.390542
0.450555
0.502499
0.546091
0.581641
0.60978
0.628814
0.329388
0.37804
0.434992
0.485567
0.531329
0.571768
0.60666
0.635943
0.659712
0.675368
0.449976
0.488991
0.533665
0.573807
0.611491
0.645601
0.675519
0.700867
0.721399
0.734108
0.553912
0.588248
0.62667
0.66303
0.697025
0.728173
0.75554
0.778538
0.796699
0.806936
0.651905
0.686435
0.724297
0.760589
0.793899
0.823902
0.849893
0.871322
0.887572
0.896275
0.758053
0.796684
0.836444
0.874112
0.907399
0.936336
0.960645
0.980353
0.995021
1.00386
0.887427
0.93057
0.97062
1.00726
1.0384
1.06473
1.08681
1.1049
1.11877
1.12917
1.05052
1.09241
1.12657
1.15659
1.18152
1.20342
1.22338
1.24109
1.25608
1.26893
1.24185
1.27288
1.29437
1.31375
1.33207
1.34952
1.3659
1.38192
1.39861
1.41564
1.44025
1.45178
1.46297
1.4772
1.49162
1.50459
1.51607
1.52701
1.53999
1.55695
1.62631
1.63625
1.64497
1.64744
1.64832
1.6527
1.66367
1.67975
1.69742
1.70203
1.92752
1.87216
1.82135
1.78111
1.75886
1.75488
1.76838
1.80222
1.8587
1.93427
0.464924
0.406235
0.363914
0.330193
0.305704
0.288341
0.276048
0.267351
0.261426
0.258014
0.257471
0.259941
0.264921
0.272399
0.282915
0.297648
0.318397
0.347283
0.385856
0.433579
0.266255
0.275199
0.280977
0.281907
0.278627
0.272858
0.266718
0.26149
0.25779
0.256066
0.256964
0.260116
0.2649
0.270887
0.277207
0.282127
0.283524
0.280154
0.272371
0.264687
0.242853
0.24493
0.249745
0.253626
0.256521
0.258323
0.258392
0.256943
0.254924
0.253346
0.25315
0.254621
0.256881
0.258988
0.259941
0.259082
0.256736
0.253468
0.249067
0.244533
0.235696
0.236601
0.239437
0.242672
0.245138
0.246824
0.248043
0.248749
0.24885
0.248724
0.248889
0.249427
0.249917
0.249823
0.249041
0.24775
0.245811
0.242969
0.239794
0.23762
0.229786
0.230238
0.232249
0.235296
0.238157
0.24048
0.242116
0.243181
0.243877
0.244303
0.244647
0.244918
0.244836
0.244306
0.243219
0.241399
0.238897
0.235949
0.233289
0.232058
0.226861
0.227035
0.228289
0.23042
0.23257
0.234602
0.236484
0.238047
0.239203
0.240013
0.24051
0.240597
0.240204
0.239266
0.237825
0.236078
0.234102
0.232008
0.230215
0.229603
0.225812
0.225892
0.226527
0.227676
0.228931
0.230338
0.231645
0.232931
0.234102
0.235063
0.235676
0.235791
0.235424
0.234705
0.233791
0.232614
0.23147
0.230372
0.229476
0.229185
0.224227
0.224265
0.224602
0.225291
0.226148
0.227118
0.22829
0.229523
0.230696
0.231728
0.232464
0.232697
0.23246
0.231885
0.231108
0.230388
0.229686
0.229017
0.228555
0.228414
0.221715
0.221731
0.221914
0.222346
0.222895
0.223616
0.224406
0.225347
0.226392
0.227439
0.228309
0.228759
0.228805
0.228596
0.228269
0.227976
0.227605
0.227232
0.226996
0.226935
0.218712
0.218721
0.218847
0.219182
0.21967
0.220276
0.221006
0.22188
0.222894
0.224008
0.225054
0.225757
0.226079
0.22615
0.226072
0.225854
0.225639
0.225406
0.225274
0.225246
0.215389
0.215394
0.215481
0.215722
0.216098
0.216601
0.217262
0.218113
0.219172
0.220418
0.221701
0.222696
0.223296
0.223617
0.223756
0.223775
0.223727
0.223651
0.22361
0.223602
0.211697
0.211706
0.211775
0.211973
0.212299
0.212773
0.213434
0.214329
0.215495
0.216943
0.218539
0.219878
0.220788
0.221361
0.221704
0.221891
0.221978
0.222011
0.222028
0.222032
0.207593
0.207599
0.207676
0.207862
0.208182
0.208671
0.209384
0.210387
0.211743
0.213489
0.215484
0.217243
0.218478
0.219328
0.219876
0.22022
0.220425
0.220541
0.220602
0.220615
0.203027
0.203032
0.203115
0.203323
0.203678
0.20423
0.205054
0.206237
0.20787
0.210015
0.212522
0.214775
0.216418
0.217567
0.218337
0.218836
0.219149
0.219336
0.219431
0.219452
0.197936
0.197942
0.198041
0.198286
0.198706
0.199368
0.200363
0.201807
0.203821
0.206493
0.209652
0.212526
0.214653
0.216141
0.217154
0.21782
0.218245
0.218501
0.218632
0.218661
0.192202
0.19221
0.192332
0.192634
0.193154
0.193974
0.19521
0.197011
0.19953
0.202887
0.206871
0.210512
0.213211
0.215117
0.216417
0.217277
0.217827
0.218161
0.21833
0.218369
0.185666
0.185676
0.185832
0.186214
0.186872
0.187908
0.189471
0.191745
0.194926
0.199164
0.20419
0.208783
0.212187
0.214596
0.216241
0.217331
0.218029
0.218454
0.218669
0.218718
0.178114
0.178127
0.178329
0.178819
0.179663
0.18099
0.182988
0.185887
0.189929
0.195293
0.201632
0.207407
0.211679
0.214701
0.216765
0.218134
0.21901
0.219543
0.219812
0.219873
0.169251
0.169269
0.169532
0.170169
0.171267
0.172989
0.175565
0.179284
0.184444
0.191248
0.199234
0.206472
0.21181
0.215582
0.218159
0.219867
0.22096
0.221622
0.221957
0.222033
0.158668
0.158693
0.159039
0.159879
0.161334
0.163607
0.166964
0.171755
0.178368
0.187006
0.197051
0.206089
0.212731
0.217419
0.220624
0.222747
0.224105
0.224924
0.225336
0.225431
0.145793
0.145827
0.14629
0.147416
0.14937
0.152378
0.156783
0.163062
0.171578
0.182555
0.195154
0.20639
0.214616
0.22042
0.224392
0.22703
0.228716
0.229729
0.230235
0.23035
0.129828
0.129876
0.130508
0.132053
0.134731
0.138794
0.144695
0.152936
0.163955
0.1779
0.193638
0.207524
0.217655
0.224811
0.229728
0.233009
0.235117
0.236382
0.237007
0.237144
0.109593
0.109664
0.110552
0.112755
0.116528
0.122139
0.130146
0.141126
0.155442
0.173111
0.192639
0.209661
0.222049
0.230833
0.236911
0.241007
0.243667
0.245275
0.246059
0.246223
0.0831869
0.0832953
0.0846397
0.0879882
0.0935456
0.101584
0.112743
0.127521
0.146118
0.168361
0.19235
0.212988
0.227989
0.238702
0.246211
0.251353
0.254757
0.256854
0.257884
0.258092
0.0472781
0.0474718
0.0498177
0.0554384
0.0642169
0.0762762
0.0921719
0.112162
0.136208
0.163918
0.192993
0.217664
0.235596
0.24855
0.25781
0.264322
0.268771
0.271599
0.273012
0.273299
-0.00445792
-0.00383082
0.00149195
0.0122573
0.0271088
0.0457693
0.0685382
0.0954076
0.126113
0.160096
0.194743
0.223735
0.244834
0.260291
0.271638
0.279936
0.285912
0.28997
0.292151
0.292612
-0.0808456
-0.0772543
-0.0625206
-0.0410305
-0.0163271
0.0116047
0.0430971
0.0780914
0.116291
0.157164
0.197877
0.231641
0.256375
0.27486
0.288908
0.299742
0.308199
0.314591
0.31861
0.32005
-0.161832
-0.153086
-0.126749
-0.0946074
-0.0598689
-0.0225077
0.0177038
0.060818
0.106707
0.154974
0.202634
0.242229
0.271596
0.294034
0.311635
0.325799
0.337421
0.347074
0.355435
0.357663
-0.225724
-0.217164
-0.18385
-0.14356
-0.100436
-0.0547066
-0.00637963
0.0445076
0.0977747
0.153052
0.20714
0.251894
0.285074
0.310474
0.330438
0.346465
0.359528
0.370123
0.378082
0.380365
-0.276631
-0.267454
-0.230578
-0.185057
-0.135799
-0.0835257
-0.0284473
0.0291872
0.0890781
0.150755
0.210603
0.259669
0.295697
0.322953
0.344056
0.360723
0.374126
0.384868
0.392741
0.395226
-0.317633
-0.30838
-0.269564
-0.220105
-0.166315
-0.108998
-0.0484526
0.0149189
0.0806193
0.147996
0.21298
0.265811
0.304155
0.332777
0.35463
0.371634
0.385095
0.395686
0.403387
0.405955
-0.352165
-0.342897
-0.302878
-0.250562
-0.19312
-0.131658
-0.066569
0.00168997
0.0725269
0.145129
0.214893
0.271145
0.311511
0.341253
0.363646
0.38082
0.394224
0.404669
0.412175
0.414831
-0.382372
-0.373147
-0.332352
-0.277767
-0.217387
-0.152469
-0.0834478
-0.0108498
0.0646277
0.142008
0.216218
0.275728
0.318045
0.348873
0.371805
0.389186
0.402594
0.412948
0.420268
0.422935
-0.409677
-0.400458
-0.359061
-0.30263
-0.239813
-0.171979
-0.0995756
-0.0231815
0.0564893
0.138376
0.216972
0.279805
0.324161
0.356161
0.379707
0.397354
0.410821
0.421108
0.42828
0.430954
-0.434876
-0.42565
-0.383767
-0.325783
-0.260962
-0.190672
-0.115344
-0.0355283
0.048035
0.134246
0.217207
0.283491
0.330067
0.3634
0.387684
0.405687
0.419277
0.429566
0.436554
0.43922
-0.458631
-0.449359
-0.407048
-0.347764
-0.281219
-0.208784
-0.130885
-0.0480119
0.0391365
0.129474
0.216833
0.286791
0.335852
0.370756
0.395951
0.414433
0.428217
0.438531
0.445369
0.448021
-0.481308
-0.47196
-0.429253
-0.368886
-0.300869
-0.22658
-0.146419
-0.0608127
0.0296412
0.123953
0.215748
0.289643
0.341527
0.3783
0.404637
0.423751
0.437829
0.448212
0.454966
0.457556
-0.503189
-0.493724
-0.450611
-0.389359
-0.320065
-0.244191
-0.162057
-0.0740025
0.0194893
0.117598
0.213846
0.291938
0.347015
0.38602
0.413787
0.433738
0.448249
0.458788
0.465482
0.467956
-0.524343
-0.514786
-0.471206
-0.409284
-0.338869
-0.261634
-0.177802
-0.0875968
0.00864799
0.110327
0.211006
0.293515
0.352169
0.393819
0.423377
0.444426
0.459545
0.470347
0.477038
0.479334
-0.544896
-0.535178
-0.491261
-0.428673
-0.357315
-0.278936
-0.193654
-0.101588
-0.00288222
0.102111
0.207111
0.294188
0.356774
0.401542
0.433324
0.455806
0.471742
0.482931
0.489691
0.491794
-0.564853
-0.555049
-0.510845
-0.447535
-0.375399
-0.296061
-0.209566
-0.115919
-0.0150758
0.0929403
0.202052
0.293752
0.360577
0.408948
0.443459
0.467781
0.484813
0.496526
0.503373
0.505328
-0.584206
-0.574187
-0.529714
-0.465853
-0.393069
-0.312952
-0.225473
-0.130525
-0.0278521
0.0828494
0.195794
0.292026
0.363284
0.415673
0.45348
0.480161
0.498657
0.511085
0.51803
0.519791
-0.602856
-0.592706
-0.547903
-0.483574
-0.410267
-0.329538
-0.241291
-0.145309
-0.0411183
0.0718954
0.18831
0.288861
0.364566
0.421256
0.463
0.492774
0.513192
0.526456
0.533396
0.534869
-0.620728
-0.610549
-0.565372
-0.500671
-0.426938
-0.345739
-0.256934
-0.16017
-0.0547764
0.0601851
0.179617
0.284117
0.364098
0.425236
0.471481
0.505292
0.528472
0.542759
0.549325
0.550252
-0.637901
-0.627644
-0.582141
-0.517083
-0.443026
-0.361485
-0.272308
-0.175
-0.0687103
0.0478174
0.169809
0.277723
0.361641
0.427125
0.478196
0.517099
0.544555
0.560562
0.565793
0.565225
-0.654282
-0.643873
-0.598128
-0.532767
-0.458465
-0.376726
-0.287332
-0.189704
-0.0827916
0.03493
0.158982
0.269729
0.357043
0.426353
0.482041
0.526843
0.560876
0.58148
0.585187
0.580048
-0.669908
-0.659353
-0.613324
-0.547717
-0.473276
-0.391484
-0.302036
-0.204319
-0.0970547
0.0214952
0.147096
0.259992
0.350103
0.422499
0.481729
0.532352
0.5751
0.605739
0.615846
0.600991
-0.684798
-0.674014
-0.627855
-0.562072
-0.487667
-0.406041
-0.316769
-0.21929
-0.112054
0.00686377
0.133452
0.24778
0.339892
0.414742
0.475308
0.529222
0.578987
0.614544
0.628963
0.57906
-0.69923
-0.687531
-0.641645
-0.575749
-0.501576
-0.42033
-0.331366
-0.234391
-0.12753
-0.008683
0.118248
0.233159
0.326135
0.402852
0.461847
0.510981
0.556682
0.58725
0.555801
0.483163
-0.714029
-0.699608
-0.654579
-0.588864
-0.515263
-0.434491
-0.34603
-0.249607
-0.143456
-0.0250986
0.101528
0.216074
0.308319
0.386718
0.4436
0.471079
0.504355
0.497377
0.43212
0.353802
-0.727735
-0.731469
-0.66686
-0.599021
-0.526242
-0.446057
-0.360182
-0.264314
-0.159121
-0.0415845
0.0840691
0.197009
0.286626
0.368018
0.414884
0.383388
0.409584
0.356769
0.274127
0.18675
-0.699244
-0.700067
-0.645407
-0.578399
-0.502228
-0.419314
-0.329499
-0.230701
-0.121155
0.00190707
0.121586
0.219021
0.296165
0.368343
0.415516
0.301888
0.207511
0.132029
0.043527
-0.145051
-0.736089
-0.712581
-0.655293
-0.587908
-0.5124
-0.430387
-0.341795
-0.244363
-0.136066
-0.0142223
0.102586
0.19463
0.264536
0.311274
0.283331
0.129843
-0.0225758
-0.127145
-0.234895
-0.446126
-0.755842
-0.726491
-0.670374
-0.602644
-0.527821
-0.446707
-0.358854
-0.263172
-0.15685
-0.0372417
0.0763881
0.162122
0.222367
0.241371
0.148497
-0.0735796
-0.263696
-0.402913
-0.560915
-0.864482
-0.774337
-0.742103
-0.685539
-0.61745
-0.543044
-0.462767
-0.376228
-0.282391
-0.178335
-0.0614726
0.0484522
0.127232
0.174657
0.161635
-0.0189626
-0.294177
-0.540391
-0.736805
-0.971121
-1.48153
-0.790854
-0.758006
-0.700599
-0.632237
-0.55822
-0.478875
-0.393977
-0.30222
-0.200695
-0.0862149
0.0198139
0.0907699
0.121581
0.0563362
-0.196596
-0.514628
-0.834877
-1.12427
-1.45878
-2.48893
-0.806165
-0.773633
-0.715858
-0.64746
-0.573876
-0.495567
-0.412349
-0.322961
-0.224108
-0.112236
-0.00969308
0.0524391
0.0630801
-0.0564859
-0.366615
-0.709911
-1.07153
-1.41104
-1.73922
-3.00963
-0.821232
-0.789018
-0.731427
-0.663182
-0.590108
-0.512918
-0.431559
-0.344773
-0.248882
-0.139765
-0.0409224
0.0120341
0.000542538
-0.178872
-0.519885
-0.860008
-1.2036
-1.46805
-1.52981
-1.6002
-0.836388
-0.804478
-0.747193
-0.679375
-0.60701
-0.531194
-0.452087
-0.368592
-0.276467
-0.170431
-0.0739435
-0.0313433
-0.0684249
-0.317481
-0.661879
-0.971621
-1.24619
-1.4363
-1.47328
-1.47662
-0.851816
-0.820114
-0.7631
-0.695783
-0.624322
-0.550148
-0.473783
-0.39429
-0.306691
-0.203824
-0.108735
-0.0754011
-0.152038
-0.449516
-0.802124
-1.08147
-1.27945
-1.38734
-1.41334
-1.41334
-0.867381
-0.835769
-0.778917
-0.712149
-0.641733
-0.569532
-0.496479
-0.421934
-0.339964
-0.241084
-0.145298
-0.120066
-0.236483
-0.582455
-0.944631
-1.22294
-1.28884
-1.31444
-1.37859
-1.39569
-0.882747
-0.851094
-0.794339
-0.728093
-0.658878
-0.588958
-0.519801
-0.451045
-0.376825
-0.282992
-0.184263
-0.162861
-0.321199
-0.729984
-1.10686
-1.46129
-1.46702
-1.46559
-1.49851
-1.50966
-0.897224
-0.865571
-0.808828
-0.743095
-0.675159
-0.607851
-0.5432
-0.481902
-0.418136
-0.332183
-0.228375
-0.204317
-0.404234
-0.880642
-1.29974
-1.80902
-2.01264
-1.76773
-1.67069
-1.64832
-0.91029
-0.878482
-0.821722
-0.756484
-0.689962
-0.625398
-0.566019
-0.514157
-0.464727
-0.393709
-0.284734
-0.255618
-0.505472
-0.997353
-1.38016
-1.62925
-1.69963
-1.65854
-1.66567
-1.66493
-0.920981
-0.889044
-0.83223
-0.767455
-0.702286
-0.64062
-0.587253
-0.547034
-0.520103
-0.479061
-0.379187
-0.354258
-0.623878
-1.08132
-1.35401
-1.34596
-1.4114
-1.5619
-1.66969
-1.7068
-0.928511
-0.896309
-0.839361
-0.774986
-0.711008
-0.652287
-0.605575
-0.580285
-0.586234
-0.60867
-0.564826
-0.537972
-0.806157
-1.26054
-1.67846
-1.90557
-2.03368
-2.06843
-2.04985
-2.05478
-0.931634
-0.899156
-0.842063
-0.777954
-0.714946
-0.658858
-0.618946
-0.6113
-0.663911
-0.812285
-0.916114
-0.857401
-1.06175
-1.53736
-2.14325
-2.78384
-3.03282
-2.9283
-2.71042
-2.61148
-0.929451
-0.896574
-0.839295
-0.775242
-0.712734
-0.658519
-0.624618
-0.635478
-0.749467
-1.1038
-1.47835
-1.3077
-1.26825
-1.54942
-2.12995
-2.83058
-3.00818
-2.7506
-2.40556
-2.25247
-0.921054
-0.887675
-0.830092
-0.76579
-0.703117
-0.649391
-0.619012
-0.645097
-0.821782
-1.42134
-2.20063
-1.73407
-1.25002
-1.01558
-0.935981
-0.987028
-0.950645
-0.725018
-0.50453
-0.413553
-0.905913
-0.871831
-0.813997
-0.748771
-0.685146
-0.630032
-0.598825
-0.629227
-0.833241
-1.5642
-2.59561
-1.8237
-0.864711
-0.0385454
0.532182
0.903129
1.14626
1.28963
1.35904
1.37389
-0.883524
-0.848925
-0.789604
-0.724156
-0.65862
-0.599764
-0.561368
-0.577333
-0.75361
-1.40072
-2.19258
-1.27486
-0.269318
0.614593
1.21735
1.62514
1.84576
1.93858
1.96808
1.97002
-0.853574
-0.818311
-0.759207
-0.692294
-0.624254
-0.559992
-0.509564
-0.495874
-0.580846
-0.911858
-1.14323
-0.430419
0.307652
0.932868
1.34239
1.60754
1.76034
1.84125
1.87862
1.88737
-0.816325
-0.781219
-0.721681
-0.653928
-0.583629
-0.513825
-0.45015
-0.403269
-0.393675
-0.43399
-0.330999
0.137439
0.630199
1.00956
1.25851
1.42494
1.53246
1.60016
1.63681
1.64555
-0.769975
-0.736972
-0.677185
-0.609723
-0.538378
-0.464617
-0.390431
-0.31806
-0.246285
-0.147141
0.0648108
0.371901
0.688876
0.931078
1.09895
1.2172
1.30154
1.36025
1.39397
1.40648
-0.711683
-0.683314
-0.624919
-0.559367
-0.489075
-0.414123
-0.3345
-0.248283
-0.147684
-0.00644332
0.198285
0.42701
0.637106
0.802414
0.925217
1.01667
1.08598
1.13749
1.17078
1.1786
-0.637206
-0.612286
-0.561028
-0.501125
-0.434736
-0.362328
-0.282904
-0.193271
-0.0857897
0.0566831
0.232204
0.403902
0.550342
0.666265
0.755325
0.8239
0.878373
0.922959
0.953798
0.962511
-0.536554
-0.523308
-0.484101
-0.432078
-0.37314
-0.307772
-0.234135
-0.149573
-0.0483287
0.0794617
0.223788
0.354774
0.461138
0.543761
0.606687
0.654138
0.689494
0.715569
0.733544
0.740011
-0.418834
-0.412672
-0.386675
-0.348011
-0.302056
-0.248894
-0.186671
-0.113577
-0.0247727
0.0853036
0.204948
0.310026
0.393529
0.457094
0.50431
0.538471
0.562882
0.580004
0.589254
0.59095
-0.302419
-0.299967
-0.284653
-0.259166
-0.227146
-0.187367
-0.138845
-0.0790898
-0.00506036
0.0868483
0.184594
0.268094
0.332876
0.381067
0.415618
0.439608
0.455562
0.465277
0.470165
0.47117
-0.196018
-0.19505
-0.187583
-0.173544
-0.153806
-0.127139
-0.0918458
-0.045802
0.0132609
0.0876019
0.166309
0.23246
0.282682
0.319049
0.344358
0.361159
0.371616
0.377581
0.380205
0.380393
-0.108426
-0.108834
-0.106961
-0.1012
-0.0907231
-0.074148
-0.0498603
-0.0158521
0.0298207
0.0886932
0.151129
0.202971
0.241604
0.269074
0.287536
0.299218
0.306169
0.309806
0.311168
0.311127
-0.045486
-0.0463531
-0.0475949
-0.0469385
-0.0424453
-0.0327146
-0.0163129
0.00832004
0.0429618
0.0886445
0.137443
0.177791
0.207427
0.227928
0.241421
0.249807
0.254527
0.256717
0.257438
0.257327
-0.00508193
-0.00594404
-0.00782497
-0.00884743
-0.00740171
-0.00206358
0.00871729
0.0264583
0.0525175
0.0876559
0.125393
0.156384
0.178957
0.194518
0.204581
0.210547
0.213683
0.214989
0.215338
0.215213
0.0194718
0.0188689
0.0173478
0.0162366
0.016843
0.0201714
0.0273861
0.0399389
0.0592271
0.085959
0.114998
0.138869
0.156099
0.167673
0.174932
0.179161
0.18129
0.182061
0.182203
0.182096
0.0342664
0.0338912
0.0329201
0.0321455
0.0324952
0.0348152
0.0400758
0.0493367
0.0636931
0.0838853
0.105987
0.124065
0.136981
0.145637
0.151056
0.154112
0.155558
0.156007
0.156052
0.155964
0.0435141
0.043283
0.0426813
0.0422128
0.0425059
0.0441531
0.0479201
0.0547448
0.0655185
0.0807817
0.097554
0.111306
0.121127
0.12764
0.131624
0.13383
0.134843
0.135126
0.135137
0.135065
0.0491343
0.0489887
0.0485993
0.048317
0.0485988
0.0498821
0.0527177
0.0577892
0.0658381
0.0773574
0.0900728
0.100465
0.107831
0.112673
0.115618
0.117226
0.117936
0.118109
0.118099
0.11804
0.0520649
0.051969
0.0517008
0.051514
0.0517456
0.0527177
0.0548538
0.0586788
0.0647432
0.0734225
0.0830134
0.0908503
0.0963977
0.100028
0.102213
0.103385
0.103883
0.103987
0.103967
0.10392
0.052947
0.0528825
0.0527029
0.0525897
0.052792
0.0535461
0.0551632
0.0580403
0.0626086
0.0691593
0.0764038
0.0823108
0.0864733
0.0891794
0.0907947
0.0916475
0.0919974
0.0920552
0.0920314
0.0919927
0.0523154
0.0522702
0.0521505
0.0520866
0.0522605
0.0528484
0.0540835
0.0562638
0.0597112
0.0646482
0.0701046
0.0745479
0.0776681
0.0796868
0.0808819
0.0815043
0.0817497
0.0817793
0.0817543
0.0817227
0.050567
0.0505337
0.0504525
0.0504187
0.0505648
0.0510216
0.0519637
0.0536141
0.0562171
0.0599404
0.0640493
0.0673887
0.0697256
0.0712298
0.0721134
0.0725662
0.0727376
0.0727498
0.0727257
0.0726999
0.0479875
0.0479622
0.0479048
0.0478868
0.0480055
0.0483586
0.0490765
0.0503268
0.052291
0.0550966
0.058187
0.0606922
0.0624392
0.0635584
0.0642107
0.0645399
0.0646586
0.0646594
0.0646367
0.0646158
0.0447795
0.0447599
0.0447172
0.044706
0.0447989
0.0450688
0.0456135
0.0465579
0.0480385
0.0501494
0.0524714
0.0543477
0.055651
0.0564816
0.0569615
0.0571995
0.0572804
0.0572746
0.0572541
0.0572372
0.0410928
0.0410773
0.0410441
0.0410353
0.0411051
0.0413089
0.0417198
0.0424314
0.0435447
0.0451298
0.0468691
0.0482704
0.0492408
0.0498558
0.0502077
0.0503789
0.050433
0.0504232
0.050405
0.0503914
0.0370408
0.0370284
0.0370018
0.0369935
0.0370448
0.0371968
0.0375045
0.0380369
0.0388699
0.0400552
0.0413541
0.0423987
0.0431186
0.0435717
0.043828
0.0439492
0.0439838
0.0439721
0.0439562
0.0439454
0.0327111
0.032701
0.0326792
0.0326708
0.0327068
0.0328182
0.0330455
0.0334408
0.0340608
0.0349425
0.0359071
0.0366806
0.037212
0.0375437
0.0377287
0.0378136
0.0378345
0.0378218
0.0378079
0.0377994
0.0281719
0.0281637
0.0281456
0.0281366
0.0281602
0.0282395
0.028405
0.0286952
0.0291519
0.0298019
0.0305114
0.0310788
0.0314664
0.0317067
0.0318393
0.0318981
0.0319099
0.0318975
0.0318857
0.0318789
0.0234748
0.0234681
0.0234527
0.0234432
0.0234574
0.0235125
0.0236307
0.0238403
0.0241712
0.0246428
0.025158
0.0255682
0.0258464
0.026017
0.0261089
0.0261472
0.0261518
0.0261397
0.0261295
0.0261243
0.01866
0.0186545
0.0186414
0.0186317
0.0186387
0.0186749
0.0187561
0.0189026
0.0191353
0.0194682
0.0198316
0.0201205
0.0203156
0.0204336
0.0204951
0.0205184
0.0205177
0.0205057
0.0204967
0.0204926
0.0137587
0.0137542
0.0137427
0.0137328
0.0137342
0.0137559
0.0138084
0.0139053
0.0140609
0.0142843
0.0145281
0.0147209
0.0148497
0.0149262
0.0149644
0.0149771
0.0149734
0.0149624
0.0149548
0.0149517
0.00879402
0.00879044
0.00878084
0.00877183
0.00877019
0.00878115
0.00881126
0.00886862
0.0089616
0.0090945
0.00923953
0.00935352
0.00942917
0.00947367
0.00949485
0.00949976
0.00949432
0.00948441
0.00947798
0.00947578
0.00378303
0.00378162
0.0037779
0.00377128
0.00376597
0.00376573
0.00377358
0.00379124
0.0038218
0.00386839
0.00392809
0.00398418
0.00402399
0.00404894
0.00406194
0.00406587
0.00406255
0.00405617
0.00405042
0.0040476
-1.61425
-0.905625
-0.486052
-0.188628
0.0404431
0.220274
0.370803
0.502818
0.643925
0.627856
-0.614122
-0.387365
-0.156956
0.0332892
0.191292
0.322662
0.432886
0.517831
0.556354
0.559412
-0.217771
-0.0773521
0.0698693
0.19798
0.307855
0.400316
0.474578
0.527481
0.560042
0.575361
0.0403505
0.133349
0.232824
0.32194
0.399208
0.464095
0.516044
0.555452
0.584507
0.601919
0.223498
0.287831
0.357598
0.421556
0.477568
0.525328
0.564834
0.596575
0.62147
0.639041
0.36286
0.410796
0.460697
0.509136
0.552234
0.589909
0.622009
0.648465
0.669617
0.686952
0.476233
0.512359
0.553982
0.593054
0.629042
0.661106
0.688797
0.711708
0.729723
0.746886
0.57555
0.607569
0.645153
0.680334
0.713021
0.742366
0.767622
0.788226
0.803576
0.820655
0.672019
0.705222
0.742794
0.777619
0.809361
0.837433
0.861211
0.880119
0.893316
0.910594
0.779333
0.816374
0.855795
0.891291
0.922429
0.949082
0.97109
0.988312
1.00033
1.01823
0.910734
0.950644
0.989633
1.02347
1.05212
1.07629
1.09638
1.11229
1.1244
1.14272
1.07328
1.10976
1.14233
1.16955
1.19276
1.21363
1.23257
1.24887
1.26277
1.28071
1.2588
1.28413
1.30424
1.32301
1.34092
1.35785
1.3739
1.39009
1.40736
1.42654
1.44601
1.457
1.46987
1.48455
1.4983
1.5105
1.52151
1.53294
1.54843
1.56791
1.62811
1.64162
1.64673
1.64775
1.64979
1.65731
1.67118
1.68889
1.70264
1.71398
1.89717
1.84662
1.79915
1.76765
1.75473
1.75929
1.78256
1.82766
1.89438
1.98852
0.321538
0.318614
0.312635
0.301896
0.289628
0.278577
0.269772
0.263224
0.258876
0.256928
0.257879
0.261447
0.267152
0.274995
0.285086
0.29706
0.309139
0.317646
0.322114
0.324171
0.249552
0.256241
0.261674
0.265569
0.266952
0.265593
0.262438
0.25893
0.256108
0.254725
0.255524
0.258105
0.26166
0.265368
0.267954
0.268098
0.265432
0.260708
0.254341
0.248442
0.238873
0.242021
0.245814
0.248759
0.25093
0.252482
0.253044
0.252544
0.25159
0.251065
0.251608
0.252887
0.254048
0.254284
0.253332
0.251561
0.249118
0.245717
0.241997
0.239703
0.232615
0.234238
0.237096
0.24008
0.242357
0.243919
0.245012
0.245752
0.246151
0.246419
0.246727
0.246939
0.246754
0.246107
0.244996
0.243239
0.240649
0.237602
0.235342
0.2343
0.227831
0.228739
0.231134
0.233875
0.236451
0.238708
0.240384
0.241485
0.242193
0.242672
0.243012
0.243039
0.242595
0.241541
0.239766
0.237464
0.234914
0.232249
0.230599
0.230187
0.226349
0.226782
0.228098
0.229725
0.231338
0.232837
0.234295
0.235662
0.236769
0.237556
0.237872
0.237661
0.236972
0.235948
0.234761
0.233365
0.231831
0.230354
0.2295
0.229332
0.225121
0.225338
0.226057
0.227048
0.228155
0.229443
0.230782
0.231999
0.233073
0.233929
0.234367
0.234294
0.233813
0.232987
0.231981
0.231065
0.230168
0.229363
0.228932
0.228853
0.223075
0.223183
0.223573
0.224208
0.22493
0.225694
0.226764
0.227887
0.228991
0.229959
0.230537
0.230621
0.230336
0.229845
0.229382
0.228885
0.228396
0.227971
0.227771
0.227728
0.220247
0.220307
0.220575
0.22105
0.221599
0.222403
0.223174
0.22412
0.225165
0.226217
0.226997
0.227364
0.227426
0.227349
0.226986
0.226737
0.226451
0.226197
0.226094
0.226076
0.217096
0.217132
0.217322
0.217685
0.218164
0.218783
0.219556
0.220505
0.221617
0.222828
0.223854
0.224486
0.224793
0.224888
0.224854
0.224743
0.22459
0.224466
0.224423
0.224412
0.21359
0.213622
0.213763
0.214045
0.214455
0.215017
0.21577
0.21675
0.217971
0.2194
0.220734
0.221677
0.222265
0.222602
0.222769
0.222828
0.222825
0.222807
0.222805
0.222796
0.209699
0.209733
0.209857
0.210109
0.2105
0.211071
0.211875
0.212966
0.214383
0.216124
0.217836
0.219129
0.219998
0.220564
0.22091
0.22111
0.221218
0.221274
0.221298
0.221291
0.20537
0.205401
0.205538
0.205798
0.206215
0.206843
0.207755
0.209029
0.210732
0.212881
0.215059
0.216758
0.217962
0.218772
0.219301
0.219633
0.219834
0.219947
0.219993
0.219985
0.200555
0.200591
0.200745
0.201044
0.201527
0.202267
0.203355
0.204898
0.206991
0.209674
0.212437
0.214639
0.216218
0.217299
0.218018
0.218482
0.21877
0.218934
0.219
0.218991
0.19516
0.195205
0.195392
0.195754
0.196343
0.197248
0.198588
0.200499
0.20311
0.20648
0.209979
0.212785
0.214806
0.216206
0.217144
0.217754
0.218135
0.218353
0.21844
0.21843
0.18905
0.189107
0.189342
0.189797
0.190534
0.191668
0.193349
0.195751
0.199037
0.203285
0.207703
0.21125
0.213813
0.215593
0.216789
0.217568
0.218057
0.218337
0.218449
0.218436
0.182038
0.182111
0.182413
0.182995
0.183934
0.185375
0.187511
0.190557
0.194717
0.200082
0.205648
0.210112
0.213337
0.215576
0.217083
0.218067
0.218685
0.21904
0.219179
0.219163
0.173867
0.173963
0.174357
0.175111
0.176321
0.178171
0.180907
0.184799
0.190086
0.196868
0.20387
0.209466
0.213501
0.216303
0.218188
0.219421
0.220198
0.220643
0.220818
0.220796
0.164192
0.16432
0.164842
0.16583
0.167403
0.169796
0.17333
0.178334
0.185076
0.193652
0.202438
0.209427
0.214456
0.217945
0.220295
0.221834
0.222807
0.223367
0.223584
0.223556
0.152537
0.152715
0.153419
0.154726
0.156791
0.159942
0.164571
0.171017
0.179624
0.190458
0.201449
0.21014
0.216381
0.220711
0.223628
0.225545
0.226765
0.227472
0.227744
0.227706
0.138229
0.138486
0.139457
0.141221
0.143985
0.148186
0.154255
0.162655
0.173686
0.187344
0.201026
0.211775
0.219483
0.224837
0.228453
0.230835
0.232362
0.233256
0.233601
0.233554
0.120263
0.120651
0.122041
0.124488
0.128288
0.133996
0.142126
0.153122
0.167258
0.184409
0.201324
0.214522
0.223987
0.230588
0.235067
0.238029
0.239936
0.241062
0.241498
0.241446
0.097114
0.0977431
0.0998164
0.10335
0.108776
0.116751
0.127779
0.142274
0.16038
0.181781
0.202507
0.218562
0.230103
0.238218
0.243784
0.247499
0.249906
0.25134
0.25191
0.251847
0.0663317
0.0674402
0.0707259
0.0761456
0.084262
0.0957213
0.110926
0.130114
0.153195
0.179641
0.204733
0.224037
0.237981
0.247918
0.254866
0.259607
0.262738
0.264627
0.265368
0.26529
0.0234298
0.02566
0.0316491
0.0407818
0.0536337
0.0705757
0.0917062
0.116975
0.146057
0.178264
0.20817
0.23103
0.247662
0.259734
0.268423
0.274575
0.278818
0.281496
0.282525
0.282402
-0.039845
-0.0334413
-0.0210643
-0.00436558
0.0167024
0.0418329
0.0708423
0.103533
0.139479
0.177956
0.212926
0.239499
0.25899
0.273435
0.284195
0.292202
0.298057
0.302028
0.303602
0.303272
-0.115183
-0.104449
-0.081408
-0.0535399
-0.0224564
0.0117861
0.0492556
0.0898573
0.133255
0.178859
0.219995
0.251456
0.274998
0.293006
0.307023
0.318087
0.326945
0.332512
0.334514
0.335216
-0.190819
-0.171177
-0.138371
-0.10076
-0.0603481
-0.0172635
0.0285052
0.0769132
0.127718
0.180436
0.227729
0.263994
0.29138
0.312674
0.329626
0.343326
0.35447
0.362407
0.366621
0.367453
-0.248538
-0.225677
-0.187122
-0.142534
-0.0946802
-0.0441018
0.00906522
0.0646397
0.12232
0.181604
0.234391
0.274601
0.304782
0.328057
0.346353
0.360912
0.372545
0.381019
0.385468
0.386433
-0.295022
-0.270186
-0.227566
-0.178021
-0.124694
-0.068221
-0.00889127
0.0529315
0.116767
0.181928
0.239446
0.282828
0.314996
0.33946
0.358438
0.373352
0.385091
0.393704
0.398086
0.399042
-0.332938
-0.307439
-0.262042
-0.208631
-0.150977
-0.0897252
-0.0252698
0.0419114
0.111198
0.181716
0.243585
0.289765
0.323568
0.348927
0.368317
0.383338
0.395013
0.403583
0.407898
0.408792
-0.365624
-0.339685
-0.292135
-0.235738
-0.174572
-0.109322
-0.0404475
0.0314979
0.105757
0.181222
0.247092
0.295821
0.331095
0.357219
0.376943
0.392059
0.403707
0.412223
0.416538
0.417376
-0.3946
-0.368439
-0.319224
-0.260406
-0.196312
-0.127647
-0.0549089
0.021274
0.100051
0.180159
0.249947
0.30125
0.33803
0.364968
0.38508
0.400333
0.411986
0.420475
0.424785
0.425544
-0.420988
-0.394684
-0.344102
-0.283288
-0.216754
-0.145193
-0.0690989
0.0109033
0.0939259
0.178576
0.252324
0.306323
0.344738
0.3726
0.39318
0.408632
0.420338
0.4288
0.433126
0.433757
-0.445659
-0.419134
-0.367427
-0.304934
-0.236328
-0.162255
-0.0831708
0.000314141
0.0873265
0.176405
0.254216
0.311125
0.351395
0.380357
0.401531
0.417263
0.429062
0.437526
0.441827
0.442315
-0.469018
-0.442259
-0.389595
-0.325702
-0.255298
-0.179028
-0.0973017
-0.0106657
0.0800809
0.173525
0.255563
0.315669
0.358087
0.388383
0.410318
0.426436
0.438391
0.446864
0.451169
0.45155
-0.491414
-0.464374
-0.410879
-0.34584
-0.273894
-0.195722
-0.111657
-0.0221496
0.0721079
0.169839
0.256262
0.319887
0.364811
0.396745
0.419658
0.436302
0.448496
0.457008
0.46131
0.461612
-0.51305
-0.485706
-0.431531
-0.365463
-0.29219
-0.212375
-0.12626
-0.0341796
0.0633429
0.165226
0.256169
0.32366
0.371486
0.405424
0.429597
0.446957
0.459501
0.468126
0.472359
0.472647
-0.534037
-0.506373
-0.451619
-0.384623
-0.310221
-0.22901
-0.141121
-0.0467594
0.0537549
0.15962
0.255131
0.326797
0.377948
0.41431
0.440088
0.458414
0.471465
0.480269
0.484455
0.484737
-0.554423
-0.526352
-0.471142
-0.403332
-0.327995
-0.245604
-0.156208
-0.059863
0.0433424
0.152963
0.253007
0.329078
0.38396
0.423214
0.451025
0.470627
0.484414
0.493515
0.497628
0.497843
-0.574133
-0.545785
-0.490062
-0.421587
-0.345464
-0.262105
-0.17146
-0.0734309
0.0321459
0.145225
0.249668
0.330245
0.389232
0.431905
0.462284
0.48354
0.498258
0.507742
0.511812
0.511881
-0.593221
-0.564582
-0.508341
-0.439326
-0.362576
-0.27844
-0.186799
-0.0873809
0.0202364
0.136411
0.244988
0.33003
0.393422
0.440095
0.473639
0.497066
0.512965
0.522865
0.526826
0.526673
-0.611519
-0.582664
-0.525973
-0.456512
-0.379264
-0.294529
-0.202127
-0.101615
0.00770325
0.12657
0.238902
0.328232
0.396114
0.447217
0.48466
0.511016
0.528484
0.538698
0.542335
0.541938
-0.629124
-0.59999
-0.542919
-0.473081
-0.395455
-0.310297
-0.217345
-0.116013
-0.00535262
0.115792
0.231427
0.324693
0.396844
0.452533
0.494716
0.525197
0.545115
0.555373
0.557954
0.557186
-0.645883
-0.616536
-0.559137
-0.488983
-0.411088
-0.325665
-0.232369
-0.130477
-0.0187874
0.104199
0.222592
0.319308
0.395288
0.455312
0.502813
0.538981
0.563376
0.574083
0.573559
0.571476
-0.661961
-0.632271
-0.574562
-0.504168
-0.426104
-0.340554
-0.247086
-0.144868
-0.0324509
0.0919378
0.212498
0.311996
0.391291
0.454958
0.507508
0.550659
0.582937
0.598508
0.593403
0.572932
-0.677213
-0.647253
-0.589327
-0.518802
-0.44077
-0.355274
-0.2619
-0.15966
-0.0468927
0.0784414
0.200553
0.302075
0.384213
0.450426
0.506475
0.556447
0.599592
0.625148
0.61554
0.63129
-0.691817
-0.661492
-0.603384
-0.532837
-0.455027
-0.369755
-0.27678
-0.174804
-0.0620905
0.0636718
0.186674
0.289207
0.373435
0.441088
0.495959
0.548191
0.590052
0.618951
0.566589
0.530007
-0.706325
-0.675275
-0.616464
-0.545863
-0.468443
-0.383602
-0.291526
-0.190056
-0.0777648
0.0478818
0.171004
0.273471
0.358466
0.427221
0.473985
0.5171
0.54756
0.531154
0.460153
0.408245
-0.72113
-0.688379
-0.628075
-0.557673
-0.480803
-0.396766
-0.30585
-0.20529
-0.0938529
0.0311249
0.15355
0.254837
0.338815
0.410301
0.452037
0.463088
0.454543
0.397403
0.312504
0.260223
-0.366225
-0.270856
-0.16618
-0.0491235
0.0757733
0.187036
0.274097
0.0788035
-0.733159
-0.712702
-0.679046
-0.618707
-0.546899
-0.468085
-0.38221
-0.288681
-0.185644
-0.0703871
0.0531363
0.162252
0.246175
0.312745
0.356304
0.319374
0.152989
0.0439968
-0.0413322
-0.746138
-0.733056
-0.691553
-0.630242
-0.558538
-0.480361
-0.395719
-0.303536
-0.202186
-0.0887507
0.0323935
0.137141
0.214397
0.267436
0.263736
0.135561
-0.0616295
-0.204014
-0.323823
-0.764036
-0.751258
-0.706909
-0.64483
-0.573267
-0.495606
-0.411777
-0.320913
-0.221469
-0.110068
0.00824738
0.107211
0.175238
0.212741
0.151693
-0.0593982
-0.2968
-0.482933
-0.651016
-0.781197
-0.768301
-0.722797
-0.659661
-0.588234
-0.511201
-0.428525
-0.339466
-0.242179
-0.133015
-0.0174172
0.0761137
0.133259
0.14726
0.0303137
-0.258331
-0.552323
-0.812219
-1.06454
-0.796808
-0.784516
-0.738492
-0.67462
-0.603363
-0.527023
-0.445667
-0.358663
-0.263789
-0.157152
-0.0444071
0.0435104
0.0895716
0.0696198
-0.122204
-0.448468
-0.792527
-1.13063
-1.43851
-0.811697
-0.800013
-0.754047
-0.68999
-0.618989
-0.543375
-0.463407
-0.37848
-0.286236
-0.182514
-0.0725241
0.00915112
0.042959
-0.0208146
-0.276659
-0.613748
-0.972791
-1.32761
-1.56423
-1.66856
-0.826764
-0.815451
-0.769691
-0.705792
-0.635222
-0.560503
-0.482156
-0.399708
-0.310658
-0.210102
-0.102442
-0.0266698
-0.00845476
-0.118697
-0.425222
-0.755619
-1.07799
-1.36179
-1.48747
-1.51949
-0.841911
-0.83104
-0.785506
-0.721873
-0.651878
-0.578294
-0.501901
-0.422432
-0.337314
-0.240594
-0.135193
-0.0638851
-0.0643816
-0.214267
-0.565867
-0.886136
-1.14985
-1.36141
-1.44546
-1.44331
-0.857357
-0.846678
-0.801343
-0.737998
-0.668715
-0.596469
-0.522413
-0.446505
-0.366307
-0.274339
-0.170589
-0.102362
-0.119983
-0.324277
-0.699247
-1.02808
-1.23214
-1.31422
-1.37181
-1.39151
-0.872777
-0.862191
-0.816965
-0.753888
-0.685388
-0.614719
-0.543454
-0.472048
-0.398039
-0.312181
-0.209626
-0.141302
-0.175355
-0.452377
-0.838878
-1.19701
-1.35468
-1.30866
-1.38782
-1.42964
-0.887731
-0.877168
-0.831942
-0.769108
-0.701436
-0.632567
-0.564506
-0.498497
-0.432478
-0.355359
-0.253545
-0.179604
-0.232434
-0.580143
-1.00317
-1.42622
-1.79662
-1.71289
-1.61599
-1.59018
-0.901436
-0.890952
-0.845674
-0.783063
-0.716246
-0.649426
-0.584908
-0.525397
-0.470342
-0.406145
-0.308036
-0.222996
-0.29556
-0.699608
-1.17003
-1.59214
-1.94808
-1.82797
-1.72305
-1.67936
-0.913252
-0.90283
-0.857432
-0.795031
-0.729039
-0.664188
-0.603815
-0.552173
-0.510939
-0.467529
-0.383604
-0.29157
-0.372873
-0.814637
-1.21629
-1.40339
-1.43033
-1.51028
-1.61171
-1.65689
-0.92237
-0.911869
-0.866353
-0.804114
-0.738998
-0.676018
-0.620065
-0.577641
-0.554837
-0.546168
-0.507231
-0.423436
-0.505103
-0.950106
-1.32339
-1.5151
-1.54823
-1.68246
-1.76819
-1.81567
-0.927702
-0.9171
-0.871363
-0.80926
-0.744812
-0.683621
-0.632086
-0.60012
-0.60256
-0.653502
-0.725458
-0.687334
-0.749348
-1.1667
-1.65838
-2.21877
-2.51111
-2.58289
-2.46263
-2.35867
-0.928106
-0.917412
-0.871416
-0.809374
-0.745349
-0.685521
-0.637891
-0.616869
-0.651137
-0.800568
-1.08127
-1.14569
-1.08464
-1.37586
-1.88957
-2.65667
-3.17807
-3.1862
-2.8981
-2.67021
-0.922631
-0.9118
-0.865541
-0.803404
-0.739423
-0.68016
-0.635055
-0.623488
-0.691636
-0.973725
-1.59076
-1.75807
-1.37084
-1.31097
-1.49887
-1.88722
-2.17684
-2.07041
-1.73263
-1.50563
-0.910714
-0.899599
-0.852915
-0.790434
-0.726012
-0.666137
-0.621297
-0.614639
-0.704566
-1.09882
-2.13342
-2.31045
-1.44511
-0.793803
-0.290486
-0.00262428
0.133342
0.304814
0.48973
0.582522
-0.891532
-0.880205
-0.833105
-0.769996
-0.704573
-0.642739
-0.594609
-0.582941
-0.670345
-1.07355
-2.18297
-2.2379
-1.0664
-0.100722
0.675979
1.20361
1.55554
1.72162
1.78611
1.80588
-0.864528
-0.853244
-0.805913
-0.74225
-0.675298
-0.610188
-0.555276
-0.528822
-0.578969
-0.856732
-1.56238
-1.35023
-0.390343
0.448729
1.09444
1.50929
1.76201
1.88977
1.94749
1.96652
-0.829852
-0.818826
-0.771609
-0.707513
-0.639092
-0.570219
-0.506687
-0.459695
-0.454446
-0.550241
-0.744073
-0.402695
0.215302
0.776565
1.17176
1.43096
1.5936
1.69017
1.74468
1.76664
-0.787326
-0.776351
-0.730429
-0.666458
-0.597171
-0.525249
-0.453876
-0.387744
-0.333963
-0.295757
-0.200106
0.0804397
0.489955
0.848764
1.09243
1.25879
1.37134
1.44715
1.49531
1.51185
-0.733272
-0.722574
-0.68139
-0.619006
-0.550086
-0.477091
-0.400851
-0.321922
-0.238364
-0.136439
0.0300184
0.279395
0.547299
0.778105
0.946412
1.06777
1.15557
1.21942
1.25955
1.27657
-0.668792
-0.660094
-0.620938
-0.563378
-0.4976
-0.426056
-0.349016
-0.265011
-0.169134
-0.0476698
0.122017
0.324579
0.513324
0.670371
0.79107
0.882489
0.95161
1.00288
1.03561
1.05281
-0.587669
-0.583222
-0.550646
-0.49777
-0.43732
-0.370977
-0.297781
-0.215427
-0.11972
-0.000946588
0.149308
0.30807
0.444117
0.553418
0.637992
0.702917
0.753232
0.791443
0.817553
0.829321
-0.478191
-0.475702
-0.45544
-0.414726
-0.365438
-0.309411
-0.245755
-0.172561
-0.0857652
0.0203493
0.148307
0.276806
0.382664
0.465843
0.529146
0.576342
0.610895
0.636404
0.654918
0.663186
-0.359735
-0.359417
-0.348242
-0.320699
-0.285065
-0.242603
-0.191795
-0.131131
-0.0575167
0.033035
0.140254
0.244153
0.327665
0.391775
0.439189
0.473235
0.497243
0.513629
0.523026
0.526277
-0.246907
-0.247255
-0.241508
-0.225877
-0.203356
-0.174252
-0.137079
-0.0900629
-0.0307537
0.0436228
0.131292
0.214521
0.279993
0.329153
0.36451
0.388991
0.405218
0.41528
0.420814
0.422808
-0.148733
-0.149577
-0.147712
-0.140632
-0.128571
-0.110864
-0.0858473
-0.0515476
-0.00589058
0.0531725
0.123473
0.189739
0.240883
0.278361
0.304683
0.322246
0.333243
0.339645
0.342801
0.343668
-0.0734262
-0.074256
-0.0748929
-0.0735083
-0.0688663
-0.059094
-0.0429025
-0.0186714
0.015618
0.0613755
0.116592
0.168553
0.208206
0.2368
0.256246
0.26876
0.276347
0.280527
0.282309
0.282709
-0.0225582
-0.0231982
-0.0246393
-0.026172
-0.0252788
-0.0205556
-0.010442
0.00654033
0.0318759
0.0669653
0.10987
0.15023
0.18067
0.202232
0.216772
0.226023
0.231364
0.233964
0.234973
0.235135
0.00896475
0.00853352
0.00722099
0.00549116
0.00519409
0.00753147
0.0137343
0.0253584
0.043917
0.0704768
0.103453
0.134516
0.157902
0.174382
0.185215
0.19181
0.195478
0.197187
0.197714
0.197762
0.0278878
0.0276104
0.0267279
0.0254524
0.0250743
0.0265733
0.0309071
0.0391776
0.0526943
0.0726013
0.0977897
0.121624
0.139391
0.151659
0.159614
0.164431
0.167013
0.168102
0.168354
0.168351
0.039518
0.0393324
0.0387923
0.0379913
0.0377506
0.0387635
0.0418276
0.0479172
0.0580255
0.0729984
0.0920543
0.110111
0.123542
0.132838
0.138829
0.142359
0.144185
0.144907
0.145034
0.145017
0.0467719
0.0466474
0.0463096
0.0458113
0.0457179
0.0465213
0.0487792
0.053223
0.0607118
0.0719845
0.086443
0.100179
0.110375
0.117344
0.121766
0.124345
0.125655
0.126144
0.126207
0.126184
0.0509397
0.0508552
0.0506311
0.050298
0.0502655
0.0508992
0.0526238
0.0559827
0.061606
0.0700737
0.0809825
0.0913465
0.0990101
0.104234
0.107535
0.109436
0.110377
0.110705
0.110728
0.110704
0.0527592
0.0526994
0.0525479
0.0523222
0.0523229
0.0528178
0.0541187
0.05664
0.060874
0.0672611
0.0754971
0.0833258
0.0891033
0.0930234
0.0954784
0.0968753
0.0975517
0.097772
0.0977724
0.097749
0.0528182
0.0527739
0.0526728
0.0525268
0.0525536
0.0529518
0.0539529
0.0558657
0.0590592
0.0638718
0.0700834
0.0759824
0.0803231
0.0832539
0.085078
0.0861048
0.0865911
0.0867368
0.0867243
0.086702
0.051581
0.0515471
0.0514776
0.0513832
0.0514214
0.0517385
0.0525077
0.0539608
0.0563746
0.0600061
0.0646866
0.0691267
0.0723862
0.0745775
0.0759329
0.0766881
0.077038
0.0771342
0.0771162
0.0770957
0.0493832
0.0493568
0.0493073
0.0492451
0.0492854
0.0495361
0.050127
0.051231
0.0530555
0.0557945
0.0593204
0.0626591
0.0651025
0.0667386
0.0677444
0.0682988
0.0685493
0.068611
0.0685899
0.0685715
0.0464642
0.0464435
0.0464064
0.0463629
0.0463989
0.0465944
0.0470462
0.0478829
0.0492615
0.0513251
0.0539783
0.056484
0.0583133
0.0595327
0.0602772
0.060683
0.0608615
0.0608997
0.0608783
0.0608622
0.0429972
0.0429809
0.0429522
0.0429199
0.0429484
0.0430975
0.0434397
0.044072
0.0451103
0.0466632
0.0486556
0.0505343
0.0518996
0.0528065
0.0533569
0.053653
0.053779
0.0538006
0.0537796
0.0537658
0.0391133
0.0391005
0.0390778
0.0390523
0.0390728
0.0391844
0.0394412
0.039916
0.0406955
0.0418597
0.0433522
0.0447552
0.0457731
0.0464452
0.0468498
0.0470646
0.0471525
0.047163
0.0471434
0.0471318
0.0349119
0.0349019
0.0348837
0.0348624
0.0348756
0.034957
0.0351475
0.0355014
0.0360834
0.0369528
0.0380656
0.0391095
0.0398642
0.0403604
0.0406563
0.0408104
0.0408705
0.0408738
0.0408561
0.040846
0.0304687
0.0304609
0.030446
0.0304278
0.0304349
0.030493
0.0306323
0.0308934
0.0313238
0.0319679
0.032792
0.0335642
0.0341197
0.0344822
0.0346961
0.0348054
0.0348453
0.0348437
0.0348277
0.0348194
0.0258433
0.0258372
0.0258247
0.0258087
0.0258111
0.0258508
0.0259506
0.0261403
0.0264551
0.0269263
0.0275288
0.0280923
0.028496
0.0287579
0.0289108
0.0289869
0.0290124
0.0290077
0.0289937
0.0289868
0.0210826
0.0210778
0.0210674
0.0210532
0.0210518
0.0210774
0.0211464
0.0212803
0.0215046
0.0218426
0.0222753
0.0226788
0.0229672
0.0231525
0.0232588
0.0233094
0.0233236
0.0233166
0.0233039
0.023298
0.0162202
0.0162166
0.0162079
0.0161952
0.016191
0.0162057
0.0162509
0.0163417
0.0164957
0.0167285
0.0170281
0.0173068
0.017505
0.017631
0.0177014
0.017733
0.0177392
0.0177308
0.0177195
0.0177146
0.0112836
0.0112809
0.0112738
0.0112629
0.011257
0.0112637
0.0112908
0.0113482
0.0114469
0.0115962
0.0117873
0.0119653
0.0120905
0.0121689
0.0122117
0.0122293
0.0122303
0.0122219
0.0122125
0.0122087
0.00629468
0.00629309
0.00628774
0.00627864
0.0062727
0.00627425
0.0062873
0.00631658
0.00636802
0.00644669
0.00654738
0.00664106
0.006707
0.00674857
0.00677053
0.00677797
0.00677563
0.00676767
0.00675996
0.00675726
0.00378226
0.00378035
0.00377466
0.00376832
0.00376492
0.00376862
0.00378102
0.00380468
0.00384297
0.00389806
0.00395823
0.00400606
0.00403816
0.00405675
0.00406496
0.00406489
0.00405957
0.00405288
0.00404904
0.0013459
-1.25949
-0.783412
-0.445747
-0.180889
0.0301219
0.20143
0.342897
0.464936
0.554133
0.558009
-0.544717
-0.316943
-0.119942
0.0477089
0.190541
0.311306
0.412284
0.491504
0.541406
0.560641
-0.160724
-0.0266149
0.0995104
0.212849
0.311887
0.396485
0.466059
0.519184
0.55659
0.579502
0.0834266
0.171375
0.257825
0.33779
0.40797
0.468296
0.518401
0.558248
0.589111
0.609649
0.257816
0.316377
0.380915
0.439592
0.491513
0.536865
0.575601
0.607634
0.633447
0.650618
0.392533
0.435403
0.485513
0.530079
0.571216
0.607927
0.640002
0.667039
0.689039
0.703053
0.50319
0.539411
0.579965
0.617913
0.653313
0.685574
0.714052
0.738025
0.75727
0.768561
0.602841
0.636599
0.674083
0.710266
0.743765
0.774179
0.800829
0.823004
0.840147
0.849333
0.702876
0.739152
0.777791
0.814995
0.848426
0.878015
0.903291
0.923878
0.939286
0.947671
0.818829
0.860037
0.900359
0.938266
0.971024
0.998886
1.02213
1.04091
1.055
1.06437
0.964591
1.00782
1.04613
1.08036
1.10896
1.13326
1.15429
1.17204
1.18616
1.19748
1.1436
1.1815
1.20987
1.23454
1.25587
1.27547
1.294
1.31136
1.32744
1.3421
1.342
1.36319
1.37831
1.39434
1.41078
1.42622
1.4401
1.4535
1.4691
1.48751
1.53299
1.5402
1.55086
1.56257
1.5726
1.58185
1.59221
1.6034
1.6151
1.62402
1.74626
1.74803
1.7401
1.72361
1.71267
1.71226
1.72444
1.7491
1.78322
1.80775
2.16596
1.9721
1.87113
1.81339
1.78417
1.77757
1.79285
1.83366
1.90957
2.05257
-0.700327
-0.705762
-0.668329
-0.605947
-0.533575
-0.453645
0.350433
0.425303
0.427217
0.347093
0.266028
0.181437
-0.12714
-0.442437
-0.834942
-1.36354
-2.03287
)
;

boundaryField
{
    wall-4
    {
        type            zeroGradient;
    }
    pressure-outlet-7
    {
        type            fixedValue;
        value           uniform 0;
    }
    velocity-inlet-6
    {
        type            zeroGradient;
    }
    velocity-inlet-5
    {
        type            zeroGradient;
    }
    frontAndBackPlanes
    {
        type            empty;
    }
}


// ************************************************************************* //
