/*--------------------------------*- C++ -*----------------------------------*\
  =========                 |
  \\      /  F ield         | OpenFOAM: The Open Source CFD Toolbox
   \\    /   O peration     | Website:  https://openfoam.org
    \\  /    A nd           | Version:  7
     \\/     M anipulation  |
\*---------------------------------------------------------------------------*/
FoamFile
{
    version     2.0;
    format      ascii;
    class       volScalarField;
    location    "1.24";
    object      T;
}
// * * * * * * * * * * * * * * * * * * * * * * * * * * * * * * * * * * * * * //

dimensions      [0 0 0 1 0 0 0];

internalField   nonuniform List<scalar> 
1000
(
3.51813e-101
5.49875e-101
1.05712e-100
2.15793e-100
4.46879e-100
9.28241e-100
1.92882e-99
4.00698e-99
8.32096e-99
1.72722e-98
3.5837e-98
7.43239e-98
1.54076e-97
3.19265e-97
6.61265e-97
1.36902e-96
2.83301e-96
5.85997e-96
1.21157e-95
2.50383e-95
5.17211e-95
1.06791e-94
2.20395e-94
4.54645e-94
9.37443e-94
1.93205e-93
3.98007e-93
8.19525e-93
1.68668e-92
3.46977e-92
7.13453e-92
1.46631e-91
3.01219e-91
6.1849e-91
1.26934e-90
2.60384e-90
5.3388e-90
1.09412e-89
2.24117e-89
4.58856e-89
9.39001e-89
1.92063e-88
3.92653e-88
8.02343e-88
1.63869e-87
3.34517e-87
6.82533e-87
1.39191e-86
2.83715e-86
5.78009e-86
1.17697e-85
2.3954e-85
4.8727e-85
9.9069e-85
2.01318e-84
4.08888e-84
8.30042e-84
1.68411e-83
3.41519e-83
6.92199e-83
1.40223e-82
2.83907e-82
5.74519e-82
1.16199e-81
2.3489e-81
4.74565e-81
9.5828e-81
1.93399e-80
3.90103e-80
7.86445e-80
1.5846e-79
3.19102e-79
6.42246e-79
1.29191e-78
2.59729e-78
5.21874e-78
1.04801e-77
2.10341e-77
4.21924e-77
8.45857e-77
1.69477e-76
3.39373e-76
6.79194e-76
1.35849e-75
2.71563e-75
5.42536e-75
1.08326e-74
2.16163e-74
4.31095e-74
8.59226e-74
1.71152e-73
3.4072e-73
6.77879e-73
1.34786e-72
2.67839e-72
5.31909e-72
1.05569e-71
2.09396e-71
4.1508e-71
8.22293e-71
1.62799e-70
3.2211e-70
6.3692e-70
1.25861e-69
2.48555e-69
4.90544e-69
9.67511e-69
1.90702e-68
3.75642e-68
7.39456e-68
1.45468e-67
2.85983e-67
5.61858e-67
1.10313e-66
2.16441e-66
4.24389e-66
8.31569e-66
1.62833e-65
3.18633e-65
6.23085e-65
1.21761e-64
2.37778e-64
4.6402e-64
9.04905e-64
1.76347e-63
3.43424e-63
6.68329e-63
1.29971e-62
2.52576e-62
4.90493e-62
9.51839e-62
1.8458e-61
3.57678e-61
6.92606e-61
1.34019e-60
2.59136e-60
5.00694e-60
9.66713e-60
1.8651e-59
3.5957e-59
6.92692e-59
1.33344e-58
2.56494e-58
4.93006e-58
9.46886e-58
1.81724e-57
3.48491e-57
6.67785e-57
1.27863e-56
2.44633e-56
4.67676e-56
8.93374e-56
1.70521e-55
3.25221e-55
6.19772e-55
1.18015e-54
2.24539e-54
4.2687e-54
8.1086e-54
1.53901e-53
2.91863e-53
5.53041e-53
1.04707e-52
1.98076e-52
3.7439e-52
7.07051e-52
1.33416e-51
2.51535e-51
4.73822e-51
8.91784e-51
1.67698e-50
3.15079e-50
5.9147e-50
1.10934e-49
2.0788e-49
3.89204e-49
7.28039e-49
1.36064e-48
2.54062e-48
4.73964e-48
8.83396e-48
1.64501e-47
3.06043e-47
5.68848e-47
1.05635e-46
1.9598e-46
3.63253e-46
6.72662e-46
1.24444e-45
2.30005e-45
4.24701e-45
7.83452e-45
1.44385e-44
2.65832e-44
4.88954e-44
8.98468e-44
1.64933e-43
3.02469e-43
5.5414e-43
1.0142e-42
1.85433e-42
3.38696e-42
6.18002e-42
1.12648e-41
2.05121e-41
3.73117e-41
6.77997e-41
1.23071e-40
2.23163e-40
4.04232e-40
7.31434e-40
1.32207e-39
2.38707e-39
4.30532e-39
7.75661e-39
1.39593e-38
2.50942e-38
4.50613e-38
8.08258e-38
1.44814e-37
2.59167e-37
4.63294e-37
8.27255e-37
1.47545e-36
2.6285e-36
4.67722e-36
8.31306e-36
1.47579e-35
2.61684e-35
4.63463e-35
8.19848e-35
1.44854e-34
2.55626e-34
4.50559e-34
7.93172e-34
1.3946e-33
2.44905e-33
4.29541e-33
7.52435e-33
1.3164e-32
2.30016e-32
4.01397e-32
6.99578e-32
1.2177e-31
2.1168e-31
3.67499e-31
6.37182e-31
1.10331e-30
1.90791e-30
3.29486e-30
5.68244e-30
9.78694e-30
1.68333e-29
2.89134e-29
4.95943e-29
8.49502e-29
1.45309e-28
2.48207e-28
4.23375e-28
7.21141e-28
1.22658e-27
2.0833e-27
3.53329e-27
5.9838e-27
1.01191e-26
1.70871e-26
2.88106e-26
4.85055e-26
8.15417e-26
1.36872e-25
2.29399e-25
3.83891e-25
6.41442e-25
1.07013e-24
1.78255e-24
2.96461e-24
4.92279e-24
8.16146e-24
1.35093e-23
2.23255e-23
3.68359e-23
6.06785e-23
9.97907e-23
1.63844e-22
2.68568e-22
4.39496e-22
7.18007e-22
1.17103e-21
1.90667e-21
3.09912e-21
5.02869e-21
8.14557e-21
1.31714e-20
2.12609e-20
3.42584e-20
5.51037e-20
8.84748e-20
1.41801e-19
2.26856e-19
3.62271e-19
5.77458e-19
9.18769e-19
1.4591e-18
2.31289e-18
3.65938e-18
5.7788e-18
9.10837e-18
1.43289e-17
2.2498e-17
3.5256e-17
5.51408e-17
8.60713e-17
1.34086e-16
2.0847e-16
3.23468e-16
5.0089e-16
7.74052e-16
1.19374e-15
1.83719e-15
2.82162e-15
4.32451e-15
6.61398e-15
1.00942e-14
1.53728e-14
2.33618e-14
3.54261e-14
5.3604e-14
8.09324e-14
1.21925e-13
1.83275e-13
2.74881e-13
4.11351e-13
6.14186e-13
9.14958e-13
1.35991e-12
2.0166e-12
2.98347e-12
4.40365e-12
6.48462e-12
9.52644e-12
1.39619e-11
2.04136e-11
2.97748e-11
4.33238e-11
6.28846e-11
9.10535e-11
1.31515e-10
1.89486e-10
2.72327e-10
3.90402e-10
5.58255e-10
7.96245e-10
1.13278e-09
1.60741e-09
2.27498e-09
3.21139e-09
4.52135e-09
6.34883e-09
8.89127e-09
1.24186e-08
1.72985e-08
2.40308e-08
3.32923e-08
4.59969e-08
6.33747e-08
8.70757e-08
1.19307e-07
1.63011e-07
2.22095e-07
3.01738e-07
4.0877e-07
5.52181e-07
7.43755e-07
9.98888e-07
1.33763e-06
1.78599e-06
2.37761e-06
3.15583e-06
4.1763e-06
5.5102e-06
7.24827e-06
9.50573e-06
1.24284e-05
1.62e-05
2.10514e-05
2.72713e-05
3.52196e-05
4.53427e-05
5.81931e-05
7.44509e-05
9.49503e-05
0.000120711
0.000152972
0.000193236
0.000243316
0.00030539
0.000382062
0.000476435
0.000592187
0.00073366
0.000905955
0.00111504
0.00136786
0.00167247
0.00203814
0.00247553
0.00299677
0.00361568
0.00434784
0.00521077
0.00622404
0.00740942
0.00879093
0.010395
0.0122503
0.0143882
0.0168424
0.0196487
0.0228455
0.0264731
0.0305735
0.0351905
0.0403689
0.0461544
0.0525927
0.0597295
0.0676093
0.0762752
0.0857679
0.096125
0.10738
0.119563
0.132696
0.146798
0.161879
0.177942
0.194982
0.212987
0.231932
0.251788
0.272513
0.294058
0.316364
0.339363
0.362982
0.387138
0.411743
0.436702
0.461918
0.487289
0.512711
0.538082
0.563298
0.588257
0.612862
0.637018
0.660637
0.683636
0.705942
0.727487
0.748212
0.768068
0.787013
0.805018
0.822058
0.838121
0.853202
0.867304
0.880437
0.89262
0.903875
0.914232
0.923724
0.93239
0.940269
0.947405
0.953843
0.959628
0.964805
0.969421
0.97352
0.977145
0.980339
0.983141
0.985591
0.987722
0.98957
0.991164
0.992532
0.993702
0.994694
0.995531
0.996231
0.99681
0.997281
0.997656
0.997945
0.998156
0.998293
0.99836
0.99836
0.998293
0.998156
0.997945
0.997656
0.997281
0.99681
0.996231
0.995531
0.994694
0.993702
0.992532
0.991164
0.98957
0.987722
0.985591
0.983141
0.980339
0.977145
0.97352
0.969421
0.964805
0.959628
0.953843
0.947405
0.940269
0.93239
0.923724
0.914232
0.903875
0.89262
0.880437
0.867304
0.853202
0.838121
0.822058
0.805018
0.787013
0.768068
0.748212
0.727487
0.705942
0.683636
0.660637
0.637018
0.612862
0.588257
0.563298
0.538082
0.512711
0.487289
0.461918
0.436702
0.411743
0.387138
0.362982
0.339363
0.316364
0.294058
0.272513
0.251788
0.231932
0.212987
0.194982
0.177942
0.161879
0.146798
0.132696
0.119563
0.10738
0.096125
0.0857679
0.0762752
0.0676093
0.0597295
0.0525927
0.0461544
0.0403689
0.0351905
0.0305735
0.0264731
0.0228455
0.0196487
0.0168424
0.0143882
0.0122503
0.010395
0.00879093
0.00740942
0.00622404
0.00521077
0.00434784
0.00361568
0.00299677
0.00247553
0.00203814
0.00167247
0.00136786
0.00111504
0.000905955
0.00073366
0.000592187
0.000476435
0.000382062
0.00030539
0.000243316
0.000193236
0.000152972
0.000120711
9.49503e-05
7.44509e-05
5.81931e-05
4.53427e-05
3.52196e-05
2.72713e-05
2.10514e-05
1.62e-05
1.24284e-05
9.50573e-06
7.24827e-06
5.5102e-06
4.1763e-06
3.15583e-06
2.37761e-06
1.78599e-06
1.33763e-06
9.98888e-07
7.43755e-07
5.52181e-07
4.0877e-07
3.01738e-07
2.22095e-07
1.63011e-07
1.19307e-07
8.70757e-08
6.33747e-08
4.59969e-08
3.32923e-08
2.40308e-08
1.72985e-08
1.24186e-08
8.89127e-09
6.34883e-09
4.52135e-09
3.21139e-09
2.27498e-09
1.60741e-09
1.13278e-09
7.96245e-10
5.58255e-10
3.90402e-10
2.72327e-10
1.89486e-10
1.31515e-10
9.10535e-11
6.28846e-11
4.33238e-11
2.97748e-11
2.04136e-11
1.39619e-11
9.52644e-12
6.48462e-12
4.40365e-12
2.98347e-12
2.0166e-12
1.35991e-12
9.14958e-13
6.14186e-13
4.11351e-13
2.74881e-13
1.83275e-13
1.21925e-13
8.09324e-14
5.3604e-14
3.54261e-14
2.33618e-14
1.53728e-14
1.00942e-14
6.61398e-15
4.32451e-15
2.82162e-15
1.83719e-15
1.19374e-15
7.74052e-16
5.0089e-16
3.23468e-16
2.0847e-16
1.34086e-16
8.60713e-17
5.51408e-17
3.5256e-17
2.2498e-17
1.43289e-17
9.10837e-18
5.7788e-18
3.65938e-18
2.31289e-18
1.4591e-18
9.18769e-19
5.77458e-19
3.62271e-19
2.26856e-19
1.41801e-19
8.84748e-20
5.51037e-20
3.42584e-20
2.12609e-20
1.31714e-20
8.14557e-21
5.02869e-21
3.09912e-21
1.90667e-21
1.17103e-21
7.18007e-22
4.39496e-22
2.68568e-22
1.63844e-22
9.97907e-23
6.06785e-23
3.68359e-23
2.23255e-23
1.35093e-23
8.16146e-24
4.92279e-24
2.96461e-24
1.78255e-24
1.07013e-24
6.41442e-25
3.83891e-25
2.29399e-25
1.36872e-25
8.15417e-26
4.85055e-26
2.88106e-26
1.70871e-26
1.01191e-26
5.9838e-27
3.53329e-27
2.0833e-27
1.22658e-27
7.21141e-28
4.23375e-28
2.48207e-28
1.45309e-28
8.49502e-29
4.95943e-29
2.89134e-29
1.68333e-29
9.78694e-30
5.68244e-30
3.29486e-30
1.90791e-30
1.10331e-30
6.37182e-31
3.67499e-31
2.1168e-31
1.2177e-31
6.99578e-32
4.01397e-32
2.30016e-32
1.3164e-32
7.52435e-33
4.29541e-33
2.44905e-33
1.3946e-33
7.93172e-34
4.50559e-34
2.55626e-34
1.44854e-34
8.19848e-35
4.63463e-35
2.61684e-35
1.47579e-35
8.31306e-36
4.67722e-36
2.6285e-36
1.47545e-36
8.27255e-37
4.63294e-37
2.59167e-37
1.44814e-37
8.08258e-38
4.50613e-38
2.50942e-38
1.39593e-38
7.75661e-39
4.30532e-39
2.38707e-39
1.32207e-39
7.31434e-40
4.04232e-40
2.23163e-40
1.23071e-40
6.77997e-41
3.73117e-41
2.05121e-41
1.12648e-41
6.18002e-42
3.38696e-42
1.85433e-42
1.0142e-42
5.5414e-43
3.02469e-43
1.64933e-43
8.98468e-44
4.88954e-44
2.65832e-44
1.44385e-44
7.83452e-45
4.24701e-45
2.30005e-45
1.24444e-45
6.72662e-46
3.63253e-46
1.9598e-46
1.05635e-46
5.68848e-47
3.06043e-47
1.64501e-47
8.83396e-48
4.73964e-48
2.54062e-48
1.36064e-48
7.28039e-49
3.89204e-49
2.0788e-49
1.10934e-49
5.9147e-50
3.15079e-50
1.67698e-50
8.91784e-51
4.73822e-51
2.51535e-51
1.33416e-51
7.07051e-52
3.7439e-52
1.98076e-52
1.04707e-52
5.53041e-53
2.91863e-53
1.53901e-53
8.1086e-54
4.2687e-54
2.24539e-54
1.18015e-54
6.19772e-55
3.25221e-55
1.70521e-55
8.93374e-56
4.67676e-56
2.44633e-56
1.27863e-56
6.67785e-57
3.48491e-57
1.81724e-57
9.46886e-58
4.93006e-58
2.56494e-58
1.33344e-58
6.92692e-59
3.5957e-59
1.8651e-59
9.66713e-60
5.00694e-60
2.59136e-60
1.34019e-60
6.92606e-61
3.57678e-61
1.8458e-61
9.51839e-62
4.90493e-62
2.52576e-62
1.29971e-62
6.68329e-63
3.43424e-63
1.76347e-63
9.04905e-64
4.6402e-64
2.37778e-64
1.21761e-64
6.23085e-65
3.18633e-65
1.62833e-65
8.31569e-66
4.24389e-66
2.16441e-66
1.10313e-66
5.61858e-67
2.85983e-67
1.45468e-67
7.39456e-68
3.75642e-68
1.90702e-68
9.67511e-69
4.90544e-69
2.48555e-69
1.25861e-69
6.3692e-70
3.2211e-70
1.62799e-70
8.22293e-71
4.1508e-71
2.09396e-71
1.05569e-71
5.31909e-72
2.67839e-72
1.34786e-72
6.77879e-73
3.4072e-73
1.71152e-73
8.59226e-74
4.31095e-74
2.16163e-74
1.08326e-74
5.42536e-75
2.71563e-75
1.35849e-75
6.79194e-76
3.39373e-76
1.69477e-76
8.45857e-77
4.21924e-77
2.10341e-77
1.04801e-77
5.21874e-78
2.59729e-78
1.29191e-78
6.42246e-79
3.19102e-79
1.5846e-79
7.86445e-80
3.90103e-80
1.93399e-80
9.5828e-81
4.74565e-81
2.3489e-81
1.16199e-81
5.74519e-82
2.83907e-82
1.40223e-82
6.92199e-83
3.41519e-83
1.68411e-83
8.30042e-84
4.08888e-84
2.01318e-84
9.9069e-85
4.8727e-85
2.3954e-85
1.17697e-85
5.78009e-86
2.83715e-86
1.39191e-86
6.82533e-87
3.34517e-87
1.63869e-87
8.02343e-88
3.92653e-88
1.92063e-88
9.39001e-89
4.58856e-89
2.24117e-89
1.09412e-89
5.3388e-90
2.60384e-90
1.26934e-90
6.1849e-91
3.01219e-91
1.46631e-91
7.13453e-92
3.46977e-92
1.68668e-92
8.19525e-93
3.98007e-93
1.93205e-93
9.37443e-94
4.54645e-94
2.20395e-94
1.06791e-94
5.17211e-95
2.50383e-95
1.21157e-95
5.85997e-96
2.83301e-96
1.36902e-96
6.61265e-97
3.19265e-97
1.54076e-97
7.43239e-98
3.5837e-98
1.72722e-98
8.32096e-99
4.00698e-99
1.92882e-99
9.28241e-100
4.46879e-100
2.15793e-100
1.05712e-100
5.49875e-101
3.51813e-101
)
;

boundaryField
{
    sides
    {
        type            zeroGradient;
    }
    empty
    {
        type            empty;
    }
}


// ************************************************************************* //
