/*--------------------------------*- C++ -*----------------------------------*\
  =========                 |
  \\      /  F ield         | OpenFOAM: The Open Source CFD Toolbox
   \\    /   O peration     | Website:  https://openfoam.org
    \\  /    A nd           | Version:  7
     \\/     M anipulation  |
\*---------------------------------------------------------------------------*/
FoamFile
{
    version     2.0;
    format      ascii;
    class       volScalarField;
    location    "1.13";
    object      T;
}
// * * * * * * * * * * * * * * * * * * * * * * * * * * * * * * * * * * * * * //

dimensions      [0 0 0 1 0 0 0];

internalField   nonuniform List<scalar> 
1000
(
0
0
0
0
0
0
0
0
0
0
0
0
0
0
0
0
0
0
0
0
0
0
0
0
0
0
0
0
0
0
0
0
0
0
0
0
0
0
0
0
0
0
0
0
0
0
0
0
0
0
0
0
0
0
0
0
0
0
0
0
0
0
0
0
0
0
0
0
0
0
0
0
0
0
0
0
0
0
0
0
0
0
0
0
0
0
0
0
0
0
0
0
0
0
0
0
0
0
0
0
0
0
0
0
0
0
0
0
0
0
0
0
0
0
0
0
0
0
0
0
0
0
0
0
0
0
0
0
0
0
0
0
0
0
0
0
0
0
0
0
0
0
0
0
0
0
0
0
0
0
0
0
0
0
0
0
0
0
0
0
0
0
0
0
0
0
0
0
0
0
0
0
0
0
0
0
0
0
0
0
0
0
0
0
0
0
0
0
0
0
0
0
0
0
0
0
0
0
0
0
0
0
0
0
0
0
0
0
0
0
0
0
0
0
0
0
0
0
0
0
0
0
0
0
0
0
0
0
0
0
0
0
0
0
0
0
0
0
0
0
0
0
0
0
0
0
0
0
0
0
0
0
0
0
0
0
0
0
0
0
0
0
0
0
0
0
0
0
0
0
0
0
0
0
0
0
0
0
0
0
0
0
0
0
0
0
0
0
0
0
0
0
0
0
0
0
0
0
0
0
0
0
0
0
0
0
0
0
0
0
0
0
0
0
0
0
0
0
0
0
0
0
0
0
0
0
0
0
0
0
0
0
0
0
0
0
0
-1.12855e-122
1.10409e-119
-5.34801e-117
1.7099e-114
-4.05924e-112
7.63123e-110
-1.18331e-107
1.55647e-105
-1.77264e-103
1.77552e-101
-1.58341e-99
1.2698e-97
-9.23189e-96
6.12675e-94
-3.73309e-92
2.09876e-90
-1.09341e-88
5.29855e-87
-2.39622e-85
1.01428e-83
-4.02888e-82
1.50527e-80
-5.301e-79
1.76291e-77
-5.54584e-76
1.65287e-74
-4.67356e-73
1.2553e-71
-3.2065e-70
7.79754e-69
-1.80691e-67
3.9934e-66
-8.42394e-65
1.69731e-63
-3.26854e-62
6.01926e-61
-1.06059e-59
1.78882e-58
-2.8891e-57
4.4698e-56
-6.62619e-55
9.41435e-54
-1.28217e-52
1.67411e-51
-2.09575e-50
2.51548e-49
-2.89478e-48
3.19363e-47
-3.37727e-46
3.42268e-45
-3.32328e-44
3.09042e-43
-2.75126e-42
2.34363e-41
-1.90907e-40
1.486e-39
-1.10436e-38
7.82824e-38
-5.28658e-37
3.39659e-36
-2.07281e-35
1.19916e-34
-6.56104e-34
3.38525e-33
-1.64122e-32
7.44216e-32
-3.13718e-31
1.21912e-30
-4.31411e-30
1.36334e-29
-3.71414e-29
8.05481e-29
-1.03956e-28
-1.30408e-28
1.38281e-27
-5.08172e-27
1.1259e-26
-8.99187e-27
-4.44182e-26
2.26768e-25
-5.03982e-25
2.02584e-25
2.63672e-24
-9.47946e-24
1.14236e-23
2.65183e-23
-1.40728e-22
2.00412e-22
3.42064e-22
-1.94294e-21
2.2736e-21
6.1919e-21
-2.44313e-20
1.08711e-20
1.11238e-19
-2.33359e-19
-2.26398e-19
1.4894e-18
-7.60028e-19
-6.40038e-18
1.04539e-17
2.02467e-17
-6.62537e-17
-4.18554e-17
3.27548e-16
-5.47426e-18
-1.43122e-15
6.04843e-16
5.88263e-15
-3.90326e-15
-2.36412e-14
1.74207e-14
9.47294e-14
-5.97081e-14
-3.77871e-13
1.34032e-13
1.46786e-12
8.95523e-14
-5.33401e-12
-3.23722e-12
1.69962e-11
2.30604e-11
-4.14215e-11
-1.12991e-10
3.88317e-11
4.13182e-10
2.95558e-10
-1.01768e-09
-2.11808e-09
6.43582e-10
7.43195e-09
7.95478e-09
-1.15207e-08
-4.07307e-08
-2.74595e-08
7.65969e-08
2.04809e-07
1.25268e-07
-3.64599e-07
-1.00882e-06
-8.53307e-07
1.15786e-06
4.60509e-06
6.13869e-06
3.1804e-07
-1.5675e-05
-3.48591e-05
-3.63473e-05
8.11212e-06
0.000112722
0.000246485
0.000309175
0.000138532
-0.000430903
-0.00145325
-0.00272136
-0.00362398
-0.00306248
0.000528982
0.00904177
0.0244453
0.0484809
0.0823615
0.126542
0.180604
0.24328
0.312596
0.386107
0.461173
0.535228
0.606006
0.671694
0.731017
0.783243
0.828133
0.865857
0.896894
0.92192
0.941719
0.957101
0.968848
0.977672
0.984198
0.988953
0.992368
0.994788
0.99648
0.997648
0.998444
0.998981
0.99934
0.999576
0.99973
0.99983
0.999894
0.999934
0.999959
0.999975
0.999985
0.999991
0.999995
0.999997
0.999998
0.999999
0.999999
1
1
1
1
1
1
1
1
1
1
1
1
1
1
1
1
1
1
1
1
1
1
1
1
1
1
1
1
1
1
1
1
1
1
1
1
0.999999
0.999995
0.999994
1
1.00002
1.00003
1.00004
0.999992
0.999887
0.999754
0.999691
0.999861
1.00043
1.00145
1.00272
1.00362
1.00306
0.999471
0.990958
0.975555
0.951519
0.917638
0.873458
0.819396
0.75672
0.687404
0.613893
0.538827
0.464772
0.393994
0.328306
0.268983
0.216757
0.171867
0.134143
0.103106
0.0780798
0.0582812
0.0428991
0.0311524
0.0223279
0.0158016
0.0110467
0.00763159
0.00521215
0.00352047
0.00235245
0.00155571
0.00101852
0.000660353
0.000424119
0.000269916
0.000170264
0.000106484
6.6043e-05
4.06311e-05
2.48018e-05
1.50244e-05
9.0344e-06
5.39359e-06
3.19757e-06
1.88284e-06
1.10137e-06
6.40119e-07
3.69717e-07
2.12241e-07
1.21119e-07
6.87199e-08
3.87707e-08
2.17539e-08
1.21406e-08
6.74022e-09
3.72297e-09
2.04617e-09
1.11913e-09
6.09189e-10
3.30072e-10
1.7803e-10
9.55987e-11
5.11123e-11
2.72117e-11
1.44272e-11
7.61808e-12
4.00664e-12
2.09905e-12
1.09549e-12
5.69606e-13
2.95086e-13
1.52322e-13
7.83523e-14
4.01645e-14
2.05194e-14
1.04483e-14
5.30288e-15
2.68283e-15
1.35304e-15
6.80289e-16
3.41007e-16
1.7043e-16
8.49299e-17
4.22019e-17
2.09114e-17
1.03331e-17
5.09213e-18
2.50269e-18
1.2268e-18
5.99815e-19
2.92522e-19
1.42302e-19
6.90554e-20
3.34297e-20
1.61448e-20
7.7788e-21
3.7393e-21
1.79341e-21
8.58219e-22
4.09787e-22
1.95243e-22
9.28243e-23
4.40385e-23
2.08498e-23
9.851e-24
4.64497e-24
2.18585e-24
1.02661e-24
4.81229e-25
2.25148e-25
1.0514e-25
4.90073e-26
2.28013e-26
1.05894e-26
4.90921e-27
2.27189e-27
1.04956e-27
4.84044e-28
2.22857e-28
1.02434e-28
4.7005e-29
2.15347e-29
9.84994e-30
4.4982e-30
2.05099e-30
9.33717e-31
4.24427e-31
1.92634e-31
8.73e-32
3.95052e-32
1.7851e-32
8.05456e-33
3.62914e-33
1.63288e-33
7.33665e-34
3.29188e-34
1.47503e-34
6.60041e-35
2.94961e-35
1.31639e-35
5.86734e-36
2.61179e-36
1.16113e-36
5.15557e-37
2.28629e-37
1.01263e-37
4.4796e-38
1.97926e-38
8.73471e-39
3.85017e-39
1.69513e-39
7.45459e-40
3.27451e-40
1.43673e-40
6.29675e-41
2.7566e-41
1.20546e-41
5.26573e-42
2.29771e-42
1.00154e-42
4.36093e-43
1.89686e-43
8.24215e-44
3.57766e-44
1.55136e-44
6.72033e-45
2.90826e-45
1.25732e-45
5.43037e-46
2.34311e-46
1.01003e-46
4.34976e-47
1.87147e-47
8.04439e-48
3.45461e-48
1.48219e-48
6.35352e-49
2.72101e-49
1.16428e-49
4.97733e-50
2.12595e-50
9.07256e-51
3.86839e-51
1.648e-51
7.01476e-52
2.98334e-52
1.26773e-52
5.3826e-53
2.28349e-53
9.67943e-54
4.09967e-54
1.735e-54
7.33671e-55
3.1e-55
1.30882e-55
5.52154e-56
2.32758e-56
9.80432e-57
4.12667e-57
1.73562e-57
7.29429e-58
3.0633e-58
1.28551e-58
5.3907e-59
2.25891e-59
9.4589e-60
3.95796e-60
1.65498e-60
6.91529e-61
2.88751e-61
1.20486e-61
5.024e-62
2.09347e-62
8.71742e-63
3.62758e-63
1.50854e-63
6.26913e-64
2.60359e-64
1.08057e-64
4.48179e-65
1.85767e-65
7.69503e-66
3.18548e-66
1.31785e-66
5.44857e-67
2.25128e-67
9.29628e-68
3.83638e-68
1.58223e-68
6.52159e-69
2.68644e-69
1.10596e-69
4.55037e-70
1.8711e-70
7.68941e-71
3.15818e-71
1.29637e-71
5.3183e-72
2.18056e-72
8.93549e-73
3.65952e-73
1.49791e-73
6.12785e-74
2.50548e-74
1.02384e-74
4.18159e-75
1.70692e-75
6.96389e-76
2.83961e-76
1.15727e-76
4.71391e-77
1.91911e-77
7.80896e-78
3.17586e-78
1.29094e-78
5.24478e-79
2.12975e-79
8.64392e-80
3.50651e-80
1.42175e-80
5.76174e-81
2.33384e-81
9.44877e-82
3.82356e-82
1.5465e-82
6.25207e-83
2.52633e-83
1.02035e-83
4.1191e-84
1.66208e-84
6.70343e-85
2.70235e-85
1.08889e-85
4.3856e-86
1.76553e-86
7.10432e-87
2.85743e-87
1.14877e-87
4.61631e-88
1.85424e-88
7.44465e-89
2.98767e-89
1.19848e-89
4.80552e-90
1.92603e-90
7.7161e-91
3.08993e-91
1.23684e-91
4.94876e-92
1.97923e-92
7.91253e-93
3.16194e-93
1.26302e-93
5.04303e-94
2.01277e-94
8.03009e-95
3.20236e-95
1.27657e-95
5.08684e-96
2.02617e-96
8.06739e-97
3.21084e-97
1.27742e-97
5.0802e-98
2.01957e-98
8.02543e-99
3.18795e-99
1.26587e-99
5.0246e-100
1.99366e-100
7.90743e-101
3.13515e-101
1.24256e-101
4.92288e-102
1.94966e-102
7.71862e-103
3.05465e-103
1.20844e-103
4.77897e-104
1.88924e-104
7.4659e-105
2.94933e-105
1.16469e-105
4.59777e-106
1.81438e-106
7.15748e-107
2.82254e-107
1.11268e-107
4.38481e-108
1.72736e-108
6.80247e-109
2.67796e-109
1.05389e-109
4.14608e-110
1.63056e-110
6.4105e-111
2.51943e-111
9.89852e-112
3.88772e-112
1.52644e-112
5.9913e-113
2.35084e-113
9.22114e-114
3.61582e-114
1.4174e-114
5.55441e-115
2.17594e-115
8.52156e-116
3.33622e-116
1.30574e-116
5.10884e-117
1.99827e-117
7.81361e-118
3.05434e-118
1.19358e-118
4.66284e-119
1.82104e-119
7.10983e-120
2.77503e-120
1.0828e-120
4.22375e-121
1.6471e-121
6.42118e-122
2.50255e-122
9.7504e-123
3.79784e-123
1.47885e-123
5.7569e-124
2.24041e-124
8.71652e-125
3.39027e-125
1.31827e-125
5.12448e-126
1.99147e-126
7.73707e-127
3.0051e-127
1.16687e-127
4.52963e-128
1.75786e-128
6.82007e-129
2.6453e-129
1.02575e-129
3.97642e-130
1.54108e-130
5.97093e-131
2.31283e-131
8.9563e-132
3.46736e-132
1.34201e-132
5.19275e-133
2.00875e-133
7.76857e-134
3.00361e-134
1.16101e-134
4.48656e-135
1.73333e-135
6.69479e-136
2.58514e-136
9.97975e-137
3.85165e-137
1.48615e-137
5.73288e-138
2.21087e-138
8.53643e-139
2.98964e-139
)
;

boundaryField
{
    sides
    {
        type            zeroGradient;
    }
    empty
    {
        type            empty;
    }
}


// ************************************************************************* //
