/*--------------------------------*- C++ -*----------------------------------*\
  =========                 |
  \\      /  F ield         | OpenFOAM: The Open Source CFD Toolbox
   \\    /   O peration     | Website:  https://openfoam.org
    \\  /    A nd           | Version:  7
     \\/     M anipulation  |
\*---------------------------------------------------------------------------*/
FoamFile
{
    version     2.0;
    format      ascii;
    class       volScalarField;
    location    "4.07";
    object      T;
}
// * * * * * * * * * * * * * * * * * * * * * * * * * * * * * * * * * * * * * //

dimensions      [0 0 0 1 0 0 0];

internalField   nonuniform List<scalar> 
1000
(
1.06063e-182
1.06066e-182
1.06075e-182
1.06102e-182
1.06171e-182
1.06338e-182
1.06739e-182
1.07695e-182
1.09969e-182
1.15363e-182
1.28144e-182
1.58412e-182
2.30049e-182
3.99518e-182
8.00252e-182
1.74745e-181
3.98538e-181
9.27076e-181
2.17483e-180
5.11928e-180
1.20648e-179
2.84414e-179
6.70396e-179
1.57975e-178
3.72126e-178
8.76237e-178
2.06243e-177
4.85242e-177
1.14119e-176
2.68274e-176
6.30404e-176
1.48074e-175
3.4766e-175
8.15924e-175
1.91409e-174
4.4884e-174
1.05205e-173
2.46491e-173
5.7727e-173
1.35136e-172
3.16214e-172
7.39611e-172
1.72918e-171
4.04101e-171
9.4396e-171
2.20409e-170
5.1442e-170
1.2001e-169
2.79852e-169
6.52305e-169
1.51979e-168
3.53937e-168
8.23905e-168
1.91707e-167
4.45869e-167
1.03653e-166
2.40862e-166
5.59449e-166
1.29885e-165
3.01414e-165
6.99155e-165
1.62102e-164
3.75672e-164
8.70228e-164
2.01493e-163
4.66329e-163
1.07876e-162
2.49438e-162
5.76501e-162
1.3318e-161
3.07525e-161
7.09774e-161
1.63742e-160
3.77572e-160
8.70239e-160
2.00482e-159
4.61646e-159
1.06253e-158
2.44439e-158
5.62075e-158
1.29186e-157
2.96777e-157
6.81462e-157
1.56403e-156
3.58793e-156
8.2269e-156
1.88547e-155
4.31913e-155
9.88928e-155
2.2632e-154
5.17694e-154
1.18362e-153
2.70484e-153
6.17817e-153
1.41048e-152
3.21855e-152
7.34077e-152
1.67344e-151
3.81298e-151
8.68369e-151
1.97665e-150
4.49717e-150
1.02266e-149
2.3244e-149
5.28044e-149
1.19898e-148
2.72105e-148
6.17223e-148
1.39936e-147
3.17099e-147
7.18191e-147
1.62579e-146
3.67847e-146
8.31855e-146
1.88021e-145
4.24757e-145
9.5907e-145
2.16439e-144
4.88199e-144
1.10061e-143
2.47994e-143
5.58498e-143
1.25712e-142
2.82815e-142
6.35915e-142
1.42911e-141
3.21e-141
7.2063e-141
1.61692e-140
3.62604e-140
8.12727e-140
1.82064e-139
4.07633e-139
9.12179e-139
2.04012e-138
4.56034e-138
1.01883e-137
2.27494e-137
5.07691e-137
1.13238e-136
2.52433e-136
5.62419e-136
1.25237e-135
2.7872e-135
6.19955e-135
1.3782e-134
3.0621e-134
6.7996e-134
1.50905e-133
3.34719e-133
7.42013e-133
1.64398e-132
3.64028e-132
8.05613e-132
1.78185e-131
3.93881e-131
8.70184e-131
1.92135e-130
4.23986e-130
9.35073e-130
2.06105e-129
4.54022e-129
9.99568e-129
2.19935e-128
4.83639e-128
1.0629e-127
2.33458e-127
5.12468e-127
1.12426e-126
2.46496e-126
5.40124e-126
1.18282e-125
2.58869e-125
5.66217e-125
1.23772e-124
2.70396e-124
5.90357e-124
1.28815e-123
2.80899e-123
6.12167e-123
1.33329e-122
2.90208e-122
6.31288e-122
1.37239e-121
2.98166e-121
6.47394e-121
1.40478e-120
3.04633e-120
6.60194e-120
1.42986e-119
3.09487e-119
6.69448e-119
1.44716e-118
3.12635e-118
6.74967e-118
1.4563e-117
3.14007e-117
6.76625e-117
1.45706e-116
3.13563e-116
6.7436e-116
1.44936e-115
3.11298e-115
6.68178e-115
1.43325e-114
3.07233e-114
6.58153e-114
1.40896e-113
3.01426e-113
6.44428e-113
1.37682e-112
2.93962e-112
6.27209e-112
1.33734e-111
2.84955e-111
6.06762e-111
1.29111e-110
2.74546e-110
5.83403e-110
1.23887e-109
2.62895e-109
5.57495e-109
1.1814e-108
2.50182e-108
5.29433e-108
1.1196e-107
2.36598e-107
4.99638e-107
1.05437e-106
2.22345e-106
4.68545e-106
9.86661e-106
2.07623e-105
4.3659e-105
9.17403e-105
1.92635e-104
4.04201e-104
8.47513e-104
1.77574e-103
3.71791e-103
7.7786e-103
1.62625e-102
3.39745e-102
7.09252e-102
1.47954e-101
3.08414e-101
6.42418e-101
1.33715e-100
2.7811e-100
5.78001e-100
1.20037e-99
2.491e-99
5.16543e-99
1.07031e-98
2.21606e-98
4.58484e-98
9.4784e-98
1.958e-97
4.04164e-97
8.33618e-97
1.71807e-96
3.53816e-96
7.28077e-96
1.49706e-95
3.07581e-95
6.3145e-95
1.29532e-94
2.65505e-94
5.43782e-94
1.11284e-93
2.27558e-93
4.64951e-93
9.49234e-93
1.93638e-92
3.94692e-92
8.03848e-92
1.63583e-91
3.3262e-91
6.75779e-91
1.37185e-90
2.7826e-90
5.63946e-90
1.142e-89
2.31066e-89
4.67136e-89
9.43605e-89
1.90447e-88
3.84055e-88
7.73834e-88
1.55789e-87
3.1337e-87
6.2981e-87
1.26471e-86
2.53749e-86
5.08681e-86
1.01886e-85
2.03895e-85
4.07686e-85
8.14456e-85
1.62567e-84
3.24204e-84
6.4599e-84
1.28603e-83
2.55797e-83
5.08342e-83
1.00933e-82
2.00227e-82
3.96851e-82
7.85857e-82
1.55479e-81
3.07332e-81
6.06952e-81
1.19759e-80
2.36084e-80
4.64977e-80
9.14957e-80
1.79875e-79
3.53301e-79
6.93295e-79
1.35922e-78
2.66232e-78
5.20987e-78
1.01857e-77
1.98951e-77
3.88236e-77
7.56897e-77
1.47424e-76
2.86873e-76
5.57697e-76
1.08316e-75
2.10173e-75
4.0742e-75
7.89026e-75
1.52659e-74
2.95076e-74
5.69802e-74
1.09924e-73
2.11855e-73
4.07905e-73
7.84611e-73
1.50773e-72
2.89443e-72
5.55102e-72
1.06354e-71
2.03563e-71
3.89236e-71
7.43519e-71
1.41885e-70
2.70483e-70
5.15119e-70
9.80019e-70
1.8626e-69
3.53641e-69
6.70753e-69
1.27091e-68
2.4056e-68
4.54866e-68
8.59198e-68
1.62126e-67
3.05606e-67
5.75461e-67
1.08247e-66
2.03405e-66
3.81811e-66
7.1594e-66
1.34105e-65
2.5093e-65
4.69028e-65
8.75749e-65
1.63341e-64
3.0433e-64
5.66403e-64
1.05302e-63
1.9556e-63
3.62784e-63
6.7227e-63
1.24441e-62
2.30096e-62
4.24988e-62
7.84089e-62
1.44502e-61
2.66011e-61
4.89151e-61
8.98467e-61
1.64845e-60
3.02107e-60
5.53043e-60
1.01127e-59
1.84707e-59
3.36982e-59
6.14096e-59
1.11782e-58
2.03239e-58
3.69102e-58
6.69554e-58
1.21318e-57
2.19564e-57
3.9691e-57
7.1667e-57
1.29253e-56
2.32837e-56
4.18944e-56
7.52919e-56
1.35154e-55
2.42323e-55
4.33957e-55
7.76216e-55
1.38676e-54
2.47457e-54
4.41039e-54
7.85116e-54
1.39594e-53
2.47899e-53
4.39702e-53
7.78956e-53
1.37829e-52
2.43577e-52
4.29932e-52
7.57935e-52
1.33453e-51
2.34688e-51
4.12207e-51
7.23105e-51
1.26692e-50
2.21693e-50
3.87449e-50
6.76291e-50
1.17898e-49
2.05274e-49
3.56954e-49
6.19928e-49
1.07527e-48
1.86271e-48
3.22269e-48
5.56848e-48
9.60945e-48
1.65616e-47
2.85068e-47
4.90043e-47
8.41314e-47
1.44251e-46
2.47011e-46
4.22423e-46
7.21461e-46
1.23058e-45
2.09622e-45
3.5661e-45
6.05868e-45
1.02799e-44
1.74191e-44
2.94772e-44
4.98162e-44
8.40767e-44
1.4171e-43
2.38532e-43
4.00967e-43
6.73112e-43
1.12845e-42
1.88925e-42
3.15872e-42
5.27404e-42
8.794e-42
1.46433e-41
2.435e-41
4.04358e-41
6.7056e-41
1.11049e-40
1.83651e-40
3.03302e-40
5.00216e-40
8.23835e-40
1.35494e-39
2.22535e-39
3.64983e-39
5.9778e-39
9.77697e-39
1.59684e-38
2.6044e-38
4.24176e-38
6.89879e-38
1.12044e-37
1.81716e-37
2.94294e-37
4.75945e-37
7.68628e-37
1.23953e-36
1.9961e-36
3.20987e-36
5.15434e-36
8.26491e-36
1.32337e-35
2.11593e-35
3.37829e-35
5.38602e-35
8.57459e-35
1.36311e-34
2.16383e-34
3.42994e-34
5.429e-34
8.5807e-34
1.35424e-33
2.1342e-33
3.35847e-33
5.27733e-33
8.28042e-33
1.29735e-32
2.02966e-32
3.17068e-32
4.94589e-32
7.70367e-32
1.19815e-31
1.86074e-31
2.88549e-31
4.46797e-31
6.90812e-31
1.06651e-30
1.6441e-30
2.53074e-30
3.88974e-30
5.96965e-30
9.14809e-30
1.3998e-29
2.13871e-29
3.26281e-29
4.9703e-29
7.56004e-29
1.14819e-28
1.74123e-28
2.63662e-28
3.98645e-28
6.01831e-28
9.07214e-28
1.3655e-27
2.05221e-27
3.07962e-27
4.61444e-27
6.90377e-27
1.03133e-26
1.53835e-26
2.29117e-26
3.40725e-26
5.05934e-26
7.50113e-26
1.11046e-25
1.64143e-25
2.42261e-25
3.57017e-25
5.25333e-25
7.71832e-25
1.13228e-24
1.65853e-24
2.4257e-24
3.54235e-24
5.1652e-24
7.52009e-24
1.0932e-23
1.58678e-23
2.29972e-23
3.32793e-23
4.80854e-23
6.93735e-23
9.99341e-23
1.43739e-22
2.06431e-22
2.96017e-22
4.23838e-22
6.0593e-22
8.6494e-22
1.23279e-21
1.75443e-21
2.493e-21
3.53712e-21
5.01093e-21
7.08808e-21
1.00111e-20
1.4118e-20
1.98797e-20
2.79504e-20
3.92382e-20
5.50013e-20
7.69803e-20
1.07579e-19
1.50115e-19
2.09152e-19
2.90967e-19
4.04176e-19
5.60586e-19
7.76354e-19
1.07355e-18
1.48229e-18
2.04357e-18
2.81315e-18
3.86673e-18
5.30693e-18
7.27263e-18
9.9515e-18
1.35967e-17
1.85495e-17
2.52685e-17
3.43699e-17
4.66798e-17
6.3304e-17
8.5721e-17
1.15904e-16
1.56481e-16
2.1095e-16
2.83958e-16
3.81667e-16
5.12238e-16
6.86463e-16
9.18587e-16
1.22739e-15
1.63759e-15
2.18166e-15
2.90223e-15
3.85512e-15
5.11336e-15
6.77234e-15
8.95645e-15
1.18276e-14
1.55965e-14
2.05363e-14
2.70013e-14
3.54501e-14
4.64749e-14
6.08402e-14
7.95306e-14
1.03813e-13
1.35313e-13
1.76117e-13
2.28897e-13
2.97068e-13
3.84988e-13
4.98215e-13
6.43821e-13
8.30795e-13
1.07054e-12
1.37751e-12
1.76999e-12
2.27107e-12
2.90988e-12
3.72311e-12
4.7569e-12
6.0692e-12
7.73264e-12
9.83819e-12
1.24995e-11
1.58586e-11
2.00924e-11
2.5421e-11
3.21182e-11
4.05234e-11
5.10575e-11
6.42412e-11
8.07176e-11
1.0128e-10
1.26907e-10
1.588e-10
1.98437e-10
2.47628e-10
3.08594e-10
3.84046e-10
4.77299e-10
5.92392e-10
7.34246e-10
9.08843e-10
1.12344e-09
1.38686e-09
1.70974e-09
2.10499e-09
2.58815e-09
3.17798e-09
3.89705e-09
4.77251e-09
5.83692e-09
7.12933e-09
8.69646e-09
1.05942e-08
1.28891e-08
1.56607e-08
1.90036e-08
2.303e-08
2.78735e-08
3.3692e-08
4.06726e-08
4.90364e-08
5.90443e-08
7.10038e-08
8.52768e-08
1.02289e-07
1.22538e-07
1.46611e-07
1.75191e-07
2.09079e-07
2.49209e-07
2.96669e-07
3.52726e-07
4.18852e-07
4.96757e-07
5.88423e-07
6.96142e-07
8.22565e-07
9.70752e-07
1.14423e-06
1.34706e-06
1.58392e-06
1.86015e-06
2.18191e-06
2.55624e-06
2.99118e-06
3.49591e-06
4.08091e-06
4.75812e-06
5.54109e-06
6.44525e-06
7.48805e-06
8.6893e-06
1.00714e-05
1.16596e-05
1.34824e-05
1.55721e-05
1.79647e-05
2.07009e-05
2.38262e-05
2.73918e-05
3.14548e-05
3.60791e-05
4.13359e-05
4.73047e-05
5.4074e-05
6.17421e-05
7.04181e-05
8.02229e-05
9.12906e-05
0.000103769
0.000117822
0.00013363
0.000151391
0.000171323
0.000193667
0.000218685
0.000246666
0.000277924
0.000312805
0.000351682
0.000394966
0.000443101
0.000496572
0.000555902
0.00062166
0.000694462
0.000774972
0.000863908
0.000962042
0.00107021
0.0011893
0.00132027
0.00146415
0.00162205
0.00179514
0.00198467
0.00219199
0.00241851
0.00266575
0.00293531
0.00322891
0.00354832
0.00389547
0.00427235
0.00468108
0.00512388
0.00560309
0.00612117
0.00668066
0.00728427
0.00793477
0.00863511
0.0093883
0.0101975
0.011066
0.0119972
0.0129945
0.0140617
0.0152023
0.0164203
0.0177196
0.0191042
0.0205782
0.0221458
0.0238113
0.0255791
0.0274536
0.0294391
0.0315403
0.0337617
0.0361079
0.0385834
0.0411928
0.0439407
0.0468316
0.0498701
0.0530605
0.0564072
0.0599146
0.0635868
0.0674279
0.0714418
0.0756323
0.0800032
0.0845577
0.0892992
0.0942308
0.0993551
0.104675
0.110192
0.11591
0.121828
0.12795
0.134275
0.140806
0.147542
0.154483
0.161629
0.16898
0.176535
0.184291
0.192248
0.200403
0.208753
0.217297
0.226029
0.234947
0.244046
0.253321
0.262768
0.272382
0.282156
0.292085
0.302161
0.312379
0.322731
0.333209
0.343806
0.354513
0.365323
0.376225
0.387213
0.398276
0.409405
0.42059
0.431822
0.443091
0.454387
0.465699
0.477018
0.488333
0.499634
0.51091
0.522151
0.533347
0.544486
0.55556
0.566557
0.577467
0.58828
0.598986
0.609576
0.620038
0.630365
0.640546
0.650571
0.660433
0.670122
0.679629
0.688945
0.698063
0.706975
0.715672
0.724147
0.732392
0.740401
0.748166
0.755681
0.76294
0.769936
0.776663
0.783115
0.789288
0.795176
0.800775
0.806078
0.811083
0.815784
0.820178
0.824261
0.82803
0.831481
0.834612
0.837419
0.839901
0.842054
0.843877
0.845369
0.846527
0.84735
0.847838
0.847989
0.847803
0.847281
0.846421
0.845225
0.843692
0.841825
0.839623
0.837089
0.834225
0.831031
0.827511
0.823668
0.819504
0.815023
0.810229
0.805125
0.799715
0.794005
0.787999
0.781703
0.775122
0.768262
0.761129
0.753731
0.746073
0.738164
0.73001
0.721619
0.713
0.704161
0.69511
0.685857
0.67641
0.66678
0.656974
0.647004
0.63688
0.626611
0.616208
0.60568
0.59504
0.584297
0.573462
0.562546
0.551559
0.540513
0.529419
0.518286
0.507126
0.495949
0.484767
0.473588
0.462425
0.451286
0.440181
0.429122
0.418116
0.407174
0.396304
0.385516
0.374817
0.364216
0.353721
0.34334
0.33308
0.322948
0.31295
0.303093
0.293382
0.283824
0.274423
0.265184
0.256112
0.24721
0.238482
0.229931
0.221561
0.213374
0.205372
0.197557
0.189931
0.182494
0.175247
0.168192
0.161328
0.154656
0.148177
0.141896
0.135825
0.129995
0.124491
0.119534
0.115698
)
;

boundaryField
{
    sides
    {
        type            zeroGradient;
    }
    empty
    {
        type            empty;
    }
}


// ************************************************************************* //
