/*--------------------------------*- C++ -*----------------------------------*\
  =========                 |
  \\      /  F ield         | OpenFOAM: The Open Source CFD Toolbox
   \\    /   O peration     | Website:  https://openfoam.org
    \\  /    A nd           | Version:  7
     \\/     M anipulation  |
\*---------------------------------------------------------------------------*/
FoamFile
{
    version     2.0;
    format      ascii;
    class       volScalarField;
    location    "4.1";
    object      T;
}
// * * * * * * * * * * * * * * * * * * * * * * * * * * * * * * * * * * * * * //

dimensions      [0 0 0 1 0 0 0];

internalField   nonuniform List<scalar> 
1000
(
0
0
0
0
0
0
0
0
0
0
0
0
0
0
0
0
0
0
0
0
0
0
0
0
0
0
0
0
0
0
0
0
0
0
0
0
0
0
0
0
0
0
0
0
0
0
0
0
0
0
0
0
0
0
0
0
0
0
0
0
0
0
0
0
0
0
0
0
0
0
0
0
0
0
0
0
0
0
0
0
0
0
0
0
0
0
0
0
0
0
0
0
0
0
0
0
0
0
0
0
0
0
0
0
0
0
0
0
0
0
0
0
0
0
0
0
0
0
0
0
0
0
0
0
0
0
0
0
0
0
0
0
0
0
0
0
0
0
0
0
0
0
0
0
0
0
0
0
0
0
0
0
0
0
0
0
0
0
0
0
0
0
0
0
0
0
0
0
0
0
0
0
0
0
0
0
0
0
0
0
0
0
0
0
0
0
0
0
0
0
0
0
0
0
0
0
0
0
0
0
0
0
0
0
0
0
0
0
0
0
0
0
0
0
0
0
0
0
0
0
0
0
0
0
0
0
0
0
0
0
0
0
0
0
0
0
0
0
0
0
0
0
0
0
0
0
0
0
0
0
0
0
0
0
0
0
0
0
0
0
0
0
0
0
0
0
0
0
0
0
0
0
0
0
0
0
0
0
0
0
0
0
0
0
0
0
0
0
0
0
0
0
0
0
0
0
0
0
0
0
0
0
0
0
0
0
0
0
0
0
0
0
0
0
0
0
0
0
0
0
0
0
0
0
0
0
0
0
0
0
0
0
0
0
0
0
0
0
0
0
0
1.92686e-322
4.57026e-319
9.54972e-316
1.98068e-312
4.07756e-309
8.33134e-306
1.68935e-302
3.39919e-299
6.78646e-296
1.34426e-292
2.64152e-289
5.1489e-286
9.95454e-283
1.90867e-279
3.62911e-276
6.84198e-273
1.27888e-269
2.36973e-266
4.35249e-263
7.92316e-260
1.42932e-256
2.55493e-253
4.52475e-250
7.93819e-247
1.37944e-243
2.37403e-240
4.04583e-237
6.82668e-234
1.14033e-230
1.88543e-227
3.08518e-224
4.99549e-221
8.00265e-218
1.26817e-214
1.98765e-211
3.08067e-208
4.72085e-205
7.15133e-202
1.07069e-198
1.58406e-195
2.3154e-192
3.343e-189
4.76671e-186
6.71084e-183
9.32649e-180
1.27922e-176
1.73123e-173
2.31124e-170
3.04304e-167
3.95031e-164
5.05477e-161
6.37381e-158
7.91777e-155
9.68688e-152
1.16684e-148
1.3834e-145
1.61382e-142
1.85175e-139
2.08919e-136
2.31678e-133
2.52427e-130
2.70123e-127
2.83779e-124
2.92556e-121
2.95836e-118
2.93294e-115
2.8494e-112
2.71132e-109
2.52552e-106
2.30154e-103
2.05084e-100
1.78573e-97
1.51842e-94
1.25997e-91
1.01953e-88
8.03875e-86
6.17115e-83
4.60851e-80
3.34485e-77
2.35717e-74
1.61122e-71
1.06705e-68
6.83869e-66
4.23605e-63
2.53255e-60
1.45923e-57
8.09032e-55
4.30854e-52
2.19988e-49
1.07467e-46
5.01164e-44
2.22549e-41
9.3845e-39
3.74626e-36
1.41086e-33
4.99314e-31
1.65324e-28
5.09514e-26
1.45298e-23
3.80742e-21
9.09228e-19
1.95899e-16
3.76123e-14
6.33509e-12
9.17033e-10
1.10933e-07
1.07692e-05
0.000787123
0.038584
0.961416
0.999213
0.999989
1
1
1
1
1
1
1
1
1
1
1
1
1
1
1
1
1
1
1
1
1
1
1
1
1
1
1
1
1
1
1
1
1
1
1
1
1
1
1
1
1
1
1
1
1
1
1
1
1
1
1
1
1
1
1
1
1
1
1
1
1
1
1
1
1
1
1
1
1
1
1
1
1
1
1
1
1
1
1
1
1
1
1
1
1
1
1
1
1
1
1
1
1
1
0.999989
0.999213
0.961416
0.038584
0.000787123
1.07692e-05
1.10933e-07
9.17033e-10
6.33509e-12
3.76123e-14
1.95899e-16
9.09228e-19
3.80742e-21
1.45298e-23
5.09514e-26
1.65324e-28
4.99314e-31
1.41086e-33
3.74626e-36
9.3845e-39
2.22549e-41
5.01164e-44
1.07467e-46
2.19988e-49
4.30854e-52
8.09032e-55
1.45923e-57
2.53255e-60
4.23605e-63
6.83869e-66
1.06705e-68
1.61122e-71
2.35717e-74
3.34485e-77
4.60851e-80
6.17115e-83
8.03875e-86
1.01953e-88
1.25997e-91
1.51842e-94
1.78573e-97
2.05084e-100
2.30154e-103
2.52552e-106
2.71132e-109
2.8494e-112
2.93294e-115
2.95836e-118
2.92556e-121
2.83779e-124
2.70123e-127
2.52427e-130
2.31678e-133
2.08919e-136
1.85175e-139
1.61382e-142
1.3834e-145
1.16684e-148
9.68688e-152
7.91777e-155
6.37381e-158
5.05477e-161
3.95031e-164
3.04304e-167
2.31124e-170
1.73123e-173
1.27922e-176
9.32649e-180
6.71084e-183
4.76671e-186
3.343e-189
2.3154e-192
1.58406e-195
1.07069e-198
7.15133e-202
4.72085e-205
3.08067e-208
1.98765e-211
1.26817e-214
8.00265e-218
4.99549e-221
3.08518e-224
1.88543e-227
1.14033e-230
6.82668e-234
4.04583e-237
2.37403e-240
1.37944e-243
7.93819e-247
4.52475e-250
2.55493e-253
1.42932e-256
7.92316e-260
4.35249e-263
2.36973e-266
1.27888e-269
6.84198e-273
3.62911e-276
1.90867e-279
9.95454e-283
5.1489e-286
2.64152e-289
1.34426e-292
6.78646e-296
3.39919e-299
1.68935e-302
8.33134e-306
4.07756e-309
1.98068e-312
9.54972e-316
4.57026e-319
1.92686e-322
0
0
0
0
0
0
0
0
0
0
0
0
0
0
0
0
0
0
0
0
0
0
0
0
0
0
0
0
0
0
0
0
0
0
0
0
0
0
0
0
0
0
0
0
0
0
0
0
0
0
0
0
0
0
0
0
0
0
0
0
0
0
0
0
0
0
0
0
0
0
0
0
0
0
0
0
0
0
0
0
0
0
0
0
0
0
0
0
0
0
0
0
0
0
0
0
0
0
0
0
0
0
0
0
0
0
0
0
0
0
0
0
0
0
0
0
0
0
0
0
0
0
0
0
0
0
0
0
0
0
0
0
0
0
0
0
0
0
0
0
0
0
0
0
0
0
0
0
0
0
0
0
0
0
0
0
0
0
0
0
0
0
0
0
0
0
0
0
0
0
0
0
0
0
0
0
0
0
0
0
0
0
0
0
0
0
0
0
0
0
0
0
0
0
0
0
0
0
0
0
0
0
0
0
0
0
0
0
0
0
0
0
0
0
0
0
0
0
0
0
0
0
0
0
0
0
0
0
0
0
0
0
0
0
0
0
0
0
0
0
0
0
0
0
0
0
0
0
0
0
0
0
0
0
0
0
0
0
0
0
0
0
0
0
0
0
0
0
0
0
0
0
0
0
0
0
0
0
0
0
0
0
0
0
0
0
0
0
0
0
0
0
0
0
0
0
0
0
0
0
0
0
0
0
0
0
0
0
0
0
0
0
0
0
0
0
0
0
0
0
0
0
0
0
0
0
0
0
0
0
0
0
0
0
0
0
0
0
0
0
0
)
;

boundaryField
{
    sides
    {
        type            zeroGradient;
    }
    empty
    {
        type            empty;
    }
}


// ************************************************************************* //
