/*--------------------------------*- C++ -*----------------------------------*\
  =========                 |
  \\      /  F ield         | OpenFOAM: The Open Source CFD Toolbox
   \\    /   O peration     | Website:  https://openfoam.org
    \\  /    A nd           | Version:  7
     \\/     M anipulation  |
\*---------------------------------------------------------------------------*/
FoamFile
{
    version     2.0;
    format      ascii;
    class       volScalarField;
    location    "3.71";
    object      T;
}
// * * * * * * * * * * * * * * * * * * * * * * * * * * * * * * * * * * * * * //

dimensions      [0 0 0 1 0 0 0];

internalField   nonuniform List<scalar> 
1000
(
0
0
0
0
0
0
0
0
0
0
0
0
0
0
0
0
0
0
0
0
0
0
0
0
0
0
0
0
0
0
0
0
0
0
0
0
0
0
0
0
0
0
0
0
0
0
0
0
0
0
0
0
0
0
0
0
0
0
0
0
0
0
0
0
0
0
0
0
0
0
0
0
0
0
0
0
0
0
0
0
0
0
0
0
0
0
0
0
0
0
0
0
0
0
0
0
0
0
0
0
0
0
0
0
0
0
0
0
0
0
0
0
0
0
0
0
0
0
0
0
0
0
0
0
0
0
0
0
0
0
0
0
0
0
0
0
0
0
0
0
0
0
0
0
0
0
0
0
0
0
0
0
0
0
0
0
0
0
0
0
0
0
0
0
0
0
0
0
0
0
0
0
0
0
0
0
0
0
0
0
0
0
0
0
0
0
0
0
0
0
0
0
0
0
0
0
0
0
0
0
0
0
0
0
0
0
0
0
0
0
0
0
0
0
0
0
0
0
0
0
0
0
0
0
0
0
0
0
0
0
0
0
0
0
0
0
0
0
0
0
0
0
0
0
0
0
0
0
0
0
0
0
0
0
0
0
0
0
0
0
0
0
0
0
0
0
0
0
0
0
0
0
0
0
0
0
0
0
0
0
0
0
0
0
0
0
0
0
0
0
0
0
0
0
0
0
0
0
0
0
0
0
0
0
0
0
0
0
0
0
0
0
0
0
0
0
0
0
0
0
0
0
0
0
0
0
0
0
0
0
0
0
0
0
0
0
0
0
0
0
0
0
1.4822e-323
7.48509e-320
1.67966e-316
3.74118e-313
8.27167e-310
1.81525e-306
3.95367e-303
8.5457e-300
1.83289e-296
3.90056e-293
8.23527e-290
1.72483e-286
3.58336e-283
7.38353e-280
1.50877e-276
3.05719e-273
6.14204e-270
1.22334e-266
2.41533e-263
4.72661e-260
9.16677e-257
1.76166e-253
3.3544e-250
6.32758e-247
1.18232e-243
2.188e-240
4.00974e-237
7.2758e-234
1.30701e-230
2.32405e-227
4.08993e-224
7.12232e-221
1.22714e-217
2.09152e-214
3.52577e-211
5.8775e-208
9.68727e-205
1.57834e-201
2.54163e-198
4.04434e-195
6.35802e-192
9.87296e-189
1.51402e-185
2.29234e-182
3.42605e-179
5.0533e-176
7.35392e-173
1.05564e-169
1.49438e-166
2.08562e-163
2.86894e-160
3.88864e-157
5.19203e-154
6.82665e-151
8.83636e-148
1.12563e-144
1.41066e-141
1.73862e-138
2.10662e-135
2.50842e-132
2.93411e-129
3.37004e-126
3.7992e-123
4.20195e-120
4.55733e-117
4.8446e-114
5.04512e-111
5.14422e-108
5.13285e-105
5.00878e-102
4.77717e-99
4.45033e-96
4.04667e-93
3.589e-90
3.10232e-87
2.61147e-84
2.13893e-81
1.70303e-78
1.31687e-75
9.87892e-73
7.18192e-70
5.05386e-67
3.43799e-64
2.25784e-61
1.42939e-58
8.70922e-56
5.09837e-53
2.86212e-50
1.53764e-47
7.88761e-45
3.85372e-42
1.78837e-39
7.85843e-37
3.25849e-34
1.27e-31
4.63198e-29
1.57286e-26
4.94313e-24
1.42785e-21
3.75957e-19
8.93334e-17
1.89204e-14
3.5162e-12
5.61722e-10
7.50074e-08
8.03925e-06
0.000648797
0.0351129
0.964887
0.999351
0.999992
1
1
1
1
1
1
1
1
1
1
1
1
1
1
1
1
1
1
1
1
1
1
1
1
1
1
1
1
1
1
1
1
1
1
1
1
1
1
1
1
1
1
1
1
1
1
1
1
1
1
1
1
1
1
1
1
1
1
1
1
1
1
1
1
1
1
1
1
1
1
1
1
1
1
1
1
1
1
1
1
1
1
1
1
1
1
1
1
1
1
1
1
1
1
0.999992
0.999351
0.964887
0.0351129
0.000648797
8.03925e-06
7.50074e-08
5.61722e-10
3.5162e-12
1.89204e-14
8.93334e-17
3.75957e-19
1.42785e-21
4.94313e-24
1.57286e-26
4.63198e-29
1.27e-31
3.25849e-34
7.85843e-37
1.78837e-39
3.85372e-42
7.88761e-45
1.53764e-47
2.86212e-50
5.09837e-53
8.70922e-56
1.42939e-58
2.25784e-61
3.43799e-64
5.05386e-67
7.18192e-70
9.87892e-73
1.31687e-75
1.70303e-78
2.13893e-81
2.61147e-84
3.10232e-87
3.589e-90
4.04667e-93
4.45033e-96
4.77717e-99
5.00878e-102
5.13285e-105
5.14422e-108
5.04512e-111
4.8446e-114
4.55733e-117
4.20195e-120
3.7992e-123
3.37004e-126
2.93411e-129
2.50842e-132
2.10662e-135
1.73862e-138
1.41066e-141
1.12563e-144
8.83636e-148
6.82665e-151
5.19203e-154
3.88864e-157
2.86894e-160
2.08562e-163
1.49438e-166
1.05564e-169
7.35392e-173
5.0533e-176
3.42605e-179
2.29234e-182
1.51402e-185
9.87296e-189
6.35802e-192
4.04434e-195
2.54163e-198
1.57834e-201
9.68727e-205
5.8775e-208
3.52577e-211
2.09152e-214
1.22714e-217
7.12232e-221
4.08993e-224
2.32405e-227
1.30701e-230
7.2758e-234
4.00974e-237
2.188e-240
1.18232e-243
6.32758e-247
3.3544e-250
1.76166e-253
9.16677e-257
4.72661e-260
2.41533e-263
1.22334e-266
6.14204e-270
3.05719e-273
1.50877e-276
7.38353e-280
3.58336e-283
1.72483e-286
8.23527e-290
3.90056e-293
1.83289e-296
8.5457e-300
3.95367e-303
1.81525e-306
8.27167e-310
3.74118e-313
1.67966e-316
7.48509e-320
1.4822e-323
0
0
0
0
0
0
0
0
0
0
0
0
0
0
0
0
0
0
0
0
0
0
0
0
0
0
0
0
0
0
0
0
0
0
0
0
0
0
0
0
0
0
0
0
0
0
0
0
0
0
0
0
0
0
0
0
0
0
0
0
0
0
0
0
0
0
0
0
0
0
0
0
0
0
0
0
0
0
0
0
0
0
0
0
0
0
0
0
0
0
0
0
0
0
0
0
0
0
0
0
0
0
0
0
0
0
0
0
0
0
0
0
0
0
0
0
0
0
0
0
0
0
0
0
0
0
0
0
0
0
0
0
0
0
0
0
0
0
0
0
0
0
0
0
0
0
0
0
0
0
0
0
0
0
0
0
0
0
0
0
0
0
0
0
0
0
0
0
0
0
0
0
0
0
0
0
0
0
0
0
0
0
0
0
0
0
0
0
0
0
0
0
0
0
0
0
0
0
0
0
0
0
0
0
0
0
0
0
0
0
0
0
0
0
0
0
0
0
0
0
0
0
0
0
0
0
0
0
0
0
0
0
0
0
0
0
0
0
0
0
0
0
0
0
0
0
0
0
0
0
0
0
0
0
0
0
0
0
0
0
0
0
0
0
0
0
0
0
0
0
0
0
0
0
0
0
0
0
0
0
0
0
0
0
0
0
0
0
0
0
0
0
0
0
0
0
0
0
0
0
0
0
0
0
0
0
0
0
0
0
0
0
0
0
0
0
0
0
0
0
0
0
0
0
0
0
0
0
0
0
0
0
0
0
0
0
0
0
0
0
0
0
)
;

boundaryField
{
    sides
    {
        type            zeroGradient;
    }
    empty
    {
        type            empty;
    }
}


// ************************************************************************* //
