/*--------------------------------*- C++ -*----------------------------------*\
  =========                 |
  \\      /  F ield         | OpenFOAM: The Open Source CFD Toolbox
   \\    /   O peration     | Website:  https://openfoam.org
    \\  /    A nd           | Version:  7
     \\/     M anipulation  |
\*---------------------------------------------------------------------------*/
FoamFile
{
    version     2.0;
    format      ascii;
    class       volScalarField;
    location    "3.44";
    object      T;
}
// * * * * * * * * * * * * * * * * * * * * * * * * * * * * * * * * * * * * * //

dimensions      [0 0 0 1 0 0 0];

internalField   nonuniform List<scalar> 
1000
(
0
0
0
0
0
0
0
0
0
0
0
0
0
0
0
0
0
0
0
0
0
0
0
0
0
0
0
0
0
0
0
0
0
0
0
0
0
0
0
0
0
0
0
0
0
0
0
0
0
0
0
0
0
0
0
0
0
0
0
0
0
0
0
0
0
0
0
0
0
0
0
0
0
0
0
0
0
0
0
0
0
0
0
0
0
0
0
0
0
0
0
0
0
0
0
0
0
0
0
0
0
0
-3.95253e-322
1.10033e-319
5.62655e-317
-2.87152e-315
-5.29709e-312
2.04596e-310
4.69457e-307
-6.86369e-305
-3.10059e-302
1.31838e-299
-9.6683e-298
-8.53159e-295
4.33459e-292
-1.25766e-289
2.75289e-287
-4.96164e-285
7.68522e-283
-1.04955e-280
1.2857e-278
-1.43048e-276
1.45932e-274
-1.37538e-272
1.20491e-270
-9.86194e-269
7.57409e-267
-5.47866e-265
3.74458e-263
-2.42524e-261
1.49221e-259
-8.74198e-258
4.88631e-256
-2.61061e-254
1.33544e-252
-6.55077e-251
3.08572e-249
-1.39759e-247
6.09374e-246
-2.56064e-244
1.03807e-242
-4.06376e-241
1.53762e-239
-5.628e-238
1.99427e-236
-6.8464e-235
2.27872e-233
-7.35791e-232
2.30634e-230
-7.02187e-229
2.0777e-227
-5.97783e-226
1.67321e-224
-4.55836e-223
1.20925e-221
-3.12503e-220
7.87054e-219
-1.93256e-217
4.62809e-216
-1.08134e-214
2.46584e-213
-5.48963e-212
1.19353e-210
-2.53491e-209
5.26082e-208
-1.06714e-206
2.11629e-205
-4.10416e-204
7.78519e-203
-1.4448e-201
2.62379e-200
-4.66364e-199
8.11485e-198
-1.38253e-196
2.30668e-195
-3.76955e-194
6.03465e-193
-9.46548e-192
1.45487e-190
-2.19158e-189
3.23594e-188
-4.6839e-187
6.64707e-186
-9.24948e-185
1.26216e-183
-1.68914e-182
2.21723e-181
-2.85489e-180
3.60607e-179
-4.46868e-178
5.4332e-177
-6.48171e-176
7.58763e-175
-8.71622e-174
9.82598e-173
-1.08709e-171
1.18036e-170
-1.25785e-169
1.3156e-168
-1.35053e-167
1.36074e-166
-1.34566e-165
1.30612e-164
-1.24427e-163
1.16339e-162
-1.06758e-161
9.61445e-161
-8.49735e-160
7.36979e-159
-6.27212e-158
5.23761e-157
-4.29119e-156
3.44915e-155
-2.71953e-154
2.10318e-153
-1.59517e-152
1.1864e-151
-8.6513e-151
6.1843e-150
-4.33291e-149
2.97485e-148
-2.00103e-147
1.31838e-146
-8.50572e-146
5.3721e-145
-3.32048e-144
2.00783e-143
-1.18728e-142
6.8627e-142
-3.8756e-141
2.13723e-140
-1.15018e-139
6.03647e-139
-3.08717e-138
1.53711e-137
-7.44317e-137
3.50095e-136
-1.59718e-135
7.05494e-135
-3.01066e-134
1.23788e-133
-4.88662e-133
1.84335e-132
-6.60099e-132
2.22197e-131
-6.91944e-131
1.9359e-130
-4.5546e-130
7.17777e-130
5.10956e-130
-1.07257e-128
5.84711e-128
-2.31558e-127
7.37884e-127
-1.84902e-126
2.94336e-126
2.24726e-126
-4.1966e-125
2.06692e-124
-6.99941e-124
1.70289e-123
-2.1572e-123
-5.20127e-123
4.73044e-122
-1.90421e-121
5.08276e-121
-7.36291e-121
-1.10933e-120
1.2113e-119
-4.76024e-119
1.14495e-118
-1.05137e-118
-5.36516e-118
3.36156e-117
-1.03528e-116
1.65557e-116
1.70384e-116
-2.1537e-115
7.73069e-115
-1.4367e-114
-5.02351e-115
1.40079e-113
-5.26614e-113
9.61636e-113
4.7866e-113
-9.63247e-112
3.33231e-111
-5.03159e-111
-7.38969e-111
6.69067e-110
-1.87916e-109
1.6356e-109
8.57127e-109
-4.27357e-108
8.41763e-108
3.12519e-108
-7.34239e-107
2.23275e-106
-1.99639e-106
-9.78194e-106
4.6073e-105
-7.63846e-105
-8.93497e-105
8.20416e-104
-1.88452e-103
-4.95466e-105
1.32712e-102
-3.87732e-102
2.16038e-102
2.02591e-101
-7.20287e-101
6.48927e-101
3.02862e-100
-1.25525e-99
1.37018e-99
4.60355e-99
-2.09528e-98
2.41935e-98
7.32497e-98
-3.38191e-97
3.71113e-97
1.22817e-96
-5.2782e-96
4.86486e-96
2.12844e-95
-7.89493e-95
4.93171e-95
3.68784e-94
-1.11133e-93
2.06831e-94
6.17595e-93
-1.42689e-92
-6.63233e-93
9.70093e-92
-1.57415e-91
-2.46899e-91
1.38709e-90
-1.26888e-90
-5.45062e-90
1.7347e-89
-1.43687e-90
-9.3933e-89
1.75604e-88
2.07995e-88
-1.3192e-87
1.11363e-87
5.26018e-87
-1.46338e-86
-4.38142e-87
8.45894e-86
-1.09263e-85
-2.75291e-85
9.85531e-85
-3.8322e-86
-5.01911e-84
7.3944e-84
1.51294e-83
-5.83449e-83
3.13099e-84
2.87646e-82
-3.91951e-82
-9.1895e-82
3.08421e-81
6.81552e-82
-1.58142e-80
1.54853e-80
5.79611e-80
-1.40072e-79
-1.1889e-79
7.91699e-79
-2.89297e-79
-3.3947e-78
4.82423e-78
1.08416e-77
-3.27873e-77
-1.81015e-77
1.65874e-76
-6.98945e-77
-6.82758e-76
9.06938e-76
2.26301e-75
-5.8819e-75
-5.19756e-75
2.97939e-74
-2.06941e-76
-1.28656e-73
9.40331e-74
4.84087e-73
-7.30736e-73
-1.56367e-72
4.08063e-72
4.00283e-72
-1.9405e-71
-5.25228e-72
8.29024e-71
-2.36337e-71
-3.25505e-70
2.60613e-70
1.18593e-69
-1.60101e-69
-4.01387e-69
8.08605e-69
1.25214e-68
-3.67043e-68
-3.51691e-68
1.55305e-67
8.34135e-68
-6.2457e-67
-1.30106e-67
2.41667e-66
-1.53599e-67
-9.0755e-66
2.68681e-66
3.33026e-65
-1.65696e-65
-1.20083e-64
8.05758e-65
4.27548e-64
-3.48804e-64
-1.50939e-63
1.4025e-63
5.30204e-63
-5.34007e-63
-1.85806e-62
1.94356e-62
6.50689e-62
-6.7882e-62
-2.27836e-61
2.27484e-61
7.97159e-61
-7.28315e-61
-2.78229e-60
2.2054e-60
9.66152e-60
-6.18666e-60
-3.32644e-59
1.53457e-59
1.1309e-58
-2.92833e-59
-3.77856e-58
1.29149e-59
1.23393e-57
2.65694e-58
-3.91225e-57
-1.94414e-57
1.19399e-56
9.86552e-57
-3.46501e-56
-4.27904e-56
9.37609e-56
1.68019e-55
-2.27919e-55
-6.10219e-55
4.53811e-55
2.06481e-54
-4.86605e-55
-6.50146e-54
-1.54113e-54
1.8872e-53
1.38985e-53
-4.94033e-53
-6.69863e-53
1.10784e-52
2.5811e-52
-1.81268e-52
-8.58915e-52
2.51767e-53
2.50684e-51
1.46135e-51
-6.298e-51
-8.20539e-51
1.26238e-50
3.16951e-50
-1.42575e-50
-9.9143e-50
-2.96577e-50
2.55867e-49
2.68859e-49
-5.10179e-49
-1.12675e-48
5.40117e-49
3.50705e-48
1.29989e-48
-8.48779e-48
-1.04423e-47
1.42451e-47
4.00222e-47
-4.00774e-48
-1.10168e-46
-8.59406e-47
2.15125e-46
4.20343e-46
-1.8131e-46
-1.26759e-45
-7.14594e-46
2.61496e-45
4.36081e-45
-2.50482e-45
-1.36708e-44
-7.19562e-45
2.76371e-44
4.64539e-44
-2.21693e-44
-1.40411e-43
-9.2112e-44
2.54099e-43
5.03738e-43
-8.52115e-44
-1.34457e-42
-1.28191e-42
1.87955e-42
5.28153e-42
1.43426e-42
-1.12493e-41
-1.66127e-41
7.76021e-42
4.94397e-41
4.05641e-41
-6.98714e-41
-1.82645e-40
-5.79091e-41
3.63628e-40
5.93634e-40
-1.11541e-40
-1.54592e-39
-1.72521e-39
1.39777e-39
5.87293e-39
4.47226e-39
-7.75495e-39
-2.07884e-38
-1.0068e-38
3.44081e-38
7.04008e-38
1.8019e-38
-1.36597e-37
-2.32772e-37
-1.65736e-38
5.07077e-37
7.64227e-37
-4.77624e-38
-1.79944e-36
-2.5254e-36
3.33874e-37
6.17387e-36
8.47284e-36
-1.08136e-36
-2.05662e-35
-2.89266e-35
1.39325e-36
6.63791e-35
1.00031e-34
9.57514e-36
-2.05745e-34
-3.46779e-34
-9.98585e-35
6.01193e-34
1.188e-33
6.11711e-34
-1.596e-33
-3.95243e-33
-3.05078e-33
3.52203e-33
1.24976e-32
1.33576e-32
-4.46752e-33
-3.64235e-32
-5.25566e-32
-1.18205e-32
9.25652e-32
1.85999e-31
1.26072e-31
-1.77044e-31
-5.8163e-31
-6.52727e-31
7.75432e-32
1.52892e-30
2.58619e-30
1.42864e-30
-2.89176e-30
-8.30986e-30
-9.12839e-30
7.41468e-31
2.06616e-29
3.6906e-29
2.54746e-29
-2.98657e-29
-1.1001e-28
-1.45893e-28
-4.69199e-29
2.16402e-28
5.14535e-28
5.404e-28
-2.88731e-29
-1.18685e-27
-2.26249e-27
-1.96781e-27
8.38469e-28
5.76724e-27
9.73354e-27
7.44369e-27
-5.32269e-27
-2.62178e-26
-4.19953e-26
-3.08521e-26
2.42846e-26
1.13801e-25
1.83655e-25
1.43167e-25
-8.3981e-26
-4.71414e-25
-8.10748e-25
-7.23944e-25
1.54208e-25
1.82346e-24
3.54772e-24
3.78108e-24
7.45164e-25
-6.21399e-24
-1.49095e-23
-1.93653e-23
-1.11902e-23
1.56274e-23
5.71924e-23
9.30158e-23
8.64618e-23
-1.12815e-24
-1.80735e-22
-3.98924e-22
-5.16165e-22
-3.31634e-22
3.19772e-22
1.40257e-21
2.50704e-21
2.78823e-21
1.17094e-21
-3.0732e-21
-9.43689e-21
-1.53142e-20
-1.58002e-20
-4.93101e-21
2.11164e-20
5.91812e-20
9.43508e-20
9.85483e-20
3.66279e-20
-1.1684e-19
-3.50795e-19
-5.88594e-19
-6.72944e-19
-3.8773e-19
4.61546e-19
1.90229e-18
3.61079e-18
4.76368e-18
4.04732e-18
-2.9689e-20
-8.41354e-18
-2.03961e-17
-3.23826e-17
-3.71112e-17
-2.41897e-17
1.70903e-17
9.20183e-17
1.92102e-16
2.86005e-16
3.1386e-16
1.91121e-16
-1.70943e-16
-8.22608e-16
-1.71108e-15
-2.60478e-15
-3.03282e-15
-2.28302e-15
4.84787e-16
5.95367e-15
1.4161e-14
2.38351e-14
3.16901e-14
3.19506e-14
1.65326e-14
-2.35734e-14
-9.51675e-14
-1.97603e-13
-3.15626e-13
-4.11372e-13
-4.17968e-13
-2.38751e-13
2.42232e-13
1.13183e-12
2.47529e-12
4.1765e-12
5.89435e-12
6.9303e-12
6.13862e-12
1.91242e-12
-7.67854e-12
-2.45016e-11
-4.96207e-11
-8.21114e-11
-1.17393e-10
-1.45153e-10
-1.47123e-10
-9.52422e-11
4.8859e-11
3.31699e-10
8.01192e-10
1.49292e-09
2.40673e-09
3.47093e-09
4.49208e-09
5.08997e-09
4.62068e-09
2.09562e-09
-3.88724e-09
-1.51724e-08
-3.39925e-08
-6.27659e-08
-1.03654e-07
-1.57753e-07
-2.23752e-07
-2.95842e-07
-3.60608e-07
-3.92559e-07
-3.47918e-07
-1.56166e-07
2.91165e-07
1.1551e-06
2.66786e-06
5.15632e-06
9.07096e-06
1.50212e-05
2.38176e-05
3.65222e-05
5.45068e-05
7.95206e-05
0.000113766
0.000159986
0.000221557
0.000302594
0.00040806
0.000543887
0.000717095
0.000935918
0.00120993
0.00155018
0.00196927
0.00248153
0.00310304
0.00385175
0.00474755
0.00581224
0.00706961
0.00854534
0.010267
0.0122639
0.0145668
0.0172082
0.0202216
0.0236413
0.0275025
0.0318404
0.0366903
0.0420868
0.0480637
0.0546534
0.0618862
0.0697905
0.0783916
0.0877117
0.0977694
0.108579
0.120152
0.132492
0.145601
0.159474
0.174102
0.189468
0.205554
0.222333
0.239774
0.257842
0.276496
0.295692
0.31538
0.335509
0.356022
0.376862
0.397969
0.419281
0.440735
0.462268
0.483817
0.50532
0.526717
0.547946
0.568952
0.589678
0.610075
0.630092
0.649685
0.668812
0.687437
0.705525
0.723049
0.739982
0.756305
0.772
0.787056
0.801464
0.815218
0.828319
0.840767
0.852568
0.86373
0.874265
0.884185
0.893505
0.902242
0.910416
0.918046
0.925153
0.931759
0.937887
0.943559
0.948799
0.953629
0.958073
0.962152
0.965889
0.969306
0.972422
0.975258
0.977832
0.980162
0.982264
0.984153
0.985842
0.987345
0.98867
0.989827
0.990823
0.991662
0.992347
0.992878
0.993255
0.993472
0.993525
0.993403
0.993097
0.992591
0.99187
0.990914
0.989704
0.988215
0.986421
0.984296
0.98181
0.978932
0.97563
0.971871
0.967622
0.962848
0.957518
0.951598
0.945058
0.937868
0.93
0.92143
0.912137
0.902102
0.891312
0.879756
0.86743
0.854333
0.840471
0.825852
0.810493
0.794413
0.77764
0.760203
0.742139
0.723488
0.704295
0.684609
0.664482
0.64397
0.623131
0.602026
0.580715
0.559262
0.537729
0.51618
0.494678
0.473282
0.452053
0.431047
0.410321
0.389925
0.369908
0.350315
0.331188
0.312563
0.294474
0.276951
0.260018
0.243695
0.227999
0.212944
0.198536
0.184782
0.171681
0.159233
0.147432
0.13627
0.125735
0.115815
0.106495
0.0977579
0.0895841
0.0819543
0.0748472
0.068241
0.0621133
0.0564411
0.0512012
0.0463706
0.0419263
0.0378454
0.0341056
0.0306853
0.027563
0.0247184
0.0221316
0.0197838
0.0176569
0.0157336
0.0139976
0.0124337
0.0110272
0.00976458
0.00863317
0.00762112
0.00671742
0.00591186
0.00519502
0.00455823
0.00399351
0.00349354
0.00305164
0.00266171
0.0023182
0.00201608
0.00175079
0.00151822
0.00131466
0.00113677
0.000981563
0.00084635
0.000728741
0.0006266
0.00053803
0.000461342
0.000395044
0.000337812
0.000288481
0.000246022
0.000209531
0.000178215
0.000151379
0.000128415
0.000108792
9.20471e-05
7.7779e-05
6.5638e-05
5.53212e-05
4.65667e-05
3.9148e-05
3.28697e-05
2.75638e-05
2.30856e-05
1.93111e-05
1.61338e-05
1.34628e-05
1.12203e-05
9.33998e-06
7.76544e-06
6.44861e-06
5.3487e-06
4.43115e-06
3.66668e-06
3.03054e-06
2.50185e-06
2.063e-06
1.69918e-06
1.39787e-06
1.14893e-06
9.41723e-07
7.80332e-07
5.89474e-07
)
;

boundaryField
{
    sides
    {
        type            zeroGradient;
    }
    empty
    {
        type            empty;
    }
}


// ************************************************************************* //
