/*--------------------------------*- C++ -*----------------------------------*\
  =========                 |
  \\      /  F ield         | OpenFOAM: The Open Source CFD Toolbox
   \\    /   O peration     | Website:  https://openfoam.org
    \\  /    A nd           | Version:  7
     \\/     M anipulation  |
\*---------------------------------------------------------------------------*/
FoamFile
{
    version     2.0;
    format      ascii;
    class       volScalarField;
    location    "3.33";
    object      T;
}
// * * * * * * * * * * * * * * * * * * * * * * * * * * * * * * * * * * * * * //

dimensions      [0 0 0 1 0 0 0];

internalField   nonuniform List<scalar> 
1000
(
0
0
0
0
0
0
0
0
0
0
0
0
0
0
0
0
0
0
0
0
0
0
0
0
0
0
0
0
0
0
0
0
0
0
0
0
0
0
0
0
0
0
0
0
0
0
0
0
0
0
0
0
0
0
0
0
0
0
0
0
0
0
0
0
0
0
0
0
0
0
0
0
0
0
0
0
0
0
0
0
0
0
0
0
0
0
0
0
0
0
0
0
0
0
0
0
0
0
0
0
0
0
0
0
0
0
0
0
0
0
0
0
0
0
0
0
0
0
0
0
0
0
0
0
0
0
0
0
0
0
0
0
0
0
0
0
0
0
0
0
0
0
0
0
0
0
0
0
0
0
0
0
0
0
0
0
0
0
0
0
0
0
0
0
0
0
0
0
0
0
0
0
0
0
0
0
0
0
0
0
0
0
0
0
0
0
0
0
0
0
0
0
0
0
0
0
0
0
0
0
0
0
0
0
0
0
0
4.44659e-323
2.30235e-321
9.94258e-320
4.26622e-318
1.8261e-316
7.7974e-315
3.32137e-313
1.4113e-311
5.98204e-310
2.52931e-308
1.06677e-306
4.48794e-305
1.88333e-303
7.88318e-302
3.29129e-300
1.3706e-298
5.6929e-297
2.35843e-295
9.74482e-294
4.01586e-292
1.65056e-290
6.76585e-289
2.76596e-287
1.1277e-285
4.58524e-284
1.85925e-282
7.51827e-281
3.03174e-279
1.21914e-277
4.8887e-276
1.95481e-274
7.79433e-273
3.09891e-271
1.22853e-269
4.85624e-268
1.91402e-266
7.52166e-265
2.9471e-263
1.15128e-261
4.48396e-260
1.74113e-258
6.74027e-257
2.60132e-255
1.00085e-253
3.83882e-252
1.4678e-250
5.5946e-249
2.12566e-247
8.05065e-246
3.03929e-244
1.14369e-242
4.28968e-241
1.60368e-239
5.97548e-238
2.21912e-236
8.21359e-235
3.02982e-233
1.11384e-231
4.08073e-230
1.48989e-228
5.42074e-227
1.96535e-225
7.10051e-224
2.55619e-222
9.16939e-221
3.27732e-219
1.16713e-217
4.14118e-216
1.46395e-214
5.15599e-213
1.80912e-211
6.32387e-210
2.20213e-208
7.63899e-207
2.63966e-205
9.08587e-204
3.11514e-202
1.06382e-200
3.61847e-199
1.22584e-197
4.13597e-196
1.38978e-194
4.65073e-193
1.54986e-191
5.14328e-190
1.69962e-188
5.5926e-187
1.83235e-185
5.97748e-184
1.94147e-182
6.27809e-181
2.02113e-179
6.47755e-178
2.06663e-176
6.56348e-175
2.07494e-173
6.52919e-172
2.04493e-170
6.37448e-169
1.97761e-167
6.10582e-166
1.87603e-164
5.73598e-163
1.74513e-161
5.28298e-160
1.59127e-158
4.76869e-157
1.42176e-155
4.217e-154
1.24426e-152
3.65193e-151
1.06616e-149
3.09586e-148
8.94089e-147
2.56801e-145
7.3351e-144
2.08346e-142
5.88447e-141
1.65253e-139
4.61412e-138
1.28084e-136
3.53465e-135
9.69645e-134
2.64405e-132
7.16621e-131
1.93038e-129
5.16778e-128
1.37481e-126
3.63436e-125
9.54624e-124
2.49129e-122
6.45911e-121
1.66359e-119
4.2561e-118
1.08153e-116
2.72955e-115
6.84128e-114
1.70271e-112
4.20791e-111
1.03247e-109
2.51502e-108
6.08155e-107
1.45969e-105
3.47731e-104
8.22092e-103
1.92864e-101
4.48945e-100
1.03682e-98
2.37544e-97
5.39839e-96
1.21681e-94
2.72001e-93
6.02922e-92
1.32509e-90
2.8872e-89
6.23595e-88
1.33497e-86
2.83223e-85
5.95418e-84
1.24021e-82
2.55913e-81
5.23061e-80
1.05881e-78
2.1224e-77
4.21228e-76
8.27605e-75
1.60946e-73
3.09755e-72
5.89888e-71
1.11138e-69
2.0712e-68
3.81746e-67
6.95732e-66
1.25356e-64
2.23254e-63
3.92936e-62
6.83323e-61
1.17388e-59
1.99167e-58
3.3367e-57
5.51854e-56
9.00814e-55
1.45093e-53
2.30543e-52
3.61276e-51
5.58204e-50
8.50146e-49
1.27591e-47
1.88643e-46
2.7468e-45
3.93769e-44
5.55575e-43
7.71227e-42
1.05295e-40
1.41338e-39
1.86455e-38
2.41646e-37
3.07535e-36
3.8418e-35
4.70874e-34
5.65981e-33
6.66829e-32
7.69698e-31
8.69937e-30
9.62218e-29
1.04093e-27
1.1007e-26
1.13691e-25
1.14632e-24
1.12743e-23
1.08082e-22
1.00913e-21
9.16865e-21
8.09913e-20
6.94918e-19
5.78566e-18
4.66906e-17
3.6481e-16
2.75635e-15
2.01123e-14
1.41528e-13
9.59005e-13
6.2473e-12
3.90569e-11
2.3389e-10
1.3389e-09
7.31023e-09
3.79761e-08
1.8721e-07
8.73233e-07
3.84172e-06
1.58854e-05
6.14997e-05
0.000221982
0.000743558
0.0022997
0.00653146
0.0169363
0.0398572
0.0846408
0.161396
0.275488
0.421009
0.578991
0.724512
0.838604
0.915359
0.960143
0.983064
0.993469
0.9977
0.999256
0.999778
0.999939
0.999984
0.999996
0.999999
1
1
1
1
1
1
1
1
1
1
1
1
1
1
1
1
1
1
1
1
1
1
1
1
1
1
1
1
1
1
1
1
1
1
1
1
1
1
1
1
1
1
1
1
1
1
1
1
1
1
1
1
1
1
1
1
1
1
1
1
1
1
1
1
1
1
1
1
1
1
1
1
0.999999
0.999996
0.999984
0.999939
0.999778
0.999256
0.9977
0.993469
0.983064
0.960143
0.915359
0.838604
0.724512
0.578991
0.421009
0.275488
0.161396
0.0846408
0.0398572
0.0169363
0.00653146
0.0022997
0.000743558
0.000221982
6.14997e-05
1.58854e-05
3.84172e-06
8.73233e-07
1.8721e-07
3.79761e-08
7.31023e-09
1.3389e-09
2.3389e-10
3.90569e-11
6.2473e-12
9.59005e-13
1.41528e-13
2.01123e-14
2.75635e-15
3.6481e-16
4.66906e-17
5.78566e-18
6.94918e-19
8.09913e-20
9.16865e-21
1.00913e-21
1.08082e-22
1.12743e-23
1.14632e-24
1.13691e-25
1.1007e-26
1.04093e-27
9.62218e-29
8.69937e-30
7.69698e-31
6.66829e-32
5.65981e-33
4.70874e-34
3.8418e-35
3.07535e-36
2.41646e-37
1.86455e-38
1.41338e-39
1.05295e-40
7.71227e-42
5.55575e-43
3.93769e-44
2.7468e-45
1.88643e-46
1.27591e-47
8.50146e-49
5.58204e-50
3.61276e-51
2.30543e-52
1.45093e-53
9.00814e-55
5.51854e-56
3.3367e-57
1.99167e-58
1.17388e-59
6.83323e-61
3.92936e-62
2.23254e-63
1.25356e-64
6.95732e-66
3.81746e-67
2.0712e-68
1.11138e-69
5.89888e-71
3.09755e-72
1.60946e-73
8.27605e-75
4.21228e-76
2.1224e-77
1.05881e-78
5.23061e-80
2.55913e-81
1.24021e-82
5.95418e-84
2.83223e-85
1.33497e-86
6.23595e-88
2.8872e-89
1.32509e-90
6.02922e-92
2.72001e-93
1.21681e-94
5.39839e-96
2.37544e-97
1.03682e-98
4.48945e-100
1.92864e-101
8.22092e-103
3.47731e-104
1.45969e-105
6.08155e-107
2.51502e-108
1.03247e-109
4.20791e-111
1.70271e-112
6.84128e-114
2.72955e-115
1.08153e-116
4.2561e-118
1.66359e-119
6.45911e-121
2.49129e-122
9.54624e-124
3.63436e-125
1.37481e-126
5.16778e-128
1.93038e-129
7.16621e-131
2.64405e-132
9.69645e-134
3.53465e-135
1.28084e-136
4.61412e-138
1.65253e-139
5.88447e-141
2.08346e-142
7.3351e-144
2.56801e-145
8.94089e-147
3.09586e-148
1.06616e-149
3.65193e-151
1.24426e-152
4.217e-154
1.42176e-155
4.76869e-157
1.59127e-158
5.28298e-160
1.74513e-161
5.73598e-163
1.87603e-164
6.10582e-166
1.97761e-167
6.37448e-169
2.04493e-170
6.52919e-172
2.07494e-173
6.56348e-175
2.06663e-176
6.47755e-178
2.02113e-179
6.27809e-181
1.94147e-182
5.97748e-184
1.83235e-185
5.5926e-187
1.69962e-188
5.14328e-190
1.54986e-191
4.65073e-193
1.38978e-194
4.13597e-196
1.22584e-197
3.61847e-199
1.06382e-200
3.11514e-202
9.08587e-204
2.63966e-205
7.63899e-207
2.20213e-208
6.32387e-210
1.80912e-211
5.15599e-213
1.46395e-214
4.14118e-216
1.16713e-217
3.27732e-219
9.16939e-221
2.55619e-222
7.10051e-224
1.96535e-225
5.42074e-227
1.48989e-228
4.08073e-230
1.11384e-231
3.02982e-233
8.21359e-235
2.21912e-236
5.97548e-238
1.60368e-239
4.28968e-241
1.14369e-242
3.03929e-244
8.05065e-246
2.12566e-247
5.5946e-249
1.4678e-250
3.83882e-252
1.00085e-253
2.60132e-255
6.74027e-257
1.74113e-258
4.48396e-260
1.15128e-261
2.9471e-263
7.52166e-265
1.91402e-266
4.85624e-268
1.22853e-269
3.09891e-271
7.79433e-273
1.95481e-274
4.8887e-276
1.21914e-277
3.03174e-279
7.51827e-281
1.85925e-282
4.58524e-284
1.1277e-285
2.76596e-287
6.76585e-289
1.65056e-290
4.01586e-292
9.74482e-294
2.35843e-295
5.6929e-297
1.3706e-298
3.29129e-300
7.88318e-302
1.88333e-303
4.48794e-305
1.06677e-306
2.52931e-308
5.98204e-310
1.4113e-311
3.32137e-313
7.7974e-315
1.8261e-316
4.26623e-318
9.94307e-320
2.30729e-321
4.44659e-323
0
0
0
0
0
0
0
0
0
0
0
0
0
0
0
0
0
0
0
0
0
0
0
0
0
0
0
0
0
0
0
0
0
0
0
0
0
0
0
0
0
0
0
0
0
0
0
0
0
0
0
0
0
0
0
0
0
0
0
0
0
0
0
0
0
0
0
0
0
0
0
0
0
0
0
0
0
0
0
0
0
0
0
0
0
0
0
0
0
0
0
0
0
0
0
0
0
0
0
0
0
0
0
0
0
0
0
0
0
0
0
0
0
0
0
0
0
0
0
0
0
0
0
0
0
0
0
0
0
0
0
0
0
0
0
0
0
0
0
0
0
0
0
0
0
0
0
0
0
0
0
0
0
0
0
0
0
0
0
0
0
0
0
0
0
0
0
0
0
0
0
0
0
0
0
0
0
0
0
0
0
0
0
0
0
0
0
0
0
0
0
0
0
0
0
0
0
0
0
0
0
0
0
0
0
0
0
)
;

boundaryField
{
    sides
    {
        type            zeroGradient;
    }
    empty
    {
        type            empty;
    }
}


// ************************************************************************* //
