/*--------------------------------*- C++ -*----------------------------------*\
  =========                 |
  \\      /  F ield         | OpenFOAM: The Open Source CFD Toolbox
   \\    /   O peration     | Website:  https://openfoam.org
    \\  /    A nd           | Version:  7
     \\/     M anipulation  |
\*---------------------------------------------------------------------------*/
FoamFile
{
    version     2.0;
    format      ascii;
    class       volScalarField;
    location    "4.97";
    object      T;
}
// * * * * * * * * * * * * * * * * * * * * * * * * * * * * * * * * * * * * * //

dimensions      [0 0 0 1 0 0 0];

internalField   nonuniform List<scalar> 
1000
(
3.58362e-42
4.10646e-42
5.22713e-42
7.10613e-42
1.00121e-41
1.43595e-41
2.07666e-41
3.01422e-41
4.38116e-41
6.3701e-41
9.26041e-41
1.34567e-40
1.95444e-40
2.83701e-40
4.11568e-40
5.96705e-40
8.64595e-40
1.25198e-39
1.81183e-39
2.6204e-39
3.78747e-39
5.47093e-39
7.89775e-39
1.1394e-38
1.64277e-38
2.36704e-38
3.40851e-38
4.90513e-38
7.05446e-38
1.01392e-37
1.45637e-37
2.09057e-37
2.99905e-37
4.2996e-37
6.16024e-37
8.82045e-37
1.26214e-36
1.80488e-36
2.57936e-36
3.68382e-36
5.25783e-36
7.49957e-36
1.06902e-35
1.52286e-35
2.16796e-35
3.08434e-35
4.38525e-35
6.2308e-35
8.84733e-35
1.25545e-34
1.78034e-34
2.52304e-34
3.57323e-34
5.05725e-34
7.15293e-34
1.01104e-33
1.42813e-33
2.01596e-33
2.84386e-33
4.00913e-33
5.64811e-33
7.95187e-33
1.11879e-32
1.57303e-32
2.21023e-32
3.10348e-32
4.35482e-32
6.10663e-32
8.5574e-32
1.19837e-31
1.67706e-31
2.34538e-31
3.27782e-31
4.57789e-31
6.38926e-31
8.91132e-31
1.24205e-30
1.72998e-30
2.40795e-30
3.34933e-30
4.65557e-30
6.4668e-30
8.97655e-30
1.24518e-29
1.72606e-29
2.391e-29
3.30983e-29
4.57859e-29
6.32933e-29
8.74345e-29
1.207e-28
1.66506e-28
2.29535e-28
3.16204e-28
4.35293e-28
5.98815e-28
8.23189e-28
1.13084e-27
1.55239e-27
2.12957e-27
2.9193e-27
3.99907e-27
5.47434e-27
7.48855e-27
1.02366e-26
1.39832e-26
1.90874e-26
2.60362e-26
3.54895e-26
4.83406e-26
6.57981e-26
8.94959e-26
1.21641e-25
1.65214e-25
2.24234e-25
3.04118e-25
4.12163e-25
5.58191e-25
7.55407e-25
1.02156e-24
1.38049e-24
1.86417e-24
2.51548e-24
3.39187e-24
4.57026e-24
6.15354e-24
8.27924e-24
1.11311e-23
1.49542e-23
2.00757e-23
2.69314e-23
3.61015e-23
4.83582e-23
6.47283e-23
8.65756e-23
1.15711e-22
1.54536e-22
2.06235e-22
2.75023e-22
3.66482e-22
4.8799e-22
6.49298e-22
8.63278e-22
1.14691e-21
1.5226e-21
2.01981e-21
2.67737e-21
3.54632e-21
4.69373e-21
6.20769e-21
8.20373e-21
1.08333e-20
1.4295e-20
1.88483e-20
2.4833e-20
3.2693e-20
4.30078e-20
5.65335e-20
7.42561e-20
9.74593e-20
1.27815e-19
1.67495e-19
2.19325e-19
2.86971e-19
3.75191e-19
4.9015e-19
6.39836e-19
8.34584e-19
1.08776e-18
1.41663e-18
1.8435e-18
2.39711e-18
3.11453e-18
4.04349e-18
5.24541e-18
6.79924e-18
8.80642e-18
1.13971e-17
1.47384e-17
1.9044e-17
2.45881e-17
3.17209e-17
4.08905e-17
5.26688e-17
6.77858e-17
8.7172e-17
1.12013e-16
1.43818e-16
1.84506e-16
2.36515e-16
3.02942e-16
3.87713e-16
4.95806e-16
6.33525e-16
8.08843e-16
1.03185e-15
1.31526e-15
1.67517e-15
2.13184e-15
2.71079e-15
3.44417e-15
4.3724e-15
5.54626e-15
7.02954e-15
8.90222e-15
1.12646e-14
1.42421e-14
1.79919e-14
2.27104e-14
2.86427e-14
3.60949e-14
4.54485e-14
5.71788e-14
7.18773e-14
9.02794e-14
1.13299e-13
1.4207e-13
1.78e-13
2.2283e-13
2.78719e-13
3.48336e-13
4.34978e-13
5.42717e-13
6.76576e-13
8.42744e-13
1.04884e-12
1.30425e-12
1.62049e-12
2.01171e-12
2.49529e-12
3.09249e-12
3.82939e-12
4.73788e-12
5.85694e-12
7.23419e-12
8.92772e-12
1.10084e-11
1.35624e-11
1.66947e-11
2.0533e-11
2.52322e-11
3.09805e-11
3.80058e-11
4.65843e-11
5.70503e-11
6.98077e-11
8.53447e-11
1.0425e-10
1.27234e-10
1.55152e-10
1.89032e-10
2.30112e-10
2.79878e-10
3.40112e-10
4.12953e-10
5.0096e-10
6.07196e-10
7.35323e-10
8.89713e-10
1.07558e-09
1.29915e-09
1.56783e-09
1.89042e-09
2.2774e-09
2.7412e-09
3.29658e-09
3.96101e-09
4.75518e-09
5.70359e-09
6.83516e-09
8.18403e-09
9.7905e-09
1.1702e-08
1.39744e-08
1.66734e-08
1.98761e-08
2.36731e-08
2.81706e-08
3.34929e-08
3.97856e-08
4.72188e-08
5.5991e-08
6.63341e-08
7.85182e-08
9.28577e-08
1.09718e-07
1.29525e-07
1.52772e-07
1.80031e-07
2.11964e-07
2.49339e-07
2.93042e-07
3.44099e-07
4.0369e-07
4.73178e-07
5.54131e-07
6.48353e-07
7.57916e-07
8.85201e-07
1.03294e-06
1.20424e-06
1.4027e-06
1.6324e-06
1.89801e-06
2.20485e-06
2.55899e-06
2.96733e-06
3.43774e-06
3.97914e-06
4.60165e-06
5.31675e-06
6.13743e-06
7.0784e-06
8.15626e-06
9.38977e-06
1.08001e-05
1.24109e-05
1.42492e-05
1.63449e-05
1.87319e-05
2.1448e-05
2.45358e-05
2.80426e-05
3.20217e-05
3.65322e-05
4.16403e-05
4.74195e-05
5.3952e-05
6.13286e-05
6.96505e-05
7.90299e-05
8.9591e-05
0.000101471
0.000114823
0.000129813
0.000146626
0.000165468
0.00018656
0.000210151
0.00023651
0.000265933
0.000298744
0.0003353
0.000375987
0.000421229
0.000471486
0.000527261
0.000589098
0.000657591
0.000733382
0.000817166
0.000909697
0.00101179
0.00112432
0.00124823
0.00138454
0.00153435
0.00169884
0.00187925
0.00207695
0.00229337
0.00253006
0.00278866
0.00307091
0.00337869
0.00371397
0.00407885
0.00447555
0.00490641
0.00537393
0.00588072
0.00642953
0.00702326
0.00766497
0.00835783
0.00910518
0.00991052
0.0107775
0.0117099
0.0127116
0.0137868
0.0149397
0.0161746
0.0174962
0.018909
0.0204179
0.0220278
0.0237438
0.0255711
0.0275148
0.0295804
0.0317733
0.0340991
0.0365634
0.0391717
0.0419298
0.0448433
0.0479179
0.0511593
0.0545732
0.058165
0.0619404
0.0659046
0.070063
0.0744208
0.0789828
0.0837539
0.0887387
0.0939415
0.0993664
0.105017
0.110897
0.11701
0.123358
0.129944
0.13677
0.143837
0.151147
0.1587
0.166497
0.174536
0.182819
0.191343
0.200106
0.209106
0.21834
0.227804
0.237495
0.247408
0.257538
0.267878
0.278423
0.289165
0.300098
0.311212
0.322501
0.333954
0.345562
0.357316
0.369204
0.381216
0.39334
0.405566
0.417881
0.430272
0.442728
0.455235
0.467781
0.480352
0.492934
0.505515
0.518081
0.530618
0.543113
0.555552
0.567922
0.580209
0.5924
0.604482
0.616441
0.628266
0.639944
0.651463
0.66281
0.673974
0.684944
0.695709
0.706258
0.716581
0.726669
0.736512
0.746101
0.755428
0.764483
0.773261
0.781753
0.789952
0.797852
0.805447
0.81273
0.819698
0.826344
0.832664
0.838654
0.84431
0.849628
0.854606
0.859239
0.863525
0.867462
0.871048
0.874281
0.877158
0.879679
0.881842
0.883647
0.885091
0.886175
0.886898
0.88726
0.88726
0.886898
0.886175
0.885091
0.883647
0.881842
0.879679
0.877158
0.874281
0.871048
0.867462
0.863525
0.859239
0.854606
0.849628
0.84431
0.838654
0.832664
0.826344
0.819698
0.81273
0.805447
0.797852
0.789952
0.781753
0.773261
0.764483
0.755428
0.746101
0.736512
0.726669
0.716581
0.706258
0.695709
0.684944
0.673974
0.66281
0.651463
0.639944
0.628266
0.616441
0.604482
0.5924
0.580209
0.567922
0.555552
0.543113
0.530618
0.518081
0.505515
0.492934
0.480352
0.467781
0.455235
0.442728
0.430272
0.417881
0.405566
0.39334
0.381216
0.369204
0.357316
0.345562
0.333954
0.322501
0.311212
0.300098
0.289165
0.278423
0.267878
0.257538
0.247408
0.237495
0.227804
0.21834
0.209106
0.200106
0.191343
0.182819
0.174536
0.166497
0.1587
0.151147
0.143837
0.13677
0.129944
0.123358
0.11701
0.110897
0.105017
0.0993664
0.0939415
0.0887387
0.0837539
0.0789828
0.0744208
0.070063
0.0659046
0.0619404
0.058165
0.0545732
0.0511593
0.0479179
0.0448433
0.0419298
0.0391717
0.0365634
0.0340991
0.0317733
0.0295804
0.0275148
0.0255711
0.0237438
0.0220278
0.0204179
0.018909
0.0174962
0.0161746
0.0149397
0.0137868
0.0127116
0.0117099
0.0107775
0.00991052
0.00910518
0.00835783
0.00766497
0.00702326
0.00642953
0.00588072
0.00537393
0.00490641
0.00447555
0.00407885
0.00371397
0.00337869
0.00307091
0.00278866
0.00253006
0.00229337
0.00207695
0.00187925
0.00169884
0.00153435
0.00138454
0.00124823
0.00112432
0.00101179
0.000909697
0.000817166
0.000733382
0.000657591
0.000589098
0.000527261
0.000471486
0.000421229
0.000375987
0.0003353
0.000298744
0.000265933
0.00023651
0.000210151
0.00018656
0.000165468
0.000146626
0.000129813
0.000114823
0.000101471
8.9591e-05
7.90299e-05
6.96505e-05
6.13286e-05
5.3952e-05
4.74195e-05
4.16403e-05
3.65322e-05
3.20217e-05
2.80426e-05
2.45358e-05
2.1448e-05
1.87319e-05
1.63449e-05
1.42492e-05
1.24109e-05
1.08001e-05
9.38977e-06
8.15626e-06
7.0784e-06
6.13743e-06
5.31675e-06
4.60165e-06
3.97914e-06
3.43774e-06
2.96733e-06
2.55899e-06
2.20485e-06
1.89801e-06
1.6324e-06
1.4027e-06
1.20424e-06
1.03294e-06
8.85201e-07
7.57916e-07
6.48353e-07
5.54131e-07
4.73178e-07
4.0369e-07
3.44099e-07
2.93042e-07
2.49339e-07
2.11964e-07
1.80031e-07
1.52772e-07
1.29525e-07
1.09718e-07
9.28577e-08
7.85182e-08
6.63341e-08
5.5991e-08
4.72188e-08
3.97856e-08
3.34929e-08
2.81706e-08
2.36731e-08
1.98761e-08
1.66734e-08
1.39744e-08
1.1702e-08
9.7905e-09
8.18403e-09
6.83516e-09
5.70359e-09
4.75518e-09
3.96101e-09
3.29658e-09
2.7412e-09
2.2774e-09
1.89042e-09
1.56783e-09
1.29915e-09
1.07558e-09
8.89713e-10
7.35323e-10
6.07196e-10
5.0096e-10
4.12953e-10
3.40112e-10
2.79878e-10
2.30112e-10
1.89032e-10
1.55152e-10
1.27234e-10
1.0425e-10
8.53447e-11
6.98077e-11
5.70503e-11
4.65843e-11
3.80058e-11
3.09805e-11
2.52322e-11
2.0533e-11
1.66947e-11
1.35624e-11
1.10084e-11
8.92772e-12
7.23419e-12
5.85694e-12
4.73788e-12
3.82939e-12
3.09249e-12
2.49529e-12
2.01171e-12
1.62049e-12
1.30425e-12
1.04884e-12
8.42744e-13
6.76576e-13
5.42717e-13
4.34978e-13
3.48336e-13
2.78719e-13
2.2283e-13
1.78e-13
1.4207e-13
1.13299e-13
9.02794e-14
7.18773e-14
5.71788e-14
4.54485e-14
3.60949e-14
2.86427e-14
2.27104e-14
1.79919e-14
1.42421e-14
1.12646e-14
8.90222e-15
7.02954e-15
5.54626e-15
4.3724e-15
3.44417e-15
2.71079e-15
2.13184e-15
1.67517e-15
1.31526e-15
1.03185e-15
8.08843e-16
6.33525e-16
4.95806e-16
3.87713e-16
3.02942e-16
2.36515e-16
1.84506e-16
1.43818e-16
1.12013e-16
8.7172e-17
6.77858e-17
5.26688e-17
4.08905e-17
3.17209e-17
2.45881e-17
1.9044e-17
1.47384e-17
1.13971e-17
8.80642e-18
6.79924e-18
5.24541e-18
4.04349e-18
3.11453e-18
2.39711e-18
1.8435e-18
1.41663e-18
1.08776e-18
8.34584e-19
6.39836e-19
4.9015e-19
3.75191e-19
2.86971e-19
2.19325e-19
1.67495e-19
1.27815e-19
9.74593e-20
7.42561e-20
5.65335e-20
4.30078e-20
3.2693e-20
2.4833e-20
1.88483e-20
1.4295e-20
1.08333e-20
8.20373e-21
6.20769e-21
4.69373e-21
3.54632e-21
2.67737e-21
2.01981e-21
1.5226e-21
1.14691e-21
8.63278e-22
6.49298e-22
4.8799e-22
3.66482e-22
2.75023e-22
2.06235e-22
1.54536e-22
1.15711e-22
8.65756e-23
6.47283e-23
4.83582e-23
3.61015e-23
2.69314e-23
2.00757e-23
1.49542e-23
1.11311e-23
8.27924e-24
6.15354e-24
4.57026e-24
3.39187e-24
2.51548e-24
1.86417e-24
1.38049e-24
1.02156e-24
7.55407e-25
5.58191e-25
4.12163e-25
3.04118e-25
2.24234e-25
1.65214e-25
1.21641e-25
8.94959e-26
6.57981e-26
4.83406e-26
3.54895e-26
2.60362e-26
1.90874e-26
1.39832e-26
1.02366e-26
7.48855e-27
5.47434e-27
3.99907e-27
2.9193e-27
2.12957e-27
1.55239e-27
1.13084e-27
8.23189e-28
5.98815e-28
4.35293e-28
3.16204e-28
2.29535e-28
1.66506e-28
1.207e-28
8.74345e-29
6.32933e-29
4.57859e-29
3.30983e-29
2.391e-29
1.72606e-29
1.24518e-29
8.97655e-30
6.4668e-30
4.65557e-30
3.34933e-30
2.40795e-30
1.72998e-30
1.24205e-30
8.91132e-31
6.38926e-31
4.57789e-31
3.27782e-31
2.34538e-31
1.67706e-31
1.19837e-31
8.5574e-32
6.10663e-32
4.35482e-32
3.10348e-32
2.21023e-32
1.57303e-32
1.11879e-32
7.95187e-33
5.64811e-33
4.00913e-33
2.84386e-33
2.01596e-33
1.42813e-33
1.01104e-33
7.15293e-34
5.05725e-34
3.57323e-34
2.52304e-34
1.78034e-34
1.25545e-34
8.84733e-35
6.2308e-35
4.38525e-35
3.08434e-35
2.16796e-35
1.52286e-35
1.06902e-35
7.49957e-36
5.25783e-36
3.68382e-36
2.57936e-36
1.80488e-36
1.26214e-36
8.82045e-37
6.16024e-37
4.2996e-37
2.99905e-37
2.09057e-37
1.45637e-37
1.01392e-37
7.05446e-38
4.90513e-38
3.40851e-38
2.36704e-38
1.64277e-38
1.1394e-38
7.89775e-39
5.47093e-39
3.78747e-39
2.6204e-39
1.81183e-39
1.25198e-39
8.64595e-40
5.96705e-40
4.11568e-40
2.83701e-40
1.95444e-40
1.34567e-40
9.26041e-41
6.3701e-41
4.38116e-41
3.01422e-41
2.07666e-41
1.43595e-41
1.00121e-41
7.10613e-42
5.22713e-42
4.10646e-42
3.58362e-42
)
;

boundaryField
{
    sides
    {
        type            zeroGradient;
    }
    empty
    {
        type            empty;
    }
}


// ************************************************************************* //
