/*--------------------------------*- C++ -*----------------------------------*\
  =========                 |
  \\      /  F ield         | OpenFOAM: The Open Source CFD Toolbox
   \\    /   O peration     | Website:  https://openfoam.org
    \\  /    A nd           | Version:  7
     \\/     M anipulation  |
\*---------------------------------------------------------------------------*/
FoamFile
{
    version     2.0;
    format      ascii;
    class       volScalarField;
    location    "0.97";
    object      T;
}
// * * * * * * * * * * * * * * * * * * * * * * * * * * * * * * * * * * * * * //

dimensions      [0 0 0 1 0 0 0];

internalField   nonuniform List<scalar> 
1000
(
0
0
0
0
0
0
0
0
0
0
0
0
0
0
0
0
0
0
0
0
0
0
0
0
0
0
0
0
0
0
0
0
0
0
0
0
0
0
0
0
0
0
0
0
0
0
0
0
0
0
0
0
0
0
0
0
0
0
0
0
0
0
0
0
0
0
0
0
0
0
0
0
0
0
0
0
0
0
0
0
0
0
0
0
0
0
0
0
0
0
0
0
0
0
0
0
0
0
0
0
0
0
0
0
0
0
0
0
0
0
0
0
0
0
0
0
0
0
0
0
0
0
0
0
0
0
0
0
0
0
0
0
0
0
0
0
0
0
0
0
0
0
0
0
0
0
0
0
0
0
0
0
0
0
0
0
0
0
0
0
0
0
0
0
0
0
0
0
0
0
0
0
0
0
0
0
0
0
0
0
0
0
0
0
0
0
0
0
0
0
0
0
0
0
0
0
0
0
0
0
0
0
0
0
0
0
0
0
0
0
0
0
0
0
0
0
0
0
0
0
0
0
0
0
0
0
0
0
0
0
0
0
0
0
0
0
0
0
0
0
0
0
0
0
0
0
0
0
0
0
0
0
0
0
0
0
0
0
0
0
0
0
0
0
0
0
0
0
0
0
0
0
0
0
0
0
0
0
0
0
0
0
0
0
0
0
0
0
0
0
0
0
0
0
0
0
0
0
0
0
0
0
0
0
0
0
0
0
0
0
0
0
0
0
0
0
0
0
0
0
0
0
0
0
0
0
0
0
0
0
0
0
0
0
0
0
0
0
0
0
0
0
0
0
0
0
0
0
0
0
0
0
0
0
0
0
8.63133e-321
4.27667e-317
2.10482e-313
1.03022e-309
5.01439e-306
2.42681e-302
1.16773e-298
5.5859e-295
2.65613e-291
1.25535e-287
5.89646e-284
2.75223e-280
1.27643e-276
5.88138e-273
2.69202e-269
1.22389e-265
5.52611e-262
2.47772e-258
1.10302e-254
4.87481e-251
2.1385e-247
9.31066e-244
4.02258e-240
1.72431e-236
7.33238e-233
3.09259e-229
1.29353e-225
5.36449e-222
2.20548e-218
8.9871e-215
3.62907e-211
1.45192e-207
5.75406e-204
2.25838e-200
8.77637e-197
3.37621e-193
1.2854e-189
4.84209e-186
1.80428e-182
6.64871e-179
2.42221e-175
8.72172e-172
3.10299e-168
1.09046e-164
3.784e-161
1.29616e-157
4.381e-154
1.46063e-150
4.80166e-147
1.55579e-143
4.96629e-140
1.56115e-136
4.83046e-133
1.47044e-129
4.4015e-126
1.29482e-122
3.74138e-119
1.06121e-115
2.95284e-112
8.05487e-109
2.15251e-105
5.63081e-102
1.44074e-98
3.60261e-95
8.79561e-92
2.09463e-88
4.86058e-85
1.09778e-81
2.41028e-78
5.13776e-75
1.06175e-71
2.12395e-68
4.10602e-65
7.65696e-62
1.37463e-58
2.37058e-55
3.91749e-52
6.18693e-49
9.30993e-46
1.3303e-42
1.79814e-39
2.2891e-36
2.73082e-33
3.03504e-30
3.12098e-27
2.94517e-24
2.52521e-21
1.94312e-18
1.32106e-15
7.77429e-13
3.85067e-10
1.54132e-07
4.67539e-05
0.00955896
0.990441
0.999953
1
1
1
1
1
1
1
1
1
1
1
1
1
1
1
1
1
1
1
1
1
1
1
1
1
1
1
1
1
1
1
1
1
1
1
1
1
1
1
1
1
1
1
1
1
1
1
1
1
1
1
1
1
1
1
1
1
1
1
1
1
1
1
1
1
1
1
1
1
1
1
1
1
1
1
1
1
1
1
1
1
1
1
1
1
1
1
1
1
1
1
1
1
1
1
1
0.999953
0.990441
0.00955896
4.67539e-05
1.54132e-07
3.85067e-10
7.77429e-13
1.32106e-15
1.94312e-18
2.52521e-21
2.94517e-24
3.12098e-27
3.03504e-30
2.73082e-33
2.2891e-36
1.79814e-39
1.3303e-42
9.30993e-46
6.18693e-49
3.91749e-52
2.37058e-55
1.37463e-58
7.65696e-62
4.10602e-65
2.12395e-68
1.06175e-71
5.13776e-75
2.41028e-78
1.09778e-81
4.86058e-85
2.09463e-88
8.79561e-92
3.60261e-95
1.44074e-98
5.63081e-102
2.15251e-105
8.05487e-109
2.95284e-112
1.06121e-115
3.74138e-119
1.29482e-122
4.4015e-126
1.47044e-129
4.83046e-133
1.56115e-136
4.96629e-140
1.55579e-143
4.80166e-147
1.46063e-150
4.381e-154
1.29616e-157
3.784e-161
1.09046e-164
3.10299e-168
8.72172e-172
2.42221e-175
6.64871e-179
1.80428e-182
4.84209e-186
1.2854e-189
3.37621e-193
8.77637e-197
2.25838e-200
5.75406e-204
1.45192e-207
3.62907e-211
8.9871e-215
2.20548e-218
5.36449e-222
1.29353e-225
3.09259e-229
7.33238e-233
1.72431e-236
4.02258e-240
9.31066e-244
2.1385e-247
4.87481e-251
1.10302e-254
2.47772e-258
5.52611e-262
1.22389e-265
2.69202e-269
5.88138e-273
1.27643e-276
2.75223e-280
5.89646e-284
1.25535e-287
2.65613e-291
5.5859e-295
1.16773e-298
2.42681e-302
5.01439e-306
1.03022e-309
2.10482e-313
4.27667e-317
8.63133e-321
0
0
0
0
0
0
0
0
0
0
0
0
0
0
0
0
0
0
0
0
0
0
0
0
0
0
0
0
0
0
0
0
0
0
0
0
0
0
0
0
0
0
0
0
0
0
0
0
0
0
0
0
0
0
0
0
0
0
0
0
0
0
0
0
0
0
0
0
0
0
0
0
0
0
0
0
0
0
0
0
0
0
0
0
0
0
0
0
0
0
0
0
0
0
0
0
0
0
0
0
0
0
0
0
0
0
0
0
0
0
0
0
0
0
0
0
0
0
0
0
0
0
0
0
0
0
0
0
0
0
0
0
0
0
0
0
0
0
0
0
0
0
0
0
0
0
0
0
0
0
0
0
0
0
0
0
0
0
0
0
0
0
0
0
0
0
0
0
0
0
0
0
0
0
0
0
0
0
0
0
0
0
0
0
0
0
0
0
0
0
0
0
0
0
0
0
0
0
0
0
0
0
0
0
0
0
0
0
0
0
0
0
0
0
0
0
0
0
0
0
0
0
0
0
0
0
0
0
0
0
0
0
0
0
0
0
0
0
0
0
0
0
0
0
0
0
0
0
0
0
0
0
0
0
0
0
0
0
0
0
0
0
0
0
0
0
0
0
0
0
0
0
0
0
0
0
0
0
0
0
0
0
0
0
0
0
0
0
0
0
0
0
0
0
0
0
0
0
0
0
0
0
0
0
0
0
0
0
0
0
0
0
0
0
0
0
0
0
0
0
0
0
0
0
0
0
0
0
0
0
0
0
0
0
0
0
0
0
0
0
0
0
0
0
0
0
0
0
0
0
0
0
0
0
0
0
)
;

boundaryField
{
    sides
    {
        type            zeroGradient;
    }
    empty
    {
        type            empty;
    }
}


// ************************************************************************* //
