/*--------------------------------*- C++ -*----------------------------------*\
  =========                 |
  \\      /  F ield         | OpenFOAM: The Open Source CFD Toolbox
   \\    /   O peration     | Website:  https://openfoam.org
    \\  /    A nd           | Version:  7
     \\/     M anipulation  |
\*---------------------------------------------------------------------------*/
FoamFile
{
    version     2.0;
    format      ascii;
    class       volScalarField;
    location    "3.93";
    object      T;
}
// * * * * * * * * * * * * * * * * * * * * * * * * * * * * * * * * * * * * * //

dimensions      [0 0 0 1 0 0 0];

internalField   nonuniform List<scalar> 
1000
(
0.00441034
0.00441045
0.00441067
0.004411
0.00441144
0.00441199
0.00441266
0.00441344
0.00441434
0.00441535
0.00441649
0.00441774
0.00441912
0.00442061
0.00442223
0.00442398
0.00442585
0.00442785
0.00442997
0.00443222
0.00443461
0.00443712
0.00443977
0.00444255
0.00444547
0.00444852
0.00445172
0.00445505
0.00445852
0.00446213
0.00446588
0.00446978
0.00447382
0.00447802
0.00448235
0.00448684
0.00449148
0.00449627
0.00450121
0.00450631
0.00451156
0.00451697
0.00452254
0.00452827
0.00453416
0.00454021
0.00454643
0.00455281
0.00455936
0.00456608
0.00457296
0.00458002
0.00458725
0.00459466
0.00460224
0.00460999
0.00461793
0.00462604
0.00463434
0.00464282
0.00465148
0.00466033
0.00466936
0.00467859
0.004688
0.00469761
0.00470741
0.0047174
0.00472759
0.00473798
0.00474857
0.00475936
0.00477035
0.00478155
0.00479295
0.00480456
0.00481638
0.00482841
0.00484065
0.0048531
0.00486577
0.00487866
0.00489177
0.0049051
0.00491865
0.00493242
0.00494642
0.00496064
0.0049751
0.00498978
0.0050047
0.00501985
0.00503524
0.00505086
0.00506673
0.00508283
0.00509918
0.00511577
0.00513261
0.00514969
0.00516703
0.00518462
0.00520246
0.00522055
0.00523891
0.00525752
0.00527639
0.00529552
0.00531492
0.00533459
0.00535452
0.00537472
0.0053952
0.00541594
0.00543697
0.00545827
0.00547985
0.00550171
0.00552385
0.00554628
0.005569
0.00559201
0.0056153
0.00563889
0.00566277
0.00568695
0.00571143
0.00573621
0.00576129
0.00578668
0.00581237
0.00583837
0.00586468
0.00589131
0.00591825
0.0059455
0.00597308
0.00600097
0.00602919
0.00605773
0.0060866
0.0061158
0.00614533
0.00617519
0.00620539
0.00623593
0.0062668
0.00629802
0.00632958
0.00636148
0.00639374
0.00642634
0.00645929
0.0064926
0.00652627
0.00656029
0.00659468
0.00662943
0.00666454
0.00670002
0.00673587
0.00677209
0.00680868
0.00684565
0.006883
0.00692073
0.00695884
0.00699734
0.00703623
0.0070755
0.00711516
0.00715522
0.00719568
0.00723653
0.00727778
0.00731944
0.0073615
0.00740397
0.00744684
0.00749013
0.00753384
0.00757796
0.0076225
0.00766746
0.00771284
0.00775865
0.00780489
0.00785156
0.00789866
0.00794619
0.00799416
0.00804257
0.00809143
0.00814073
0.00819047
0.00824066
0.00829131
0.00834241
0.00839396
0.00844597
0.00849844
0.00855138
0.00860478
0.00865865
0.00871299
0.0087678
0.00882309
0.00887885
0.0089351
0.00899182
0.00904903
0.00910673
0.00916492
0.0092236
0.00928277
0.00934244
0.0094026
0.00946327
0.00952444
0.00958612
0.00964831
0.009711
0.00977421
0.00983794
0.00990218
0.00996695
0.0100322
0.010098
0.0101644
0.0102313
0.0102987
0.0103666
0.0104351
0.0105041
0.0105736
0.0106437
0.0107144
0.0107856
0.0108573
0.0109296
0.0110025
0.0110759
0.0111499
0.0112244
0.0112995
0.0113752
0.0114515
0.0115283
0.0116057
0.0116837
0.0117622
0.0118414
0.0119211
0.0120014
0.0120823
0.0121638
0.0122459
0.0123286
0.0124118
0.0124957
0.0125802
0.0126653
0.012751
0.0128373
0.0129243
0.0130118
0.0131
0.0131888
0.0132782
0.0133682
0.0134589
0.0135502
0.0136421
0.0137346
0.0138278
0.0139217
0.0140161
0.0141112
0.014207
0.0143034
0.0144005
0.0144982
0.0145966
0.0146956
0.0147953
0.0148956
0.0149966
0.0150983
0.0152006
0.0153036
0.0154073
0.0155117
0.0156167
0.0157224
0.0158288
0.0159359
0.0160437
0.0161521
0.0162612
0.0163711
0.0164816
0.0165928
0.0167047
0.0168173
0.0169307
0.0170447
0.0171594
0.0172748
0.017391
0.0175078
0.0176254
0.0177437
0.0178627
0.0179824
0.0181029
0.018224
0.0183459
0.0184685
0.0185919
0.018716
0.0188408
0.0189663
0.0190926
0.0192196
0.0193474
0.0194759
0.0196051
0.0197351
0.0198659
0.0199973
0.0201296
0.0202626
0.0203963
0.0205308
0.0206661
0.0208021
0.0209388
0.0210764
0.0212147
0.0213537
0.0214936
0.0216341
0.0217755
0.0219176
0.0220606
0.0222042
0.0223487
0.0224939
0.0226399
0.0227867
0.0229343
0.0230826
0.0232318
0.0233817
0.0235324
0.0236839
0.0238362
0.0239892
0.0241431
0.0242978
0.0244532
0.0246094
0.0247665
0.0249243
0.0250829
0.0252424
0.0254026
0.0255636
0.0257254
0.0258881
0.0260515
0.0262157
0.0263808
0.0265466
0.0267133
0.0268807
0.027049
0.0272181
0.0273879
0.0275586
0.0277301
0.0279025
0.0280756
0.0282495
0.0284243
0.0285999
0.0287762
0.0289534
0.0291315
0.0293103
0.0294899
0.0296704
0.0298517
0.0300338
0.0302167
0.0304004
0.030585
0.0307703
0.0309565
0.0311435
0.0313313
0.03152
0.0317094
0.0318997
0.0320908
0.0322827
0.0324755
0.032669
0.0328634
0.0330586
0.0332546
0.0334514
0.0336491
0.0338475
0.0340468
0.0342469
0.0344478
0.0346495
0.0348521
0.0350555
0.0352596
0.0354646
0.0356704
0.035877
0.0360845
0.0362927
0.0365018
0.0367116
0.0369223
0.0371338
0.0373461
0.0375592
0.0377731
0.0379878
0.0382033
0.0384196
0.0386367
0.0388546
0.0390734
0.0392929
0.0395132
0.0397343
0.0399562
0.0401789
0.0404024
0.0406267
0.0408518
0.0410777
0.0413043
0.0415318
0.04176
0.041989
0.0422188
0.0424494
0.0426807
0.0429128
0.0431457
0.0433794
0.0436138
0.043849
0.044085
0.0443218
0.0445593
0.0447975
0.0450366
0.0452764
0.0455169
0.0457582
0.0460002
0.046243
0.0464866
0.0467308
0.0469759
0.0472216
0.0474681
0.0477153
0.0479633
0.048212
0.0484614
0.0487116
0.0489624
0.049214
0.0494663
0.0497193
0.049973
0.0502275
0.0504826
0.0507384
0.050995
0.0512522
0.0515101
0.0517687
0.052028
0.052288
0.0525487
0.05281
0.053072
0.0533347
0.0535981
0.0538621
0.0541267
0.0543921
0.054658
0.0549247
0.0551919
0.0554599
0.0557284
0.0559976
0.0562674
0.0565379
0.0568089
0.0570806
0.0573529
0.0576258
0.0578994
0.0581735
0.0584482
0.0587235
0.0589995
0.059276
0.059553
0.0598307
0.0601089
0.0603877
0.0606671
0.060947
0.0612275
0.0615086
0.0617901
0.0620723
0.0623549
0.0626381
0.0629219
0.0632061
0.0634909
0.0637762
0.064062
0.0643483
0.0646351
0.0649224
0.0652102
0.0654984
0.0657872
0.0660764
0.0663661
0.0666563
0.0669469
0.067238
0.0675295
0.0678215
0.0681139
0.0684067
0.0687
0.0689937
0.0692878
0.0695823
0.0698772
0.0701725
0.0704683
0.0707644
0.0710608
0.0713577
0.0716549
0.0719525
0.0722505
0.0725488
0.0728475
0.0731465
0.0734458
0.0737455
0.0740455
0.0743458
0.0746464
0.0749474
0.0752486
0.0755501
0.0758519
0.076154
0.0764564
0.076759
0.0770619
0.0773651
0.0776685
0.0779721
0.078276
0.0785801
0.0788845
0.079189
0.0794938
0.0797988
0.080104
0.0804093
0.0807149
0.0810206
0.0813265
0.0816325
0.0819388
0.0822451
0.0825516
0.0828583
0.0831651
0.083472
0.083779
0.0840861
0.0843934
0.0847007
0.0850081
0.0853156
0.0856232
0.0859308
0.0862385
0.0865463
0.0868541
0.0871619
0.0874698
0.0877777
0.0880856
0.0883936
0.0887015
0.0890094
0.0893174
0.0896253
0.0899331
0.090241
0.0905488
0.0908566
0.0911643
0.0914719
0.0917795
0.092087
0.0923944
0.0927018
0.093009
0.0933161
0.0936231
0.09393
0.0942368
0.0945434
0.0948499
0.0951562
0.0954624
0.0957684
0.0960743
0.0963799
0.0966854
0.0969907
0.0972958
0.0976007
0.0979053
0.0982097
0.0985139
0.0988179
0.0991216
0.0994251
0.0997283
0.100031
0.100334
0.100636
0.100938
0.10124
0.101542
0.101843
0.102144
0.102444
0.102744
0.103044
0.103344
0.103643
0.103941
0.10424
0.104538
0.104835
0.105133
0.105429
0.105726
0.106022
0.106317
0.106612
0.106907
0.107201
0.107495
0.107788
0.108081
0.108374
0.108666
0.108957
0.109248
0.109538
0.109828
0.110117
0.110406
0.110695
0.110982
0.11127
0.111556
0.111842
0.112128
0.112413
0.112697
0.112981
0.113264
0.113547
0.113829
0.11411
0.114391
0.114671
0.11495
0.115229
0.115507
0.115785
0.116061
0.116338
0.116613
0.116888
0.117162
0.117435
0.117708
0.11798
0.118251
0.118522
0.118792
0.119061
0.119329
0.119597
0.119864
0.12013
0.120395
0.12066
0.120923
0.121186
0.121448
0.12171
0.12197
0.12223
0.122489
0.122747
0.123005
0.123261
0.123517
0.123772
0.124026
0.124279
0.124531
0.124782
0.125033
0.125282
0.125531
0.125779
0.126026
0.126272
0.126517
0.126762
0.127005
0.127247
0.127489
0.12773
0.127969
0.128208
0.128446
0.128683
0.128919
0.129154
0.129388
0.129621
0.129853
0.130084
0.130314
0.130543
0.130771
0.130998
0.131225
0.13145
0.131674
0.131897
0.132119
0.132341
0.132561
0.13278
0.132998
0.133215
0.133431
0.133646
0.13386
0.134073
0.134285
0.134496
0.134706
0.134915
0.135123
0.13533
0.135535
0.13574
0.135943
0.136146
0.136347
0.136548
0.136747
0.136945
0.137142
0.137338
0.137533
0.137727
0.13792
0.138112
0.138302
0.138492
0.13868
0.138868
0.139054
0.139239
0.139423
0.139606
0.139788
0.139969
0.140149
0.140327
0.140505
0.140681
0.140857
0.141031
0.141204
0.141376
0.141547
0.141717
0.141885
0.142053
0.142219
0.142385
0.142549
0.142712
0.142874
0.143035
0.143195
0.143354
0.143511
0.143668
0.143823
0.143977
0.14413
0.144283
0.144434
0.144583
0.144732
0.14488
0.145026
0.145172
0.145316
0.14546
0.145602
0.145743
0.145883
0.146022
0.14616
0.146296
0.146432
0.146566
0.1467
0.146832
0.146964
0.147094
0.147223
0.147351
0.147478
0.147604
0.147729
0.147853
0.147976
0.148097
0.148218
0.148337
0.148456
0.148573
0.14869
0.148805
0.148919
0.149033
0.149145
0.149256
0.149366
0.149475
0.149584
0.149691
0.149797
0.149902
0.150006
0.150109
0.150211
0.150312
0.150412
0.150511
0.150609
0.150706
0.150802
0.150897
0.150991
0.151084
0.151176
0.151267
0.151357
0.151446
0.151535
0.151622
0.151708
0.151793
0.151878
0.151961
0.152044
0.152125
0.152206
0.152285
0.152364
0.152442
0.152519
0.152595
0.15267
0.152744
0.152817
0.152889
0.152961
0.153031
0.153101
0.15317
0.153237
0.153304
0.15337
0.153435
0.1535
0.153563
0.153625
0.153687
0.153748
0.153808
0.153867
0.153925
0.153982
0.154039
0.154094
0.154149
0.154203
0.154256
0.154308
0.154359
0.15441
0.154459
0.154508
0.154556
0.154603
0.15465
0.154695
0.15474
0.154784
0.154827
0.154869
0.15491
0.15495
0.15499
0.155029
0.155067
0.155104
0.15514
0.155176
0.155211
0.155244
0.155278
0.15531
0.155341
0.155372
0.155401
0.15543
0.155458
0.155485
0.155512
0.155537
0.155562
0.155586
0.155609
0.155631
0.155652
0.155672
0.155692
0.155711
0.155728
0.155745
0.155761
0.155776
0.155791
0.155804
0.155816
0.155828
0.155838
0.155848
0.155857
0.155865
0.155872
0.155877
0.155882
0.155886
0.155889
0.155891
0.155892
)
;

boundaryField
{
    sides
    {
        type            zeroGradient;
    }
    empty
    {
        type            empty;
    }
}


// ************************************************************************* //
