/*--------------------------------*- C++ -*----------------------------------*\
  =========                 |
  \\      /  F ield         | OpenFOAM: The Open Source CFD Toolbox
   \\    /   O peration     | Website:  https://openfoam.org
    \\  /    A nd           | Version:  7
     \\/     M anipulation  |
\*---------------------------------------------------------------------------*/
FoamFile
{
    version     2.0;
    format      ascii;
    class       volScalarField;
    location    "0.75";
    object      T;
}
// * * * * * * * * * * * * * * * * * * * * * * * * * * * * * * * * * * * * * //

dimensions      [0 0 0 1 0 0 0];

internalField   nonuniform List<scalar> 
1000
(
0
0
0
0
0
0
0
0
0
0
0
0
0
0
0
0
0
0
0
0
0
0
0
0
0
0
0
0
0
0
0
0
0
0
0
0
0
0
0
0
0
0
0
0
0
0
0
0
0
0
0
0
0
0
0
0
0
0
0
0
0
0
0
0
0
0
0
0
0
0
0
0
0
0
0
0
0
0
0
0
0
0
0
0
0
0
0
0
0
0
0
0
0
0
0
0
0
0
0
0
0
0
0
0
0
0
0
0
0
0
0
0
0
0
0
0
0
0
0
0
0
0
0
0
0
0
0
0
0
0
0
0
0
0
0
0
0
0
0
0
0
0
0
0
0
0
0
0
0
0
0
0
0
0
0
0
0
0
0
0
0
0
0
0
0
0
0
0
0
0
0
0
0
0
0
0
0
0
0
0
0
0
0
0
0
0
0
0
0
0
0
0
0
0
0
0
0
0
0
0
0
0
0
0
0
0
0
0
0
0
0
0
0
0
0
0
0
0
0
0
0
0
0
0
0
0
0
0
0
0
0
0
0
0
0
0
0
0
0
0
0
0
0
0
0
0
0
0
0
0
0
0
0
0
0
0
4.94066e-324
7.85564e-322
5.79687e-320
4.26806e-318
3.13757e-316
2.30312e-314
1.68809e-312
1.23545e-310
9.02822e-309
6.58743e-307
4.79913e-305
3.49088e-303
2.53529e-301
1.83838e-299
1.33091e-297
9.61971e-296
6.94176e-294
5.00109e-292
3.597e-290
2.58279e-288
1.85142e-286
1.32489e-284
9.46464e-283
6.74955e-281
4.80487e-279
3.41443e-277
2.42201e-275
1.71494e-273
1.21206e-271
8.55068e-270
6.02095e-268
4.23166e-266
2.96845e-264
2.07832e-262
1.45228e-260
1.01282e-258
7.04944e-257
4.8967e-255
3.39447e-253
2.34828e-251
1.62117e-249
1.11685e-247
7.67789e-246
5.26695e-244
3.60526e-242
2.46242e-240
1.67813e-238
1.14109e-236
7.74155e-235
5.24013e-233
3.53875e-231
2.38419e-229
1.60252e-227
1.07454e-225
7.18769e-224
4.79612e-222
3.19236e-220
2.11954e-218
1.40368e-216
9.27205e-215
6.10874e-213
4.01404e-211
2.63059e-209
1.71929e-207
1.12062e-205
7.28385e-204
4.72113e-202
3.05138e-200
1.96651e-198
1.26366e-196
8.09619e-195
5.17167e-193
3.29355e-191
2.09105e-189
1.32346e-187
8.34999e-186
5.25137e-184
3.29193e-182
2.05685e-180
1.28087e-178
7.94953e-177
4.91687e-175
3.03059e-173
1.86138e-171
1.13917e-169
6.94651e-168
4.22033e-166
2.55449e-164
1.54034e-162
9.25243e-161
5.53605e-159
3.29931e-157
1.95838e-155
1.1577e-153
6.81538e-152
3.99534e-150
2.33215e-148
1.35541e-146
7.84264e-145
4.51754e-143
2.59035e-141
1.47842e-139
8.39818e-138
4.74775e-136
2.67097e-134
1.49518e-132
8.32768e-131
4.61446e-129
2.54358e-127
1.39462e-125
7.60521e-124
4.12448e-122
2.22426e-120
1.19265e-118
6.35783e-117
3.36916e-115
1.77461e-113
9.28972e-112
4.83244e-110
2.49771e-108
1.28254e-106
6.54185e-105
3.31411e-103
1.66729e-101
8.3285e-100
4.13021e-98
2.0331e-96
9.93241e-95
4.81493e-93
2.31574e-91
1.10478e-89
5.22718e-88
2.45236e-86
1.14061e-84
5.2582e-83
2.40211e-81
1.0872e-79
4.87397e-78
2.16377e-76
9.51017e-75
4.13713e-73
1.78085e-71
7.58319e-70
3.19333e-68
1.32945e-66
5.4701e-65
2.22367e-63
8.92784e-62
3.53886e-60
1.38438e-58
5.34252e-57
2.03308e-55
7.62587e-54
2.81803e-52
1.02545e-50
3.67252e-49
1.29379e-47
4.48088e-46
1.52474e-44
5.09425e-43
1.67002e-41
5.36786e-40
1.69038e-38
5.21091e-37
1.5711e-35
4.62859e-34
1.33109e-32
3.73257e-31
1.0194e-29
2.70813e-28
6.98859e-27
1.74929e-25
4.24019e-24
9.93567e-23
2.24625e-21
4.88931e-20
1.02222e-18
2.04749e-17
3.91754e-16
7.13682e-15
1.23337e-13
2.01356e-12
3.09046e-11
4.4346e-10
5.91061e-09
7.26117e-08
8.14624e-07
8.25223e-06
7.44272e-05
0.000586987
0.00395372
0.0220243
0.0969416
0.315155
0.684845
0.903058
0.977976
0.996046
0.999413
0.999926
0.999992
0.999999
1
1
1
1
1
1
1
1
1
1
1
1
1
1
1
1
1
1
1
1
1
1
1
1
1
1
1
1
1
1
1
1
1
1
1
1
1
1
1
1
1
1
1
1
1
1
1
1
1
1
1
1
1
1
1
1
1
1
1
1
1
1
1
1
1
1
1
1
1
1
1
1
1
1
1
1
1
1
1
1
1
1
1
1
0.999999
0.999992
0.999926
0.999413
0.996046
0.977976
0.903058
0.684845
0.315155
0.0969416
0.0220243
0.00395372
0.000586987
7.44272e-05
8.25223e-06
8.14624e-07
7.26117e-08
5.91061e-09
4.4346e-10
3.09046e-11
2.01356e-12
1.23337e-13
7.13682e-15
3.91754e-16
2.04749e-17
1.02222e-18
4.88931e-20
2.24625e-21
9.93567e-23
4.24019e-24
1.74929e-25
6.98859e-27
2.70813e-28
1.0194e-29
3.73257e-31
1.33109e-32
4.62859e-34
1.5711e-35
5.21091e-37
1.69038e-38
5.36786e-40
1.67002e-41
5.09425e-43
1.52474e-44
4.48088e-46
1.29379e-47
3.67252e-49
1.02545e-50
2.81803e-52
7.62587e-54
2.03308e-55
5.34252e-57
1.38438e-58
3.53886e-60
8.92784e-62
2.22367e-63
5.4701e-65
1.32945e-66
3.19333e-68
7.58319e-70
1.78085e-71
4.13713e-73
9.51017e-75
2.16377e-76
4.87397e-78
1.0872e-79
2.40211e-81
5.2582e-83
1.14061e-84
2.45236e-86
5.22718e-88
1.10478e-89
2.31574e-91
4.81493e-93
9.93241e-95
2.0331e-96
4.13021e-98
8.3285e-100
1.66729e-101
3.31411e-103
6.54185e-105
1.28254e-106
2.49771e-108
4.83244e-110
9.28972e-112
1.77461e-113
3.36916e-115
6.35783e-117
1.19265e-118
2.22426e-120
4.12448e-122
7.60521e-124
1.39462e-125
2.54358e-127
4.61446e-129
8.32768e-131
1.49518e-132
2.67097e-134
4.74775e-136
8.39818e-138
1.47842e-139
2.59035e-141
4.51754e-143
7.84264e-145
1.35541e-146
2.33215e-148
3.99534e-150
6.81538e-152
1.1577e-153
1.95838e-155
3.29931e-157
5.53605e-159
9.25243e-161
1.54034e-162
2.55449e-164
4.22033e-166
6.94651e-168
1.13917e-169
1.86138e-171
3.03059e-173
4.91687e-175
7.94953e-177
1.28087e-178
2.05685e-180
3.29193e-182
5.25137e-184
8.34999e-186
1.32346e-187
2.09105e-189
3.29355e-191
5.17167e-193
8.09619e-195
1.26366e-196
1.96651e-198
3.05138e-200
4.72113e-202
7.28385e-204
1.12062e-205
1.71929e-207
2.63059e-209
4.01404e-211
6.10874e-213
9.27205e-215
1.40368e-216
2.11954e-218
3.19236e-220
4.79612e-222
7.18769e-224
1.07454e-225
1.60252e-227
2.38419e-229
3.53875e-231
5.24013e-233
7.74155e-235
1.14109e-236
1.67813e-238
2.46242e-240
3.60526e-242
5.26695e-244
7.67789e-246
1.11685e-247
1.62117e-249
2.34828e-251
3.39447e-253
4.8967e-255
7.04944e-257
1.01282e-258
1.45228e-260
2.07832e-262
2.96845e-264
4.23166e-266
6.02095e-268
8.55068e-270
1.21206e-271
1.71494e-273
2.42201e-275
3.41443e-277
4.80487e-279
6.74955e-281
9.46464e-283
1.32489e-284
1.85142e-286
2.58279e-288
3.597e-290
5.00109e-292
6.94176e-294
9.61971e-296
1.33091e-297
1.83838e-299
2.53529e-301
3.49088e-303
4.79913e-305
6.58743e-307
9.02822e-309
1.23545e-310
1.68809e-312
2.30312e-314
3.13757e-316
4.26806e-318
5.79737e-320
7.85564e-322
4.94066e-324
0
0
0
0
0
0
0
0
0
0
0
0
0
0
0
0
0
0
0
0
0
0
0
0
0
0
0
0
0
0
0
0
0
0
0
0
0
0
0
0
0
0
0
0
0
0
0
0
0
0
0
0
0
0
0
0
0
0
0
0
0
0
0
0
0
0
0
0
0
0
0
0
0
0
0
0
0
0
0
0
0
0
0
0
0
0
0
0
0
0
0
0
0
0
0
0
0
0
0
0
0
0
0
0
0
0
0
0
0
0
0
0
0
0
0
0
0
0
0
0
0
0
0
0
0
0
0
0
0
0
0
0
0
0
0
0
0
0
0
0
0
0
0
0
0
0
0
0
0
0
0
0
0
0
0
0
0
0
0
0
0
0
0
0
0
0
0
0
0
0
0
0
0
0
0
0
0
0
0
0
0
0
0
0
0
0
0
0
0
0
0
0
0
0
0
0
0
0
0
0
0
0
0
0
0
0
0
0
0
0
0
0
0
0
0
0
0
0
0
0
0
0
0
0
0
0
0
0
0
0
0
0
0
0
0
0
0
0
0
0
0
0
0
0
0
0
0
0
0
0
0
0
0
0
0
0
)
;

boundaryField
{
    sides
    {
        type            zeroGradient;
    }
    empty
    {
        type            empty;
    }
}


// ************************************************************************* //
