/*--------------------------------*- C++ -*----------------------------------*\
  =========                 |
  \\      /  F ield         | OpenFOAM: The Open Source CFD Toolbox
   \\    /   O peration     | Website:  https://openfoam.org
    \\  /    A nd           | Version:  7
     \\/     M anipulation  |
\*---------------------------------------------------------------------------*/
FoamFile
{
    version     2.0;
    format      ascii;
    class       volScalarField;
    location    "1.26";
    object      T;
}
// * * * * * * * * * * * * * * * * * * * * * * * * * * * * * * * * * * * * * //

dimensions      [0 0 0 1 0 0 0];

internalField   nonuniform List<scalar> 
1000
(
0
0
0
0
0
0
0
0
0
0
0
0
0
0
0
0
0
0
0
0
0
0
0
0
0
0
0
0
0
0
0
0
0
0
0
0
0
0
0
0
0
0
0
0
0
0
0
0
0
0
0
0
0
0
0
0
0
0
0
0
0
0
0
0
0
0
0
0
0
0
0
0
0
0
0
0
0
0
0
0
0
0
0
0
0
0
0
0
0
0
0
0
0
0
0
0
0
0
0
0
0
0
0
0
0
0
0
0
0
0
0
0
0
0
0
0
0
0
0
0
0
0
0
0
0
0
0
0
0
0
0
0
0
0
0
0
0
0
0
0
0
0
0
0
0
0
0
0
0
0
0
0
0
0
0
0
0
0
0
0
0
0
0
0
0
0
0
0
0
0
0
0
0
0
0
0
0
0
0
0
0
0
0
0
0
0
0
0
0
0
0
0
0
0
0
0
0
0
0
0
0
0
0
0
0
0
0
0
0
0
0
0
0
0
0
0
0
0
0
0
0
0
0
0
0
0
0
0
0
0
0
0
0
0
0
0
0
0
0
0
0
0
0
0
0
0
0
0
0
0
0
0
0
0
0
0
0
0
0
0
0
0
0
0
0
0
0
0
0
0
0
0
0
0
0
0
0
0
0
0
0
0
0
0
0
0
0
0
0
0
0
0
0
0
0
0
0
0
0
0
0
0
0
0
0
0
0
0
0
0
0
0
0
0
0
0
0
0
0
0
0
0
0
0
0
0
0
0
0
0
0
0
0
0
0
0
0
0
0
0
0
0
0
0
0
0
0
0
0
0
0
0
0
0
2.58594e-320
1.12383e-316
4.8539e-313
2.08383e-309
8.89152e-306
3.77044e-302
1.58879e-298
6.65209e-295
2.76708e-291
1.14344e-287
4.69336e-284
1.91332e-280
7.74595e-277
3.11383e-273
1.24279e-269
4.92412e-266
1.93657e-262
7.55889e-259
2.92781e-255
1.1252e-251
4.28999e-248
1.62241e-244
6.08528e-241
2.26332e-237
8.34627e-234
3.05103e-230
1.10544e-226
3.96906e-223
1.41196e-219
4.9758e-216
1.7367e-212
6.00238e-209
2.05386e-205
6.95629e-202
2.33157e-198
7.73191e-195
2.53625e-191
8.22735e-188
2.63865e-184
8.36465e-181
2.62023e-177
8.10845e-174
2.47809e-170
7.47732e-167
2.22685e-163
6.54349e-160
1.89651e-156
5.41972e-153
1.52656e-149
4.2364e-146
1.15786e-142
3.11535e-139
8.24822e-136
2.14791e-132
5.49876e-129
1.38321e-125
3.41706e-122
8.28551e-119
1.97075e-115
4.59533e-112
1.04977e-108
2.34781e-105
5.1369e-102
1.09869e-98
2.29521e-95
4.67914e-92
9.30026e-89
1.80044e-85
3.39116e-82
6.20738e-79
1.10287e-75
1.89939e-72
3.16634e-69
5.10127e-66
7.92942e-63
1.18698e-59
1.70769e-56
2.35598e-53
3.10931e-50
3.91475e-47
4.6878e-44
5.3208e-41
5.7023e-38
5.74482e-35
5.41324e-32
4.74286e-29
3.83727e-26
2.84332e-23
1.91034e-20
1.14951e-17
6.09849e-15
2.7946e-12
1.07552e-09
3.33771e-07
7.8326e-05
0.0123633
0.987637
0.999922
1
1
1
1
1
1
1
1
1
1
1
1
1
1
1
1
1
1
1
1
1
1
1
1
1
1
1
1
1
1
1
1
1
1
1
1
1
1
1
1
1
1
1
1
1
1
1
1
1
1
1
1
1
1
1
1
1
1
1
1
1
1
1
1
1
1
1
1
1
1
1
1
1
1
1
1
1
1
1
1
1
1
1
1
1
1
1
1
1
1
1
1
1
1
1
1
0.999922
0.987637
0.0123633
7.8326e-05
3.33771e-07
1.07552e-09
2.7946e-12
6.09849e-15
1.14951e-17
1.91034e-20
2.84332e-23
3.83727e-26
4.74286e-29
5.41324e-32
5.74482e-35
5.7023e-38
5.3208e-41
4.6878e-44
3.91475e-47
3.10931e-50
2.35598e-53
1.70769e-56
1.18698e-59
7.92942e-63
5.10127e-66
3.16634e-69
1.89939e-72
1.10287e-75
6.20738e-79
3.39116e-82
1.80044e-85
9.30026e-89
4.67914e-92
2.29521e-95
1.09869e-98
5.1369e-102
2.34781e-105
1.04977e-108
4.59533e-112
1.97075e-115
8.28551e-119
3.41706e-122
1.38321e-125
5.49876e-129
2.14791e-132
8.24822e-136
3.11535e-139
1.15786e-142
4.2364e-146
1.52656e-149
5.41972e-153
1.89651e-156
6.54349e-160
2.22685e-163
7.47732e-167
2.47809e-170
8.10845e-174
2.62023e-177
8.36465e-181
2.63865e-184
8.22735e-188
2.53625e-191
7.73191e-195
2.33157e-198
6.95629e-202
2.05386e-205
6.00238e-209
1.7367e-212
4.9758e-216
1.41196e-219
3.96906e-223
1.10544e-226
3.05103e-230
8.34627e-234
2.26332e-237
6.08528e-241
1.62241e-244
4.28999e-248
1.1252e-251
2.92781e-255
7.55889e-259
1.93657e-262
4.92412e-266
1.24279e-269
3.11383e-273
7.74595e-277
1.91332e-280
4.69336e-284
1.14344e-287
2.76708e-291
6.65209e-295
1.58879e-298
3.77044e-302
8.89152e-306
2.08383e-309
4.8539e-313
1.12383e-316
2.58594e-320
0
0
0
0
0
0
0
0
0
0
0
0
0
0
0
0
0
0
0
0
0
0
0
0
0
0
0
0
0
0
0
0
0
0
0
0
0
0
0
0
0
0
0
0
0
0
0
0
0
0
0
0
0
0
0
0
0
0
0
0
0
0
0
0
0
0
0
0
0
0
0
0
0
0
0
0
0
0
0
0
0
0
0
0
0
0
0
0
0
0
0
0
0
0
0
0
0
0
0
0
0
0
0
0
0
0
0
0
0
0
0
0
0
0
0
0
0
0
0
0
0
0
0
0
0
0
0
0
0
0
0
0
0
0
0
0
0
0
0
0
0
0
0
0
0
0
0
0
0
0
0
0
0
0
0
0
0
0
0
0
0
0
0
0
0
0
0
0
0
0
0
0
0
0
0
0
0
0
0
0
0
0
0
0
0
0
0
0
0
0
0
0
0
0
0
0
0
0
0
0
0
0
0
0
0
0
0
0
0
0
0
0
0
0
0
0
0
0
0
0
0
0
0
0
0
0
0
0
0
0
0
0
0
0
0
0
0
0
0
0
0
0
0
0
0
0
0
0
0
0
0
0
0
0
0
0
0
0
0
0
0
0
0
0
0
0
0
0
0
0
0
0
0
0
0
0
0
0
0
0
0
0
0
0
0
0
0
0
0
0
0
0
0
0
0
0
0
0
0
0
0
0
0
0
0
0
0
0
0
0
0
0
0
0
0
0
0
0
0
0
0
0
0
0
0
0
0
0
0
0
0
0
0
0
0
0
0
0
0
0
0
0
0
0
0
0
0
0
0
0
0
0
0
0
)
;

boundaryField
{
    sides
    {
        type            zeroGradient;
    }
    empty
    {
        type            empty;
    }
}


// ************************************************************************* //
