/*--------------------------------*- C++ -*----------------------------------*\
  =========                 |
  \\      /  F ield         | OpenFOAM: The Open Source CFD Toolbox
   \\    /   O peration     | Website:  https://openfoam.org
    \\  /    A nd           | Version:  7
     \\/     M anipulation  |
\*---------------------------------------------------------------------------*/
FoamFile
{
    version     2.0;
    format      ascii;
    class       volScalarField;
    location    "2.85";
    object      T;
}
// * * * * * * * * * * * * * * * * * * * * * * * * * * * * * * * * * * * * * //

dimensions      [0 0 0 1 0 0 0];

internalField   nonuniform List<scalar> 
1000
(
0.00297219
0.00297235
0.00297267
0.00297316
0.00297381
0.00297462
0.00297561
0.00297676
0.00297809
0.00297959
0.00298126
0.00298311
0.00298514
0.00298735
0.00298974
0.00299232
0.00299508
0.00299803
0.00300117
0.00300449
0.00300801
0.00301173
0.00301564
0.00301975
0.00302406
0.00302857
0.00303329
0.00303821
0.00304334
0.00304868
0.00305423
0.00305999
0.00306597
0.00307217
0.00307858
0.00308522
0.00309208
0.00309917
0.00310648
0.00311403
0.0031218
0.00312982
0.00313806
0.00314655
0.00315527
0.00316424
0.00317345
0.00318291
0.00319262
0.00320258
0.00321279
0.00322326
0.00323399
0.00324498
0.00325623
0.00326774
0.00327952
0.00329158
0.0033039
0.0033165
0.00332937
0.00334253
0.00335596
0.00336968
0.00338369
0.00339798
0.00341257
0.00342745
0.00344262
0.0034581
0.00347387
0.00348995
0.00350634
0.00352304
0.00354004
0.00355737
0.003575
0.00359296
0.00361124
0.00362985
0.00364878
0.00366804
0.00368764
0.00370757
0.00372784
0.00374845
0.0037694
0.00379071
0.00381236
0.00383436
0.00385672
0.00387944
0.00390252
0.00392596
0.00394977
0.00397395
0.0039985
0.00402343
0.00404874
0.00407443
0.0041005
0.00412696
0.00415382
0.00418106
0.0042087
0.00423675
0.00426519
0.00429405
0.00432331
0.00435298
0.00438308
0.00441359
0.00444452
0.00447588
0.00450766
0.00453988
0.00457253
0.00460562
0.00463916
0.00467314
0.00470757
0.00474244
0.00477778
0.00481357
0.00484983
0.00488655
0.00492374
0.0049614
0.00499954
0.00503815
0.00507725
0.00511684
0.00515691
0.00519748
0.00523855
0.00528012
0.00532219
0.00536476
0.00540785
0.00545146
0.00549558
0.00554023
0.0055854
0.0056311
0.00567733
0.00572411
0.00577142
0.00581927
0.00586768
0.00591664
0.00596615
0.00601622
0.00606686
0.00611806
0.00616984
0.00622219
0.00627512
0.00632863
0.00638273
0.00643742
0.00649271
0.00654859
0.00660508
0.00666217
0.00671987
0.00677819
0.00683713
0.00689669
0.00695688
0.00701769
0.00707914
0.00714123
0.00720397
0.00726735
0.00733138
0.00739607
0.00746141
0.00752742
0.0075941
0.00766145
0.00772948
0.00779818
0.00786758
0.00793765
0.00800843
0.0080799
0.00815207
0.00822494
0.00829853
0.00837283
0.00844785
0.00852359
0.00860006
0.00867726
0.00875519
0.00883387
0.00891328
0.00899345
0.00907437
0.00915605
0.00923849
0.00932169
0.00940567
0.00949042
0.00957595
0.00966226
0.00974936
0.00983725
0.00992594
0.0100154
0.0101057
0.0101968
0.0102887
0.0103815
0.010475
0.0105694
0.0106646
0.0107607
0.0108576
0.0109553
0.0110539
0.0111534
0.0112537
0.0113548
0.0114569
0.0115598
0.0116635
0.0117682
0.0118737
0.0119802
0.0120875
0.0121957
0.0123049
0.0124149
0.0125258
0.0126377
0.0127505
0.0128642
0.0129788
0.0130944
0.0132109
0.0133283
0.0134467
0.0135661
0.0136864
0.0138076
0.0139299
0.014053
0.0141772
0.0143023
0.0144285
0.0145556
0.0146837
0.0148128
0.0149428
0.0150739
0.015206
0.0153391
0.0154733
0.0156084
0.0157446
0.0158818
0.01602
0.0161593
0.0162996
0.0164409
0.0165833
0.0167267
0.0168712
0.0170168
0.0171634
0.0173111
0.0174599
0.0176098
0.0177607
0.0179127
0.0180658
0.01822
0.0183753
0.0185317
0.0186892
0.0188478
0.0190075
0.0191683
0.0193303
0.0194933
0.0196575
0.0198229
0.0199893
0.0201569
0.0203257
0.0204956
0.0206666
0.0208388
0.0210121
0.0211866
0.0213623
0.0215391
0.0217171
0.0218963
0.0220767
0.0222582
0.0224409
0.0226248
0.0228099
0.0229962
0.0231836
0.0233723
0.0235622
0.0237532
0.0239455
0.024139
0.0243337
0.0245297
0.0247268
0.0249252
0.0251247
0.0253256
0.0255276
0.0257309
0.0259354
0.0261411
0.0263481
0.0265564
0.0267658
0.0269766
0.0271885
0.0274018
0.0276162
0.027832
0.028049
0.0282672
0.0284867
0.0287075
0.0289296
0.0291529
0.0293775
0.0296033
0.0298304
0.0300588
0.0302885
0.0305195
0.0307517
0.0309853
0.0312201
0.0314562
0.0316935
0.0319322
0.0321721
0.0324134
0.0326559
0.0328997
0.0331449
0.0333913
0.033639
0.033888
0.0341383
0.0343899
0.0346428
0.0348969
0.0351524
0.0354092
0.0356673
0.0359267
0.0361874
0.0364493
0.0367126
0.0369772
0.0372431
0.0375103
0.0377787
0.0380485
0.0383196
0.038592
0.0388657
0.0391406
0.0394169
0.0396945
0.0399733
0.0402535
0.0405349
0.0408177
0.0411017
0.0413871
0.0416737
0.0419616
0.0422508
0.0425413
0.042833
0.0431261
0.0434204
0.043716
0.0440129
0.0443111
0.0446105
0.0449112
0.0452132
0.0455165
0.045821
0.0461268
0.0464338
0.0467421
0.0470517
0.0473625
0.0476746
0.0479879
0.0483024
0.0486182
0.0489353
0.0492536
0.0495731
0.0498938
0.0502158
0.050539
0.0508634
0.051189
0.0515158
0.0518439
0.0521731
0.0525036
0.0528352
0.053168
0.0535021
0.0538373
0.0541737
0.0545112
0.05485
0.0551899
0.0555309
0.0558731
0.0562165
0.056561
0.0569066
0.0572534
0.0576014
0.0579504
0.0583006
0.0586518
0.0590042
0.0593577
0.0597123
0.0600679
0.0604247
0.0607825
0.0611414
0.0615014
0.0618624
0.0622245
0.0625877
0.0629518
0.063317
0.0636833
0.0640505
0.0644188
0.064788
0.0651583
0.0655296
0.0659018
0.066275
0.0666492
0.0670243
0.0674004
0.0677775
0.0681554
0.0685343
0.0689142
0.0692949
0.0696765
0.0700591
0.0704425
0.0708268
0.071212
0.071598
0.0719849
0.0723726
0.0727612
0.0731506
0.0735408
0.0739318
0.0743236
0.0747162
0.0751095
0.0755037
0.0758985
0.0762942
0.0766906
0.0770877
0.0774855
0.077884
0.0782833
0.0786832
0.0790838
0.0794851
0.079887
0.0802895
0.0806927
0.0810966
0.081501
0.081906
0.0823116
0.0827178
0.0831246
0.0835319
0.0839398
0.0843482
0.0847571
0.0851666
0.0855765
0.0859869
0.0863978
0.0868091
0.0872209
0.0876332
0.0880458
0.0884589
0.0888724
0.0892862
0.0897005
0.0901151
0.09053
0.0909453
0.0913609
0.0917768
0.092193
0.0926095
0.0930263
0.0934433
0.0938606
0.0942781
0.0946958
0.0951137
0.0955318
0.0959501
0.0963686
0.0967872
0.0972059
0.0976248
0.0980437
0.0984628
0.0988819
0.0993011
0.0997204
0.10014
0.100559
0.100978
0.101398
0.101817
0.102236
0.102655
0.103074
0.103494
0.103912
0.104331
0.10475
0.105169
0.105587
0.106005
0.106423
0.106841
0.107259
0.107676
0.108093
0.10851
0.108927
0.109343
0.109759
0.110175
0.110591
0.111006
0.11142
0.111834
0.112248
0.112662
0.113075
0.113487
0.113899
0.114311
0.114722
0.115133
0.115543
0.115952
0.116361
0.11677
0.117178
0.117585
0.117991
0.118397
0.118803
0.119207
0.119611
0.120014
0.120417
0.120819
0.12122
0.12162
0.122019
0.122418
0.122816
0.123213
0.123609
0.124004
0.124399
0.124792
0.125185
0.125576
0.125967
0.126357
0.126746
0.127134
0.12752
0.127906
0.128291
0.128674
0.129057
0.129439
0.129819
0.130198
0.130576
0.130953
0.131329
0.131704
0.132077
0.132449
0.13282
0.13319
0.133558
0.133926
0.134291
0.134656
0.135019
0.135381
0.135742
0.136101
0.136458
0.136815
0.13717
0.137523
0.137875
0.138226
0.138575
0.138923
0.139269
0.139613
0.139956
0.140298
0.140638
0.140976
0.141313
0.141648
0.141981
0.142313
0.142643
0.142972
0.143299
0.143624
0.143947
0.144269
0.144589
0.144907
0.145223
0.145538
0.145851
0.146162
0.146471
0.146778
0.147084
0.147387
0.147689
0.147989
0.148287
0.148583
0.148877
0.149169
0.149459
0.149748
0.150034
0.150318
0.1506
0.150881
0.151159
0.151435
0.151709
0.151981
0.152251
0.152519
0.152785
0.153049
0.15331
0.15357
0.153827
0.154082
0.154335
0.154586
0.154835
0.155081
0.155325
0.155567
0.155807
0.156045
0.15628
0.156513
0.156744
0.156973
0.157199
0.157423
0.157645
0.157864
0.158081
0.158296
0.158508
0.158718
0.158926
0.159132
0.159335
0.159535
0.159734
0.15993
0.160123
0.160314
0.160503
0.160689
0.160873
0.161055
0.161234
0.16141
0.161585
0.161756
0.161926
0.162093
0.162257
0.162419
0.162578
0.162735
0.16289
0.163042
0.163191
0.163338
0.163483
0.163625
0.163765
0.163902
0.164036
0.164168
0.164298
0.164425
0.16455
0.164672
0.164791
0.164908
0.165022
0.165134
0.165244
0.165351
0.165455
0.165557
0.165656
0.165753
0.165847
0.165939
0.166028
0.166115
0.166199
0.166281
0.16636
0.166437
0.166511
0.166582
0.166652
0.166718
0.166782
0.166844
0.166903
0.166959
0.167014
0.167065
0.167114
0.167161
0.167205
0.167247
0.167286
0.167323
0.167357
0.167389
0.167418
0.167445
0.16747
0.167492
0.167512
0.167529
0.167544
0.167556
0.167566
0.167574
0.167579
0.167582
0.167583
0.167581
0.167577
0.16757
0.167562
0.167551
0.167537
0.167521
0.167503
0.167483
0.167461
0.167436
0.167409
0.16738
0.167348
0.167314
0.167278
0.16724
0.1672
0.167158
0.167113
0.167066
0.167018
0.166967
0.166914
0.166858
0.166801
0.166742
0.166681
0.166617
0.166552
0.166485
0.166416
0.166344
0.166271
0.166196
0.166119
0.16604
0.165959
0.165877
0.165792
0.165706
0.165618
0.165528
0.165436
0.165342
0.165247
0.16515
0.165052
0.164951
0.164849
0.164746
0.164641
0.164534
0.164425
0.164316
0.164204
0.164091
0.163977
0.163861
0.163743
0.163624
0.163504
0.163383
0.16326
0.163135
0.16301
0.162883
0.162755
0.162625
0.162495
0.162363
0.16223
0.162096
0.16196
0.161824
0.161687
0.161548
0.161409
0.161268
0.161127
0.160985
0.160841
0.160697
0.160552
0.160406
0.16026
0.160112
0.159964
0.159815
0.159666
0.159516
0.159365
0.159213
0.159061
0.158909
0.158756
0.158602
0.158448
0.158294
0.158139
0.157984
0.157828
0.157673
0.157517
0.15736
0.157204
0.157047
0.15689
0.156734
0.156577
0.15642
0.156263
0.156106
0.155949
0.155792
0.155635
0.155478
0.155322
0.155166
0.15501
0.154854
0.154699
0.154544
0.154389
0.154235
0.154082
0.153928
0.153776
0.153624
0.153472
0.153321
0.153171
0.153022
0.152873
0.152725
0.152578
0.152432
0.152287
0.152142
0.151999
0.151856
0.151715
0.151575
0.151435
0.151297
0.15116
0.151025
0.15089
0.150757
0.150626
0.150495
0.150366
0.150239
0.150113
0.149988
0.149865
0.149744
0.149624
0.149506
0.14939
0.149275
0.149162
0.149052
0.148943
0.148835
0.14873
0.148627
0.148526
0.148427
0.14833
0.148235
0.148142
0.148051
0.147963
0.147877
0.147793
0.147712
0.147633
0.147557
0.147483
0.147411
0.147342
0.147276
0.147212
0.147151
0.147093
0.147038
0.146985
0.146935
0.146888
0.146843
0.146802
0.146764
0.146728
0.146696
0.146667
0.146641
0.146618
0.146598
0.146581
0.146568
0.146558
0.146551
0.146548
)
;

boundaryField
{
    sides
    {
        type            zeroGradient;
    }
    empty
    {
        type            empty;
    }
}


// ************************************************************************* //
