/*--------------------------------*- C++ -*----------------------------------*\
  =========                 |
  \\      /  F ield         | OpenFOAM: The Open Source CFD Toolbox
   \\    /   O peration     | Website:  https://openfoam.org
    \\  /    A nd           | Version:  7
     \\/     M anipulation  |
\*---------------------------------------------------------------------------*/
FoamFile
{
    version     2.0;
    format      ascii;
    class       volScalarField;
    location    "0.43";
    object      T;
}
// * * * * * * * * * * * * * * * * * * * * * * * * * * * * * * * * * * * * * //

dimensions      [0 0 0 1 0 0 0];

internalField   nonuniform List<scalar> 
1000
(
2.31278e-210
3.86132e-210
9.88319e-210
2.96864e-209
9.2809e-209
2.92693e-208
9.24696e-208
2.92212e-207
9.23358e-207
2.91734e-206
9.216e-206
2.91094e-205
9.19308e-205
2.90284e-204
9.16477e-204
2.89304e-203
9.13108e-203
2.88154e-202
9.09201e-202
2.86834e-201
9.04761e-201
2.85346e-200
8.99791e-200
2.8369e-199
8.94294e-199
2.8187e-198
8.88278e-198
2.79886e-197
8.81748e-197
2.7774e-196
8.74712e-196
2.75436e-195
8.67178e-195
2.72976e-194
8.59156e-194
2.70364e-193
8.50656e-193
2.67602e-192
8.4169e-192
2.64694e-191
8.32269e-191
2.61644e-190
8.22407e-190
2.58457e-189
8.12117e-189
2.55138e-188
8.01413e-188
2.51689e-187
7.90312e-187
2.48118e-186
7.78829e-186
2.44428e-185
7.66981e-185
2.40626e-184
7.54786e-184
2.36716e-183
7.42261e-183
2.32706e-182
7.29424e-182
2.286e-181
7.16296e-181
2.24404e-180
7.02896e-180
2.20126e-179
6.89243e-179
2.15771e-178
6.75358e-178
2.11346e-177
6.61262e-177
2.06858e-176
6.46975e-176
2.02312e-175
6.32519e-175
1.97716e-174
6.17914e-174
1.93077e-173
6.03183e-173
1.88401e-172
5.88346e-172
1.83695e-171
5.73425e-171
1.78966e-170
5.58441e-170
1.7422e-169
5.43415e-169
1.69464e-168
5.28368e-168
1.64705e-167
5.13321e-167
1.59949e-166
4.98294e-166
1.55203e-165
4.83307e-165
1.50472e-164
4.68379e-164
1.45763e-163
4.53531e-163
1.41082e-162
4.38779e-162
1.36435e-161
4.24144e-161
1.31827e-160
4.09641e-160
1.27264e-159
3.95288e-159
1.22751e-158
3.81101e-158
1.18293e-157
3.67096e-157
1.13894e-156
3.53287e-156
1.0956e-155
3.39689e-155
1.05295e-154
3.26314e-154
1.01103e-153
3.13175e-153
9.69864e-153
3.00284e-152
9.29504e-152
2.87652e-151
8.89977e-151
2.75287e-150
8.51313e-150
2.632e-149
8.13539e-149
2.51399e-148
7.7668e-148
2.39891e-147
7.40758e-147
2.28681e-146
7.05791e-146
2.17777e-145
6.71796e-145
2.07182e-144
6.38786e-144
1.96901e-143
6.06773e-143
1.86935e-142
5.75763e-142
1.77289e-141
5.45763e-141
1.67962e-140
5.16776e-140
1.58956e-139
4.88803e-139
1.5027e-138
4.61841e-138
1.41904e-137
4.35888e-137
1.33855e-136
4.10936e-136
1.26122e-135
3.86978e-135
1.18702e-134
3.64003e-134
1.11591e-133
3.41999e-133
1.04784e-132
3.20953e-132
9.82786e-132
3.00849e-131
9.2068e-131
2.8167e-130
8.61471e-130
2.63397e-129
8.05097e-129
2.4601e-128
7.51494e-128
2.2949e-127
7.00594e-127
2.13813e-126
6.52327e-126
1.98957e-125
6.06618e-125
1.84898e-124
5.63391e-124
1.71612e-123
5.22569e-123
1.59073e-122
4.8407e-122
1.47257e-121
4.47814e-121
1.36137e-120
4.13719e-120
1.25687e-119
3.81702e-119
1.1588e-118
3.51679e-118
1.06692e-117
3.23568e-117
9.80948e-117
2.97285e-116
9.00628e-116
2.72748e-115
8.257e-115
2.49876e-114
7.55908e-114
2.28588e-113
6.91e-113
2.08805e-112
6.30725e-112
1.90448e-111
5.74841e-111
1.73442e-110
5.23109e-110
1.57712e-109
4.75297e-109
1.43185e-108
4.3118e-108
1.29792e-107
3.90536e-107
1.17463e-106
3.53156e-106
1.06134e-105
3.18833e-105
9.57399e-105
2.87371e-104
8.62205e-104
2.5858e-103
7.75168e-103
2.32279e-102
6.95727e-102
2.08295e-101
6.23347e-101
1.86462e-100
5.57516e-100
1.66622e-99
4.97751e-99
1.48626e-98
4.43591e-98
1.32334e-97
3.946e-97
1.1761e-96
3.50368e-96
1.04328e-95
3.10509e-95
9.23714e-95
2.74658e-94
8.16274e-94
2.42475e-93
7.19922e-93
2.13643e-92
6.33685e-92
1.87862e-91
5.56655e-91
1.64858e-90
4.87991e-90
1.44373e-89
4.2691e-89
1.2617e-88
3.72688e-88
1.10028e-87
3.24657e-87
9.57439e-87
2.82202e-86
8.31322e-86
2.44758e-85
7.20213e-85
2.11807e-84
6.22545e-84
1.82874e-83
5.36888e-83
1.57529e-82
4.61936e-82
1.35377e-81
3.96506e-81
1.16062e-80
3.39523e-80
9.92617e-80
2.90018e-79
8.46832e-79
2.47114e-78
7.20644e-78
2.10023e-77
6.11693e-77
1.7804e-76
5.17864e-76
1.50531e-75
4.37269e-75
1.26934e-74
3.68223e-74
1.06745e-73
3.09231e-73
8.95189e-73
2.58965e-72
7.48617e-72
2.16255e-71
6.24251e-71
1.80067e-70
5.19027e-70
1.49494e-69
4.30258e-69
1.23739e-68
3.55591e-68
1.02108e-67
2.92976e-67
8.39966e-67
2.40628e-66
6.88782e-66
1.97e-65
5.62983e-65
1.60755e-64
4.58642e-64
1.30742e-63
3.72381e-63
1.05971e-62
3.01307e-62
8.55955e-62
2.42945e-61
6.8893e-61
1.95187e-60
5.52495e-60
1.56245e-59
4.41446e-59
1.24606e-58
3.51389e-58
9.89962e-58
2.78629e-57
7.8344e-57
2.20066e-56
6.1754e-56
1.73115e-55
4.84794e-55
1.35621e-54
3.79003e-54
1.05802e-53
2.9504e-53
8.21853e-53
2.28681e-52
6.35596e-52
1.76459e-51
4.89341e-51
1.35544e-50
3.75007e-50
1.0363e-49
2.86032e-49
7.8853e-49
2.17115e-48
5.97067e-48
1.63988e-47
4.49829e-47
1.23232e-46
3.3716e-46
9.21245e-46
2.51381e-45
6.8502e-45
1.86414e-44
5.0658e-44
1.3747e-43
3.72518e-43
1.008e-42
2.72354e-42
7.34791e-42
1.97943e-41
5.32417e-41
1.42985e-40
3.83398e-40
1.0264e-39
2.74335e-39
7.32041e-39
1.95015e-38
5.1864e-38
1.37696e-37
3.64942e-37
9.65515e-37
2.54987e-36
6.72181e-36
1.7687e-35
4.64524e-35
1.21769e-34
3.18584e-34
8.31876e-34
2.16784e-33
5.63786e-33
1.46321e-32
3.78956e-32
9.79367e-32
2.52559e-31
6.49863e-31
1.66843e-30
4.27371e-30
1.09218e-29
2.78458e-29
7.08241e-29
1.79697e-28
4.54799e-28
1.14814e-27
2.89103e-27
7.2605e-27
1.81851e-26
4.54234e-26
1.13145e-25
2.81033e-25
6.96022e-25
1.71873e-24
4.23139e-24
1.03855e-23
2.54102e-23
6.19726e-23
1.50651e-22
3.65004e-22
8.81338e-22
2.12068e-21
5.08469e-21
1.21471e-20
2.89114e-20
6.85509e-20
1.61908e-19
3.80888e-19
8.92395e-19
2.08213e-18
4.83731e-18
1.11893e-17
2.57666e-17
5.90635e-17
1.34753e-16
3.05959e-16
6.91258e-16
1.55387e-15
3.47477e-15
7.72891e-15
1.70973e-14
3.76087e-14
8.225e-14
1.78813e-13
3.86374e-13
8.29634e-13
1.76993e-12
3.75094e-12
7.89499e-12
1.65008e-11
3.42383e-11
7.05145e-11
1.44115e-10
2.92215e-10
5.87704e-10
1.17211e-09
2.31754e-09
4.54169e-09
8.81911e-09
1.69641e-08
3.23157e-08
6.09465e-08
1.13765e-07
2.1012e-07
3.83878e-07
6.93517e-07
1.23859e-06
2.18614e-06
3.81221e-06
6.56601e-06
1.11669e-05
1.87478e-05
3.10634e-05
5.07841e-05
8.19017e-05
0.000130276
0.00020435
0.000316056
0.000481942
0.000724497
0.00107369
0.00156866
0.00225946
0.00320878
0.00449354
0.00620605
0.0084547
0.0113639
0.0150734
0.0197358
0.0255143
0.0325782
0.0410978
0.0512391
0.0631566
0.0769874
0.0928443
0.11081
0.13093
0.153213
0.177622
0.20408
0.232464
0.262611
0.294321
0.327363
0.361479
0.396391
0.431811
0.467446
0.503007
0.538215
0.572805
0.606535
0.639189
0.670579
0.700548
0.728968
0.755746
0.780817
0.804146
0.825725
0.845569
0.863713
0.880211
0.895133
0.908557
0.920573
0.931274
0.940757
0.949122
0.956466
0.962884
0.968468
0.973306
0.977479
0.981064
0.984131
0.986745
0.988964
0.990841
0.992422
0.99375
0.99486
0.995786
0.996555
0.997192
0.997717
0.99815
0.998504
0.998794
0.99903
0.999222
0.999378
0.999504
0.999605
0.999686
0.999752
0.999804
0.999845
0.999878
0.999904
0.999925
0.999941
0.999954
0.999964
0.999971
0.999976
0.99998
0.999981
0.999979
0.999974
0.999963
0.999945
0.999915
0.999867
0.999794
0.999682
0.999517
0.999275
0.998926
0.998431
0.99774
0.996791
0.995506
0.993794
0.991545
0.988636
0.984927
0.980264
0.974486
0.967422
0.958902
0.948761
0.936843
0.923013
0.907156
0.88919
0.86907
0.846787
0.822378
0.79592
0.767536
0.737389
0.705679
0.672637
0.638521
0.603609
0.568189
0.532554
0.496993
0.461785
0.427195
0.393465
0.360811
0.329421
0.299452
0.271032
0.244254
0.219183
0.195854
0.174275
0.154431
0.136287
0.119789
0.104867
0.0914428
0.0794272
0.0687263
0.0592427
0.0508778
0.0435341
0.0371161
0.031532
0.0266944
0.0225213
0.0189363
0.015869
0.013255
0.0110359
0.00915919
0.00757794
0.00625046
0.00513998
0.00421424
0.00344516
0.00280834
0.00228278
0.00185041
0.00149584
0.00120596
0.000969681
0.000777667
0.000622077
0.000496363
0.000395071
0.000313682
0.000248462
0.000196336
0.000154785
0.000121747
9.55452e-05
7.48155e-05
5.84551e-05
4.55738e-05
3.54557e-05
2.75262e-05
2.1326e-05
1.64889e-05
1.27234e-05
9.79845e-06
7.53124e-06
5.77755e-06
4.42385e-06
3.38102e-06
2.57927e-06
1.96409e-06
1.49296e-06
1.13285e-06
8.58111e-07
6.48888e-07
4.89849e-07
3.69175e-07
2.77771e-07
2.0866e-07
1.56493e-07
1.17183e-07
8.76111e-08
6.54011e-08
4.87475e-08
3.62801e-08
2.69614e-08
2.0007e-08
1.4825e-08
1.09696e-08
8.10538e-09
5.98073e-09
4.40697e-09
3.24293e-09
2.38316e-09
1.74902e-09
1.28195e-09
9.38392e-10
6.86033e-10
5.00909e-10
3.65284e-10
2.66054e-10
1.93544e-10
1.40627e-10
1.02056e-10
7.39776e-11
5.35621e-11
3.87361e-11
2.79821e-11
2.0191e-11
1.4553e-11
1.04778e-11
7.53559e-12
5.41374e-12
3.88522e-12
2.78533e-12
1.99474e-12
1.42709e-12
1.01993e-12
7.28207e-13
5.19405e-13
3.70108e-13
2.63467e-13
1.87372e-13
1.33128e-13
9.44978e-14
6.70143e-14
4.748e-14
3.3609e-14
2.37687e-14
1.67944e-14
1.18559e-14
8.36229e-15
5.89298e-15
4.14924e-15
2.91898e-15
2.05175e-15
1.44096e-15
1.01116e-15
7.08973e-16
4.96689e-16
3.47686e-16
2.43188e-16
1.69963e-16
1.18692e-16
8.28234e-17
5.77496e-17
4.02357e-17
2.80121e-17
1.94874e-17
1.35468e-17
9.41026e-18
6.53202e-18
4.53085e-18
3.1405e-18
2.17525e-18
1.50561e-18
1.04139e-18
7.198e-19
4.97178e-19
3.43175e-19
2.36715e-19
1.63172e-19
1.12403e-19
7.73787e-20
5.32332e-20
3.65984e-20
2.51456e-20
1.72658e-20
1.18478e-20
8.12481e-21
5.56827e-21
3.81382e-21
2.61056e-21
1.78585e-21
1.22094e-21
8.34227e-22
5.69662e-22
3.88772e-22
2.65167e-22
1.80756e-22
1.23145e-22
8.38483e-23
5.70593e-23
3.88074e-23
2.63792e-23
1.79213e-23
1.21685e-23
8.25794e-24
5.60107e-24
3.79698e-24
2.57261e-24
1.74213e-24
1.17913e-24
7.97655e-25
5.39319e-25
3.64463e-25
2.46173e-25
1.66192e-25
1.1214e-25
7.56303e-26
5.0982e-26
3.43499e-26
2.31325e-26
1.55707e-26
1.04758e-26
7.04468e-27
4.73509e-27
3.1812e-27
2.13625e-27
1.43388e-27
9.61995e-28
6.45112e-28
4.32415e-28
2.89715e-28
1.9402e-28
1.29876e-28
8.69003e-29
5.81196e-29
3.88539e-29
2.59633e-29
1.7342e-29
1.15785e-29
7.72719e-30
5.15476e-30
3.43727e-30
2.29108e-30
1.52646e-30
1.01661e-30
6.76777e-31
4.50362e-31
2.99573e-31
1.99192e-31
1.32394e-31
8.79615e-32
5.84182e-32
3.87823e-32
2.57367e-32
1.70728e-32
1.13211e-32
7.50431e-33
4.97243e-33
3.29354e-33
2.1807e-33
1.44334e-33
9.54954e-34
6.31592e-34
4.17574e-34
2.75978e-34
1.8233e-34
1.20417e-34
7.94994e-35
5.24671e-35
3.46145e-35
2.28285e-35
1.50504e-35
9.919e-36
6.53491e-36
4.30392e-36
2.83363e-36
1.86498e-36
1.22705e-36
8.07059e-37
5.30646e-37
3.48789e-37
2.29181e-37
1.50541e-37
9.8853e-38
6.48912e-38
4.25838e-38
2.7936e-38
1.8321e-38
1.20115e-38
7.87243e-39
5.15807e-39
3.37856e-39
2.2123e-39
1.44818e-39
9.477e-40
6.19995e-40
4.05486e-40
2.65115e-40
1.73286e-40
1.13231e-40
7.39672e-41
4.83045e-41
3.15362e-41
2.05829e-41
1.34301e-41
8.76051e-42
5.71289e-42
3.72443e-42
2.4274e-42
1.58162e-42
1.03025e-42
6.7091e-43
4.36783e-43
2.84282e-43
1.84975e-43
1.20327e-43
7.82516e-44
5.08755e-44
3.3068e-44
2.14879e-44
1.39593e-44
9.06611e-45
5.88661e-45
3.82117e-45
2.4798e-45
1.60888e-45
1.04357e-45
6.76721e-46
4.3872e-46
2.84352e-46
1.84253e-46
1.19362e-46
7.73058e-47
5.00553e-47
3.24027e-47
2.09704e-47
1.35683e-47
8.77692e-48
5.67614e-48
3.66995e-48
2.37227e-48
1.53308e-48
9.90523e-49
6.39826e-49
4.13198e-49
2.6678e-49
1.72206e-49
1.11133e-49
7.17034e-50
4.62527e-50
2.98288e-50
1.92325e-50
1.23977e-50
7.98999e-51
5.14821e-51
3.31643e-51
2.13594e-51
1.37535e-51
8.85402e-52
5.69869e-52
3.66704e-52
2.35919e-52
1.51746e-52
9.75841e-53
6.27406e-53
4.03299e-53
2.59187e-53
1.66537e-53
1.06983e-53
6.87118e-54
4.41222e-54
2.83266e-54
1.81821e-54
1.16682e-54
7.48643e-55
4.80241e-55
3.08004e-55
1.975e-55
1.26617e-55
8.11577e-56
5.20095e-56
3.33235e-56
2.13468e-56
1.3672e-56
8.75477e-57
5.60499e-57
3.58775e-57
2.29608e-57
1.46916e-57
9.39868e-58
6.01152e-58
3.84432e-58
2.45796e-58
1.57126e-58
1.00425e-58
6.41733e-59
4.10003e-59
2.61903e-59
1.67269e-59
1.0681e-59
6.81914e-60
4.3528e-60
2.77799e-60
1.77262e-60
1.13089e-60
7.21359e-61
4.60051e-61
2.93348e-61
1.87019e-61
1.1921e-61
7.59735e-62
4.84104e-62
3.08418e-62
1.96457e-62
1.25118e-62
7.96711e-63
5.07232e-63
3.22879e-63
2.05495e-63
1.30764e-63
8.31965e-64
5.29237e-64
3.36609e-64
2.14063e-64
1.36127e-64
8.66131e-65
5.52985e-65
3.59477e-65
2.54704e-65
)
;

boundaryField
{
    sides
    {
        type            zeroGradient;
    }
    empty
    {
        type            empty;
    }
}


// ************************************************************************* //
