/*--------------------------------*- C++ -*----------------------------------*\
  =========                 |
  \\      /  F ield         | OpenFOAM: The Open Source CFD Toolbox
   \\    /   O peration     | Website:  https://openfoam.org
    \\  /    A nd           | Version:  7
     \\/     M anipulation  |
\*---------------------------------------------------------------------------*/
FoamFile
{
    version     2.0;
    format      ascii;
    class       volScalarField;
    location    "0.87";
    object      T;
}
// * * * * * * * * * * * * * * * * * * * * * * * * * * * * * * * * * * * * * //

dimensions      [0 0 0 1 0 0 0];

internalField   nonuniform List<scalar> 
1000
(
0
0
0
0
0
0
0
0
0
0
0
0
0
0
0
0
0
0
0
0
0
0
0
0
0
0
0
0
0
0
0
0
0
0
0
0
0
0
0
0
0
0
0
0
0
0
0
0
0
0
0
0
0
0
0
0
0
0
0
0
0
0
0
0
0
0
0
0
0
0
0
0
0
0
0
0
0
0
0
0
0
0
0
0
0
0
0
0
0
0
0
0
0
0
0
0
0
0
0
0
0
0
0
0
0
0
0
0
0
0
0
0
0
0
0
0
0
0
0
0
0
0
0
0
0
0
0
0
0
0
0
0
0
0
0
0
0
0
0
0
0
0
0
0
0
0
0
0
0
0
0
0
0
0
0
0
0
0
0
0
0
0
0
0
0
0
0
0
0
0
0
0
0
0
0
0
0
0
0
0
0
0
0
0
0
0
0
0
0
0
0
0
0
0
0
0
0
0
0
0
0
0
0
0
0
0
0
0
0
0
0
0
0
0
0
0
0
0
0
0
0
0
0
0
0
0
0
0
0
0
0
0
0
0
0
0
0
0
0
0
0
0
0
0
0
0
0
0
0
0
0
0
0
0
0
0
0
0
0
0
0
0
0
0
0
0
0
0
0
0
0
0
0
0
0
0
0
0
0
0
0
0
0
0
0
0
0
0
0
0
0
0
0
0
0
0
0
0
0
0
0
0
0
0
0
0
0
0
0
0
0
0
0
0
0
0
0
0
0
0
0
0
0
0
0
0
0
0
0
0
0
0
0
0
0
0
0
0
0
0
0
0
0
0
0
0
0
0
0
0
0
0
0
0
0
0
0
0
0
0
0
0
0
-1.99913e-68
4.03824e-66
-3.98693e-64
2.56295e-62
-1.20568e-60
4.42268e-59
-1.31618e-57
3.2643e-56
-6.87728e-55
1.24825e-53
-1.97242e-52
2.73458e-51
-3.34519e-50
3.62426e-49
-3.48456e-48
2.97349e-47
-2.24742e-46
1.49709e-45
-8.70718e-45
4.34613e-44
-1.80003e-43
5.71338e-43
-1.03165e-42
-1.88554e-42
2.52744e-41
-1.14101e-40
2.72909e-40
4.0732e-41
-3.33873e-39
1.41189e-38
-2.27718e-38
-5.53735e-38
4.28759e-37
-9.77357e-37
-6.71589e-37
1.07238e-35
-2.62624e-35
-1.39174e-35
2.46023e-34
-5.17817e-34
-5.85255e-34
5.06908e-33
-6.85822e-33
-2.03353e-32
8.44519e-32
-2.47226e-32
-4.80781e-31
9.33835e-31
1.37615e-30
-7.31164e-30
2.36613e-30
3.63464e-29
-5.61645e-29
-1.222e-28
4.08006e-28
1.90902e-28
-2.10027e-27
9.01747e-28
8.7157e-27
-1.02292e-26
-3.04416e-26
6.09303e-26
9.04993e-26
-2.86119e-25
-2.25639e-25
1.16924e-24
4.43299e-25
-4.34741e-24
-5.35004e-25
1.50899e-23
-3.72427e-25
-4.968e-23
3.98534e-24
1.56474e-22
-7.89223e-24
-4.72308e-22
-2.80088e-23
1.35939e-21
3.31865e-22
-3.68606e-21
-1.85833e-21
9.22463e-21
7.89079e-21
-2.05744e-20
-2.79349e-20
3.80928e-20
8.47569e-20
-4.68508e-20
-2.20131e-19
-1.90803e-20
4.7601e-19
3.41633e-19
-7.88969e-19
-1.26198e-18
7.08806e-19
3.08376e-18
1.01316e-18
-5.19215e-18
-6.33312e-18
4.26245e-18
1.56325e-17
6.81303e-18
-2.16346e-17
-3.36436e-17
3.51259e-18
6.20193e-17
6.1217e-17
-3.68342e-17
-1.44693e-16
-1.08636e-16
1.07283e-16
3.09437e-16
2.1672e-16
-2.18122e-16
-6.34822e-16
-5.09176e-16
3.05454e-16
1.23483e-15
1.2896e-15
-5.86245e-17
-2.1156e-15
-3.11632e-15
-1.48371e-15
2.57133e-15
6.43447e-15
6.37107e-15
3.25618e-16
-9.52263e-15
-1.66239e-14
-1.33979e-14
3.15575e-15
2.69035e-14
4.28655e-14
3.41398e-14
-6.63081e-15
-6.72032e-14
-1.14453e-13
-1.06536e-13
-1.66017e-14
1.4167e-13
3.01615e-13
3.57683e-13
2.10128e-13
-1.71175e-13
-6.90711e-13
-1.11388e-12
-1.124e-12
-4.54186e-13
9.37448e-13
2.71662e-12
4.13329e-12
4.1698e-12
1.90277e-12
-2.97994e-12
-9.66283e-12
-1.59194e-11
-1.83102e-11
-1.30366e-11
2.55735e-12
2.8099e-11
5.84721e-11
8.30439e-11
8.66598e-11
5.3018e-11
-2.94866e-11
-1.6017e-10
-3.18421e-10
-4.58639e-10
-5.10962e-10
-3.90908e-10
-1.99707e-11
6.42908e-10
1.56238e-09
2.58761e-09
3.42455e-09
3.63436e-09
2.67411e-09
-6.0243e-12
-4.80109e-09
-1.17282e-08
-2.01618e-08
-2.85669e-08
-3.42943e-08
-3.35236e-08
-2.14572e-08
7.12241e-09
5.68285e-08
1.30104e-07
2.25098e-07
3.33051e-07
4.35389e-07
5.00871e-07
4.8334e-07
3.20823e-07
-6.30182e-08
-7.53869e-07
-1.83672e-06
-3.37917e-06
-5.40625e-06
-7.86497e-06
-1.05767e-05
-1.31754e-05
-1.50311e-05
-1.51558e-05
-1.20932e-05
-3.78976e-06
1.25495e-05
4.06218e-05
8.52005e-05
0.000152318
0.000249459
0.000385745
0.000572133
0.000821583
0.00114923
0.00157251
0.00211129
0.00278791
0.00362726
0.00465671
0.0059061
0.00740757
0.0091954
0.0113058
0.0137765
0.0166466
0.0199559
0.0237448
0.0280535
0.0329215
0.0383875
0.0444881
0.0512578
0.0587284
0.0669284
0.0758822
0.0856101
0.0961277
0.107446
0.119569
0.132497
0.146224
0.160737
0.17602
0.192048
0.208793
0.226219
0.244288
0.262956
0.282174
0.301889
0.322047
0.342589
0.363455
0.384582
0.405907
0.427367
0.448898
0.470436
0.491921
0.513292
0.53449
0.55546
0.57615
0.596508
0.61649
0.636053
0.655157
0.673767
0.691854
0.70939
0.726352
0.742721
0.758483
0.773626
0.788143
0.80203
0.815286
0.827913
0.839917
0.851304
0.862085
0.872272
0.881879
0.890922
0.899418
0.907384
0.914841
0.921807
0.928305
0.934353
0.939975
0.94519
0.950021
0.954487
0.95861
0.962411
0.965908
0.969121
0.972068
0.974768
0.977236
0.979489
0.98154
0.983405
0.985094
0.986617
0.987985
0.989203
0.990278
0.99121
0.992002
0.992651
0.993152
0.993498
0.993678
0.99368
0.993486
0.993078
0.992434
0.991527
0.99033
0.988813
0.986943
0.984685
0.982003
0.97886
0.975219
0.97104
0.966286
0.960921
0.954908
0.948216
0.940814
0.932674
0.923772
0.91409
0.903612
0.892329
0.880236
0.867335
0.853631
0.839137
0.823872
0.807859
0.791127
0.773712
0.755652
0.736993
0.717783
0.698073
0.677921
0.657383
0.636522
0.615398
0.594076
0.572619
0.55109
0.529553
0.50807
0.486701
0.465503
0.444534
0.423846
0.403488
0.383506
0.363945
0.344841
0.326231
0.308144
0.290609
0.273647
0.257278
0.241516
0.226373
0.211856
0.197969
0.184713
0.172086
0.160083
0.148696
0.137915
0.127728
0.118121
0.109078
0.100582
0.0926158
0.0851591
0.0781924
0.071695
0.0656461
0.0600246
0.0548093
0.049979
0.0455129
0.0413903
0.0375911
0.0340956
0.0308846
0.0279397
0.025243
0.0227774
0.0205265
0.0184748
0.0166074
0.0149103
0.0133701
0.0119744
0.0107114
0.00957015
0.0085403
0.00761228
0.00677715
0.00602663
0.00535305
0.00474932
0.00420889
0.00372577
0.00329442
0.00290978
0.00256723
0.00226254
0.00199185
0.00175167
0.00153881
0.00135039
0.0011838
0.00103669
0.000906919
0.000792583
0.000691959
0.000603501
0.000525826
0.000457695
0.000398
0.000345753
0.000300074
0.000260179
0.000225374
0.00019504
0.00016863
0.000145661
0.000125704
0.000108382
9.33615e-05
8.03503e-05
6.90903e-05
5.93554e-05
5.09471e-05
4.36916e-05
3.74367e-05
3.20496e-05
2.74142e-05
2.34292e-05
2.00066e-05
1.70697e-05
1.45517e-05
1.2395e-05
1.05492e-05
8.97095e-06
7.62267e-06
6.47182e-06
5.49035e-06
4.65403e-06
3.942e-06
3.3363e-06
2.82148e-06
2.38426e-06
2.01326e-06
1.69869e-06
1.4322e-06
1.20661e-06
1.0158e-06
8.54528e-07
7.18335e-07
6.03409e-07
5.06503e-07
4.24855e-07
3.56114e-07
2.98283e-07
2.49669e-07
2.08831e-07
1.74552e-07
1.45798e-07
1.21698e-07
1.01513e-07
8.46178e-08
7.04874e-08
5.86775e-08
4.88138e-08
4.05815e-08
3.37155e-08
2.79929e-08
2.32265e-08
1.92594e-08
1.59597e-08
1.32169e-08
1.09386e-08
9.04733e-09
7.47842e-09
6.17775e-09
5.10016e-09
4.20797e-09
3.46974e-09
2.8593e-09
2.35484e-09
1.93823e-09
1.59438e-09
1.31076e-09
1.07696e-09
8.84345e-10
7.25762e-10
5.95274e-10
4.87969e-10
3.99779e-10
3.27343e-10
2.67881e-10
2.19099e-10
1.791e-10
1.46323e-10
1.19479e-10
9.75065e-11
7.95318e-11
6.48356e-11
5.28268e-11
4.30193e-11
3.50141e-11
2.84835e-11
2.31589e-11
1.88198e-11
1.52858e-11
1.2409e-11
1.00685e-11
8.16528e-12
6.61848e-12
5.362e-12
4.34188e-12
3.51409e-12
2.84271e-12
2.29847e-12
1.85752e-12
1.50043e-12
1.2114e-12
9.77579e-13
7.88511e-13
6.35706e-13
5.12271e-13
4.12609e-13
3.3218e-13
2.67304e-13
2.15e-13
1.7285e-13
1.389e-13
1.11567e-13
8.95719e-14
7.18808e-14
5.76579e-14
4.62286e-14
3.70484e-14
2.96781e-14
2.37636e-14
1.90195e-14
1.52158e-14
1.21676e-14
9.7258e-15
7.77072e-15
6.206e-15
4.95425e-15
3.9533e-15
3.15327e-15
2.51408e-15
2.00363e-15
1.59616e-15
1.27103e-15
1.01171e-15
8.04976e-16
6.40223e-16
5.08985e-16
4.04486e-16
3.21314e-16
2.55142e-16
2.02518e-16
1.60684e-16
1.27442e-16
1.01037e-16
8.00726e-17
6.34334e-17
5.02325e-17
3.97636e-17
3.14645e-17
2.48881e-17
1.96788e-17
1.5554e-17
1.22892e-17
9.7061e-18
7.66309e-18
6.04789e-18
4.77138e-18
3.76293e-18
2.96654e-18
2.33785e-18
1.84173e-18
1.45038e-18
1.14178e-18
8.98521e-19
7.06839e-19
5.55854e-19
4.36966e-19
3.43387e-19
2.69755e-19
2.11839e-19
1.663e-19
1.30506e-19
1.02381e-19
8.02899e-20
6.29443e-20
4.93294e-20
3.86465e-20
3.0267e-20
2.36965e-20
1.85463e-20
1.45106e-20
1.13494e-20
8.87395e-21
6.93619e-21
5.41982e-21
4.23359e-21
3.30593e-21
2.58071e-21
2.01395e-21
1.57115e-21
1.22533e-21
9.55324e-22
7.44596e-22
5.8001e-22
4.53432e-22
3.35145e-22
)
;

boundaryField
{
    sides
    {
        type            zeroGradient;
    }
    empty
    {
        type            empty;
    }
}


// ************************************************************************* //
