/*--------------------------------*- C++ -*----------------------------------*\
  =========                 |
  \\      /  F ield         | OpenFOAM: The Open Source CFD Toolbox
   \\    /   O peration     | Website:  https://openfoam.org
    \\  /    A nd           | Version:  7
     \\/     M anipulation  |
\*---------------------------------------------------------------------------*/
FoamFile
{
    version     2.0;
    format      ascii;
    class       volScalarField;
    location    "1.58";
    object      T;
}
// * * * * * * * * * * * * * * * * * * * * * * * * * * * * * * * * * * * * * //

dimensions      [0 0 0 1 0 0 0];

internalField   nonuniform List<scalar> 
1000
(
5.92299e-188
7.27751e-188
1.23427e-187
2.75155e-187
7.05119e-187
1.90376e-186
5.22802e-186
1.44307e-185
3.98868e-185
1.10271e-184
3.04806e-184
8.42306e-184
2.32694e-183
6.42634e-183
1.77421e-182
4.89672e-182
1.35104e-181
3.72639e-181
1.02747e-180
2.8321e-180
7.8038e-180
2.14962e-179
5.91937e-179
1.62947e-178
4.48407e-178
1.23355e-177
3.3923e-177
9.32583e-177
2.56292e-176
7.04106e-176
1.93372e-175
5.30888e-175
1.45702e-174
3.99742e-174
1.09634e-173
3.00582e-173
8.23816e-173
2.25709e-172
6.18181e-172
1.69252e-171
4.63232e-171
1.2674e-170
3.46636e-170
9.47725e-170
2.59022e-169
7.07683e-169
1.93279e-168
5.27689e-168
1.44017e-167
3.92911e-167
1.07157e-166
2.92136e-166
7.96149e-166
2.16893e-165
5.9066e-165
1.60794e-164
4.37566e-164
1.1903e-163
3.23675e-163
8.7983e-163
2.39071e-162
6.49371e-162
1.76317e-161
4.78557e-161
1.2984e-160
3.52141e-160
9.54685e-160
2.58725e-159
7.00888e-159
1.89798e-158
5.13768e-158
1.39019e-157
3.76021e-157
1.01667e-156
2.74775e-156
7.42342e-156
2.00475e-155
5.4118e-155
1.46033e-154
3.93902e-154
1.06206e-153
2.86246e-153
7.71172e-153
2.07676e-152
5.59045e-152
1.50428e-151
4.04607e-151
1.08782e-150
2.92351e-150
7.85365e-150
2.1089e-149
5.66058e-149
1.51874e-148
4.07308e-148
1.09189e-147
2.92585e-147
7.83681e-147
2.09817e-146
5.61509e-146
1.50205e-145
4.01631e-145
1.07345e-144
2.86777e-144
7.65806e-144
2.0441e-143
5.45375e-143
1.45444e-142
3.87707e-142
1.03304e-141
2.7513e-141
7.32427e-141
1.94892e-140
5.18355e-140
1.37805e-139
3.66186e-139
9.72615e-139
2.58215e-138
6.85204e-138
1.81743e-137
4.81831e-137
1.27682e-136
3.38188e-136
8.95333e-136
2.36922e-135
6.26642e-135
1.65664e-134
4.37751e-134
1.15616e-133
3.05212e-133
8.05329e-133
2.1239e-132
5.59865e-132
1.47509e-131
3.88457e-131
1.02247e-130
2.68995e-130
7.07327e-130
1.859e-129
4.88339e-129
1.28216e-128
3.3647e-128
8.82526e-128
2.3136e-127
6.06213e-127
1.58759e-126
4.15555e-126
1.08716e-125
2.84269e-125
7.42915e-125
1.94053e-124
5.06609e-124
1.32189e-123
3.44736e-123
8.98555e-123
2.34083e-122
6.09482e-122
1.58605e-121
4.12512e-121
1.07231e-120
2.78588e-120
7.2338e-120
1.87729e-119
4.86915e-119
1.26221e-118
3.27017e-118
8.46762e-118
2.19133e-117
5.6677e-117
1.46507e-116
3.78495e-116
9.77265e-116
2.52182e-115
6.50372e-115
1.67632e-114
4.31814e-114
1.11168e-113
2.86028e-113
7.35493e-113
1.89012e-112
4.85443e-112
1.24602e-111
3.19633e-111
8.1943e-111
2.09946e-110
5.37572e-110
1.37562e-109
3.51796e-109
8.9911e-109
2.29648e-108
5.86194e-108
1.49536e-107
3.81218e-107
9.71238e-107
2.47286e-106
6.29208e-106
1.59996e-105
4.06575e-105
1.0325e-104
2.62032e-104
6.64558e-104
1.68432e-103
4.26605e-103
1.07979e-102
2.73124e-102
6.90378e-102
1.7439e-101
4.40208e-101
1.11045e-100
2.79924e-100
7.0515e-100
1.7751e-99
4.46538e-99
1.12251e-98
2.81979e-98
7.07839e-98
1.77559e-97
4.45084e-97
1.11488e-96
2.79062e-96
6.98002e-96
1.7446e-95
4.35729e-95
1.08747e-94
2.71204e-94
6.75851e-94
1.68299e-93
4.18777e-93
1.04126e-92
2.58703e-92
6.42263e-92
1.59328e-91
3.94942e-91
9.78225e-91
2.42106e-90
5.9873e-90
1.4795e-89
3.65302e-89
9.01248e-89
2.22172e-88
5.47247e-88
1.34687e-87
3.31218e-87
8.13856e-87
1.99813e-86
4.90162e-86
1.20142e-85
2.9423e-85
7.19967e-85
1.76024e-84
4.29993e-84
1.04949e-83
2.55932e-83
6.23583e-83
1.51805e-82
3.69231e-82
8.97282e-82
2.17859e-81
5.28489e-81
1.28088e-80
3.10164e-80
7.50378e-80
1.81374e-79
4.37998e-79
1.05675e-78
2.54722e-78
6.13422e-78
1.47586e-77
3.54751e-77
8.51903e-77
2.04382e-76
4.89871e-76
1.17301e-75
2.80608e-75
6.70619e-75
1.60113e-74
3.81899e-74
9.09996e-74
2.1662e-73
5.15134e-73
1.22378e-72
2.90434e-72
6.88569e-72
1.6308e-71
3.85838e-71
9.11923e-71
2.15306e-70
5.07805e-70
1.1964e-69
2.81576e-69
6.61985e-69
1.55465e-68
3.64707e-68
8.54639e-68
2.00052e-67
4.6776e-67
1.0925e-66
2.54877e-66
5.93954e-66
1.38255e-65
3.21451e-65
7.46532e-65
1.73173e-64
4.01244e-64
9.28597e-64
2.14652e-63
4.95595e-63
1.14288e-62
2.63241e-62
6.05593e-62
1.39149e-61
3.19335e-61
7.31945e-61
1.6756e-60
3.83108e-60
8.74834e-60
1.99517e-59
4.54445e-59
1.03377e-58
2.3486e-58
5.32879e-58
1.20748e-57
2.73249e-57
6.17534e-57
1.39374e-56
3.14139e-56
7.07087e-56
1.5894e-55
3.56776e-55
7.99758e-55
1.79026e-54
4.00191e-54
8.93317e-54
1.99126e-53
4.43228e-53
9.85148e-53
2.18648e-52
4.8457e-52
1.07233e-51
2.36949e-51
5.228e-51
1.15176e-50
2.53358e-50
5.56471e-50
1.22035e-49
2.67212e-49
5.84185e-49
1.27516e-48
2.77901e-48
6.04682e-48
1.31361e-47
2.84909e-47
6.16934e-47
1.33371e-46
2.87849e-46
6.20222e-46
1.33414e-45
2.865e-45
6.14199e-45
1.31447e-44
2.80828e-44
5.98932e-44
1.27513e-43
2.70997e-43
5.74913e-43
1.21748e-42
2.57359e-42
5.43033e-42
1.14372e-41
2.40441e-41
5.04534e-41
1.05672e-40
2.20906e-40
4.60924e-40
9.59883e-40
1.99512e-39
4.13878e-39
8.5689e-39
1.77059e-38
3.6513e-38
7.51456e-38
1.54341e-37
3.16354e-37
6.47102e-37
1.32091e-36
2.69071e-36
5.46948e-36
1.10944e-35
2.24562e-35
4.53559e-35
9.14087e-35
1.83819e-34
3.6884e-34
7.38449e-34
1.47513e-33
2.94008e-33
5.84658e-33
1.15997e-32
2.2961e-32
4.53444e-32
8.9338e-32
1.75599e-31
3.44329e-31
6.73567e-31
1.31443e-30
2.55878e-30
4.96892e-30
9.62529e-30
1.85986e-29
3.58472e-29
6.89173e-29
1.32157e-28
2.52775e-28
4.82225e-28
9.17549e-28
1.74126e-27
3.29568e-27
6.22104e-27
1.17114e-26
2.19875e-26
4.11673e-26
7.68652e-26
1.4312e-25
2.65738e-25
4.92019e-25
9.08396e-25
1.67234e-24
3.06987e-24
5.61893e-24
1.02545e-23
1.86593e-23
3.38521e-23
6.12318e-23
1.10423e-22
1.98528e-22
3.55844e-22
6.35857e-22
1.1327e-21
2.01146e-21
3.56079e-21
6.28359e-21
1.10531e-20
1.93808e-20
3.38733e-20
5.90109e-20
1.02468e-19
1.77344e-19
3.05919e-19
5.25958e-19
9.0124e-19
1.5391e-18
2.61951e-18
4.44318e-18
7.51064e-18
1.26521e-17
2.12394e-17
3.55311e-17
5.92313e-17
9.8393e-17
1.62869e-16
2.68638e-16
4.41511e-16
7.23029e-16
1.17978e-15
1.9181e-15
3.10712e-15
5.01483e-15
8.06414e-15
1.29199e-14
2.06228e-14
3.27962e-14
5.19611e-14
8.20175e-14
1.28974e-13
2.02051e-13
3.15339e-13
4.90282e-13
7.59386e-13
1.17172e-12
1.80104e-12
2.75777e-12
4.20654e-12
6.39176e-12
9.67479e-12
1.45876e-11
2.19102e-11
3.27814e-11
4.88565e-11
7.25322e-11
1.07263e-10
1.58009e-10
2.31858e-10
3.38899e-10
4.93432e-10
7.15636e-10
1.03387e-09
1.4878e-09
2.13273e-09
3.04535e-09
4.3316e-09
6.13723e-09
8.66185e-09
1.21777e-08
1.70545e-08
2.37922e-08
3.30639e-08
4.57721e-08
6.31216e-08
8.67141e-08
1.1867e-07
1.61783e-07
2.19721e-07
2.97277e-07
4.0069e-07
5.38042e-07
7.19765e-07
9.59264e-07
1.27369e-06
1.6849e-06
2.22061e-06
2.91588e-06
3.81479e-06
4.97258e-06
6.45818e-06
8.35725e-06
1.07758e-05
1.38444e-05
1.77234e-05
2.26086e-05
2.87386e-05
3.64024e-05
4.59487e-05
5.77971e-05
7.24497e-05
9.05052e-05
0.000112674
0.000139798
0.000172867
0.000213043
0.000261681
0.000320362
0.000390914
0.000475448
0.00057639
0.000696517
0.000838993
0.00100741
0.00120583
0.00143883
0.00171153
0.00202965
0.00239957
0.00282833
0.00332369
0.00389419
0.00454915
0.00529871
0.00615387
0.00712649
0.00822931
0.00947593
0.0108808
0.0124594
0.0142277
0.0162028
0.0184023
0.0208445
0.0235484
0.0265334
0.0298193
0.0334261
0.0373739
0.0416831
0.0463735
0.0514649
0.0569763
0.0629262
0.0693322
0.0762108
0.0835771
0.0914451
0.0998267
0.108732
0.118171
0.128147
0.138667
0.149731
0.161337
0.173484
0.186164
0.199368
0.213085
0.2273
0.241996
0.257154
0.272751
0.288762
0.30516
0.321916
0.338999
0.356374
0.374009
0.391865
0.409907
0.428096
0.446393
0.464758
0.483153
0.501538
0.519874
0.538124
0.556248
0.574211
0.591978
0.609515
0.626789
0.643771
0.660432
0.676746
0.692688
0.708237
0.723372
0.738077
0.752336
0.766136
0.779467
0.792321
0.804691
0.816574
0.827967
0.83887
0.849286
0.859217
0.868668
0.877647
0.88616
0.894216
0.901825
0.908997
0.915745
0.922078
0.92801
0.933553
0.938719
0.94352
0.947968
0.952075
0.955852
0.95931
0.962458
0.965306
0.967862
0.970132
0.972122
0.973838
0.975283
0.976458
0.977366
0.978004
0.978373
0.978467
0.978282
0.977813
0.977051
0.975988
0.974614
0.972917
0.970887
0.968508
0.965768
0.962652
0.959144
0.95523
0.950892
0.946117
0.940887
0.935188
0.929006
0.922326
0.915136
0.907425
0.899182
0.890399
0.881069
0.871188
0.860752
0.849763
0.838221
0.826132
0.813502
0.800342
0.786663
0.772482
0.757815
0.742682
0.727108
0.711116
0.694735
0.677994
0.660924
0.643559
0.625934
0.608086
0.590051
0.571868
0.553577
0.535216
0.516824
0.498443
0.480109
0.461862
0.44374
0.425779
0.408013
0.390478
0.373204
0.356223
0.339562
0.323249
0.307307
0.291758
0.276622
0.261916
0.247656
0.233854
0.220521
0.207664
0.19529
0.183403
0.172004
0.161093
0.150668
0.140725
0.131259
0.122263
0.113728
0.105644
0.0980022
0.0907895
0.0839936
0.0776013
0.0715987
0.0659715
0.0607048
0.0557837
0.051193
0.0469175
0.0429419
0.039251
0.03583
0.0326641
0.0297388
0.02704
0.0245541
0.0222678
0.0201682
0.018243
0.0164804
0.0148691
0.0133981
0.0120574
0.0108371
0.00972803
0.00872152
0.00780938
0.00698394
0.00623801
0.00556489
0.0049583
0.00441244
0.00392189
0.00348166
0.00308712
0.00273401
0.00241839
0.00213667
0.00188553
0.00166195
0.00146317
0.00128665
0.00113012
0.00099149
0.000868863
0.000760531
0.000664948
0.00058072
0.000506589
0.000441425
0.000384215
0.000334047
0.00029011
0.000251674
0.000218092
0.000188785
0.000163239
0.000140998
0.000121657
0.000104856
9.02804e-05
7.76484e-05
6.67137e-05
5.7259e-05
4.90931e-05
4.20482e-05
3.59771e-05
3.07511e-05
2.62574e-05
2.23977e-05
1.9086e-05
1.62477e-05
1.38176e-05
1.17394e-05
9.96381e-06
8.44849e-06
7.15661e-06
6.05638e-06
5.12033e-06
4.32477e-06
3.64933e-06
3.07643e-06
2.59101e-06
2.18013e-06
1.83267e-06
1.53916e-06
1.29145e-06
1.0826e-06
9.06689e-07
7.58668e-07
6.34233e-07
5.29727e-07
4.42041e-07
3.68539e-07
3.06984e-07
2.55483e-07
2.12434e-07
1.76484e-07
1.46489e-07
1.21485e-07
1.00663e-07
8.33369e-08
6.8934e-08
5.69717e-08
4.70451e-08
3.88153e-08
3.19982e-08
2.63563e-08
2.16911e-08
1.78369e-08
1.46554e-08
1.20314e-08
9.86924e-09
8.08904e-09
6.62458e-09
5.42088e-09
4.43235e-09
3.62118e-09
2.95613e-09
2.4113e-09
1.96535e-09
1.60062e-09
1.30256e-09
1.05918e-09
8.60614e-10
6.98736e-10
5.66874e-10
4.59546e-10
3.72258e-10
3.01322e-10
2.43721e-10
1.96984e-10
1.59091e-10
1.28393e-10
1.03542e-10
8.34396e-11
6.71913e-11
5.40678e-11
4.34762e-11
3.49343e-11
2.80505e-11
2.25072e-11
1.80466e-11
1.44598e-11
1.15777e-11
9.26365e-12
7.40694e-12
5.91827e-12
4.72554e-12
3.77059e-12
3.00657e-12
2.39573e-12
1.90771e-12
1.51807e-12
1.20721e-12
9.59358e-13
7.61889e-13
6.04666e-13
4.79571e-13
3.80107e-13
3.01075e-13
2.38321e-13
1.88525e-13
1.49037e-13
1.17745e-13
9.2964e-14
7.33516e-14
5.78402e-14
4.55803e-14
3.58964e-14
2.82524e-14
2.22222e-14
1.74684e-14
1.3723e-14
1.07741e-14
8.45367e-15
6.62897e-15
5.19499e-15
4.06875e-15
3.18476e-15
2.49133e-15
1.94773e-15
1.52184e-15
1.18837e-15
9.27431e-16
7.23362e-16
5.63868e-16
4.39285e-16
3.42031e-16
2.66154e-16
2.06992e-16
1.60889e-16
1.24983e-16
9.70354e-17
7.52949e-17
5.83925e-17
4.52591e-17
3.50601e-17
2.71443e-17
2.10042e-17
1.62441e-17
1.25558e-17
9.69972e-18
7.48923e-18
5.77938e-18
4.45749e-18
3.43611e-18
2.64736e-18
2.03858e-18
1.56896e-18
1.20689e-18
9.27883e-19
7.13005e-19
5.47604e-19
4.20353e-19
3.22506e-19
2.47308e-19
1.89546e-19
1.45201e-19
1.11174e-19
8.50784e-20
6.5075e-20
4.97498e-20
3.80146e-20
2.90331e-20
2.21626e-20
1.69096e-20
1.28953e-20
9.82914e-21
7.48838e-21
5.70228e-21
4.34009e-21
3.30171e-21
2.51056e-21
1.90806e-21
1.44946e-21
1.10057e-21
8.35254e-22
6.33601e-22
4.80406e-22
3.64081e-22
2.75794e-22
2.08819e-22
1.58035e-22
1.19546e-22
9.03895e-23
6.83128e-23
5.16045e-23
3.89651e-23
2.94081e-23
2.21852e-23
1.67287e-23
1.26086e-23
9.49904e-24
7.15317e-24
5.38427e-24
4.05107e-24
3.04682e-24
2.29103e-24
1.72353e-24
1.30067e-24
9.94986e-25
8.0197e-25
)
;

boundaryField
{
    sides
    {
        type            zeroGradient;
    }
    empty
    {
        type            empty;
    }
}


// ************************************************************************* //
