/*--------------------------------*- C++ -*----------------------------------*\
  =========                 |
  \\      /  F ield         | OpenFOAM: The Open Source CFD Toolbox
   \\    /   O peration     | Website:  https://openfoam.org
    \\  /    A nd           | Version:  7
     \\/     M anipulation  |
\*---------------------------------------------------------------------------*/
FoamFile
{
    version     2.0;
    format      ascii;
    class       volScalarField;
    location    "4.5";
    object      T;
}
// * * * * * * * * * * * * * * * * * * * * * * * * * * * * * * * * * * * * * //

dimensions      [0 0 0 1 0 0 0];

internalField   nonuniform List<scalar> 
1000
(
1.21106e-45
1.41452e-45
1.85509e-45
2.60557e-45
3.78973e-45
5.60241e-45
8.34107e-45
1.24538e-44
1.86115e-44
2.78156e-44
4.1558e-44
6.20596e-44
9.26227e-44
1.38155e-43
2.05942e-43
3.068e-43
4.56764e-43
6.79602e-43
1.01052e-42
1.50161e-42
2.22995e-42
3.30947e-42
4.90844e-42
7.27532e-42
1.07766e-41
1.59528e-41
2.35999e-41
3.48904e-41
5.15491e-41
7.61126e-41
1.12308e-40
1.65609e-40
2.44049e-40
3.59407e-40
5.28949e-40
7.7796e-40
1.14345e-39
1.67955e-39
2.46538e-39
3.61651e-39
5.30163e-39
7.76681e-39
1.13708e-38
1.6636e-38
2.43231e-38
3.55388e-38
5.18915e-38
7.57182e-38
1.10412e-37
1.60893e-37
2.34299e-37
3.40966e-37
4.95862e-37
7.20637e-37
1.0466e-36
1.51897e-36
2.20305e-36
3.19303e-36
4.62475e-36
6.69387e-36
9.6821e-36
1.39947e-35
2.02145e-35
2.91785e-35
4.20885e-35
6.06689e-35
8.73913e-35
1.25797e-34
1.80956e-34
2.60119e-34
3.73655e-34
5.36373e-34
7.69413e-34
1.10293e-33
1.57992e-33
2.2616e-33
3.23513e-33
4.62447e-33
6.6058e-33
9.42937e-33
1.34503e-32
1.91723e-32
2.73091e-32
3.88716e-32
5.52901e-32
7.85872e-32
1.11621e-31
1.58427e-31
2.24699e-31
3.18463e-31
4.5103e-31
6.38319e-31
9.02727e-31
1.27573e-30
1.80156e-30
2.54227e-30
3.58492e-30
5.05149e-30
7.11283e-30
1.0008e-29
1.40713e-29
1.97697e-29
2.77555e-29
3.89382e-29
5.45862e-29
7.64659e-29
1.07036e-28
1.49717e-28
2.09262e-28
2.9227e-28
4.07901e-28
5.68853e-28
7.92721e-28
1.10386e-27
1.53597e-27
2.13562e-27
2.96713e-27
4.11928e-27
5.71449e-27
7.92144e-27
1.09724e-26
1.51869e-26
2.10041e-26
2.90273e-26
4.00847e-26
5.53118e-26
7.62647e-26
1.05074e-25
1.44655e-25
1.98991e-25
2.73527e-25
3.75691e-25
5.15613e-25
7.07099e-25
9.68943e-25
1.32671e-24
1.81517e-24
2.48152e-24
3.38984e-24
4.62699e-24
6.31068e-24
8.60028e-24
1.17113e-23
1.59351e-23
2.16652e-23
2.94323e-23
3.99523e-23
5.41892e-23
7.3441e-23
9.94529e-23
1.3457e-22
1.81942e-22
2.45792e-22
3.31783e-22
4.47498e-22
6.03083e-22
8.12106e-22
1.09269e-21
1.46903e-21
1.97337e-21
2.64872e-21
3.5523e-21
4.76024e-21
6.37371e-21
8.5271e-21
1.13987e-20
1.52247e-20
2.03184e-20
2.70938e-20
3.60988e-20
4.8057e-20
6.39236e-20
8.49582e-20
1.12821e-19
1.49696e-19
1.9846e-19
2.62888e-19
3.47941e-19
4.60126e-19
6.07973e-19
8.02652e-19
1.05878e-18
1.39546e-18
1.83764e-18
2.41791e-18
3.1787e-18
4.17535e-18
5.47982e-18
7.18572e-18
9.41466e-18
1.23245e-17
1.61199e-17
2.1066e-17
2.75062e-17
3.58845e-17
4.67746e-17
6.09171e-17
7.92671e-17
1.03056e-16
1.33868e-16
1.73741e-16
2.25296e-16
2.91895e-16
3.77853e-16
4.88697e-16
6.31506e-16
8.15334e-16
1.05175e-15
1.35554e-15
1.74553e-15
2.24575e-15
2.88677e-15
3.7075e-15
4.75737e-15
6.09913e-15
7.8124e-15
9.99806e-15
1.27838e-14
1.63313e-14
2.08446e-14
2.65814e-14
3.38668e-14
4.31105e-14
5.4828e-14
6.96678e-14
8.84446e-14
1.12181e-13
1.4216e-13
1.79988e-13
2.27676e-13
2.87739e-13
3.63317e-13
4.58331e-13
5.77668e-13
7.27415e-13
9.15146e-13
1.15028e-12
1.4445e-12
1.81233e-12
2.27174e-12
2.845e-12
3.55964e-12
4.44971e-12
5.55721e-12
6.93397e-12
8.64384e-12
1.07654e-11
1.33953e-11
1.66522e-11
2.06817e-11
2.56626e-11
3.18134e-11
3.94017e-11
4.87546e-11
6.02714e-11
7.4439e-11
9.1851e-11
1.1323e-10
1.39454e-10
1.7159e-10
2.10933e-10
2.59054e-10
3.17853e-10
3.8963e-10
4.77165e-10
5.83814e-10
7.13624e-10
8.7147e-10
1.06322e-09
1.29593e-09
1.57808e-09
1.91983e-09
2.33336e-09
2.83326e-09
3.43698e-09
4.16536e-09
5.04328e-09
6.10038e-09
7.37199e-09
8.90013e-09
1.07347e-08
1.2935e-08
1.55713e-08
1.87269e-08
2.25002e-08
2.70077e-08
3.2387e-08
3.88001e-08
4.64381e-08
5.55259e-08
6.63279e-08
7.91543e-08
9.43694e-08
1.124e-07
1.33745e-07
1.58988e-07
1.88812e-07
2.24012e-07
2.65515e-07
3.144e-07
3.71921e-07
4.39535e-07
5.18933e-07
6.12073e-07
7.21222e-07
8.49001e-07
9.98438e-07
1.17302e-06
1.37678e-06
1.61434e-06
1.89103e-06
2.21296e-06
2.58714e-06
3.0216e-06
3.52554e-06
4.10946e-06
4.78536e-06
5.56691e-06
6.4697e-06
7.51145e-06
8.71231e-06
1.00951e-05
1.16858e-05
1.35138e-05
1.56121e-05
1.80183e-05
2.07748e-05
2.39291e-05
2.7535e-05
3.16527e-05
3.635e-05
4.17028e-05
4.77962e-05
5.47254e-05
6.25967e-05
7.15288e-05
8.1654e-05
9.31194e-05
0.000106089
0.000120744
0.000137287
0.00015594
0.000176951
0.000200593
0.000227166
0.000257003
0.000290468
0.000327963
0.000369928
0.000416847
0.000469248
0.000527708
0.00059286
0.00066539
0.000746049
0.000835651
0.00093508
0.0010453
0.00116734
0.00130233
0.00145149
0.00161612
0.00179763
0.00199754
0.00221747
0.00245916
0.00272449
0.00301546
0.00333418
0.00368293
0.00406414
0.00448036
0.00493431
0.00542889
0.00596714
0.00655228
0.0071877
0.00787698
0.00862386
0.00943227
0.0103063
0.0112503
0.0122688
0.0133663
0.0145478
0.0158183
0.0171829
0.0186472
0.0202165
0.0218966
0.0236934
0.0256129
0.0276611
0.0298443
0.0321688
0.0346411
0.0372677
0.0400552
0.04301
0.0461388
0.0494483
0.052945
0.0566353
0.0605258
0.0646227
0.0689322
0.0734604
0.078213
0.0831958
0.088414
0.0938727
0.0995768
0.10553
0.111738
0.118203
0.124928
0.131917
0.139171
0.146693
0.154483
0.162543
0.170871
0.179468
0.188332
0.197462
0.206854
0.216506
0.226414
0.236574
0.246979
0.257625
0.268503
0.279608
0.290931
0.302464
0.314196
0.326119
0.338221
0.350492
0.36292
0.375492
0.388197
0.40102
0.413949
0.426968
0.440065
0.453225
0.466432
0.479671
0.492928
0.506186
0.519431
0.532648
0.545819
0.558932
0.571969
0.584916
0.597758
0.61048
0.623068
0.635508
0.647786
0.659888
0.671802
0.683515
0.695015
0.70629
0.717329
0.728121
0.738656
0.748925
0.758918
0.768627
0.778044
0.787161
0.795971
0.804467
0.812644
0.820495
0.828017
0.835203
0.84205
0.848554
0.854712
0.86052
0.865975
0.871076
0.87582
0.880204
0.884229
0.887891
0.89119
0.894125
0.896694
0.898898
0.900735
0.902206
0.903309
0.904044
0.904412
0.904412
0.904044
0.903309
0.902206
0.900735
0.898898
0.896694
0.894125
0.89119
0.887891
0.884229
0.880204
0.87582
0.871076
0.865975
0.86052
0.854712
0.848554
0.84205
0.835203
0.828017
0.820495
0.812644
0.804467
0.795971
0.787161
0.778044
0.768627
0.758918
0.748925
0.738656
0.728121
0.717329
0.70629
0.695015
0.683515
0.671802
0.659888
0.647786
0.635508
0.623068
0.61048
0.597758
0.584916
0.571969
0.558932
0.545819
0.532648
0.519431
0.506186
0.492928
0.479671
0.466432
0.453225
0.440065
0.426968
0.413949
0.40102
0.388197
0.375492
0.36292
0.350492
0.338221
0.326119
0.314196
0.302464
0.290931
0.279608
0.268503
0.257625
0.246979
0.236574
0.226414
0.216506
0.206854
0.197462
0.188332
0.179468
0.170871
0.162543
0.154483
0.146693
0.139171
0.131917
0.124928
0.118203
0.111738
0.10553
0.0995768
0.0938727
0.088414
0.0831958
0.078213
0.0734604
0.0689322
0.0646227
0.0605258
0.0566353
0.052945
0.0494483
0.0461388
0.04301
0.0400552
0.0372677
0.0346411
0.0321688
0.0298443
0.0276611
0.0256129
0.0236934
0.0218966
0.0202165
0.0186472
0.0171829
0.0158183
0.0145478
0.0133663
0.0122688
0.0112503
0.0103063
0.00943227
0.00862386
0.00787698
0.0071877
0.00655228
0.00596714
0.00542889
0.00493431
0.00448036
0.00406414
0.00368293
0.00333418
0.00301546
0.00272449
0.00245916
0.00221747
0.00199754
0.00179763
0.00161612
0.00145149
0.00130233
0.00116734
0.0010453
0.00093508
0.000835651
0.000746049
0.00066539
0.00059286
0.000527708
0.000469248
0.000416847
0.000369928
0.000327963
0.000290468
0.000257003
0.000227166
0.000200593
0.000176951
0.00015594
0.000137287
0.000120744
0.000106089
9.31194e-05
8.1654e-05
7.15288e-05
6.25967e-05
5.47254e-05
4.77962e-05
4.17028e-05
3.635e-05
3.16527e-05
2.7535e-05
2.39291e-05
2.07748e-05
1.80183e-05
1.56121e-05
1.35138e-05
1.16858e-05
1.00951e-05
8.71231e-06
7.51145e-06
6.4697e-06
5.56691e-06
4.78536e-06
4.10946e-06
3.52554e-06
3.0216e-06
2.58714e-06
2.21296e-06
1.89103e-06
1.61434e-06
1.37678e-06
1.17302e-06
9.98438e-07
8.49001e-07
7.21222e-07
6.12073e-07
5.18933e-07
4.39535e-07
3.71921e-07
3.144e-07
2.65515e-07
2.24012e-07
1.88812e-07
1.58988e-07
1.33745e-07
1.124e-07
9.43694e-08
7.91543e-08
6.63279e-08
5.55259e-08
4.64381e-08
3.88001e-08
3.2387e-08
2.70077e-08
2.25002e-08
1.87269e-08
1.55713e-08
1.2935e-08
1.07347e-08
8.90013e-09
7.37199e-09
6.10038e-09
5.04328e-09
4.16536e-09
3.43698e-09
2.83326e-09
2.33336e-09
1.91983e-09
1.57808e-09
1.29593e-09
1.06322e-09
8.7147e-10
7.13624e-10
5.83814e-10
4.77165e-10
3.8963e-10
3.17853e-10
2.59054e-10
2.10933e-10
1.7159e-10
1.39454e-10
1.1323e-10
9.1851e-11
7.4439e-11
6.02714e-11
4.87546e-11
3.94017e-11
3.18134e-11
2.56626e-11
2.06817e-11
1.66522e-11
1.33953e-11
1.07654e-11
8.64384e-12
6.93397e-12
5.55721e-12
4.44971e-12
3.55964e-12
2.845e-12
2.27174e-12
1.81233e-12
1.4445e-12
1.15028e-12
9.15146e-13
7.27415e-13
5.77668e-13
4.58331e-13
3.63317e-13
2.87739e-13
2.27676e-13
1.79988e-13
1.4216e-13
1.12181e-13
8.84446e-14
6.96678e-14
5.4828e-14
4.31105e-14
3.38668e-14
2.65814e-14
2.08446e-14
1.63313e-14
1.27838e-14
9.99806e-15
7.8124e-15
6.09913e-15
4.75737e-15
3.7075e-15
2.88677e-15
2.24575e-15
1.74553e-15
1.35554e-15
1.05175e-15
8.15334e-16
6.31506e-16
4.88697e-16
3.77853e-16
2.91895e-16
2.25296e-16
1.73741e-16
1.33868e-16
1.03056e-16
7.92671e-17
6.09171e-17
4.67746e-17
3.58845e-17
2.75062e-17
2.1066e-17
1.61199e-17
1.23245e-17
9.41466e-18
7.18572e-18
5.47982e-18
4.17535e-18
3.1787e-18
2.41791e-18
1.83764e-18
1.39546e-18
1.05878e-18
8.02652e-19
6.07973e-19
4.60126e-19
3.47941e-19
2.62888e-19
1.9846e-19
1.49696e-19
1.12821e-19
8.49582e-20
6.39236e-20
4.8057e-20
3.60988e-20
2.70938e-20
2.03184e-20
1.52247e-20
1.13987e-20
8.5271e-21
6.37371e-21
4.76024e-21
3.5523e-21
2.64872e-21
1.97337e-21
1.46903e-21
1.09269e-21
8.12106e-22
6.03083e-22
4.47498e-22
3.31783e-22
2.45792e-22
1.81942e-22
1.3457e-22
9.94529e-23
7.3441e-23
5.41892e-23
3.99523e-23
2.94323e-23
2.16652e-23
1.59351e-23
1.17113e-23
8.60028e-24
6.31068e-24
4.62699e-24
3.38984e-24
2.48152e-24
1.81517e-24
1.32671e-24
9.68943e-25
7.07099e-25
5.15613e-25
3.75691e-25
2.73527e-25
1.98991e-25
1.44655e-25
1.05074e-25
7.62647e-26
5.53118e-26
4.00847e-26
2.90273e-26
2.10041e-26
1.51869e-26
1.09724e-26
7.92144e-27
5.71449e-27
4.11928e-27
2.96713e-27
2.13562e-27
1.53597e-27
1.10386e-27
7.92721e-28
5.68853e-28
4.07901e-28
2.9227e-28
2.09262e-28
1.49717e-28
1.07036e-28
7.64659e-29
5.45862e-29
3.89382e-29
2.77555e-29
1.97697e-29
1.40713e-29
1.0008e-29
7.11283e-30
5.05149e-30
3.58492e-30
2.54227e-30
1.80156e-30
1.27573e-30
9.02727e-31
6.38319e-31
4.5103e-31
3.18463e-31
2.24699e-31
1.58427e-31
1.11621e-31
7.85872e-32
5.52901e-32
3.88716e-32
2.73091e-32
1.91723e-32
1.34503e-32
9.42937e-33
6.6058e-33
4.62447e-33
3.23513e-33
2.2616e-33
1.57992e-33
1.10293e-33
7.69413e-34
5.36373e-34
3.73655e-34
2.60119e-34
1.80956e-34
1.25797e-34
8.73913e-35
6.06689e-35
4.20885e-35
2.91785e-35
2.02145e-35
1.39947e-35
9.6821e-36
6.69387e-36
4.62475e-36
3.19303e-36
2.20305e-36
1.51897e-36
1.0466e-36
7.20637e-37
4.95862e-37
3.40966e-37
2.34299e-37
1.60893e-37
1.10412e-37
7.57182e-38
5.18915e-38
3.55388e-38
2.43231e-38
1.6636e-38
1.13708e-38
7.76681e-39
5.30163e-39
3.61651e-39
2.46538e-39
1.67955e-39
1.14345e-39
7.7796e-40
5.28949e-40
3.59407e-40
2.44049e-40
1.65609e-40
1.12308e-40
7.61126e-41
5.15491e-41
3.48904e-41
2.35999e-41
1.59528e-41
1.07766e-41
7.27532e-42
4.90844e-42
3.30947e-42
2.22995e-42
1.50161e-42
1.01052e-42
6.79602e-43
4.56764e-43
3.068e-43
2.05942e-43
1.38155e-43
9.26227e-44
6.20596e-44
4.1558e-44
2.78156e-44
1.86115e-44
1.24538e-44
8.34107e-45
5.60241e-45
3.78973e-45
2.60557e-45
1.85509e-45
1.41452e-45
1.21106e-45
)
;

boundaryField
{
    sides
    {
        type            zeroGradient;
    }
    empty
    {
        type            empty;
    }
}


// ************************************************************************* //
