/*--------------------------------*- C++ -*----------------------------------*\
  =========                 |
  \\      /  F ield         | OpenFOAM: The Open Source CFD Toolbox
   \\    /   O peration     | Website:  https://openfoam.org
    \\  /    A nd           | Version:  7
     \\/     M anipulation  |
\*---------------------------------------------------------------------------*/
FoamFile
{
    version     2.0;
    format      ascii;
    class       volScalarField;
    location    "1.21";
    object      T;
}
// * * * * * * * * * * * * * * * * * * * * * * * * * * * * * * * * * * * * * //

dimensions      [0 0 0 1 0 0 0];

internalField   nonuniform List<scalar> 
1000
(
0
0
0
0
0
0
0
0
0
0
0
0
0
0
0
0
0
0
0
0
0
0
0
0
0
0
0
0
0
0
0
0
0
0
0
0
0
0
0
0
0
0
0
0
0
0
0
0
0
0
0
0
0
0
0
0
0
0
0
0
0
0
0
0
0
0
0
0
0
0
0
0
0
0
0
0
0
0
0
0
0
0
0
0
0
0
0
0
0
0
0
0
0
0
0
0
0
0
0
0
0
0
0
0
0
0
0
0
0
0
0
0
0
0
0
0
0
0
0
0
0
0
0
0
0
0
0
0
0
0
0
0
0
0
0
0
0
0
0
0
0
0
0
0
0
0
0
0
0
0
0
0
0
0
0
0
0
0
0
0
0
0
0
0
0
0
0
0
0
0
0
0
0
0
0
0
0
0
0
0
0
0
0
0
0
0
0
0
0
0
0
0
0
0
0
0
0
0
0
0
0
0
0
0
0
0
0
0
0
0
0
0
0
0
0
0
0
0
0
0
0
0
0
0
0
0
0
0
0
0
0
0
0
0
0
0
0
0
0
0
0
0
0
0
0
0
0
0
0
0
0
0
0
0
0
0
0
0
0
0
0
0
0
0
0
0
0
0
-2.47033e-323
-1.51629e-319
-1.01001e-315
-6.65252e-312
-4.33154e-308
-2.78725e-304
-1.77202e-300
-1.11275e-296
-6.89961e-293
-4.22299e-289
-2.5506e-285
-1.51965e-281
-8.92832e-278
-5.17085e-274
-2.95088e-270
-1.65869e-266
-9.17954e-263
-4.99948e-259
-2.67842e-255
-1.41082e-251
-7.30263e-248
-3.71256e-244
-1.85272e-240
-9.07041e-237
-4.35367e-233
-2.04742e-229
-9.42712e-226
-4.24666e-222
-1.87013e-218
-8.04426e-215
-3.3768e-211
-1.38202e-207
-5.50901e-204
-2.13652e-200
-8.05207e-197
-2.94528e-193
-1.04418e-189
-3.58269e-186
-1.18778e-182
-3.79835e-179
-1.16939e-175
-3.45872e-172
-9.80528e-169
-2.65752e-165
-6.86626e-162
-1.68576e-158
-3.91854e-155
-8.58825e-152
-1.76632e-148
-3.39006e-145
-6.03233e-142
-9.8743e-139
-1.47277e-135
-1.9779e-132
-2.35541e-129
-2.43679e-126
-2.12726e-123
-1.4981e-120
-7.85444e-118
-2.53153e-115
-1.33688e-113
2.0891e-110
1.44403e-108
-2.13598e-105
5.69873e-103
-9.20737e-101
1.08705e-98
-1.01544e-96
7.84787e-95
-5.16535e-93
2.95487e-91
-1.49159e-89
6.72252e-88
-2.73059e-86
1.00727e-84
-3.39589e-83
1.05198e-81
-3.0081e-80
7.97095e-79
-1.96399e-77
4.51307e-76
-9.69697e-75
1.95266e-73
-3.69248e-72
6.56876e-71
-1.10104e-69
1.7413e-68
-2.60149e-67
3.67536e-66
-4.91473e-65
6.2252e-64
-7.47369e-63
8.50868e-62
-9.18962e-61
9.4178e-60
-9.15941e-59
8.45361e-58
-7.40289e-57
6.14894e-56
-4.84195e-55
3.61202e-54
-2.5502e-53
1.70199e-52
-1.07201e-51
6.35923e-51
-3.54345e-50
1.84822e-49
-8.98189e-49
4.041e-48
-1.66763e-47
6.22299e-47
-2.04933e-46
5.67198e-46
-1.15579e-45
7.07795e-46
7.63404e-45
-4.66491e-44
1.62539e-43
-3.58222e-43
2.09819e-43
2.22176e-42
-1.15402e-41
2.9904e-41
-2.61025e-41
-1.40505e-40
7.41854e-40
-1.62295e-39
6.44956e-41
1.19529e-38
-3.98052e-38
4.00786e-38
1.59008e-37
-7.4652e-37
1.03551e-36
2.15936e-36
-1.24677e-35
1.76233e-35
3.59755e-35
-1.93446e-34
2.14575e-34
6.96805e-34
-2.7014e-33
1.31509e-33
1.28616e-32
-3.06556e-32
-1.75297e-32
1.94501e-31
-2.1369e-31
-6.94475e-31
2.08968e-30
6.71774e-31
-1.12491e-29
1.04211e-29
4.21279e-29
-9.50624e-29
-9.93115e-29
5.3119e-28
-2.70679e-29
-2.33949e-27
1.93129e-27
8.70468e-27
-1.39375e-26
-2.80171e-26
7.27653e-26
7.78956e-26
-3.25317e-25
-1.8122e-25
1.32463e-24
3.16959e-25
-5.07432e-24
-2.37174e-25
1.86492e-23
-8.20187e-25
-6.64953e-23
2.7048e-24
2.30903e-22
1.21244e-23
-7.78258e-22
-1.80379e-22
2.51943e-21
1.25212e-21
-7.68864e-21
-6.62809e-21
2.14413e-20
2.95962e-20
-5.14831e-20
-1.15026e-19
9.04258e-20
3.90203e-19
-2.08024e-20
-1.13208e-18
-7.24734e-19
2.6428e-18
4.02595e-18
-4.01938e-18
-1.42569e-17
-1.61476e-18
3.63371e-17
3.82684e-17
-5.72342e-17
-1.55788e-16
-1.56962e-17
3.75969e-16
4.52963e-16
-4.17351e-16
-1.59651e-15
-8.93691e-16
2.75179e-15
5.59469e-15
6.7816e-16
-1.22671e-14
-1.81118e-14
3.48799e-15
4.65825e-14
5.88998e-14
-1.95072e-14
-1.62009e-13
-2.02742e-13
4.70287e-14
5.23683e-13
7.36845e-13
5.37923e-14
-1.51982e-12
-2.6802e-12
-1.30206e-12
3.51278e-12
8.99919e-12
8.60739e-12
-3.54914e-12
-2.48401e-11
-3.88795e-11
-2.1085e-11
4.15551e-11
1.2507e-10
1.58689e-10
5.37587e-11
-2.23684e-10
-5.68047e-10
-7.04086e-10
-2.83859e-10
8.67124e-10
2.43622e-09
3.43983e-09
2.41873e-09
-1.82714e-09
-9.06609e-09
-1.65019e-08
-1.84874e-08
-7.94904e-09
2.00295e-08
6.2966e-08
1.05892e-07
1.19454e-07
6.47362e-08
-9.25277e-08
-3.58341e-07
-6.8176e-07
-9.30706e-07
-8.8658e-07
-2.74223e-07
1.15845e-06
3.50506e-06
6.51848e-06
9.41104e-06
1.0691e-05
8.11239e-06
-1.16608e-06
-2.01085e-05
-5.09178e-05
-9.36644e-05
-0.000144393
-0.000192726
-0.000219051
-0.00019144
-6.25298e-05
0.00023339
0.000782765
0.00169436
0.00309973
0.00515248
0.00802593
0.0119095
0.0170036
0.0235131
0.0316404
0.0415772
0.0534966
0.0675455
0.083837
0.102445
0.123399
0.14668
0.172224
0.199916
0.229596
0.261065
0.294085
0.328392
0.363697
0.399698
0.436089
0.472561
0.508819
0.544579
0.57958
0.613585
0.646387
0.67781
0.707709
0.735973
0.76252
0.787303
0.810298
0.831511
0.850968
0.868714
0.884813
0.89934
0.912381
0.924029
0.934382
0.943538
0.951599
0.958662
0.964823
0.970173
0.974799
0.978783
0.982198
0.985115
0.987595
0.989696
0.99147
0.992961
0.99421
0.995252
0.996118
0.996837
0.99743
0.997918
0.998318
0.998645
0.998912
0.999129
0.999304
0.999446
0.99956
0.999651
0.999725
0.999783
0.999829
0.999866
0.999895
0.999918
0.999937
0.999951
0.999962
0.999971
0.999978
0.999983
0.999985
0.999986
0.999986
0.999985
0.999985
0.999988
0.999999
1.00002
1.00005
1.00009
1.00014
1.00019
1.00022
1.00019
1.00006
0.999766
0.999217
0.998306
0.9969
0.994847
0.991974
0.98809
0.982996
0.976487
0.96836
0.958423
0.946503
0.932455
0.916163
0.897555
0.876601
0.85332
0.827776
0.800084
0.770404
0.738935
0.705915
0.671608
0.636303
0.600302
0.563911
0.527439
0.491181
0.455421
0.42042
0.386415
0.353613
0.32219
0.292291
0.264027
0.23748
0.212697
0.189702
0.168489
0.149032
0.131286
0.115187
0.10066
0.0876188
0.0759708
0.0656185
0.056462
0.0484015
0.0413384
0.0351774
0.029827
0.0252006
0.0212173
0.0178019
0.0148855
0.012405
0.0103036
0.0085302
0.00703927
0.00579046
0.00474825
0.00388159
0.00316343
0.00257038
0.0020823
0.00168197
0.00135467
0.00108795
0.000871289
0.000695837
0.000554193
0.000440189
0.000348704
0.000275505
0.000217106
0.000170647
0.00013379
0.000104631
8.16254e-05
6.35228e-05
4.93159e-05
3.81953e-05
2.95129e-05
2.27513e-05
1.74986e-05
1.34282e-05
1.02816e-05
7.85493e-06
5.98791e-06
4.55481e-06
3.45732e-06
2.61874e-06
1.97943e-06
1.49312e-06
1.12399e-06
8.44421e-07
6.33126e-07
4.73769e-07
3.53834e-07
2.63752e-07
1.96231e-07
1.4572e-07
1.08011e-07
7.99122e-08
5.90159e-08
4.35054e-08
3.20143e-08
2.35168e-08
1.72447e-08
1.26236e-08
9.22511e-09
6.73014e-09
4.90175e-09
3.56417e-09
2.58735e-09
1.8752e-09
1.35688e-09
9.80272e-10
7.07079e-10
5.09229e-10
3.66174e-10
2.62905e-10
1.88475e-10
1.34914e-10
9.64313e-11
6.8824e-11
4.9049e-11
3.49055e-11
2.48049e-11
1.76022e-11
1.24735e-11
8.82686e-12
6.23774e-12
4.40206e-12
3.1024e-12
2.18353e-12
1.53477e-12
1.07735e-12
7.55277e-13
5.28803e-13
3.69765e-13
2.5823e-13
1.80112e-13
1.25469e-13
8.72956e-14
6.06621e-14
4.21032e-14
2.9187e-14
2.0209e-14
1.39761e-14
9.65425e-15
6.66108e-15
4.5906e-15
3.16007e-15
2.17286e-15
1.49237e-15
1.02385e-15
7.01641e-16
4.80304e-16
3.28431e-16
2.24337e-16
1.53071e-16
1.04333e-16
7.10385e-17
4.8318e-17
3.28302e-17
2.22838e-17
1.51099e-17
1.02351e-17
6.926e-18
4.68209e-18
3.16204e-18
2.13337e-18
1.43793e-18
9.68259e-19
6.51366e-19
4.37768e-19
2.93934e-19
1.97173e-19
1.32141e-19
8.8476e-20
5.91851e-20
3.95551e-20
2.64118e-20
1.76198e-20
1.1744e-20
7.82065e-21
5.20341e-21
3.45901e-21
2.2974e-21
1.52457e-21
1.01084e-21
6.69656e-22
4.43252e-22
2.93146e-22
1.93712e-22
1.27899e-22
8.43762e-23
5.56183e-23
3.66321e-23
2.41077e-23
1.58527e-23
1.0416e-23
6.83845e-24
4.48613e-24
2.94068e-24
1.92613e-24
1.26063e-24
8.24442e-25
5.38766e-25
3.51813e-25
2.29561e-25
1.49679e-25
9.75212e-26
6.34919e-26
4.13066e-26
2.68538e-26
1.74452e-26
1.13249e-26
7.34656e-27
4.76239e-27
3.08503e-27
1.99705e-27
1.29186e-27
8.35109e-28
5.39474e-28
3.48258e-28
2.24665e-28
1.44836e-28
9.33099e-29
6.00742e-29
3.86509e-29
2.4851e-29
1.59678e-29
1.02532e-29
6.57955e-30
4.21941e-30
2.70414e-30
1.73193e-30
1.10855e-30
7.09098e-31
4.53301e-31
2.89598e-31
1.849e-31
1.1798e-31
7.52346e-32
4.7947e-32
3.05381e-32
1.94384e-32
1.23658e-32
7.8618e-33
4.99535e-33
3.17216e-33
2.01321e-33
1.27694e-33
8.09471e-34
5.1284e-34
3.24723e-34
2.05494e-34
1.29968e-34
8.21544e-35
5.19017e-35
3.2771e-35
2.06804e-35
1.30433e-35
8.222e-36
5.18002e-36
3.26174e-36
2.05274e-36
1.29117e-36
8.11713e-37
5.10023e-37
3.20294e-37
2.01038e-37
1.26119e-37
7.90784e-38
4.95576e-38
3.10412e-38
1.94332e-38
1.21599e-38
7.60488e-39
4.75376e-39
2.97005e-39
1.8547e-39
1.15762e-39
7.22182e-40
4.50311e-40
2.8065e-40
1.74826e-40
1.08852e-40
6.77418e-41
4.21376e-41
2.61984e-41
1.62807e-41
1.01127e-41
6.27847e-42
3.89617e-42
2.41669e-42
1.49831e-42
9.28499e-43
5.75125e-43
3.56077e-43
2.20357e-43
1.36306e-43
8.42765e-44
5.20838e-44
3.2174e-44
1.98662e-44
1.22612e-44
7.5641e-45
4.66437e-45
2.875e-45
1.77131e-45
1.09085e-45
6.71502e-46
4.13184e-46
2.54129e-46
1.56236e-46
9.60117e-47
5.89772e-47
3.62129e-47
2.22259e-47
1.36357e-47
8.36209e-48
5.12595e-48
3.14091e-48
1.9238e-48
1.17784e-48
7.20841e-49
4.40978e-49
2.69662e-49
1.64836e-49
1.00718e-49
6.1517e-50
3.75587e-50
2.29222e-50
1.3984e-50
8.52784e-51
5.1985e-51
3.16774e-51
1.92955e-51
1.17488e-51
7.15103e-52
4.3509e-52
2.64621e-52
1.60882e-52
9.77752e-53
5.94002e-53
3.60733e-53
2.1899e-53
1.32893e-53
8.06161e-54
4.88858e-54
2.96339e-54
1.79548e-54
1.0909e-54
6.11628e-55
)
;

boundaryField
{
    sides
    {
        type            zeroGradient;
    }
    empty
    {
        type            empty;
    }
}


// ************************************************************************* //
