/*--------------------------------*- C++ -*----------------------------------*\
  =========                 |
  \\      /  F ield         | OpenFOAM: The Open Source CFD Toolbox
   \\    /   O peration     | Website:  https://openfoam.org
    \\  /    A nd           | Version:  7
     \\/     M anipulation  |
\*---------------------------------------------------------------------------*/
FoamFile
{
    version     2.0;
    format      ascii;
    class       volScalarField;
    location    "1.54";
    object      T;
}
// * * * * * * * * * * * * * * * * * * * * * * * * * * * * * * * * * * * * * //

dimensions      [0 0 0 1 0 0 0];

internalField   nonuniform List<scalar> 
1000
(
0.000727912
0.000728062
0.000728365
0.000728822
0.000729434
0.000730204
0.000731132
0.000732221
0.000733471
0.000734886
0.000736466
0.000738214
0.000740131
0.000742218
0.000744479
0.000746915
0.000749527
0.000752318
0.00075529
0.000758444
0.000761783
0.000765309
0.000769025
0.000772931
0.000777031
0.000781326
0.00078582
0.000790514
0.00079541
0.000800511
0.00080582
0.000811339
0.00081707
0.000823016
0.000829179
0.000835563
0.000842169
0.000849001
0.000856061
0.000863353
0.000870878
0.000878639
0.000886641
0.000894885
0.000903374
0.000912112
0.000921102
0.000930347
0.000939849
0.000949613
0.000959642
0.000969938
0.000980506
0.000991348
0.00100247
0.00101387
0.00102556
0.00103753
0.0010498
0.00106237
0.00107523
0.0010884
0.00110188
0.00111566
0.00112977
0.00114419
0.00115893
0.00117401
0.00118941
0.00120516
0.00122124
0.00123767
0.00125444
0.00127158
0.00128906
0.00130692
0.00132514
0.00134373
0.0013627
0.00138205
0.00140179
0.00142192
0.00144244
0.00146337
0.00148471
0.00150645
0.00152862
0.00155121
0.00157422
0.00159767
0.00162156
0.0016459
0.00167068
0.00169592
0.00172162
0.0017478
0.00177444
0.00180156
0.00182917
0.00185728
0.00188588
0.00191498
0.0019446
0.00197473
0.00200538
0.00203657
0.00206829
0.00210056
0.00213338
0.00216675
0.00220069
0.0022352
0.00227029
0.00230597
0.00234223
0.0023791
0.00241657
0.00245466
0.00249337
0.00253271
0.00257269
0.00261331
0.00265459
0.00269653
0.00273913
0.00278242
0.00282638
0.00287105
0.00291641
0.00296248
0.00300927
0.00305679
0.00310505
0.00315405
0.0032038
0.00325432
0.0033056
0.00335767
0.00341052
0.00346417
0.00351863
0.00357391
0.00363001
0.00368695
0.00374474
0.00380338
0.00386288
0.00392326
0.00398452
0.00404668
0.00410974
0.00417372
0.00423862
0.00430446
0.00437124
0.00443898
0.00450768
0.00457737
0.00464804
0.00471971
0.00479238
0.00486608
0.00494082
0.00501659
0.00509342
0.00517131
0.00525028
0.00533034
0.0054115
0.00549376
0.00557716
0.00566168
0.00574735
0.00583419
0.00592219
0.00601137
0.00610175
0.00619333
0.00628614
0.00638017
0.00647545
0.00657198
0.00666979
0.00676887
0.00686925
0.00697094
0.00707395
0.00717828
0.00728397
0.00739101
0.00749943
0.00760923
0.00772043
0.00783304
0.00794708
0.00806255
0.00817948
0.00829787
0.00841775
0.00853911
0.00866199
0.00878638
0.00891231
0.00903979
0.00916883
0.00929944
0.00943165
0.00956546
0.0097009
0.00983796
0.00997667
0.0101171
0.0102591
0.0104028
0.0105483
0.0106955
0.0108444
0.010995
0.0111474
0.0113016
0.0114576
0.0116154
0.011775
0.0119365
0.0120998
0.012265
0.0124321
0.012601
0.0127719
0.0129447
0.0131194
0.0132961
0.0134748
0.0136555
0.0138381
0.0140228
0.0142095
0.0143983
0.0145891
0.014782
0.014977
0.0151741
0.0153734
0.0155748
0.0157783
0.015984
0.0161919
0.0164019
0.0166142
0.0168288
0.0170455
0.0172646
0.0174859
0.0177095
0.0179354
0.0181636
0.0183942
0.0186271
0.0188623
0.0191
0.01934
0.0195825
0.0198274
0.0200747
0.0203245
0.0205767
0.0208314
0.0210886
0.0213484
0.0216106
0.0218754
0.0221428
0.0224127
0.0226852
0.0229603
0.023238
0.0235183
0.0238013
0.0240869
0.0243751
0.0246661
0.0249597
0.0252561
0.0255552
0.025857
0.0261615
0.0264688
0.0267788
0.0270917
0.0274073
0.0277258
0.028047
0.0283711
0.0286981
0.0290279
0.0293605
0.029696
0.0300345
0.0303758
0.03072
0.0310672
0.0314173
0.0317703
0.0321263
0.0324852
0.0328472
0.0332121
0.03358
0.0339509
0.0343248
0.0347017
0.0350817
0.0354647
0.0358508
0.0362399
0.036632
0.0370273
0.0374256
0.0378271
0.0382316
0.0386392
0.0390499
0.0394638
0.0398807
0.0403008
0.0407241
0.0411505
0.04158
0.0420127
0.0424485
0.0428875
0.0433297
0.043775
0.0442235
0.0446752
0.0451301
0.0455881
0.0460493
0.0465138
0.0469814
0.0474522
0.0479262
0.0484035
0.0488839
0.0493675
0.0498543
0.0503443
0.0508375
0.051334
0.0518336
0.0523364
0.0528424
0.0533517
0.0538641
0.0543797
0.0548985
0.0554204
0.0559456
0.056474
0.0570055
0.0575402
0.058078
0.0586191
0.0591633
0.0597106
0.0602611
0.0608147
0.0613714
0.0619313
0.0624943
0.0630604
0.0636296
0.0642019
0.0647773
0.0653558
0.0659373
0.0665219
0.0671095
0.0677002
0.0682939
0.0688906
0.0694903
0.070093
0.0706986
0.0713072
0.0719188
0.0725333
0.0731507
0.073771
0.0743943
0.0750203
0.0756493
0.076281
0.0769157
0.0775531
0.0781933
0.0788362
0.0794819
0.0801304
0.0807816
0.0814354
0.0820919
0.0827511
0.0834129
0.0840774
0.0847444
0.0854139
0.0860861
0.0867607
0.0874378
0.0881174
0.0887995
0.089484
0.0901709
0.0908601
0.0915517
0.0922456
0.0929418
0.0936403
0.094341
0.0950439
0.095749
0.0964562
0.0971656
0.097877
0.0985905
0.0993061
0.100024
0.100743
0.101465
0.102188
0.102913
0.10364
0.104369
0.1051
0.105832
0.106566
0.107302
0.108039
0.108778
0.109518
0.11026
0.111004
0.111749
0.112495
0.113243
0.113992
0.114742
0.115494
0.116246
0.117
0.117755
0.118511
0.119268
0.120027
0.120786
0.121546
0.122307
0.123068
0.123831
0.124594
0.125358
0.126123
0.126888
0.127654
0.12842
0.129187
0.129954
0.130721
0.131489
0.132257
0.133026
0.133794
0.134563
0.135332
0.136101
0.13687
0.137638
0.138407
0.139176
0.139944
0.140712
0.14148
0.142247
0.143014
0.14378
0.144546
0.145312
0.146077
0.146841
0.147604
0.148367
0.149128
0.149889
0.150649
0.151408
0.152166
0.152923
0.153679
0.154433
0.155186
0.155938
0.156689
0.157438
0.158186
0.158932
0.159676
0.160419
0.16116
0.1619
0.162637
0.163373
0.164107
0.164839
0.165569
0.166296
0.167022
0.167745
0.168467
0.169185
0.169902
0.170616
0.171327
0.172036
0.172743
0.173447
0.174148
0.174846
0.175542
0.176234
0.176924
0.177611
0.178295
0.178975
0.179653
0.180327
0.180998
0.181666
0.18233
0.182991
0.183649
0.184303
0.184953
0.1856
0.186243
0.186882
0.187518
0.188149
0.188777
0.189401
0.19002
0.190636
0.191248
0.191855
0.192458
0.193057
0.193652
0.194242
0.194828
0.195409
0.195986
0.196558
0.197126
0.197689
0.198247
0.198801
0.199349
0.199893
0.200432
0.200966
0.201495
0.202019
0.202537
0.203051
0.203559
0.204062
0.20456
0.205053
0.20554
0.206022
0.206498
0.206969
0.207434
0.207893
0.208347
0.208796
0.209238
0.209675
0.210106
0.210532
0.210951
0.211365
0.211772
0.212174
0.212569
0.212959
0.213342
0.213719
0.214091
0.214455
0.214814
0.215167
0.215513
0.215853
0.216186
0.216513
0.216834
0.217148
0.217456
0.217757
0.218052
0.21834
0.218622
0.218897
0.219165
0.219427
0.219682
0.21993
0.220172
0.220407
0.220635
0.220856
0.221071
0.221278
0.221479
0.221673
0.22186
0.22204
0.222214
0.22238
0.222539
0.222692
0.222837
0.222975
0.223107
0.223231
0.223349
0.223459
0.223562
0.223658
0.223747
0.22383
0.223905
0.223972
0.224033
0.224087
0.224133
0.224173
0.224205
0.224231
0.224249
0.22426
0.224264
0.22426
0.22425
0.224233
0.224208
0.224177
0.224138
0.224092
0.224039
0.223979
0.223912
0.223838
0.223756
0.223668
0.223573
0.22347
0.223361
0.223245
0.223121
0.222991
0.222853
0.222709
0.222558
0.222399
0.222234
0.222062
0.221883
0.221697
0.221504
0.221305
0.221099
0.220886
0.220666
0.220439
0.220206
0.219966
0.219719
0.219465
0.219205
0.218939
0.218665
0.218386
0.218099
0.217807
0.217507
0.217202
0.216889
0.216571
0.216246
0.215915
0.215578
0.215234
0.214884
0.214528
0.214165
0.213797
0.213423
0.213042
0.212655
0.212263
0.211864
0.21146
0.21105
0.210634
0.210212
0.209784
0.209351
0.208912
0.208467
0.208017
0.207561
0.2071
0.206634
0.206161
0.205684
0.205201
0.204713
0.20422
0.203721
0.203217
0.202709
0.202195
0.201676
0.201152
0.200623
0.20009
0.199551
0.199008
0.19846
0.197908
0.197351
0.196789
0.196223
0.195652
0.195077
0.194497
0.193913
0.193325
0.192733
0.192136
0.191535
0.190931
0.190322
0.189709
0.189093
0.188472
0.187848
0.18722
0.186589
0.185953
0.185314
0.184672
0.184026
0.183377
0.182724
0.182068
0.181409
0.180747
0.180082
0.179413
0.178741
0.178067
0.177389
0.176709
0.176026
0.17534
0.174652
0.17396
0.173267
0.17257
0.171872
0.171171
0.170467
0.169761
0.169054
0.168343
0.167631
0.166917
0.1662
0.165482
0.164762
0.16404
0.163316
0.162591
0.161864
0.161135
0.160405
0.159673
0.15894
0.158205
0.157469
0.156732
0.155994
0.155254
0.154514
0.153772
0.153029
0.152286
0.151541
0.150796
0.15005
0.149303
0.148556
0.147808
0.14706
0.146311
0.145561
0.144812
0.144062
0.143311
0.142561
0.14181
0.141059
0.140309
0.139558
0.138807
0.138057
0.137306
0.136556
0.135806
0.135057
0.134308
0.133559
0.132811
0.132063
0.131316
0.130569
0.129824
0.129079
0.128335
0.127591
0.126849
0.126107
0.125367
0.124628
0.123889
0.123152
0.122416
0.121682
0.120949
0.120217
0.119486
0.118757
0.11803
0.117304
0.116579
0.115856
0.115135
0.114416
0.113699
0.112983
0.112269
0.111558
0.110848
0.11014
0.109434
0.108731
0.10803
0.107331
0.106634
0.105939
0.105247
0.104557
0.10387
0.103185
0.102503
0.101823
0.101146
0.100472
0.0998002
0.0991314
0.0984654
0.0978022
0.0971419
0.0964846
0.0958303
0.095179
0.0945308
0.0938858
0.0932439
0.0926052
0.0919698
0.0913376
0.0907089
0.0900835
0.0894615
0.088843
0.088228
0.0876166
0.0870088
0.0864047
0.0858042
0.0852075
0.0846146
0.0840255
0.0834402
0.0828589
0.0822815
0.0817081
0.0811388
0.0805735
0.0800124
0.0794554
0.0789027
0.0783542
0.07781
0.0772702
0.0767347
0.0762037
0.0756772
0.0751552
0.0746378
0.074125
0.0736168
0.0731134
0.0726147
0.0721208
0.0716318
0.0711476
0.0706684
0.0701942
0.069725
0.0692609
0.0688019
0.0683481
0.0678995
0.0674562
0.0670182
0.0665856
0.0661584
0.0657367
0.0653205
0.0649098
0.0645048
0.0641055
0.0637118
0.063324
0.062942
0.0625659
0.0621957
0.0618315
0.0614733
0.0611213
0.0607754
0.0604357
0.0601023
0.0597752
0.0594545
0.0591402
0.0588325
0.0585313
0.0582367
0.0579489
0.0576677
0.0573934
0.0571259
0.0568654
0.0566119
0.0563655
0.0561261
0.055894
0.0556691
0.0554516
0.0552415
0.0550388
0.0548437
0.0546562
0.0544764
0.0543044
0.0541402
0.0539838
0.0538355
0.0536953
0.0535631
0.0534392
0.0533236
0.0532164
0.0531176
0.0530274
0.0529458
0.0528729
0.0528088
0.0527536
0.0527074
0.0526702
0.0526422
0.0526234
0.0526139
)
;

boundaryField
{
    sides
    {
        type            zeroGradient;
    }
    empty
    {
        type            empty;
    }
}


// ************************************************************************* //
