/*--------------------------------*- C++ -*----------------------------------*\
  =========                 |
  \\      /  F ield         | OpenFOAM: The Open Source CFD Toolbox
   \\    /   O peration     | Website:  https://openfoam.org
    \\  /    A nd           | Version:  7
     \\/     M anipulation  |
\*---------------------------------------------------------------------------*/
FoamFile
{
    version     2.0;
    format      ascii;
    class       volScalarField;
    location    "4.47";
    object      T;
}
// * * * * * * * * * * * * * * * * * * * * * * * * * * * * * * * * * * * * * //

dimensions      [0 0 0 1 0 0 0];

internalField   nonuniform List<scalar> 
1000
(
0
0
0
0
0
0
0
0
0
0
0
0
0
0
0
0
0
0
0
0
0
0
0
0
0
0
0
0
0
0
0
0
0
0
0
0
0
0
0
0
0
0
0
0
0
0
0
0
0
0
0
0
0
0
0
0
0
0
0
0
0
0
0
0
0
0
0
0
0
0
0
0
0
0
0
0
0
0
0
0
0
0
0
0
0
0
0
0
0
0
0
0
0
0
0
0
0
0
0
0
0
0
0
0
0
0
0
0
0
0
0
0
0
0
0
0
0
0
0
0
0
0
0
0
0
0
0
0
0
0
0
0
0
0
0
0
0
0
0
0
0
0
0
0
0
0
0
0
0
0
0
0
0
0
0
0
0
0
0
0
0
0
0
0
0
0
0
0
0
0
0
0
0
0
0
0
0
0
0
0
0
0
0
0
0
0
0
0
0
0
0
0
1.4822e-323
9.53547e-322
3.6052e-320
1.34242e-318
4.98231e-317
1.84452e-315
6.81154e-314
2.50905e-312
9.21874e-311
3.37851e-309
1.23499e-307
4.50277e-306
1.63745e-304
5.93917e-303
2.14854e-301
7.752e-300
2.78954e-298
1.00113e-296
3.58333e-295
1.27912e-293
4.5536e-292
1.61665e-290
5.72378e-289
2.02094e-287
7.11569e-286
2.49844e-284
8.74787e-283
3.05428e-281
1.06336e-279
3.69161e-278
1.27791e-276
4.41093e-275
1.51809e-273
5.2095e-272
1.78245e-270
6.08068e-269
2.06821e-267
7.01354e-266
2.37122e-264
7.99263e-263
2.68586e-261
8.99799e-260
3.00516e-258
1.00055e-256
3.32091e-255
1.09878e-253
3.62399e-252
1.19147e-250
3.9047e-249
1.27554e-247
4.15328e-246
1.34794e-244
4.3604e-243
1.40587e-241
4.51772e-240
1.44691e-238
4.61847e-237
1.46921e-235
4.65787e-234
1.47163e-232
4.63349e-231
1.45381e-229
4.54552e-228
1.41622e-226
4.39677e-225
1.36015e-223
4.19251e-222
1.28763e-220
3.94025e-219
1.20133e-217
3.64917e-216
1.10436e-214
3.32965e-213
1.00011e-211
2.9926e-210
8.92043e-209
2.64881e-207
7.83481e-206
2.3084e-204
6.77458e-203
1.98031e-201
5.76566e-200
1.67193e-198
4.82869e-197
1.38889e-195
3.97852e-194
1.13495e-192
3.22419e-191
9.12094e-190
2.56933e-188
7.20689e-187
2.01284e-185
5.59745e-184
1.5498e-182
4.27221e-181
1.17248e-179
3.20345e-178
8.71319e-177
2.35921e-175
6.35875e-174
1.70599e-172
4.55579e-171
1.21093e-169
3.20351e-168
8.43463e-167
2.21017e-165
5.76347e-164
1.49564e-162
3.86221e-161
9.92416e-160
2.53736e-158
6.45478e-157
1.63371e-155
4.11381e-154
1.03055e-152
2.56821e-151
6.36661e-150
1.56994e-148
3.85068e-147
9.39393e-146
2.27926e-144
5.49989e-143
1.3198e-141
3.14945e-140
7.47327e-139
1.76325e-137
4.13641e-136
9.64747e-135
2.23698e-133
5.15639e-132
1.18151e-130
2.69103e-129
6.09199e-128
1.37068e-126
3.06493e-125
6.81066e-124
1.50389e-122
3.29967e-121
7.19329e-120
1.55797e-118
3.35225e-117
7.16524e-116
1.52129e-114
3.20812e-113
6.71916e-112
1.39757e-110
2.88668e-109
5.92044e-108
1.20561e-106
2.4374e-105
4.89189e-104
9.74593e-103
1.92722e-101
3.78236e-100
7.36688e-99
1.42382e-97
2.73048e-96
5.19513e-95
9.80592e-94
1.836e-92
3.40965e-91
6.27994e-90
1.14701e-88
2.07732e-87
3.73007e-86
6.63991e-85
1.17164e-83
2.04908e-82
3.55152e-81
6.09968e-80
1.03797e-78
1.74985e-77
2.9221e-76
4.83299e-75
7.91602e-74
1.28384e-72
2.06143e-71
3.27656e-70
5.15467e-69
8.02512e-68
1.23625e-66
1.88408e-65
2.84027e-64
4.23467e-63
6.2432e-62
9.10016e-61
1.3112e-59
1.86718e-58
2.6274e-57
3.65262e-56
5.01574e-55
6.80193e-54
9.10766e-53
1.20383e-51
1.57042e-50
2.02142e-49
2.56679e-48
3.21448e-47
3.96927e-46
4.83148e-45
5.79569e-44
6.84962e-43
7.97337e-42
9.13916e-41
1.03116e-39
1.14491e-38
1.25054e-37
1.34325e-36
1.41842e-35
1.47191e-34
1.50045e-33
1.50197e-32
1.47578e-31
1.42272e-30
1.34514e-29
1.2467e-28
1.13214e-27
1.00685e-26
8.7645e-26
7.4637e-25
6.21437e-24
5.05589e-23
4.01682e-22
3.11435e-21
2.35479e-20
1.73509e-19
1.24492e-18
8.6909e-18
5.89819e-17
3.88789e-16
2.48677e-15
1.54186e-14
9.25715e-14
5.37573e-13
3.01578e-12
1.63231e-11
8.51233e-11
4.27067e-10
2.05808e-09
9.51075e-09
4.20692e-08
1.77774e-07
7.16176e-07
2.74437e-06
9.97905e-06
3.43427e-05
0.000111552
0.000340979
0.000977746
0.00262146
0.00654936
0.015195
0.0326284
0.064649
0.117905
0.197643
0.304529
0.432226
0.567774
0.695471
0.802357
0.882095
0.935351
0.967372
0.984805
0.993451
0.997379
0.999022
0.999659
0.999888
0.999966
0.99999
0.999997
0.999999
1
1
1
1
1
1
1
1
1
1
1
1
1
1
1
1
1
1
1
1
1
1
1
1
1
1
1
1
1
1
1
1
1
1
1
1
1
1
1
1
1
1
1
1
1
1
1
1
1
1
1
1
1
1
1
1
1
1
1
1
1
1
1
1
1
1
1
1
0.999999
0.999997
0.99999
0.999966
0.999888
0.999659
0.999022
0.997379
0.993451
0.984805
0.967372
0.935351
0.882095
0.802357
0.695471
0.567774
0.432226
0.304529
0.197643
0.117905
0.064649
0.0326284
0.015195
0.00654936
0.00262146
0.000977746
0.000340979
0.000111552
3.43427e-05
9.97905e-06
2.74437e-06
7.16176e-07
1.77774e-07
4.20692e-08
9.51075e-09
2.05808e-09
4.27067e-10
8.51233e-11
1.63231e-11
3.01578e-12
5.37573e-13
9.25715e-14
1.54186e-14
2.48677e-15
3.88789e-16
5.89819e-17
8.6909e-18
1.24492e-18
1.73509e-19
2.35479e-20
3.11435e-21
4.01682e-22
5.05589e-23
6.21437e-24
7.4637e-25
8.7645e-26
1.00685e-26
1.13214e-27
1.2467e-28
1.34514e-29
1.42272e-30
1.47578e-31
1.50197e-32
1.50045e-33
1.47191e-34
1.41842e-35
1.34325e-36
1.25054e-37
1.14491e-38
1.03116e-39
9.13916e-41
7.97337e-42
6.84962e-43
5.79569e-44
4.83148e-45
3.96927e-46
3.21448e-47
2.56679e-48
2.02142e-49
1.57042e-50
1.20383e-51
9.10766e-53
6.80193e-54
5.01574e-55
3.65262e-56
2.6274e-57
1.86718e-58
1.3112e-59
9.10016e-61
6.2432e-62
4.23467e-63
2.84027e-64
1.88408e-65
1.23625e-66
8.02512e-68
5.15467e-69
3.27656e-70
2.06143e-71
1.28384e-72
7.91602e-74
4.83299e-75
2.9221e-76
1.74985e-77
1.03797e-78
6.09968e-80
3.55152e-81
2.04908e-82
1.17164e-83
6.63991e-85
3.73007e-86
2.07732e-87
1.14701e-88
6.27994e-90
3.40965e-91
1.836e-92
9.80592e-94
5.19513e-95
2.73048e-96
1.42382e-97
7.36688e-99
3.78236e-100
1.92722e-101
9.74593e-103
4.89189e-104
2.4374e-105
1.20561e-106
5.92044e-108
2.88668e-109
1.39757e-110
6.71916e-112
3.20812e-113
1.52129e-114
7.16524e-116
3.35225e-117
1.55797e-118
7.19329e-120
3.29967e-121
1.50389e-122
6.81066e-124
3.06493e-125
1.37068e-126
6.09199e-128
2.69103e-129
1.18151e-130
5.15639e-132
2.23698e-133
9.64747e-135
4.13641e-136
1.76325e-137
7.47327e-139
3.14945e-140
1.3198e-141
5.49989e-143
2.27926e-144
9.39393e-146
3.85068e-147
1.56994e-148
6.36661e-150
2.56821e-151
1.03055e-152
4.11381e-154
1.63371e-155
6.45478e-157
2.53736e-158
9.92416e-160
3.86221e-161
1.49564e-162
5.76347e-164
2.21017e-165
8.43463e-167
3.20351e-168
1.21093e-169
4.55579e-171
1.70599e-172
6.35875e-174
2.35921e-175
8.71319e-177
3.20345e-178
1.17248e-179
4.27221e-181
1.5498e-182
5.59745e-184
2.01284e-185
7.20689e-187
2.56933e-188
9.12094e-190
3.22419e-191
1.13495e-192
3.97852e-194
1.38889e-195
4.82869e-197
1.67193e-198
5.76566e-200
1.98031e-201
6.77458e-203
2.3084e-204
7.83481e-206
2.64881e-207
8.92043e-209
2.9926e-210
1.00011e-211
3.32965e-213
1.10436e-214
3.64917e-216
1.20133e-217
3.94025e-219
1.28763e-220
4.19251e-222
1.36015e-223
4.39677e-225
1.41622e-226
4.54552e-228
1.45381e-229
4.63349e-231
1.47163e-232
4.65787e-234
1.46921e-235
4.61847e-237
1.44691e-238
4.51772e-240
1.40587e-241
4.3604e-243
1.34794e-244
4.15328e-246
1.27554e-247
3.9047e-249
1.19147e-250
3.62399e-252
1.09878e-253
3.32091e-255
1.00055e-256
3.00516e-258
8.99799e-260
2.68586e-261
7.99263e-263
2.37122e-264
7.01354e-266
2.06821e-267
6.08068e-269
1.78245e-270
5.2095e-272
1.51809e-273
4.41093e-275
1.27791e-276
3.69161e-278
1.06336e-279
3.05428e-281
8.74787e-283
2.49844e-284
7.11569e-286
2.02094e-287
5.72378e-289
1.61665e-290
4.5536e-292
1.27912e-293
3.58333e-295
1.00113e-296
2.78954e-298
7.752e-300
2.14854e-301
5.93917e-303
1.63745e-304
4.50277e-306
1.23499e-307
3.37851e-309
9.21874e-311
2.50905e-312
6.81154e-314
1.84452e-315
4.98231e-317
1.34242e-318
3.60569e-320
9.53547e-322
1.4822e-323
0
0
0
0
0
0
0
0
0
0
0
0
0
0
0
0
0
0
0
0
0
0
0
0
0
0
0
0
0
0
0
0
0
0
0
0
0
0
0
0
0
0
0
0
0
0
0
0
0
0
0
0
0
0
0
0
0
0
0
0
0
0
0
0
0
0
0
0
0
0
0
0
0
0
0
0
0
0
0
0
0
0
0
0
0
0
0
0
0
0
0
0
0
0
0
0
0
0
0
0
0
0
0
0
0
0
0
0
0
0
0
0
0
0
0
0
0
0
0
0
0
0
0
0
0
0
0
0
0
0
0
0
0
0
0
0
0
0
0
0
0
0
0
0
0
0
0
0
0
0
0
0
0
0
0
0
0
0
0
0
0
0
0
0
0
0
0
0
0
0
0
0
0
0
0
0
0
0
0
0
0
0
0
0
0
0
0
0
0
0
0
0
)
;

boundaryField
{
    sides
    {
        type            zeroGradient;
    }
    empty
    {
        type            empty;
    }
}


// ************************************************************************* //
