/*--------------------------------*- C++ -*----------------------------------*\
  =========                 |
  \\      /  F ield         | OpenFOAM: The Open Source CFD Toolbox
   \\    /   O peration     | Website:  https://openfoam.org
    \\  /    A nd           | Version:  7
     \\/     M anipulation  |
\*---------------------------------------------------------------------------*/
FoamFile
{
    version     2.0;
    format      ascii;
    class       volScalarField;
    location    "4.38";
    object      T;
}
// * * * * * * * * * * * * * * * * * * * * * * * * * * * * * * * * * * * * * //

dimensions      [0 0 0 1 0 0 0];

internalField   nonuniform List<scalar> 
1000
(
0
0
0
0
0
0
0
0
0
0
0
0
0
0
0
0
0
0
0
0
0
0
0
0
0
0
0
0
0
0
0
0
0
0
0
0
0
0
0
0
0
0
0
0
0
0
0
0
0
0
0
0
0
0
0
0
0
0
0
0
0
0
0
0
0
0
0
0
0
0
0
0
0
0
0
0
0
0
0
0
0
0
0
0
0
0
0
0
0
0
0
0
0
0
0
0
0
0
0
0
0
0
0
0
0
0
0
0
0
0
0
0
0
0
0
0
0
0
0
0
0
0
0
0
0
0
0
0
0
0
0
0
0
0
0
0
0
0
0
0
0
0
0
0
0
0
0
0
0
0
0
0
0
0
0
0
0
0
0
0
0
0
0
0
0
0
0
0
0
0
0
0
0
0
0
0
0
0
0
0
0
0
0
0
0
0
0
0
0
0
0
0
0
9.88131e-324
6.81811e-322
2.64424e-320
9.95182e-319
3.73223e-317
1.39622e-315
5.21012e-314
1.93931e-312
7.20025e-311
2.66649e-309
9.84963e-308
3.62895e-306
1.33357e-304
4.88788e-303
1.78685e-301
6.51494e-300
2.3691e-298
8.59208e-297
3.10778e-295
1.12107e-293
4.03309e-292
1.44697e-290
5.17718e-289
1.84726e-287
6.57295e-286
2.33228e-284
8.25248e-283
2.91181e-281
1.0245e-279
3.59433e-278
1.25742e-276
4.38618e-275
1.52557e-273
5.29067e-272
1.82941e-270
6.3071e-269
2.16798e-267
7.42988e-266
2.53864e-264
8.6478e-263
2.93688e-261
9.94343e-260
3.35619e-258
1.1293e-256
3.78805e-255
1.26665e-253
4.22208e-252
1.40286e-250
4.64633e-249
1.53394e-247
5.04775e-246
1.65566e-244
5.41275e-243
1.76372e-241
5.72792e-240
1.854e-238
5.98082e-237
1.92282e-235
6.16076e-234
1.96715e-232
6.25948e-231
1.98485e-229
6.27184e-228
1.97483e-226
6.19616e-225
1.93715e-223
6.03446e-222
1.87301e-220
5.7924e-219
1.78476e-217
5.47892e-216
1.67568e-214
5.10576e-213
1.54984e-211
4.68666e-210
1.41181e-208
4.23655e-207
1.26637e-205
3.77061e-204
1.11828e-202
3.30342e-201
9.71944e-200
2.8482e-198
8.31259e-197
2.41617e-195
6.9941e-194
2.0162e-192
5.78792e-191
1.65456e-189
4.70976e-188
1.33494e-186
3.76749e-185
1.05866e-183
2.96187e-182
8.25011e-181
2.28784e-179
6.31607e-178
1.73584e-176
4.74896e-175
1.29329e-173
3.50583e-172
9.45936e-171
2.54036e-169
6.79005e-168
1.80626e-166
4.78187e-165
1.25983e-163
3.30294e-162
8.61687e-161
2.23687e-159
5.77769e-158
1.48481e-156
3.79644e-155
9.65714e-154
2.44381e-152
6.15199e-151
1.54054e-149
3.83722e-148
9.50669e-147
2.34255e-145
5.74085e-144
1.39916e-142
3.39111e-141
8.17294e-140
1.95863e-138
4.66707e-137
1.10568e-135
2.60426e-134
6.09797e-133
1.41941e-131
3.28419e-130
7.55303e-129
1.72648e-127
3.92214e-126
8.85482e-125
1.98658e-123
4.42866e-122
9.80966e-121
2.15884e-119
4.72005e-118
1.02518e-116
2.21183e-115
4.73996e-114
1.00887e-112
2.13257e-111
4.47659e-110
9.33114e-109
1.93123e-107
3.96835e-106
8.09522e-105
1.63929e-103
3.29502e-102
6.57351e-101
1.30148e-99
2.55705e-98
4.98503e-97
9.64232e-96
1.8503e-94
3.52215e-93
6.65026e-92
1.24535e-90
2.31273e-89
4.25885e-88
7.77589e-87
1.40751e-85
2.52553e-84
4.49162e-83
7.91688e-82
1.38279e-80
2.39308e-79
4.10304e-78
6.96863e-77
1.17227e-75
1.95296e-74
3.22168e-73
5.26185e-72
8.50748e-71
1.36147e-69
2.15624e-68
3.37912e-67
5.23913e-66
8.0352e-65
1.21884e-63
1.82826e-62
2.7114e-61
3.97504e-60
5.75973e-59
8.247e-58
1.16665e-56
1.63024e-55
2.24979e-54
3.06564e-53
4.12382e-52
5.47494e-51
7.1724e-50
9.26944e-49
1.18152e-47
1.48499e-46
1.83986e-45
2.24655e-44
2.70268e-43
3.20258e-42
3.73684e-41
4.29219e-40
4.85162e-39
5.39495e-38
5.89978e-37
6.34279e-36
6.70138e-35
6.95544e-34
7.08912e-33
7.09237e-32
6.96207e-31
6.70258e-30
6.32563e-29
5.84946e-28
5.29739e-27
4.69585e-26
4.07227e-25
3.45288e-24
2.8608e-23
2.31464e-22
1.82761e-21
1.40729e-20
1.05601e-19
7.71626e-19
5.48586e-18
3.79149e-17
2.54514e-16
1.6578e-15
1.04672e-14
6.39939e-14
3.78408e-13
2.16154e-12
1.1912e-11
6.32442e-11
3.23018e-10
1.58456e-09
7.45302e-09
3.35503e-08
1.44262e-07
5.91253e-07
2.3045e-06
8.52107e-06
2.98115e-05
9.84046e-05
0.000305546
0.000889548
0.00242004
0.00613069
0.0144104
0.0313187
0.0627328
0.115506
0.195174
0.302632
0.43151
0.56849
0.697368
0.804826
0.884494
0.937267
0.968681
0.98559
0.993869
0.99758
0.99911
0.999694
0.999902
0.99997
0.999991
0.999998
0.999999
1
1
1
1
1
1
1
1
1
1
1
1
1
1
1
1
1
1
1
1
1
1
1
1
1
1
1
1
1
1
1
1
1
1
1
1
1
1
1
1
1
1
1
1
1
1
1
1
1
1
1
1
1
1
1
1
1
1
1
1
1
1
1
1
1
1
1
1
0.999999
0.999998
0.999991
0.99997
0.999902
0.999694
0.99911
0.99758
0.993869
0.98559
0.968681
0.937267
0.884494
0.804826
0.697368
0.56849
0.43151
0.302632
0.195174
0.115506
0.0627328
0.0313187
0.0144104
0.00613069
0.00242004
0.000889548
0.000305546
9.84046e-05
2.98115e-05
8.52107e-06
2.3045e-06
5.91253e-07
1.44262e-07
3.35503e-08
7.45302e-09
1.58456e-09
3.23018e-10
6.32442e-11
1.1912e-11
2.16154e-12
3.78408e-13
6.39939e-14
1.04672e-14
1.6578e-15
2.54514e-16
3.79149e-17
5.48586e-18
7.71626e-19
1.05601e-19
1.40729e-20
1.82761e-21
2.31464e-22
2.8608e-23
3.45288e-24
4.07227e-25
4.69585e-26
5.29739e-27
5.84946e-28
6.32563e-29
6.70258e-30
6.96207e-31
7.09237e-32
7.08912e-33
6.95544e-34
6.70138e-35
6.34279e-36
5.89978e-37
5.39495e-38
4.85162e-39
4.29219e-40
3.73684e-41
3.20258e-42
2.70268e-43
2.24655e-44
1.83986e-45
1.48499e-46
1.18152e-47
9.26944e-49
7.1724e-50
5.47494e-51
4.12382e-52
3.06564e-53
2.24979e-54
1.63024e-55
1.16665e-56
8.247e-58
5.75973e-59
3.97504e-60
2.7114e-61
1.82826e-62
1.21884e-63
8.0352e-65
5.23913e-66
3.37912e-67
2.15624e-68
1.36147e-69
8.50748e-71
5.26185e-72
3.22168e-73
1.95296e-74
1.17227e-75
6.96863e-77
4.10304e-78
2.39308e-79
1.38279e-80
7.91688e-82
4.49162e-83
2.52553e-84
1.40751e-85
7.77589e-87
4.25885e-88
2.31273e-89
1.24535e-90
6.65026e-92
3.52215e-93
1.8503e-94
9.64232e-96
4.98503e-97
2.55705e-98
1.30148e-99
6.57351e-101
3.29502e-102
1.63929e-103
8.09522e-105
3.96835e-106
1.93123e-107
9.33114e-109
4.47659e-110
2.13257e-111
1.00887e-112
4.73996e-114
2.21183e-115
1.02518e-116
4.72005e-118
2.15884e-119
9.80966e-121
4.42866e-122
1.98658e-123
8.85482e-125
3.92214e-126
1.72648e-127
7.55303e-129
3.28419e-130
1.41941e-131
6.09797e-133
2.60426e-134
1.10568e-135
4.66707e-137
1.95863e-138
8.17294e-140
3.39111e-141
1.39916e-142
5.74085e-144
2.34255e-145
9.50669e-147
3.83722e-148
1.54054e-149
6.15199e-151
2.44381e-152
9.65714e-154
3.79644e-155
1.48481e-156
5.77769e-158
2.23687e-159
8.61687e-161
3.30294e-162
1.25983e-163
4.78187e-165
1.80626e-166
6.79005e-168
2.54036e-169
9.45936e-171
3.50583e-172
1.29329e-173
4.74896e-175
1.73584e-176
6.31607e-178
2.28784e-179
8.25011e-181
2.96187e-182
1.05866e-183
3.76749e-185
1.33494e-186
4.70976e-188
1.65456e-189
5.78792e-191
2.0162e-192
6.9941e-194
2.41617e-195
8.31259e-197
2.8482e-198
9.71944e-200
3.30342e-201
1.11828e-202
3.77061e-204
1.26637e-205
4.23655e-207
1.41181e-208
4.68666e-210
1.54984e-211
5.10576e-213
1.67568e-214
5.47892e-216
1.78476e-217
5.7924e-219
1.87301e-220
6.03446e-222
1.93715e-223
6.19616e-225
1.97483e-226
6.27184e-228
1.98485e-229
6.25948e-231
1.96715e-232
6.16076e-234
1.92282e-235
5.98082e-237
1.854e-238
5.72792e-240
1.76372e-241
5.41275e-243
1.65566e-244
5.04775e-246
1.53394e-247
4.64633e-249
1.40286e-250
4.22208e-252
1.26665e-253
3.78805e-255
1.1293e-256
3.35619e-258
9.94343e-260
2.93688e-261
8.6478e-263
2.53864e-264
7.42988e-266
2.16798e-267
6.3071e-269
1.82941e-270
5.29067e-272
1.52557e-273
4.38618e-275
1.25742e-276
3.59433e-278
1.0245e-279
2.91181e-281
8.25248e-283
2.33228e-284
6.57295e-286
1.84726e-287
5.17718e-289
1.44697e-290
4.03309e-292
1.12107e-293
3.10778e-295
8.59208e-297
2.3691e-298
6.51494e-300
1.78685e-301
4.88788e-303
1.33357e-304
3.62895e-306
9.84963e-308
2.66649e-309
7.20025e-311
1.93931e-312
5.21012e-314
1.39622e-315
3.73223e-317
9.95182e-319
2.64473e-320
6.81811e-322
9.88131e-324
0
0
0
0
0
0
0
0
0
0
0
0
0
0
0
0
0
0
0
0
0
0
0
0
0
0
0
0
0
0
0
0
0
0
0
0
0
0
0
0
0
0
0
0
0
0
0
0
0
0
0
0
0
0
0
0
0
0
0
0
0
0
0
0
0
0
0
0
0
0
0
0
0
0
0
0
0
0
0
0
0
0
0
0
0
0
0
0
0
0
0
0
0
0
0
0
0
0
0
0
0
0
0
0
0
0
0
0
0
0
0
0
0
0
0
0
0
0
0
0
0
0
0
0
0
0
0
0
0
0
0
0
0
0
0
0
0
0
0
0
0
0
0
0
0
0
0
0
0
0
0
0
0
0
0
0
0
0
0
0
0
0
0
0
0
0
0
0
0
0
0
0
0
0
0
0
0
0
0
0
0
0
0
0
0
0
0
0
0
0
0
0
0
)
;

boundaryField
{
    sides
    {
        type            zeroGradient;
    }
    empty
    {
        type            empty;
    }
}


// ************************************************************************* //
