/*--------------------------------*- C++ -*----------------------------------*\
  =========                 |
  \\      /  F ield         | OpenFOAM: The Open Source CFD Toolbox
   \\    /   O peration     | Website:  https://openfoam.org
    \\  /    A nd           | Version:  7
     \\/     M anipulation  |
\*---------------------------------------------------------------------------*/
FoamFile
{
    version     2.0;
    format      ascii;
    class       volScalarField;
    location    "4.75";
    object      T;
}
// * * * * * * * * * * * * * * * * * * * * * * * * * * * * * * * * * * * * * //

dimensions      [0 0 0 1 0 0 0];

internalField   nonuniform List<scalar> 
1000
(
0
0
0
0
0
0
0
0
0
0
0
0
0
0
0
0
0
0
0
0
0
0
0
0
0
0
0
0
0
0
0
0
0
0
0
0
0
0
0
0
0
0
0
0
0
0
0
0
0
0
0
0
0
0
0
0
0
0
0
0
0
0
0
0
0
0
0
0
0
0
0
0
0
0
0
0
0
0
0
0
0
0
0
0
0
0
0
0
0
0
0
0
0
0
0
0
0
0
0
0
0
0
0
0
0
0
0
0
0
0
0
0
0
0
0
0
0
0
0
0
0
0
0
0
0
0
0
0
0
0
0
0
0
0
0
0
0
0
0
0
0
0
0
0
0
0
0
0
0
0
0
0
0
0
0
0
0
0
0
0
0
0
0
0
0
0
0
0
0
0
0
0
0
0
0
0
0
0
0
0
0
0
0
0
0
0
0
0
0
0
0
0
0
0
0
0
0
0
0
0
0
0
0
0
0
0
0
0
0
0
0
0
0
0
0
0
0
0
0
0
0
0
0
0
0
0
0
0
0
0
0
0
0
0
0
0
0
0
0
0
0
0
0
0
0
0
0
0
0
0
0
0
0
0
0
0
0
0
0
0
0
0
0
0
0
0
0
0
0
0
0
0
0
0
0
0
0
0
0
0
0
0
0
0
0
0
0
0
0
0
0
0
0
0
0
0
0
0
0
0
0
0
0
0
0
0
0
0
0
0
0
0
0
0
0
0
0
0
0
0
0
0
0
0
0
0
0
0
0
0
0
0
0
0
0
0
0
0
0
7.41098e-323
1.93866e-319
3.65312e-316
6.83142e-313
1.26794e-309
2.33559e-306
4.26937e-303
7.74396e-300
1.39366e-296
2.48833e-293
4.40731e-290
7.74313e-287
1.34925e-283
2.33165e-280
3.9956e-277
6.78902e-274
1.14365e-270
1.90982e-267
3.16127e-264
5.18622e-261
8.43164e-258
1.3583e-254
2.16794e-251
3.42782e-248
5.36852e-245
8.32723e-242
1.27909e-238
1.94535e-235
2.92909e-232
4.36561e-229
6.43983e-226
9.40062e-223
1.35777e-219
1.94008e-216
2.74198e-213
3.83261e-210
5.29707e-207
7.23795e-204
9.77591e-201
1.30492e-197
1.72113e-194
2.24268e-191
2.88641e-188
3.66858e-185
4.60362e-182
5.70254e-179
6.97125e-176
8.40866e-173
1.0005e-169
1.17402e-166
1.3583e-163
1.54904e-160
1.74087e-157
1.92745e-154
2.10181e-151
2.25666e-148
2.38491e-145
2.48012e-142
2.53704e-139
2.55204e-136
2.52348e-133
2.45191e-130
2.34012e-127
2.19295e-124
2.01695e-121
1.81992e-118
1.61029e-115
1.39652e-112
1.1865e-109
9.87059e-107
8.03603e-104
6.39908e-101
4.98097e-98
3.78758e-95
2.81175e-92
2.03639e-89
1.43779e-86
9.88894e-84
6.62018e-81
4.31005e-78
2.7264e-75
1.67405e-72
9.96709e-70
5.74791e-67
3.20684e-64
1.7287e-61
8.99167e-59
4.50609e-56
2.17222e-53
1.00555e-50
4.46141e-48
1.8933e-45
7.66764e-43
2.95605e-40
1.08186e-37
3.74709e-35
1.22401e-32
3.75616e-30
1.07806e-27
2.87913e-25
7.11266e-23
1.61411e-20
3.33712e-18
6.22292e-16
1.03377e-13
1.50609e-11
1.88523e-09
1.97155e-07
1.65428e-05
0.00104497
0.044281
0.955719
0.998955
0.999983
1
1
1
1
1
1
1
1
1
1
1
1
1
1
1
1
1
1
1
1
1
1
1
1
1
1
1
1
1
1
1
1
1
1
1
1
1
1
1
1
1
1
1
1
1
1
1
1
1
1
1
1
1
1
1
1
1
1
1
1
1
1
1
1
1
1
1
1
1
1
1
1
1
1
1
1
1
1
1
1
1
1
1
1
1
1
1
1
1
1
1
1
1
1
0.999983
0.998955
0.955719
0.044281
0.00104497
1.65428e-05
1.97155e-07
1.88523e-09
1.50609e-11
1.03377e-13
6.22292e-16
3.33712e-18
1.61411e-20
7.11266e-23
2.87913e-25
1.07806e-27
3.75616e-30
1.22401e-32
3.74709e-35
1.08186e-37
2.95605e-40
7.66764e-43
1.8933e-45
4.46141e-48
1.00555e-50
2.17222e-53
4.50609e-56
8.99167e-59
1.7287e-61
3.20684e-64
5.74791e-67
9.96709e-70
1.67405e-72
2.7264e-75
4.31005e-78
6.62018e-81
9.88894e-84
1.43779e-86
2.03639e-89
2.81175e-92
3.78758e-95
4.98097e-98
6.39908e-101
8.03603e-104
9.87059e-107
1.1865e-109
1.39652e-112
1.61029e-115
1.81992e-118
2.01695e-121
2.19295e-124
2.34012e-127
2.45191e-130
2.52348e-133
2.55204e-136
2.53704e-139
2.48012e-142
2.38491e-145
2.25666e-148
2.10181e-151
1.92745e-154
1.74087e-157
1.54904e-160
1.3583e-163
1.17402e-166
1.0005e-169
8.40866e-173
6.97125e-176
5.70254e-179
4.60362e-182
3.66858e-185
2.88641e-188
2.24268e-191
1.72113e-194
1.30492e-197
9.77591e-201
7.23795e-204
5.29707e-207
3.83261e-210
2.74198e-213
1.94008e-216
1.35777e-219
9.40062e-223
6.43983e-226
4.36561e-229
2.92909e-232
1.94535e-235
1.27909e-238
8.32723e-242
5.36852e-245
3.42782e-248
2.16794e-251
1.3583e-254
8.43164e-258
5.18622e-261
3.16127e-264
1.90982e-267
1.14365e-270
6.78902e-274
3.9956e-277
2.33165e-280
1.34925e-283
7.74313e-287
4.40731e-290
2.48833e-293
1.39366e-296
7.74396e-300
4.26937e-303
2.33559e-306
1.26794e-309
6.83142e-313
3.65312e-316
1.93866e-319
7.41098e-323
0
0
0
0
0
0
0
0
0
0
0
0
0
0
0
0
0
0
0
0
0
0
0
0
0
0
0
0
0
0
0
0
0
0
0
0
0
0
0
0
0
0
0
0
0
0
0
0
0
0
0
0
0
0
0
0
0
0
0
0
0
0
0
0
0
0
0
0
0
0
0
0
0
0
0
0
0
0
0
0
0
0
0
0
0
0
0
0
0
0
0
0
0
0
0
0
0
0
0
0
0
0
0
0
0
0
0
0
0
0
0
0
0
0
0
0
0
0
0
0
0
0
0
0
0
0
0
0
0
0
0
0
0
0
0
0
0
0
0
0
0
0
0
0
0
0
0
0
0
0
0
0
0
0
0
0
0
0
0
0
0
0
0
0
0
0
0
0
0
0
0
0
0
0
0
0
0
0
0
0
0
0
0
0
0
0
0
0
0
0
0
0
0
0
0
0
0
0
0
0
0
0
0
0
0
0
0
0
0
0
0
0
0
0
0
0
0
0
0
0
0
0
0
0
0
0
0
0
0
0
0
0
0
0
0
0
0
0
0
0
0
0
0
0
0
0
0
0
0
0
0
0
0
0
0
0
0
0
0
0
0
0
0
0
0
0
0
0
0
0
0
0
0
0
0
0
0
0
0
0
0
0
0
0
0
0
0
0
0
0
0
0
0
0
0
0
0
0
0
0
0
0
0
0
0
0
0
0
0
0
0
0
0
0
0
0
0
0
0
0
0
0
0
0
0
0
0
0
0
0
0
0
0
0
0
0
0
0
0
)
;

boundaryField
{
    sides
    {
        type            zeroGradient;
    }
    empty
    {
        type            empty;
    }
}


// ************************************************************************* //
