/*--------------------------------*- C++ -*----------------------------------*\
  =========                 |
  \\      /  F ield         | OpenFOAM: The Open Source CFD Toolbox
   \\    /   O peration     | Website:  https://openfoam.org
    \\  /    A nd           | Version:  7
     \\/     M anipulation  |
\*---------------------------------------------------------------------------*/
FoamFile
{
    version     2.0;
    format      ascii;
    class       volScalarField;
    location    "1.76";
    object      T;
}
// * * * * * * * * * * * * * * * * * * * * * * * * * * * * * * * * * * * * * //

dimensions      [0 0 0 1 0 0 0];

internalField   nonuniform List<scalar> 
1000
(
0.00108169
0.00108186
0.0010822
0.00108271
0.0010834
0.00108427
0.00108531
0.00108654
0.00108794
0.00108953
0.00109131
0.00109328
0.00109543
0.00109778
0.00110032
0.00110305
0.00110599
0.00110912
0.00111246
0.001116
0.00111974
0.0011237
0.00112787
0.00113225
0.00113684
0.00114166
0.00114669
0.00115195
0.00115743
0.00116314
0.00116908
0.00117525
0.00118166
0.0011883
0.00119519
0.00120232
0.00120969
0.00121731
0.00122519
0.00123331
0.0012417
0.00125034
0.00125925
0.00126842
0.00127786
0.00128757
0.00129755
0.00130782
0.00131836
0.00132919
0.00134031
0.00135171
0.00136341
0.00137541
0.0013877
0.0014003
0.00141321
0.00142643
0.00143996
0.00145381
0.00146798
0.00148247
0.00149729
0.00151245
0.00152794
0.00154377
0.00155995
0.00157647
0.00159335
0.00161058
0.00162817
0.00164612
0.00166444
0.00168314
0.00170221
0.00172166
0.00174149
0.00176172
0.00178234
0.00180335
0.00182477
0.0018466
0.00186884
0.00189149
0.00191457
0.00193807
0.001962
0.00198637
0.00201118
0.00203643
0.00206214
0.00208829
0.00211491
0.002142
0.00216956
0.00219759
0.00222611
0.00225511
0.0022846
0.00231459
0.00234509
0.00237609
0.00240761
0.00243965
0.00247222
0.00250531
0.00253895
0.00257313
0.00260785
0.00264314
0.00267898
0.0027154
0.00275238
0.00278995
0.0028281
0.00286685
0.0029062
0.00294615
0.00298671
0.0030279
0.00306971
0.00311215
0.00315523
0.00319895
0.00324333
0.00328837
0.00333408
0.00338046
0.00342752
0.00347527
0.00352371
0.00357286
0.00362271
0.00367328
0.00372458
0.00377661
0.00382938
0.0038829
0.00393717
0.00399221
0.00404802
0.0041046
0.00416197
0.00422014
0.00427911
0.00433889
0.00439949
0.00446091
0.00452317
0.00458628
0.00465023
0.00471505
0.00478073
0.0048473
0.00491475
0.00498309
0.00505234
0.0051225
0.00519358
0.00526559
0.00533854
0.00541244
0.0054873
0.00556312
0.00563992
0.0057177
0.00579648
0.00587626
0.00595706
0.00603887
0.00612172
0.00620561
0.00629055
0.00637655
0.00646362
0.00655177
0.00664101
0.00673135
0.0068228
0.00691537
0.00700907
0.00710391
0.0071999
0.00729705
0.00739537
0.00749487
0.00759556
0.00769746
0.00780056
0.00790489
0.00801045
0.00811725
0.0082253
0.00833462
0.00844522
0.0085571
0.00867028
0.00878476
0.00890057
0.0090177
0.00913617
0.00925599
0.00937717
0.00949973
0.00962367
0.00974901
0.00987575
0.0100039
0.0101335
0.0102645
0.010397
0.0105309
0.0106663
0.0108032
0.0109416
0.0110815
0.0112229
0.0113659
0.0115104
0.0116564
0.011804
0.0119532
0.012104
0.0122563
0.0124103
0.0125659
0.0127231
0.012882
0.0130426
0.0132048
0.0133686
0.0135342
0.0137015
0.0138705
0.0140412
0.0142136
0.0143878
0.0145638
0.0147415
0.0149211
0.0151024
0.0152855
0.0154704
0.0156572
0.0158458
0.0160363
0.0162286
0.0164228
0.0166189
0.0168169
0.0170168
0.0172187
0.0174224
0.0176281
0.0178358
0.0180454
0.018257
0.0184706
0.0186862
0.0189039
0.0191235
0.0193452
0.0195689
0.0197947
0.0200225
0.0202525
0.0204845
0.0207186
0.0209548
0.0211932
0.0214337
0.0216763
0.0219211
0.022168
0.0224172
0.0226685
0.022922
0.0231777
0.0234356
0.0236958
0.0239582
0.0242228
0.0244897
0.0247589
0.0250303
0.025304
0.0255801
0.0258584
0.026139
0.026422
0.0267073
0.0269949
0.0272849
0.0275773
0.027872
0.0281691
0.0284686
0.0287704
0.0290747
0.0293814
0.0296905
0.0300021
0.030316
0.0306324
0.0309513
0.0312726
0.0315964
0.0319227
0.0322514
0.0325827
0.0329164
0.0332526
0.0335913
0.0339326
0.0342763
0.0346226
0.0349714
0.0353228
0.0356767
0.0360331
0.0363921
0.0367537
0.0371178
0.0374845
0.0378538
0.0382257
0.0386001
0.0389771
0.0393567
0.0397389
0.0401237
0.0405111
0.0409012
0.0412938
0.041689
0.0420869
0.0424873
0.0428904
0.0432961
0.0437044
0.0441154
0.044529
0.0449452
0.045364
0.0457855
0.0462096
0.0466363
0.0470657
0.0474976
0.0479323
0.0483695
0.0488094
0.0492519
0.049697
0.0501448
0.0505952
0.0510482
0.0515038
0.0519621
0.0524229
0.0528864
0.0533525
0.0538212
0.0542925
0.0547664
0.0552429
0.055722
0.0562036
0.0566879
0.0571747
0.0576641
0.0581561
0.0586506
0.0591477
0.0596473
0.0601495
0.0606542
0.0611614
0.0616711
0.0621834
0.0626982
0.0632154
0.0637352
0.0642574
0.0647821
0.0653092
0.0658388
0.0663709
0.0669053
0.0674422
0.0679815
0.0685232
0.0690673
0.0696137
0.0701625
0.0707137
0.0712672
0.071823
0.0723811
0.0729416
0.0735043
0.0740692
0.0746365
0.0752059
0.0757776
0.0763515
0.0769276
0.0775059
0.0780863
0.0786689
0.0792536
0.0798405
0.0804294
0.0810204
0.0816134
0.0822085
0.0828056
0.0834047
0.0840058
0.0846088
0.0852138
0.0858208
0.0864296
0.0870403
0.0876528
0.0882672
0.0888835
0.0895015
0.0901212
0.0907428
0.091366
0.091991
0.0926176
0.0932459
0.0938759
0.0945074
0.0951405
0.0957752
0.0964114
0.0970491
0.0976883
0.098329
0.098971
0.0996145
0.100259
0.100906
0.101553
0.102202
0.102852
0.103503
0.104156
0.104809
0.105464
0.10612
0.106777
0.107435
0.108094
0.108755
0.109416
0.110078
0.11074
0.111404
0.112069
0.112734
0.1134
0.114067
0.114735
0.115403
0.116072
0.116742
0.117412
0.118082
0.118754
0.119425
0.120097
0.12077
0.121442
0.122116
0.122789
0.123463
0.124136
0.12481
0.125485
0.126159
0.126833
0.127508
0.128182
0.128856
0.129531
0.130205
0.130879
0.131552
0.132226
0.132899
0.133572
0.134245
0.134917
0.135588
0.13626
0.13693
0.137601
0.13827
0.138939
0.139607
0.140275
0.140942
0.141608
0.142273
0.142937
0.1436
0.144263
0.144924
0.145584
0.146243
0.146901
0.147558
0.148214
0.148868
0.149521
0.150173
0.150823
0.151472
0.15212
0.152766
0.15341
0.154053
0.154694
0.155333
0.155971
0.156607
0.157241
0.157874
0.158504
0.159132
0.159759
0.160383
0.161005
0.161626
0.162244
0.16286
0.163473
0.164085
0.164693
0.1653
0.165904
0.166506
0.167105
0.167702
0.168296
0.168888
0.169476
0.170062
0.170646
0.171226
0.171804
0.172379
0.172951
0.17352
0.174086
0.174649
0.175208
0.175765
0.176319
0.176869
0.177416
0.17796
0.1785
0.179037
0.179571
0.180101
0.180627
0.181151
0.18167
0.182186
0.182698
0.183207
0.183712
0.184213
0.18471
0.185204
0.185693
0.186179
0.186661
0.187139
0.187612
0.188082
0.188547
0.189009
0.189466
0.189919
0.190368
0.190812
0.191253
0.191688
0.19212
0.192547
0.192969
0.193388
0.193801
0.19421
0.194615
0.195015
0.19541
0.1958
0.196186
0.196567
0.196944
0.197315
0.197682
0.198044
0.198401
0.198753
0.1991
0.199442
0.199779
0.200111
0.200438
0.20076
0.201077
0.201389
0.201696
0.201997
0.202294
0.202585
0.202871
0.203151
0.203426
0.203696
0.203961
0.20422
0.204474
0.204722
0.204965
0.205203
0.205435
0.205662
0.205883
0.206099
0.206309
0.206514
0.206713
0.206906
0.207094
0.207276
0.207453
0.207624
0.207789
0.207949
0.208103
0.208251
0.208394
0.208531
0.208662
0.208788
0.208907
0.209021
0.209129
0.209232
0.209329
0.209419
0.209504
0.209584
0.209657
0.209725
0.209787
0.209843
0.209893
0.209937
0.209976
0.210009
0.210036
0.210057
0.210072
0.210081
0.210085
0.210083
0.210075
0.210061
0.210041
0.210015
0.209984
0.209947
0.209904
0.209855
0.2098
0.20974
0.209673
0.209601
0.209523
0.20944
0.20935
0.209255
0.209154
0.209048
0.208935
0.208817
0.208693
0.208564
0.208429
0.208288
0.208141
0.207989
0.207831
0.207668
0.207499
0.207324
0.207144
0.206958
0.206767
0.20657
0.206367
0.20616
0.205946
0.205727
0.205503
0.205274
0.205039
0.204798
0.204553
0.204301
0.204045
0.203783
0.203516
0.203244
0.202967
0.202684
0.202397
0.202104
0.201806
0.201503
0.201195
0.200881
0.200563
0.20024
0.199912
0.199579
0.199241
0.198898
0.19855
0.198198
0.19784
0.197478
0.197112
0.19674
0.196364
0.195984
0.195598
0.195208
0.194814
0.194415
0.194012
0.193604
0.193192
0.192775
0.192355
0.191929
0.1915
0.191066
0.190629
0.190187
0.189741
0.189291
0.188837
0.188379
0.187917
0.187451
0.186981
0.186507
0.18603
0.185549
0.185064
0.184575
0.184083
0.183587
0.183088
0.182585
0.182078
0.181568
0.181055
0.180539
0.180019
0.179496
0.178969
0.17844
0.177907
0.177371
0.176833
0.176291
0.175746
0.175198
0.174648
0.174095
0.173538
0.17298
0.172418
0.171854
0.171287
0.170718
0.170146
0.169571
0.168995
0.168415
0.167834
0.16725
0.166664
0.166076
0.165486
0.164893
0.164299
0.163703
0.163104
0.162504
0.161902
0.161298
0.160692
0.160085
0.159476
0.158865
0.158253
0.157639
0.157024
0.156407
0.155789
0.15517
0.154549
0.153927
0.153304
0.15268
0.152055
0.151429
0.150802
0.150173
0.149544
0.148914
0.148284
0.147652
0.14702
0.146388
0.145754
0.145121
0.144486
0.143852
0.143216
0.142581
0.141945
0.141309
0.140673
0.140037
0.139401
0.138764
0.138128
0.137492
0.136855
0.136219
0.135584
0.134948
0.134313
0.133678
0.133044
0.13241
0.131776
0.131143
0.130511
0.12988
0.129249
0.128619
0.12799
0.127361
0.126734
0.126108
0.125482
0.124858
0.124235
0.123613
0.122992
0.122373
0.121754
0.121138
0.120523
0.119909
0.119297
0.118686
0.118077
0.11747
0.116864
0.11626
0.115659
0.115059
0.114461
0.113865
0.113271
0.112679
0.112089
0.111502
0.110917
0.110334
0.109754
0.109176
0.1086
0.108027
0.107457
0.106889
0.106324
0.105762
0.105203
0.104646
0.104093
0.103542
0.102994
0.10245
0.101908
0.10137
0.100835
0.100303
0.0997751
0.0992501
0.0987287
0.0982107
0.0976964
0.0971856
0.0966786
0.0961753
0.0956758
0.0951802
0.0946884
0.0942007
0.093717
0.0932373
0.0927619
0.0922906
0.0918236
0.0913609
0.0909026
0.0904488
0.0899994
0.0895546
0.0891145
0.088679
0.0882482
0.0878223
0.0874012
0.0869851
0.086574
0.0861679
0.0857669
0.0853711
0.0849806
0.0845953
0.0842154
0.083841
0.0834721
0.0831087
0.082751
0.082399
0.0820527
0.0817123
0.0813777
0.0810492
0.0807266
0.0804102
0.0801
0.079796
0.0794983
0.079207
0.0789222
0.0786439
0.0783722
0.0781072
0.0778489
0.0775975
0.0773529
0.0771154
0.0768848
0.0766614
0.0764452
0.0762363
0.0760348
0.0758406
0.075654
0.075475
0.0753036
0.07514
0.0749843
0.0748364
0.0746966
0.0745648
0.0744413
0.0743259
0.0742189
0.0741204
0.0740303
0.0739488
0.0738761
0.0738121
0.0737569
0.0737107
0.0736736
0.0736456
0.0736268
0.0736174
)
;

boundaryField
{
    sides
    {
        type            zeroGradient;
    }
    empty
    {
        type            empty;
    }
}


// ************************************************************************* //
