/*--------------------------------*- C++ -*----------------------------------*\
  =========                 |
  \\      /  F ield         | OpenFOAM: The Open Source CFD Toolbox
   \\    /   O peration     | Website:  https://openfoam.org
    \\  /    A nd           | Version:  7
     \\/     M anipulation  |
\*---------------------------------------------------------------------------*/
FoamFile
{
    version     2.0;
    format      ascii;
    class       volScalarField;
    location    "4.64";
    object      T;
}
// * * * * * * * * * * * * * * * * * * * * * * * * * * * * * * * * * * * * * //

dimensions      [0 0 0 1 0 0 0];

internalField   nonuniform List<scalar> 
1000
(
0
0
0
0
0
0
0
0
0
0
0
0
0
0
0
0
0
0
0
0
0
0
0
0
0
0
0
0
0
0
0
0
0
0
0
0
0
0
0
0
0
0
0
0
0
0
0
0
0
0
0
0
0
0
0
0
0
0
0
0
0
0
0
0
0
0
0
0
0
0
0
0
0
0
0
0
0
0
0
0
0
0
0
0
0
0
0
0
0
0
0
0
0
0
0
0
0
0
0
0
0
0
0
0
0
0
0
0
0
0
0
0
0
0
0
0
0
0
0
0
0
0
0
0
0
0
0
0
0
0
0
0
0
0
0
0
0
0
0
0
0
0
0
0
0
0
0
0
0
0
0
0
0
0
0
0
0
0
0
0
0
0
0
0
0
0
0
0
0
0
0
0
0
0
0
0
0
0
0
0
0
0
0
0
0
0
0
0
0
0
1.4822e-323
1.04248e-321
3.86508e-320
1.41191e-318
5.14205e-317
1.86798e-315
6.76886e-314
2.44657e-312
8.82054e-311
3.17191e-309
1.1377e-307
4.07017e-306
1.45233e-304
5.16874e-303
1.83468e-301
6.49516e-300
2.29331e-298
8.07562e-297
2.8361e-295
9.93329e-294
3.46964e-292
1.20862e-290
4.19855e-289
1.45449e-287
5.02474e-286
1.73103e-284
5.94665e-283
2.03711e-281
6.95858e-280
2.3702e-278
8.05011e-277
2.72622e-275
9.20573e-274
3.09944e-272
1.04047e-270
3.48252e-269
1.16215e-267
3.86661e-266
1.28259e-264
4.24162e-263
1.39846e-261
4.5966e-260
1.5062e-258
4.92019e-257
1.60222e-255
5.20116e-254
1.68308e-252
5.42908e-251
1.74566e-249
5.59491e-248
1.78739e-246
5.69155e-245
1.80641e-243
5.71438e-242
1.80168e-240
5.66155e-239
1.77309e-237
5.53423e-236
1.72148e-234
5.33654e-233
1.64861e-231
5.07534e-230
1.55702e-228
4.75988e-227
1.44997e-225
4.40122e-224
1.33115e-222
4.01156e-221
1.20453e-219
3.60358e-218
1.07411e-216
3.1897e-215
9.43688e-214
2.78146e-212
8.16719e-211
2.389e-209
6.9613e-208
2.02062e-206
5.84237e-205
1.68263e-203
4.82697e-202
1.37921e-200
3.92509e-199
1.11254e-197
3.14063e-196
8.82957e-195
2.47214e-193
6.8929e-192
1.91388e-190
5.29173e-189
1.45692e-187
3.9941e-186
1.09026e-184
2.96316e-183
8.01829e-182
2.1602e-180
5.79401e-179
1.54711e-177
4.11248e-176
1.08821e-174
2.86639e-173
7.51541e-172
1.96133e-170
5.09462e-169
1.31711e-167
3.38894e-166
8.67801e-165
2.21144e-163
5.60804e-162
1.41518e-160
3.55351e-159
8.87836e-158
2.20708e-156
5.45879e-155
1.34322e-153
3.28817e-152
8.00751e-151
1.9398e-149
4.67426e-148
1.12033e-146
2.67077e-145
6.33232e-144
1.49316e-142
3.5014e-141
8.16492e-140
1.89327e-138
4.36519e-137
1.00069e-135
2.28077e-134
5.16802e-133
1.16414e-131
2.60674e-130
5.80204e-129
1.2836e-127
2.82238e-126
6.16761e-125
1.33939e-123
2.89041e-122
6.19793e-121
1.32051e-119
2.79524e-118
5.87826e-117
1.22801e-115
2.5483e-114
5.25247e-113
1.07526e-111
2.18608e-110
4.41361e-109
8.84836e-108
1.76133e-106
3.48094e-105
6.82959e-104
1.33015e-102
2.57148e-101
4.93405e-100
9.39564e-99
1.77548e-97
3.32914e-96
6.19354e-95
1.14313e-93
2.09299e-92
3.80108e-91
6.84663e-90
1.22302e-88
2.16638e-87
3.80482e-86
6.62506e-85
1.14355e-83
1.9565e-82
3.31757e-81
5.57476e-80
9.2821e-79
1.5312e-77
2.50222e-76
4.05023e-75
6.49286e-74
1.03072e-72
1.62006e-71
2.5209e-70
3.88284e-69
5.91904e-68
8.92893e-67
1.33269e-65
1.96775e-64
2.87382e-63
4.15073e-62
5.9278e-61
8.36939e-60
1.16802e-58
1.61094e-57
2.19538e-56
2.95566e-55
3.93033e-54
5.16117e-53
6.69148e-52
8.56363e-51
1.08159e-49
1.34783e-48
1.65683e-47
2.00856e-46
2.40078e-45
2.82857e-44
3.28408e-43
3.75645e-42
4.23189e-41
4.69417e-40
5.12531e-39
5.50661e-38
5.81982e-37
6.04856e-36
6.17961e-35
6.20412e-34
6.11854e-33
5.9251e-32
5.6318e-31
5.25197e-30
4.80319e-29
4.30597e-28
3.78218e-27
3.25331e-26
2.73904e-25
2.25592e-24
1.81659e-23
1.42935e-22
1.09825e-21
8.2349e-21
6.02162e-20
4.29095e-19
2.97748e-18
2.01026e-17
1.31946e-16
8.41184e-16
5.20392e-15
3.1209e-14
1.8125e-13
1.01821e-12
5.52634e-12
2.89418e-11
1.46053e-10
7.09197e-10
3.3084e-09
1.48029e-08
6.34138e-08
2.59598e-07
1.01348e-06
3.76511e-06
1.32792e-05
4.43518e-05
0.000139905
0.000415635
0.00115943
0.00302745
0.00737603
0.0167144
0.0351199
0.0682368
0.122338
0.202153
0.307969
0.43352
0.56648
0.692031
0.797847
0.877662
0.931763
0.96488
0.983286
0.992624
0.996973
0.998841
0.999584
0.99986
0.999956
0.999987
0.999996
0.999999
1
1
1
1
1
1
1
1
1
1
1
1
1
1
1
1
1
1
1
1
1
1
1
1
1
1
1
1
1
1
1
1
1
1
1
1
1
1
1
1
1
1
1
1
1
1
1
1
1
1
1
1
1
1
1
1
1
1
1
1
1
1
1
1
1
1
1
1
0.999999
0.999996
0.999987
0.999956
0.99986
0.999584
0.998841
0.996973
0.992624
0.983286
0.96488
0.931763
0.877662
0.797847
0.692031
0.56648
0.43352
0.307969
0.202153
0.122338
0.0682368
0.0351199
0.0167144
0.00737603
0.00302745
0.00115943
0.000415635
0.000139905
4.43518e-05
1.32792e-05
3.76511e-06
1.01348e-06
2.59598e-07
6.34138e-08
1.48029e-08
3.3084e-09
7.09197e-10
1.46053e-10
2.89418e-11
5.52634e-12
1.01821e-12
1.8125e-13
3.1209e-14
5.20392e-15
8.41184e-16
1.31946e-16
2.01026e-17
2.97748e-18
4.29095e-19
6.02162e-20
8.2349e-21
1.09825e-21
1.42935e-22
1.81659e-23
2.25592e-24
2.73904e-25
3.25331e-26
3.78218e-27
4.30597e-28
4.80319e-29
5.25197e-30
5.6318e-31
5.9251e-32
6.11854e-33
6.20412e-34
6.17961e-35
6.04856e-36
5.81982e-37
5.50661e-38
5.12531e-39
4.69417e-40
4.23189e-41
3.75645e-42
3.28408e-43
2.82857e-44
2.40078e-45
2.00856e-46
1.65683e-47
1.34783e-48
1.08159e-49
8.56363e-51
6.69148e-52
5.16117e-53
3.93033e-54
2.95566e-55
2.19538e-56
1.61094e-57
1.16802e-58
8.36939e-60
5.9278e-61
4.15073e-62
2.87382e-63
1.96775e-64
1.33269e-65
8.92893e-67
5.91904e-68
3.88284e-69
2.5209e-70
1.62006e-71
1.03072e-72
6.49286e-74
4.05023e-75
2.50222e-76
1.5312e-77
9.2821e-79
5.57476e-80
3.31757e-81
1.9565e-82
1.14355e-83
6.62506e-85
3.80482e-86
2.16638e-87
1.22302e-88
6.84663e-90
3.80108e-91
2.09299e-92
1.14313e-93
6.19354e-95
3.32914e-96
1.77548e-97
9.39564e-99
4.93405e-100
2.57148e-101
1.33015e-102
6.82959e-104
3.48094e-105
1.76133e-106
8.84836e-108
4.41361e-109
2.18608e-110
1.07526e-111
5.25247e-113
2.5483e-114
1.22801e-115
5.87826e-117
2.79524e-118
1.32051e-119
6.19793e-121
2.89041e-122
1.33939e-123
6.16761e-125
2.82238e-126
1.2836e-127
5.80204e-129
2.60674e-130
1.16414e-131
5.16802e-133
2.28077e-134
1.00069e-135
4.36519e-137
1.89327e-138
8.16492e-140
3.5014e-141
1.49316e-142
6.33232e-144
2.67077e-145
1.12033e-146
4.67426e-148
1.9398e-149
8.00751e-151
3.28817e-152
1.34322e-153
5.45879e-155
2.20708e-156
8.87836e-158
3.55351e-159
1.41518e-160
5.60804e-162
2.21144e-163
8.67801e-165
3.38894e-166
1.31711e-167
5.09462e-169
1.96133e-170
7.51541e-172
2.86639e-173
1.08821e-174
4.11248e-176
1.54711e-177
5.79401e-179
2.1602e-180
8.01829e-182
2.96316e-183
1.09026e-184
3.9941e-186
1.45692e-187
5.29173e-189
1.91388e-190
6.8929e-192
2.47214e-193
8.82957e-195
3.14063e-196
1.11254e-197
3.92509e-199
1.37921e-200
4.82697e-202
1.68263e-203
5.84237e-205
2.02062e-206
6.9613e-208
2.389e-209
8.16719e-211
2.78146e-212
9.43688e-214
3.1897e-215
1.07411e-216
3.60358e-218
1.20453e-219
4.01156e-221
1.33115e-222
4.40122e-224
1.44997e-225
4.75988e-227
1.55702e-228
5.07534e-230
1.64861e-231
5.33654e-233
1.72148e-234
5.53423e-236
1.77309e-237
5.66155e-239
1.80168e-240
5.71438e-242
1.80641e-243
5.69155e-245
1.78739e-246
5.59491e-248
1.74566e-249
5.42908e-251
1.68308e-252
5.20116e-254
1.60222e-255
4.92019e-257
1.5062e-258
4.5966e-260
1.39846e-261
4.24162e-263
1.28259e-264
3.86661e-266
1.16215e-267
3.48252e-269
1.04047e-270
3.09944e-272
9.20573e-274
2.72622e-275
8.05011e-277
2.3702e-278
6.95858e-280
2.03711e-281
5.94665e-283
1.73103e-284
5.02474e-286
1.45449e-287
4.19855e-289
1.20862e-290
3.46964e-292
9.93329e-294
2.8361e-295
8.07562e-297
2.29331e-298
6.49516e-300
1.83468e-301
5.16874e-303
1.45233e-304
4.07017e-306
1.1377e-307
3.17191e-309
8.82054e-311
2.44657e-312
6.76886e-314
1.86798e-315
5.14205e-317
1.41191e-318
3.86508e-320
1.04248e-321
1.4822e-323
0
0
0
0
0
0
0
0
0
0
0
0
0
0
0
0
0
0
0
0
0
0
0
0
0
0
0
0
0
0
0
0
0
0
0
0
0
0
0
0
0
0
0
0
0
0
0
0
0
0
0
0
0
0
0
0
0
0
0
0
0
0
0
0
0
0
0
0
0
0
0
0
0
0
0
0
0
0
0
0
0
0
0
0
0
0
0
0
0
0
0
0
0
0
0
0
0
0
0
0
0
0
0
0
0
0
0
0
0
0
0
0
0
0
0
0
0
0
0
0
0
0
0
0
0
0
0
0
0
0
0
0
0
0
0
0
0
0
0
0
0
0
0
0
0
0
0
0
0
0
0
0
0
0
0
0
0
0
0
0
0
0
0
0
0
0
0
0
0
0
0
0
0
0
0
0
0
0
0
0
0
0
0
0
0
0
0
0
0
0
)
;

boundaryField
{
    sides
    {
        type            zeroGradient;
    }
    empty
    {
        type            empty;
    }
}


// ************************************************************************* //
