/*--------------------------------*- C++ -*----------------------------------*\
  =========                 |
  \\      /  F ield         | OpenFOAM: The Open Source CFD Toolbox
   \\    /   O peration     | Website:  https://openfoam.org
    \\  /    A nd           | Version:  7
     \\/     M anipulation  |
\*---------------------------------------------------------------------------*/
FoamFile
{
    version     2.0;
    format      ascii;
    class       volScalarField;
    location    "4.02";
    object      T;
}
// * * * * * * * * * * * * * * * * * * * * * * * * * * * * * * * * * * * * * //

dimensions      [0 0 0 1 0 0 0];

internalField   nonuniform List<scalar> 
1000
(
8.30657e-50
9.93092e-50
1.3493e-49
1.96792e-49
2.96794e-49
4.54126e-49
6.989e-49
1.07783e-48
1.66304e-48
2.56558e-48
3.95618e-48
6.09715e-48
9.39109e-48
1.44556e-47
2.22372e-47
3.41859e-47
5.25215e-47
8.06396e-47
1.23732e-46
1.89729e-46
2.9074e-46
4.45242e-46
6.81404e-46
1.04215e-45
1.59285e-45
2.43297e-45
3.71376e-45
5.66508e-45
8.63602e-45
1.31563e-44
2.00295e-44
3.04733e-44
4.63319e-44
7.03968e-44
1.0689e-43
1.62193e-43
2.45945e-43
3.72694e-43
5.64387e-43
8.541e-43
1.29166e-42
1.95207e-42
2.94815e-42
4.44949e-42
6.71081e-42
1.01145e-41
1.52342e-41
2.29296e-41
3.44888e-41
5.18395e-41
7.78655e-41
1.16878e-40
1.75314e-40
2.62787e-40
3.93631e-40
5.89215e-40
8.81365e-40
1.31745e-39
1.96794e-39
2.93754e-39
4.3818e-39
6.53154e-39
9.72911e-39
1.44819e-38
2.15411e-38
3.20188e-38
4.75591e-38
7.05916e-38
1.04704e-37
1.5519e-37
2.29854e-37
3.40197e-37
5.03148e-37
7.43616e-37
1.09822e-36
1.62074e-36
2.39015e-36
3.52226e-36
5.18683e-36
7.63248e-36
1.12231e-35
1.64908e-35
2.42131e-35
3.55257e-35
5.20851e-35
7.6307e-35
1.11711e-34
1.63419e-34
2.38885e-34
3.4894e-34
5.09319e-34
7.42856e-34
1.08266e-33
1.57673e-33
2.29454e-33
3.33661e-33
4.84829e-33
7.03953e-33
1.02134e-32
1.48069e-32
2.14501e-32
3.10502e-32
4.49125e-32
6.49139e-32
9.37508e-32
1.35294e-31
1.95096e-31
2.81114e-31
4.04744e-31
5.82295e-31
8.37081e-31
1.20242e-30
1.72585e-30
2.47521e-30
3.54717e-30
5.07939e-30
7.26774e-30
1.03907e-29
1.48439e-29
2.11889e-29
3.02222e-29
4.30722e-29
6.13371e-29
8.72778e-29
1.2409e-28
1.76288e-28
2.50243e-28
3.54936e-28
5.03025e-28
7.12327e-28
1.0079e-27
1.42497e-27
2.01298e-27
2.84133e-27
4.00727e-27
5.64706e-27
7.95135e-27
1.11867e-26
1.57257e-26
2.20881e-26
3.09991e-26
4.34691e-26
6.09051e-26
8.52642e-26
1.19267e-25
1.6669e-25
2.32776e-25
3.2479e-25
4.52798e-25
6.30728e-25
8.77839e-25
1.22073e-24
1.69614e-24
2.35469e-24
3.26618e-24
4.52664e-24
6.26821e-24
8.67243e-24
1.19886e-23
1.65585e-23
2.2851e-23
3.15075e-23
4.3406e-23
5.97464e-23
8.21672e-23
1.12904e-22
1.55004e-22
2.12618e-22
2.91393e-22
3.99006e-22
5.45885e-22
7.46176e-22
1.01906e-21
1.39053e-21
1.89573e-21
2.58219e-21
3.51413e-21
4.77818e-21
6.49115e-21
8.81039e-21
1.19476e-20
1.61876e-20
2.19125e-20
2.96357e-20
4.0045e-20
5.40618e-20
7.29192e-20
9.82657e-20
1.32303e-19
1.77969e-19
2.39179e-19
3.21151e-19
4.30823e-19
5.77422e-19
7.73197e-19
1.0344e-18
1.38258e-18
1.84626e-18
2.46318e-18
3.2832e-18
4.37219e-18
5.81698e-18
7.73204e-18
1.0268e-17
1.36231e-17
1.80576e-17
2.39132e-17
3.16381e-17
4.18192e-17
5.52247e-17
7.28589e-17
9.60335e-17
1.2646e-16
1.66369e-16
2.18666e-16
2.87129e-16
3.7667e-16
4.93663e-16
6.46378e-16
8.45528e-16
1.10498e-15
1.44265e-15
1.88172e-15
2.45205e-15
3.19216e-15
4.15166e-15
5.39435e-15
7.00221e-15
9.08051e-15
1.17642e-14
1.52263e-14
1.9688e-14
2.54322e-14
3.28203e-14
4.23131e-14
5.44982e-14
7.01232e-14
9.01392e-14
1.15754e-13
1.48502e-13
1.90326e-13
2.43687e-13
3.117e-13
3.98299e-13
5.0845e-13
6.48418e-13
8.26092e-13
1.0514e-12
1.33681e-12
1.698e-12
2.15461e-12
2.73126e-12
3.45875e-12
4.37559e-12
5.52988e-12
6.98159e-12
8.80547e-12
1.10946e-11
1.39645e-11
1.75589e-11
2.20561e-11
2.76767e-11
3.46942e-11
4.34464e-11
5.43506e-11
6.79218e-11
8.47945e-11
1.05749e-10
1.31747e-10
1.63966e-10
2.03853e-10
2.53181e-10
3.14119e-10
3.89319e-10
4.82021e-10
5.96175e-10
7.36593e-10
9.09135e-10
1.12092e-09
1.38059e-09
1.69864e-09
2.08776e-09
2.56333e-09
3.14391e-09
3.85192e-09
4.71441e-09
5.76391e-09
7.0396e-09
8.58853e-09
1.04672e-08
1.27432e-08
1.54976e-08
1.88274e-08
2.28482e-08
2.76981e-08
3.35417e-08
4.05747e-08
4.90298e-08
5.91834e-08
7.13631e-08
8.59569e-08
1.03424e-07
1.24306e-07
1.49245e-07
1.78992e-07
2.14438e-07
2.56626e-07
3.06781e-07
3.66341e-07
4.36991e-07
5.20701e-07
6.19772e-07
7.36892e-07
8.75192e-07
1.03832e-06
1.2305e-06
1.45667e-06
1.72253e-06
2.03468e-06
2.40078e-06
2.82964e-06
3.33147e-06
3.91799e-06
4.60273e-06
5.4012e-06
6.33122e-06
7.41323e-06
8.67061e-06
1.01301e-05
1.18222e-05
1.37818e-05
1.60485e-05
1.86673e-05
2.16895e-05
2.51732e-05
2.91842e-05
3.37968e-05
3.90952e-05
4.51742e-05
5.21405e-05
6.01146e-05
6.92313e-05
7.96423e-05
9.15173e-05
0.000105046
0.000120441
0.000137939
0.000157804
0.000180329
0.000205841
0.0002347
0.000267309
0.000304109
0.000345592
0.000392296
0.000444817
0.000503809
0.00056999
0.000644148
0.000727145
0.000819924
0.000923514
0.00103904
0.00116771
0.00131086
0.00146992
0.00164646
0.00184215
0.00205882
0.00229842
0.00256306
0.002855
0.00317667
0.00353068
0.0039198
0.00434699
0.00481542
0.00532843
0.0058896
0.0065027
0.00717171
0.00790086
0.00869457
0.00955752
0.0104946
0.0115109
0.0126119
0.0138031
0.0150902
0.0164795
0.017977
0.0195894
0.0213232
0.0231853
0.0251828
0.0273229
0.0296129
0.0320603
0.0346728
0.037458
0.0404238
0.0435778
0.046928
0.0504821
0.0542479
0.0582331
0.0624453
0.0668918
0.07158
0.0765169
0.0817091
0.0871633
0.0928854
0.0988811
0.105156
0.111715
0.118561
0.1257
0.133134
0.140866
0.148897
0.15723
0.165864
0.174799
0.184034
0.193568
0.203398
0.21352
0.22393
0.234623
0.245593
0.256834
0.268336
0.280092
0.292093
0.304328
0.316785
0.329454
0.342321
0.355374
0.368598
0.381979
0.395502
0.409151
0.422909
0.43676
0.450688
0.464674
0.478701
0.492752
0.506808
0.520851
0.534864
0.548829
0.562727
0.576541
0.590254
0.603848
0.617307
0.630614
0.643754
0.65671
0.669468
0.682013
0.694332
0.706412
0.71824
0.729803
0.741092
0.752094
0.762802
0.773205
0.783295
0.793064
0.802506
0.811613
0.820381
0.828804
0.836877
0.844597
0.85196
0.858963
0.865604
0.87188
0.87779
0.883332
0.888506
0.893311
0.897746
0.901811
0.905506
0.90883
0.911785
0.914369
0.916584
0.918429
0.919905
0.921012
0.921749
0.922118
0.922118
0.921749
0.921012
0.919905
0.918429
0.916584
0.914369
0.911785
0.90883
0.905506
0.901811
0.897746
0.893311
0.888506
0.883332
0.87779
0.87188
0.865604
0.858963
0.85196
0.844597
0.836877
0.828804
0.820381
0.811613
0.802506
0.793064
0.783295
0.773205
0.762802
0.752094
0.741092
0.729803
0.71824
0.706412
0.694332
0.682013
0.669468
0.65671
0.643754
0.630614
0.617307
0.603848
0.590254
0.576541
0.562727
0.548829
0.534864
0.520851
0.506808
0.492752
0.478701
0.464674
0.450688
0.43676
0.422909
0.409151
0.395502
0.381979
0.368598
0.355374
0.342321
0.329454
0.316785
0.304328
0.292093
0.280092
0.268336
0.256834
0.245593
0.234623
0.22393
0.21352
0.203398
0.193568
0.184034
0.174799
0.165864
0.15723
0.148897
0.140866
0.133134
0.1257
0.118561
0.111715
0.105156
0.0988811
0.0928854
0.0871633
0.0817091
0.0765169
0.07158
0.0668918
0.0624453
0.0582331
0.0542479
0.0504821
0.046928
0.0435778
0.0404238
0.037458
0.0346728
0.0320603
0.0296129
0.0273229
0.0251828
0.0231853
0.0213232
0.0195894
0.017977
0.0164795
0.0150902
0.0138031
0.0126119
0.0115109
0.0104946
0.00955752
0.00869457
0.00790086
0.00717171
0.0065027
0.0058896
0.00532843
0.00481542
0.00434699
0.0039198
0.00353068
0.00317667
0.002855
0.00256306
0.00229842
0.00205882
0.00184215
0.00164646
0.00146992
0.00131086
0.00116771
0.00103904
0.000923514
0.000819924
0.000727145
0.000644148
0.00056999
0.000503809
0.000444817
0.000392296
0.000345592
0.000304109
0.000267309
0.0002347
0.000205841
0.000180329
0.000157804
0.000137939
0.000120441
0.000105046
9.15173e-05
7.96423e-05
6.92313e-05
6.01146e-05
5.21405e-05
4.51742e-05
3.90952e-05
3.37968e-05
2.91842e-05
2.51732e-05
2.16895e-05
1.86673e-05
1.60485e-05
1.37818e-05
1.18222e-05
1.01301e-05
8.67061e-06
7.41323e-06
6.33122e-06
5.4012e-06
4.60273e-06
3.91799e-06
3.33147e-06
2.82964e-06
2.40078e-06
2.03468e-06
1.72253e-06
1.45667e-06
1.2305e-06
1.03832e-06
8.75192e-07
7.36892e-07
6.19772e-07
5.20701e-07
4.36991e-07
3.66341e-07
3.06781e-07
2.56626e-07
2.14438e-07
1.78992e-07
1.49245e-07
1.24306e-07
1.03424e-07
8.59569e-08
7.13631e-08
5.91834e-08
4.90298e-08
4.05747e-08
3.35417e-08
2.76981e-08
2.28482e-08
1.88274e-08
1.54976e-08
1.27432e-08
1.04672e-08
8.58853e-09
7.0396e-09
5.76391e-09
4.71441e-09
3.85192e-09
3.14391e-09
2.56333e-09
2.08776e-09
1.69864e-09
1.38059e-09
1.12092e-09
9.09135e-10
7.36593e-10
5.96175e-10
4.82021e-10
3.89319e-10
3.14119e-10
2.53181e-10
2.03853e-10
1.63966e-10
1.31747e-10
1.05749e-10
8.47945e-11
6.79218e-11
5.43506e-11
4.34464e-11
3.46942e-11
2.76767e-11
2.20561e-11
1.75589e-11
1.39645e-11
1.10946e-11
8.80547e-12
6.98159e-12
5.52988e-12
4.37559e-12
3.45875e-12
2.73126e-12
2.15461e-12
1.698e-12
1.33681e-12
1.0514e-12
8.26092e-13
6.48418e-13
5.0845e-13
3.98299e-13
3.117e-13
2.43687e-13
1.90326e-13
1.48502e-13
1.15754e-13
9.01392e-14
7.01232e-14
5.44982e-14
4.23131e-14
3.28203e-14
2.54322e-14
1.9688e-14
1.52263e-14
1.17642e-14
9.08051e-15
7.00221e-15
5.39435e-15
4.15166e-15
3.19216e-15
2.45205e-15
1.88172e-15
1.44265e-15
1.10498e-15
8.45528e-16
6.46378e-16
4.93663e-16
3.7667e-16
2.87129e-16
2.18666e-16
1.66369e-16
1.2646e-16
9.60335e-17
7.28589e-17
5.52247e-17
4.18192e-17
3.16381e-17
2.39132e-17
1.80576e-17
1.36231e-17
1.0268e-17
7.73204e-18
5.81698e-18
4.37219e-18
3.2832e-18
2.46318e-18
1.84626e-18
1.38258e-18
1.0344e-18
7.73197e-19
5.77422e-19
4.30823e-19
3.21151e-19
2.39179e-19
1.77969e-19
1.32303e-19
9.82657e-20
7.29192e-20
5.40618e-20
4.0045e-20
2.96357e-20
2.19125e-20
1.61876e-20
1.19476e-20
8.81039e-21
6.49115e-21
4.77818e-21
3.51413e-21
2.58219e-21
1.89573e-21
1.39053e-21
1.01906e-21
7.46176e-22
5.45885e-22
3.99006e-22
2.91393e-22
2.12618e-22
1.55004e-22
1.12904e-22
8.21672e-23
5.97464e-23
4.3406e-23
3.15075e-23
2.2851e-23
1.65585e-23
1.19886e-23
8.67243e-24
6.26821e-24
4.52664e-24
3.26618e-24
2.35469e-24
1.69614e-24
1.22073e-24
8.77839e-25
6.30728e-25
4.52798e-25
3.2479e-25
2.32776e-25
1.6669e-25
1.19267e-25
8.52642e-26
6.09051e-26
4.34691e-26
3.09991e-26
2.20881e-26
1.57257e-26
1.11867e-26
7.95135e-27
5.64706e-27
4.00727e-27
2.84133e-27
2.01298e-27
1.42497e-27
1.0079e-27
7.12327e-28
5.03025e-28
3.54936e-28
2.50243e-28
1.76288e-28
1.2409e-28
8.72778e-29
6.13371e-29
4.30722e-29
3.02222e-29
2.11889e-29
1.48439e-29
1.03907e-29
7.26774e-30
5.07939e-30
3.54717e-30
2.47521e-30
1.72585e-30
1.20242e-30
8.37081e-31
5.82295e-31
4.04744e-31
2.81114e-31
1.95096e-31
1.35294e-31
9.37508e-32
6.49139e-32
4.49125e-32
3.10502e-32
2.14501e-32
1.48069e-32
1.02134e-32
7.03953e-33
4.84829e-33
3.33661e-33
2.29454e-33
1.57673e-33
1.08266e-33
7.42856e-34
5.09319e-34
3.4894e-34
2.38885e-34
1.63419e-34
1.11711e-34
7.6307e-35
5.20851e-35
3.55257e-35
2.42131e-35
1.64908e-35
1.12231e-35
7.63248e-36
5.18683e-36
3.52226e-36
2.39015e-36
1.62074e-36
1.09822e-36
7.43616e-37
5.03148e-37
3.40197e-37
2.29854e-37
1.5519e-37
1.04704e-37
7.05916e-38
4.75591e-38
3.20188e-38
2.15411e-38
1.44819e-38
9.72911e-39
6.53154e-39
4.3818e-39
2.93754e-39
1.96794e-39
1.31745e-39
8.81365e-40
5.89215e-40
3.93631e-40
2.62787e-40
1.75314e-40
1.16878e-40
7.78655e-41
5.18395e-41
3.44888e-41
2.29296e-41
1.52342e-41
1.01145e-41
6.71081e-42
4.44949e-42
2.94815e-42
1.95207e-42
1.29166e-42
8.541e-43
5.64387e-43
3.72694e-43
2.45945e-43
1.62193e-43
1.0689e-43
7.03968e-44
4.63319e-44
3.04733e-44
2.00295e-44
1.31563e-44
8.63602e-45
5.66508e-45
3.71376e-45
2.43297e-45
1.59285e-45
1.04215e-45
6.81404e-46
4.45242e-46
2.9074e-46
1.89729e-46
1.23732e-46
8.06396e-47
5.25215e-47
3.41859e-47
2.22372e-47
1.44556e-47
9.39109e-48
6.09715e-48
3.95618e-48
2.56558e-48
1.66304e-48
1.07783e-48
6.989e-49
4.54126e-49
2.96794e-49
1.96792e-49
1.3493e-49
9.93092e-50
8.30657e-50
)
;

boundaryField
{
    sides
    {
        type            zeroGradient;
    }
    empty
    {
        type            empty;
    }
}


// ************************************************************************* //
