/*--------------------------------*- C++ -*----------------------------------*\
  =========                 |
  \\      /  F ield         | OpenFOAM: The Open Source CFD Toolbox
   \\    /   O peration     | Website:  https://openfoam.org
    \\  /    A nd           | Version:  7
     \\/     M anipulation  |
\*---------------------------------------------------------------------------*/
FoamFile
{
    version     2.0;
    format      ascii;
    class       volScalarField;
    location    "3.39";
    object      T;
}
// * * * * * * * * * * * * * * * * * * * * * * * * * * * * * * * * * * * * * //

dimensions      [0 0 0 1 0 0 0];

internalField   nonuniform List<scalar> 
1000
(
0
0
0
0
0
0
0
0
0
0
0
0
0
0
0
0
0
0
0
0
0
0
0
0
0
0
0
0
0
0
0
0
0
0
0
0
0
0
0
0
0
0
0
0
0
0
0
0
0
0
0
0
0
0
0
0
0
0
0
0
0
0
0
0
0
0
0
0
0
0
0
0
0
0
0
0
0
0
0
0
0
0
0
0
0
0
0
0
0
0
0
0
0
0
0
0
0
0
0
0
0
-2.96439e-323
-4.15015e-322
1.34139e-320
5.78388e-319
-4.02476e-318
-5.88924e-316
-4.13793e-315
4.89087e-313
9.76465e-312
-3.35819e-310
-1.26694e-308
1.75363e-307
1.33399e-305
-3.64882e-305
-1.25172e-302
-6.8267e-302
1.09125e-299
1.37806e-298
-9.07163e-297
-1.77276e-295
7.34461e-294
1.94038e-292
-5.91427e-291
-1.95168e-289
4.84411e-288
1.8628e-286
-4.12409e-285
-1.71214e-283
3.70463e-282
1.52214e-280
-3.51757e-279
-1.30322e-277
3.48648e-276
1.05843e-274
-3.53027e-273
-7.8816e-272
3.56423e-270
4.94922e-269
-3.50238e-267
-1.87717e-266
3.2645e-264
-1.14398e-263
-2.79039e-261
3.80926e-260
2.06122e-258
-5.72538e-257
-1.12346e-255
6.49466e-254
1.05149e-253
-5.86064e-251
7.91487e-250
3.88549e-248
-1.3367e-246
-1.08082e-245
1.36211e-243
-1.62471e-242
-8.66635e-241
3.17812e-239
7.91813e-239
-2.9262e-236
5.96823e-235
1.12164e-233
-7.87229e-232
1.01381e-230
4.13046e-229
-1.97466e-227
1.91257e-226
1.14342e-224
-4.97532e-223
5.23904e-222
2.60578e-220
-1.27255e-218
1.94946e-217
4.21408e-216
-3.09197e-214
7.35779e-213
-6.41281e-213
-5.92512e-210
2.30099e-208
-3.99436e-207
-3.27079e-206
4.64586e-204
-1.66097e-202
3.2224e-201
-3.09818e-201
-2.51223e-198
1.16459e-196
-3.33709e-195
6.27056e-194
-3.08993e-193
-3.56902e-191
2.04219e-189
-7.57638e-188
2.31179e-186
-6.22281e-185
1.5253e-183
-3.46529e-182
7.37886e-181
-1.484e-179
2.83465e-178
-5.16447e-177
9.00456e-176
-1.50652e-174
2.42397e-173
-3.75772e-172
5.62143e-171
-8.12609e-170
1.13642e-168
-1.53906e-167
2.02035e-166
-2.57271e-165
3.18019e-164
-3.81841e-163
4.45572e-162
-5.05559e-161
5.57998e-160
-5.99334e-159
6.26653e-158
-6.38025e-157
6.32723e-156
-6.11295e-155
5.75484e-154
-5.27992e-153
4.72158e-152
-4.1158e-151
3.49748e-150
-2.89737e-149
2.33992e-148
-1.84218e-147
1.41374e-146
-1.05748e-145
7.70868e-145
-5.47544e-144
3.78875e-143
-2.55328e-142
1.67529e-141
-1.06982e-140
6.64626e-140
-4.01483e-139
2.35681e-138
-1.34354e-137
7.4318e-137
-3.98509e-136
2.06914e-135
-1.03886e-134
5.03529e-134
-2.35126e-133
1.05504e-132
-4.53415e-132
1.85806e-131
-7.21612e-131
2.63222e-130
-8.89057e-130
2.71109e-129
-7.07323e-129
1.34343e-128
-2.33615e-129
-1.41315e-127
8.98455e-127
-3.85564e-126
1.29957e-125
-3.38242e-125
5.36792e-125
6.10557e-125
-9.25707e-124
4.51209e-123
-1.50141e-122
3.40919e-122
-2.62909e-122
-2.1233e-121
1.37247e-120
-4.8941e-120
1.10168e-119
-6.41909e-120
-7.66687e-119
4.34435e-118
-1.33886e-117
2.16399e-117
2.61574e-117
-3.23299e-116
1.22011e-115
-2.46464e-115
-3.06446e-116
2.36808e-114
-9.86991e-114
2.05988e-113
1.37575e-114
-1.86168e-112
7.42882e-112
-1.3666e-111
-9.5818e-112
1.53102e-110
-5.06913e-110
6.41893e-110
1.79625e-109
-1.18779e-108
2.85065e-108
-6.18504e-109
-2.06452e-107
7.68094e-107
-1.0104e-106
-2.58555e-106
1.64761e-105
-3.43497e-105
-1.43513e-105
3.06415e-104
-8.59419e-104
3.8704e-104
5.18165e-103
-1.85258e-102
1.74339e-102
8.29766e-102
-3.65941e-101
4.53282e-101
1.31675e-100
-6.84463e-100
9.532e-100
2.17533e-99
-1.23424e-98
1.74555e-98
3.87024e-98
-2.15998e-97
2.822e-97
7.38176e-97
-3.65577e-96
3.92068e-96
1.45259e-95
-5.90662e-95
4.19819e-95
2.81608e-94
-8.90285e-94
1.75551e-94
5.17714e-93
-1.20469e-92
-6.76378e-93
8.75178e-92
-1.35548e-91
-2.58709e-91
1.31761e-90
-9.92923e-91
-5.91274e-90
1.68279e-89
3.72247e-90
-1.04238e-88
1.62876e-88
3.13263e-88
-1.46105e-87
6.84128e-88
7.06947e-87
-1.52743e-86
-1.48387e-86
1.07283e-85
-8.36179e-86
-4.56962e-85
1.12804e-84
8.13347e-85
-7.17538e-84
5.72639e-84
2.99332e-83
-7.02484e-83
-6.30231e-83
4.44653e-82
-2.39738e-82
-1.97283e-81
3.61623e-81
5.64411e-81
-2.47116e-80
7.58613e-83
1.22316e-79
-1.33966e-79
-4.55527e-79
1.12723e-78
1.05291e-78
-6.46759e-78
1.26118e-78
2.95247e-77
-3.33096e-77
-1.08507e-76
2.51025e-76
2.88035e-76
-1.39864e-75
-1.83236e-76
6.52206e-75
-4.18733e-75
-2.62652e-74
3.78324e-74
9.03755e-74
-2.2935e-73
-2.46273e-73
1.16244e-72
3.51708e-73
-5.24509e-72
1.52159e-72
2.16114e-71
-1.81097e-71
-8.21358e-71
1.17166e-70
2.87949e-70
-6.19948e-70
-9.20589e-70
2.93957e-69
2.59541e-69
-1.29642e-68
-5.82771e-69
5.42414e-68
5.79158e-69
-2.17997e-67
3.95014e-68
8.49131e-67
-3.66978e-67
-3.2281e-66
2.11287e-66
1.20489e-65
-1.02509e-65
-4.4387e-65
4.52498e-65
1.62142e-64
-1.8747e-64
-5.89686e-64
7.40189e-64
2.14202e-63
-2.80737e-63
-7.78821e-63
1.02657e-62
2.83694e-62
-3.62093e-62
-1.03482e-61
1.22879e-61
3.77329e-61
-3.98644e-61
-1.37149e-60
1.22096e-60
4.95079e-60
-3.44382e-60
-1.76722e-59
8.44862e-60
6.20759e-59
-1.4938e-59
-2.13405e-58
-3.65567e-60
7.13487e-58
2.14222e-58
-2.30179e-57
-1.42828e-57
7.08996e-57
7.10224e-57
-2.05183e-56
-3.06448e-56
5.42338e-56
1.20093e-55
-1.23059e-55
-4.34622e-55
1.95458e-55
1.45799e-54
7.906e-56
-4.50864e-54
-2.51142e-54
1.26364e-53
1.44315e-53
-3.08414e-53
-6.12216e-53
5.85787e-53
2.19315e-52
-4.47202e-53
-6.84274e-52
-2.95516e-52
1.84228e-51
2.0777e-51
-4.03612e-51
-8.83427e-51
5.64963e-51
2.96594e-50
5.00628e-51
-8.17731e-50
-7.53598e-50
1.76407e-49
3.50535e-49
-2.24711e-49
-1.16818e-48
-3.15073e-49
3.00971e-48
3.39284e-48
-5.47686e-48
-1.4094e-47
2.77561e-48
4.11155e-47
2.93376e-47
-8.5185e-47
-1.58122e-46
8.22127e-47
5.03214e-46
2.62365e-46
-1.08859e-45
-1.76827e-45
1.12441e-45
5.80081e-45
2.95503e-45
-1.21549e-44
-2.03932e-44
1.01144e-44
6.36566e-44
4.25065e-44
-1.17542e-43
-2.38513e-43
3.5003e-44
6.47017e-43
6.46213e-43
-8.95671e-43
-2.66782e-42
-8.70931e-43
5.65477e-42
8.92111e-42
-3.33248e-42
-2.61861e-41
-2.38792e-41
3.5008e-41
1.02418e-40
4.32603e-41
-1.95223e-40
-3.55649e-40
1.42336e-41
8.79676e-40
1.12223e-39
-6.29905e-40
-3.53561e-39
-3.25557e-39
4.01823e-39
1.32491e-38
8.73656e-39
-1.9223e-38
-4.75524e-38
-2.18348e-38
8.06516e-38
1.66665e-37
5.19652e-38
-3.13e-37
-5.7891e-37
-1.27164e-37
1.15094e-36
2.01363e-36
3.79053e-37
-4.05303e-36
-7.05057e-36
-1.55296e-36
1.36937e-35
2.48382e-35
7.76335e-36
-4.41014e-35
-8.74987e-35
-3.99979e-35
1.33022e-34
3.04867e-34
1.96801e-34
-3.61448e-34
-1.03476e-33
-9.05116e-34
7.99734e-34
3.35245e-33
3.86848e-33
-8.81817e-34
-1.00638e-32
-1.52858e-32
-4.12153e-33
2.65308e-32
5.52535e-32
3.84635e-32
-5.34493e-32
-1.78765e-31
-2.01098e-31
3.07045e-32
4.93552e-31
8.24673e-31
4.24205e-31
-1.01651e-30
-2.78399e-30
-2.92916e-30
5.97375e-31
7.44041e-30
1.26247e-29
7.68323e-30
-1.26784e-29
-4.05751e-29
-5.00837e-29
-8.79682e-30
9.04738e-29
1.93653e-28
1.82233e-28
-5.8779e-29
-5.04394e-28
-8.66647e-28
-6.36461e-28
5.83786e-28
2.51831e-27
3.79764e-27
2.27874e-27
-3.46794e-27
-1.18646e-26
-1.67874e-26
-9.15159e-27
1.67852e-26
5.39482e-26
7.60591e-26
4.38573e-26
-6.93023e-26
-2.37652e-25
-3.52973e-25
-2.42999e-25
2.29887e-25
1.00067e-24
1.65011e-24
1.42565e-24
-4.09653e-25
-3.88306e-24
-7.54396e-24
-8.22577e-24
-2.08051e-24
1.27288e-23
3.232e-23
4.44949e-23
3.05539e-23
-2.55665e-23
-1.21018e-22
-2.16753e-22
-2.32159e-22
-6.78223e-23
3.33491e-22
8.97207e-22
1.3395e-21
1.17355e-21
-1.2197e-22
-2.73712e-21
-6.04314e-21
-8.22037e-21
-6.38672e-21
2.36884e-21
1.88857e-20
3.91853e-20
5.2352e-20
4.11222e-20
-1.25385e-20
-1.15699e-19
-2.48301e-19
-3.48859e-19
-3.1319e-19
-1.98504e-20
6.07587e-19
1.50436e-18
2.36099e-18
2.56904e-18
1.29766e-18
-2.21628e-18
-8.12717e-18
-1.52603e-17
-2.04554e-17
-1.84133e-17
-2.6295e-18
3.20443e-17
8.50313e-17
1.44475e-16
1.82346e-16
1.5347e-16
2.84918e-18
-3.14425e-16
-7.98584e-16
-1.35915e-15
-1.76939e-15
-1.64435e-15
-4.76267e-16
2.23355e-15
6.71498e-15
1.25388e-14
1.81499e-14
2.04625e-14
1.47623e-14
-4.74195e-15
-4.33256e-14
-1.0279e-13
-1.77075e-13
-2.46891e-13
-2.74665e-13
-2.02157e-13
4.56676e-14
5.45982e-13
1.3479e-12
2.42327e-12
3.59872e-12
4.4762e-12
4.36e-12
2.22323e-12
-3.23624e-12
-1.33831e-11
-2.91967e-11
-5.05129e-11
-7.4907e-11
-9.62387e-11
-1.03001e-10
-7.6803e-11
8.40288e-12
1.85412e-10
4.89815e-10
9.51234e-10
1.57766e-09
2.33069e-09
3.0897e-09
3.60422e-09
3.43569e-09
1.89361e-09
-2.02309e-09
-9.65985e-09
-2.26838e-08
-4.29562e-08
-7.22297e-08
-1.11573e-07
-1.6039e-07
-2.14865e-07
-2.65601e-07
-2.94194e-07
-2.68392e-07
-1.35433e-07
1.86882e-07
8.21957e-07
1.94958e-06
3.82521e-06
6.80401e-06
1.13705e-05
1.81743e-05
2.80732e-05
4.21836e-05
6.19392e-05
8.91585e-05
0.000126121
0.000175655
0.000241226
0.000327047
0.000438181
0.000580665
0.000761621
0.000989389
0.00127364
0.00162552
0.00205771
0.0025846
0.00322233
0.0039889
0.00490418
0.00598998
0.00727002
0.00876993
0.0105171
0.0125408
0.0148716
0.0175418
0.0205845
0.0240339
0.0279248
0.0322921
0.0371707
0.0425949
0.0485982
0.0552123
0.0624676
0.0703917
0.0790097
0.0883436
0.0984115
0.109228
0.120803
0.133141
0.146244
0.160106
0.174719
0.190066
0.206127
0.222878
0.240287
0.258319
0.276934
0.296087
0.31573
0.33581
0.356274
0.377063
0.398117
0.419376
0.440777
0.462257
0.483754
0.505207
0.526553
0.547736
0.568696
0.58938
0.609737
0.629717
0.649277
0.668374
0.686972
0.705038
0.722542
0.739459
0.755769
0.771456
0.786505
0.80091
0.814665
0.827768
0.840221
0.85203
0.863202
0.873748
0.883682
0.893016
0.90177
0.909961
0.917609
0.924735
0.93136
0.937507
0.943199
0.948458
0.953307
0.957769
0.961867
0.965622
0.969056
0.972188
0.975039
0.977628
0.979971
0.982085
0.983985
0.985684
0.987194
0.988526
0.989688
0.990687
0.991527
0.992212
0.992741
0.993113
0.993324
0.993368
0.993236
0.992916
0.992396
0.991657
0.990683
0.989452
0.987941
0.986123
0.983973
0.98146
0.978555
0.975224
0.971437
0.96716
0.962359
0.957002
0.951057
0.944493
0.937281
0.929394
0.920808
0.911502
0.901457
0.890661
0.879103
0.866779
0.853689
0.839837
0.825234
0.809894
0.793839
0.777094
0.759689
0.741661
0.72305
0.703899
0.684259
0.66418
0.643718
0.622931
0.601877
0.58062
0.55922
0.53774
0.516243
0.494791
0.473445
0.452263
0.431303
0.410619
0.390262
0.370282
0.350723
0.331625
0.313027
0.294962
0.277458
0.260541
0.244231
0.228544
0.213494
0.19909
0.185335
0.172232
0.159779
0.14797
0.136798
0.126252
0.116319
0.106984
0.0982299
0.0900391
0.0823912
0.0752655
0.0686403
0.0624932
0.0568014
0.0515421
0.0466922
0.0422287
0.0381291
0.0343711
0.030933
0.0277937
0.0249326
0.02233
0.0199672
0.0178259
0.0158891
0.0141403
0.0125643
0.0111466
0.00987343
0.00873221
0.00771103
0.00679886
0.00598549
0.00526146
0.00461806
0.00404727
0.00354176
0.0030948
0.00270027
0.00235259
0.00204669
0.00177799
0.00154235
0.00133602
0.00115565
0.000998212
0.000861011
0.000741629
0.000637911
0.000547939
0.00047001
0.000402612
0.00034441
0.000294223
0.000251012
0.00021386
0.000181965
0.000154622
0.000131214
0.000111205
9.41247e-05
7.95646e-05
6.71704e-05
5.66344e-05
4.76903e-05
4.0108e-05
3.36888e-05
2.82616e-05
2.36792e-05
1.98153e-05
1.65615e-05
1.38251e-05
1.15268e-05
9.5989e-06
7.98386e-06
6.63262e-06
5.50352e-06
4.56122e-06
3.77582e-06
3.122e-06
2.57839e-06
2.12697e-06
1.75257e-06
1.44241e-06
1.1858e-06
9.73731e-07
7.98689e-07
6.54381e-07
5.35539e-07
4.37867e-07
3.57128e-07
2.94126e-07
2.21399e-07
)
;

boundaryField
{
    sides
    {
        type            zeroGradient;
    }
    empty
    {
        type            empty;
    }
}


// ************************************************************************* //
