/*--------------------------------*- C++ -*----------------------------------*\
  =========                 |
  \\      /  F ield         | OpenFOAM: The Open Source CFD Toolbox
   \\    /   O peration     | Website:  https://openfoam.org
    \\  /    A nd           | Version:  7
     \\/     M anipulation  |
\*---------------------------------------------------------------------------*/
FoamFile
{
    version     2.0;
    format      ascii;
    class       volScalarField;
    location    "0.006";
    object      rho;
}
// * * * * * * * * * * * * * * * * * * * * * * * * * * * * * * * * * * * * * //

dimensions      [1 -3 0 0 0 0 0];

internalField   nonuniform List<scalar> 
10000
(
0.997574
0.997574
0.997574
0.997574
0.997574
0.997574
0.997574
0.997574
0.997574
0.997574
0.997574
0.997574
0.997574
0.997574
0.997574
0.997574
0.997574
0.997574
0.997574
0.997574
0.997574
0.997574
0.997574
0.997574
0.997574
0.997574
0.997574
0.997574
0.997574
0.997574
0.997574
0.997574
0.997574
0.997574
0.997574
0.997574
0.997574
0.997574
0.997574
0.997574
0.997574
0.997574
0.997574
0.997574
0.997574
0.997574
0.997574
0.997574
0.997574
0.997574
0.997574
0.997574
0.997574
0.997574
0.997574
0.997574
0.997574
0.997574
0.997574
0.997574
0.997574
0.997574
0.997574
0.997574
0.997574
0.997574
0.997574
0.997574
0.997574
0.997574
0.997574
0.997574
0.997574
0.997574
0.997574
0.997574
0.997574
0.997574
0.997574
0.997574
0.997574
0.997574
0.997574
0.997574
0.997574
0.997574
0.997574
0.997574
0.997574
0.997574
0.997574
0.997574
0.997574
0.997574
0.997574
0.997574
0.997574
0.997574
0.997574
0.997574
0.997574
0.997574
0.997574
0.997574
0.997574
0.997574
0.997574
0.997574
0.997574
0.997574
0.997574
0.997574
0.997574
0.997574
0.997574
0.997574
0.997574
0.997574
0.997574
0.997574
0.997574
0.997574
0.997574
0.997574
0.997574
0.997574
0.997574
0.997574
0.997574
0.997574
0.997574
0.997574
0.997574
0.997574
0.997574
0.997574
0.997574
0.997574
0.997574
0.997574
0.997574
0.997574
0.997574
0.997574
0.997574
0.997574
0.997574
0.997574
0.997574
0.997574
0.997574
0.997574
0.997574
0.997574
0.997574
0.997574
0.997574
0.997574
0.997574
0.997574
0.997574
0.997574
0.997574
0.997574
0.997574
0.997574
0.997574
0.997574
0.997574
0.997574
0.997574
0.997574
0.997574
0.997574
0.997574
0.997574
0.997574
0.997574
0.997574
0.997574
0.997574
0.997574
0.997574
0.997574
0.997574
0.997574
0.997574
0.997574
0.997574
0.997574
0.997574
0.997574
0.997574
0.997574
0.997574
0.997574
0.997574
0.997574
0.997574
0.997574
0.997574
0.997574
0.997574
0.997574
0.997574
0.997574
0.997574
0.997574
0.997574
0.997574
0.997574
0.997574
0.997574
0.997574
0.997574
0.997574
0.997574
0.997574
0.997574
0.997574
0.997574
0.997574
0.997574
0.997574
0.997574
0.997574
0.997574
0.997574
0.997574
0.997574
0.997574
0.997574
0.997574
0.997574
0.997574
0.997574
0.997574
0.997574
0.997574
0.997574
0.997574
0.997574
0.997574
0.997574
0.997574
0.997574
0.997574
0.997574
0.997574
0.997574
0.997574
0.997574
0.997574
0.997574
0.997574
0.997574
0.997574
0.997574
0.997574
0.997574
0.997574
0.997574
0.997574
0.997574
0.997574
0.997574
0.997574
0.997574
0.997574
0.997574
0.997574
0.997574
0.997574
0.997574
0.997574
0.997574
0.997574
0.997574
0.997574
0.997574
0.997574
0.997574
0.997574
0.997574
0.997574
0.997574
0.997574
0.997574
0.997574
0.997574
0.997574
0.997574
0.997574
0.997574
0.997574
0.997574
0.997574
0.997574
0.997574
0.997574
0.997574
0.997574
0.997574
0.997574
0.997574
0.997574
0.997574
0.997574
0.997574
0.997574
0.997574
0.997574
0.997574
0.997574
0.997574
0.997574
0.997574
0.997574
0.997574
0.997574
0.997574
0.997574
0.997574
0.997574
0.997574
0.997574
0.997574
0.997574
0.997574
0.997574
0.997574
0.997574
0.997574
0.997574
0.997574
0.997574
0.997574
0.997574
0.997574
0.997574
0.997574
0.997574
0.997574
0.997574
0.997574
0.997574
0.997574
0.997574
0.997574
0.997574
0.997574
0.997574
0.997574
0.997574
0.997574
0.997574
0.997574
0.997574
0.997574
0.997574
0.997574
0.997574
0.997574
0.997574
0.997574
0.997574
0.997574
0.997574
0.997574
0.997574
0.997574
0.997574
0.997574
0.997574
0.997574
0.997574
0.997574
0.997574
0.997574
0.997574
0.997574
0.997574
0.997574
0.997574
0.997574
0.997574
0.997574
0.997574
0.997574
0.997574
0.997574
0.997574
0.997574
0.997574
0.997574
0.997574
0.997574
0.997574
0.997574
0.997574
0.997574
0.997574
0.997574
0.997574
0.997574
0.997574
0.997574
0.997574
0.997574
0.997574
0.997574
0.997574
0.997574
0.997574
0.997574
0.997574
0.997574
0.997574
0.997574
0.997574
0.997574
0.997574
0.997574
0.997574
0.997574
0.997574
0.997574
0.997574
0.997574
0.997574
0.997574
0.997574
0.997574
0.997574
0.997574
0.997574
0.997574
0.997574
0.997574
0.997574
0.997574
0.997574
0.997574
0.997574
0.997574
0.997574
0.997574
0.997574
0.997574
0.997574
0.997574
0.997574
0.997574
0.997574
0.997574
0.997574
0.997574
0.997574
0.997574
0.997574
0.997574
0.997574
0.997574
0.997574
0.997574
0.997574
0.997574
0.997574
0.997574
0.997574
0.997574
0.997574
0.997574
0.997574
0.997574
0.997574
0.997574
0.997574
0.997574
0.997574
0.997574
0.997574
0.997574
0.997574
0.997574
0.997574
0.997574
0.997574
0.997574
0.997574
0.997574
0.997574
0.997574
0.997574
0.997574
0.997574
0.997574
0.997574
0.997574
0.997574
0.997574
0.997574
0.997574
0.997574
0.997574
0.997574
0.997574
0.997574
0.997574
0.997574
0.997574
0.997574
0.997574
0.997574
0.997574
0.997574
0.997574
0.997574
0.997574
0.997574
0.997574
0.997574
0.997574
0.997574
0.997574
0.997574
0.997574
0.997574
0.997574
0.997574
0.997574
0.997574
0.997574
0.997574
0.997574
0.997574
0.997574
0.997574
0.997574
0.997574
0.997574
0.997574
0.997574
0.997574
0.997574
0.997574
0.997574
0.997574
0.997574
0.997574
0.997574
0.997574
0.997574
0.997574
0.997574
0.997574
0.997574
0.997574
0.997574
0.997574
0.997574
0.997574
0.997574
0.997574
0.997574
0.997574
0.997574
0.997574
0.997574
0.997574
0.997574
0.997574
0.997574
0.997574
0.997574
0.997574
0.997574
0.997574
0.997574
0.997574
0.997574
0.997574
0.997574
0.997574
0.997574
0.997574
0.997574
0.997574
0.997574
0.997574
0.997574
0.997574
0.997574
0.997574
0.997574
0.997574
0.997574
0.997574
0.997574
0.997574
0.997574
0.997574
0.997574
0.997574
0.997574
0.997574
0.997574
0.997574
0.997574
0.997574
0.997574
0.997574
0.997574
0.997574
0.997574
0.997574
0.997574
0.997574
0.997574
0.997574
0.997574
0.997574
0.997574
0.997574
0.997574
0.997574
0.997574
0.997574
0.997574
0.997574
0.997574
0.997574
0.997574
0.997574
0.997574
0.997574
0.997574
0.997574
0.997574
0.997574
0.997574
0.997574
0.997574
0.997574
0.997574
0.997574
0.997574
0.997574
0.997574
0.997574
0.997574
0.997574
0.997574
0.997574
0.997574
0.997574
0.997574
0.997574
0.997574
0.997574
0.997574
0.997574
0.997574
0.997574
0.997574
0.997574
0.997574
0.997574
0.997574
0.997574
0.997574
0.997574
0.997574
0.997574
0.997574
0.997574
0.997574
0.997574
0.997574
0.997574
0.997574
0.997574
0.997574
0.997574
0.997574
0.997574
0.997574
0.997574
0.997574
0.997574
0.997574
0.997574
0.997574
0.997574
0.997574
0.997574
0.997574
0.997574
0.997574
0.997574
0.997574
0.997574
0.997574
0.997574
0.997574
0.997574
0.997574
0.997574
0.997574
0.997574
0.997574
0.997574
0.997574
0.997574
0.997574
0.997574
0.997574
0.997574
0.997574
0.997574
0.997574
0.997574
0.997574
0.997574
0.997574
0.997574
0.997574
0.997574
0.997574
0.997574
0.997574
0.997574
0.997574
0.997574
0.997574
0.997574
0.997574
0.997574
0.997574
0.997574
0.997574
0.997574
0.997574
0.997574
0.997574
0.997574
0.997574
0.997574
0.997574
0.997574
0.997574
0.997574
0.997574
0.997574
0.997574
0.997574
0.997574
0.997574
0.997574
0.997574
0.997574
0.997574
0.997574
0.997574
0.997574
0.997574
0.997574
0.997574
0.997574
0.997574
0.997574
0.997574
0.997574
0.997574
0.997574
0.997574
0.997574
0.997574
0.997574
0.997574
0.997574
0.997574
0.997574
0.997574
0.997574
0.997574
0.997574
0.997574
0.997574
0.997574
0.997574
0.997574
0.997574
0.997574
0.997574
0.997574
0.997574
0.997574
0.997574
0.997574
0.997574
0.997574
0.997574
0.997574
0.997574
0.997574
0.997574
0.997574
0.997574
0.997574
0.997574
0.997574
0.997574
0.997574
0.997574
0.997574
0.997574
0.997574
0.997574
0.997574
0.997574
0.997574
0.997574
0.997574
0.997574
0.997574
0.997574
0.997574
0.997574
0.997574
0.997574
0.997574
0.997574
0.997574
0.997574
0.997574
0.997574
0.997574
0.997574
0.997574
0.997574
0.997574
0.997574
0.997574
0.997574
0.997574
0.997574
0.997574
0.997574
0.997574
0.997574
0.997574
0.997574
0.997574
0.997574
0.997574
0.997574
0.997574
0.997574
0.997574
0.997574
0.997574
0.997574
0.997574
0.997574
0.997574
0.997574
0.997574
0.997574
0.997574
0.997574
0.997574
0.997574
0.997574
0.997574
0.997574
0.997574
0.997574
0.997574
0.997574
0.997574
0.997574
0.997574
0.997574
0.997574
0.997574
0.997574
0.997574
0.997574
0.997574
0.997574
0.997574
0.997574
0.997574
0.997574
0.997574
0.997574
0.997574
0.997574
0.997574
0.997574
0.997574
0.997574
0.997574
0.997574
0.997574
0.997574
0.997574
0.997574
0.997574
0.997574
0.997574
0.997574
0.997574
0.997574
0.997574
0.997574
0.997574
0.997574
0.997574
0.997574
0.997574
0.997574
0.997574
0.997574
0.997574
0.997574
0.997574
0.997574
0.997574
0.997574
0.997574
0.997574
0.997574
0.997574
0.997574
0.997574
0.997574
0.997574
0.997574
0.997574
0.997574
0.997574
0.997574
0.997574
0.997574
0.997574
0.997574
0.997574
0.997574
0.997574
0.997574
0.997574
0.997574
0.997574
0.997574
0.997574
0.997574
0.997574
0.997574
0.997574
0.997574
0.997574
0.997574
0.997574
0.997574
0.997574
0.997574
0.997574
0.997574
0.997574
0.997574
0.997574
0.997574
0.997574
0.997574
0.997574
0.997574
0.997574
0.997574
0.997574
0.997574
0.997574
0.997574
0.997574
0.997574
0.997574
0.997574
0.997574
0.997574
0.997574
0.997574
0.997574
0.997574
0.997574
0.997574
0.997574
0.997574
0.997574
0.997574
0.997574
0.997574
0.997574
0.997574
0.997574
0.997574
0.997574
0.997574
0.997574
0.997574
0.997574
0.997574
0.997574
0.997574
0.997574
0.997574
0.997574
0.997574
0.997574
0.997574
0.997574
0.997574
0.997574
0.997574
0.997574
0.997574
0.997574
0.997574
0.997574
0.997574
0.997574
0.997574
0.997574
0.997574
0.997574
0.997574
0.997574
0.997574
0.997574
0.997574
0.997574
0.997574
0.997574
0.997574
0.997574
0.997574
0.997574
0.997574
0.997574
0.997574
0.997574
0.997574
0.997574
0.997574
0.997574
0.997574
0.997574
0.997574
0.997574
0.997574
0.997574
0.997574
0.997574
0.997574
0.997574
0.997574
0.997574
0.997574
0.997574
0.997574
0.997574
0.997574
0.997574
0.997574
0.997574
0.997574
0.997574
0.997574
0.997574
0.997574
0.997574
0.997574
0.997574
0.997574
0.997574
0.997574
0.997574
0.997574
0.997574
0.997574
0.997574
0.997574
0.997574
0.997574
0.997574
0.997574
0.997574
0.997574
0.997574
0.997574
0.997574
0.997574
0.997574
0.997574
0.997574
0.997574
0.997574
0.997574
0.997574
0.997574
0.997574
0.997574
0.997574
0.997574
0.997574
0.997574
0.997574
0.997574
0.997574
0.997574
0.997574
0.997574
0.997574
0.997574
0.997574
0.997574
0.997574
0.997574
0.997574
0.997574
0.997574
0.997574
0.997574
0.997574
0.997574
0.997574
0.997574
0.997574
0.997574
0.997574
0.997574
0.997574
0.997574
0.997574
0.997574
0.997574
0.997574
0.997574
0.997574
0.997574
0.997574
0.997574
0.997574
0.997574
0.997574
0.997574
0.997574
0.997574
0.997574
0.997574
0.997574
0.997574
0.997574
0.997574
0.997574
0.997574
0.997574
0.997574
0.997574
0.997574
0.997574
0.997574
0.997574
0.997574
0.997574
0.997574
0.997574
0.997574
0.997574
0.997574
0.997574
0.997574
0.997574
0.997574
0.997574
0.997574
0.997574
0.997574
0.997574
0.997574
0.997574
0.997574
0.997574
0.997574
0.997574
0.997574
0.997574
0.997574
0.997574
0.997574
0.997574
0.997574
0.997574
0.997574
0.997574
0.997574
0.997574
0.997574
0.997574
0.997574
0.997574
0.997574
0.997574
0.997574
0.997574
0.997574
0.997574
0.997574
0.997574
0.997574
0.997574
0.997574
0.997574
0.997574
0.997574
0.997574
0.997574
0.997574
0.997574
0.997574
0.997574
0.997574
0.997574
0.997574
0.997574
0.997574
0.997574
0.997574
0.997574
0.997574
0.997574
0.997574
0.997574
0.997574
0.997574
0.997574
0.997574
0.997574
0.997574
0.997574
0.997574
0.997574
0.997574
0.997574
0.997574
0.997574
0.997574
0.997574
0.997574
0.997574
0.997574
0.997574
0.997574
0.997574
0.997574
0.997574
0.997574
0.997574
0.997574
0.997574
0.997574
0.997574
0.997574
0.997574
0.997574
0.997574
0.997574
0.997574
0.997574
0.997574
0.997574
0.997574
0.997574
0.997574
0.997574
0.997574
0.997574
0.997574
0.997574
0.997574
0.997574
0.997574
0.997574
0.997574
0.997574
0.997574
0.997574
0.997574
0.997574
0.997574
0.997574
0.997574
0.997574
0.997574
0.997574
0.997574
0.997574
0.997574
0.997574
0.997574
0.997574
0.997574
0.997574
0.997574
0.997574
0.997574
0.997574
0.997574
0.997574
0.997574
0.997574
0.997574
0.997574
0.997574
0.997574
0.997574
0.997574
0.997574
0.997574
0.997574
0.997574
0.997574
0.997574
0.997574
0.997574
0.997574
0.997574
0.997574
0.997574
0.997574
0.997574
0.997574
0.997574
0.997574
0.997574
0.997574
0.997574
0.997574
0.997574
0.997574
0.997574
0.997574
0.997574
0.997574
0.997574
0.997574
0.997574
0.997574
0.997574
0.997574
0.997574
0.997574
0.997574
0.997574
0.997574
0.997574
0.997574
0.997574
0.997574
0.997574
0.997574
0.997574
0.997574
0.997574
0.997574
0.997574
0.997574
0.997574
0.997574
0.997574
0.997574
0.997574
0.997574
0.997574
0.997574
0.997574
0.997574
0.997574
0.997574
0.997574
0.997574
0.997574
0.997574
0.997574
0.997574
0.997574
0.997574
0.997574
0.997574
0.997574
0.997574
0.997574
0.997574
0.997574
0.997574
0.997574
0.997574
0.997574
0.997574
0.997574
0.997574
0.997574
0.997574
0.997574
0.997574
0.997574
0.997574
0.997574
0.997574
0.997574
0.997574
0.997574
0.997574
0.997574
0.997574
0.997574
0.997574
0.997574
0.997574
0.997574
0.997574
0.997574
0.997574
0.997574
0.997574
0.997574
0.997574
0.997574
0.997574
0.997574
0.997574
0.997574
0.997574
0.997574
0.997574
0.997574
0.997574
0.997574
0.997574
0.997574
0.997574
0.997574
0.997574
0.997574
0.997574
0.997574
0.997574
0.997574
0.997574
0.997574
0.997574
0.997574
0.997574
0.997574
0.997574
0.997574
0.997574
0.997574
0.997574
0.997574
0.997574
0.997574
0.997574
0.997574
0.997574
0.997574
0.997574
0.997574
0.997574
0.997574
0.997574
0.997574
0.997574
0.997574
0.997574
0.997574
0.997574
0.997574
0.997574
0.997574
0.997574
0.997574
0.997574
0.997574
0.997574
0.997574
0.997574
0.997574
0.997574
0.997574
0.997574
0.997574
0.997574
0.997574
0.997574
0.997574
0.997574
0.997574
0.997574
0.997574
0.997574
0.997574
0.997574
0.997574
0.997574
0.997574
0.997574
0.997574
0.997574
0.997574
0.997574
0.997574
0.997574
0.997574
0.997574
0.997574
0.997574
0.997574
0.997574
0.997574
0.997574
0.997574
0.997574
0.997574
0.997574
0.997574
0.997574
0.997574
0.997574
0.997574
0.997574
0.997574
0.997574
0.997574
0.997574
0.997574
0.997574
0.997574
0.997574
0.997574
0.997574
0.997574
0.997574
0.997574
0.997574
0.997574
0.997574
0.997574
0.997574
0.997574
0.997574
0.997574
0.997574
0.997574
0.997574
0.997574
0.997574
0.997574
0.997574
0.997574
0.997574
0.997574
0.997574
0.997574
0.997574
0.997574
0.997574
0.997574
0.997574
0.997574
0.997574
0.997574
0.997574
0.997574
0.997574
0.997574
0.997574
0.997574
0.997574
0.997574
0.997574
0.997574
0.997574
0.997574
0.997574
0.997574
0.997574
0.997574
0.997574
0.997574
0.997574
0.997574
0.997574
0.997574
0.997574
0.997574
0.997574
0.997574
0.997574
0.997574
0.997574
0.997574
0.997574
0.997574
0.997574
0.997574
0.997574
0.997574
0.997574
0.997574
0.997574
0.997574
0.997574
0.997574
0.997574
0.997574
0.997574
0.997574
0.997574
0.997574
0.997574
0.997574
0.997574
0.997574
0.997574
0.997574
0.997574
0.997574
0.997574
0.997574
0.997574
0.997574
0.997574
0.997574
0.997574
0.997574
0.997574
0.997574
0.997574
0.997574
0.997574
0.997574
0.997574
0.997574
0.997574
0.997574
0.997574
0.997574
0.997574
0.997574
0.997574
0.997574
0.997574
0.997574
0.997574
0.997574
0.997574
0.997574
0.997574
0.997574
0.997574
0.997574
0.997574
0.997574
0.997574
0.997574
0.997574
0.997574
0.997574
0.997574
0.997574
0.997574
0.997574
0.997574
0.997574
0.997574
0.997574
0.997574
0.997574
0.997574
0.997574
0.997574
0.997574
0.997574
0.997574
0.997574
0.997574
0.997574
0.997574
0.997574
0.997574
0.997574
0.997574
0.997574
0.997574
0.997574
0.997574
0.997574
0.997574
0.997574
0.997574
0.997574
0.997574
0.997574
0.997574
0.997574
0.997574
0.997574
0.997574
0.997574
0.997574
0.997574
0.997574
0.997574
0.997574
0.997574
0.997574
0.997574
0.997574
0.997574
0.997574
0.997574
0.997574
0.997574
0.997574
0.997574
0.997574
0.997574
0.997574
0.997574
0.997574
0.997574
0.997574
0.997574
0.997574
0.997574
0.997574
0.997574
0.997574
0.997574
0.997574
0.997574
0.997574
0.997574
0.997574
0.997574
0.997574
0.997574
0.997574
0.997574
0.997574
0.997574
0.997574
0.997574
0.997574
0.997574
0.997574
0.997574
0.997574
0.997574
0.997574
0.997574
0.997574
0.997574
0.997574
0.997574
0.997574
0.997574
0.997574
0.997574
0.997574
0.997574
0.997574
0.997574
0.997574
0.997574
0.997574
0.997574
0.997574
0.997574
0.997574
0.997574
0.997574
0.997574
0.997574
0.997574
0.997574
0.997574
0.997574
0.997574
0.997574
0.997574
0.997574
0.997574
0.997574
0.997574
0.997574
0.997574
0.997574
0.997574
0.997574
0.997574
0.997574
0.997574
0.997574
0.997574
0.997574
0.997574
0.997574
0.997574
0.997574
0.997574
0.997574
0.997574
0.997574
0.997574
0.997574
0.997574
0.997574
0.997574
0.997574
0.997574
0.997574
0.997574
0.997574
0.997574
0.997574
0.997574
0.997574
0.997574
0.997574
0.997574
0.997574
0.997574
0.997574
0.997574
0.997574
0.997574
0.997574
0.997574
0.997574
0.997574
0.997574
0.997574
0.997574
0.997574
0.997574
0.997574
0.997574
0.997574
0.997574
0.997574
0.997574
0.997574
0.997574
0.997574
0.997574
0.997574
0.997574
0.997574
0.997574
0.997574
0.997574
0.997574
0.997574
0.997574
0.997574
0.997574
0.997574
0.997574
0.997574
0.997574
0.997574
0.997574
0.997574
0.997574
0.997574
0.997574
0.997574
0.997574
0.997574
0.997574
0.997574
0.997574
0.997574
0.997574
0.997574
0.997574
0.997574
0.997574
0.997574
0.997574
0.997574
0.997574
0.997574
0.997574
0.997574
0.997574
0.997574
0.997574
0.997574
0.997574
0.997574
0.997574
0.997574
0.997574
0.997574
0.997574
0.997574
0.997574
0.997574
0.997574
0.997574
0.997574
0.997574
0.997574
0.997574
0.997574
0.997574
0.997574
0.997574
0.997574
0.997574
0.997574
0.997574
0.997574
0.997574
0.997574
0.997574
0.997574
0.997574
0.997574
0.997574
0.997574
0.997574
0.997574
0.997574
0.997574
0.997574
0.997574
0.997574
0.997574
0.997574
0.997574
0.997574
0.997574
0.997574
0.997574
0.997574
0.997574
0.997574
0.997574
0.997574
0.997574
0.997574
0.997574
0.997574
0.997574
0.997574
0.997574
0.997574
0.997574
0.997574
0.997574
0.997574
0.997574
0.997574
0.997574
0.997574
0.997574
0.997574
0.997574
0.997574
0.997574
0.997574
0.997574
0.997574
0.997574
0.997574
0.997574
0.997574
0.997574
0.997574
0.997574
0.997574
0.997574
0.997574
0.997574
0.997574
0.997574
0.997574
0.997574
0.997574
0.997574
0.997574
0.997574
0.997574
0.997574
0.997574
0.997574
0.997574
0.997574
0.997574
0.997574
0.997574
0.997574
0.997574
0.997574
0.997574
0.997574
0.997574
0.997574
0.997574
0.997574
0.997574
0.997574
0.997574
0.997574
0.997574
0.997574
0.997574
0.997574
0.997574
0.997574
0.997574
0.997574
0.997574
0.997574
0.997574
0.997574
0.997574
0.997574
0.997574
0.997574
0.997574
0.997574
0.997574
0.997574
0.997574
0.997574
0.997574
0.997574
0.997574
0.997574
0.997574
0.997574
0.997574
0.997574
0.997574
0.997574
0.997574
0.997574
0.997574
0.997574
0.997574
0.997574
0.997574
0.997574
0.997574
0.997574
0.997574
0.997574
0.997574
0.997574
0.997574
0.997574
0.997574
0.997574
0.997574
0.997574
0.997574
0.997574
0.997574
0.997574
0.997574
0.997574
0.997574
0.997574
0.997574
0.997574
0.997574
0.997574
0.997574
0.997574
0.997574
0.997574
0.997574
0.997574
0.997574
0.997574
0.997574
0.997574
0.997574
0.997574
0.997574
0.997574
0.997574
0.997574
0.997574
0.997574
0.997574
0.997574
0.997574
0.997574
0.997574
0.997574
0.997574
0.997574
0.997574
0.997574
0.997574
0.997574
0.997574
0.997574
0.997574
0.997574
0.997574
0.997574
0.997574
0.997574
0.997574
0.997574
0.997574
0.997574
0.997574
0.997574
0.997574
0.997574
0.997574
0.997574
0.997574
0.997574
0.997574
0.997574
0.997574
0.997574
0.997574
0.997574
0.997574
0.997574
0.997574
0.997574
0.997574
0.997574
0.997574
0.997574
0.997574
0.997574
0.997574
0.997574
0.997574
0.997574
0.997574
0.997574
0.997574
0.997574
0.997574
0.997574
0.997574
0.997574
0.997574
0.997574
0.997574
0.997574
0.997574
0.997574
0.997574
0.997574
0.997574
0.997574
0.997574
0.997574
0.997574
0.997574
0.997574
0.997574
0.997574
0.997574
0.997574
0.997574
0.997574
0.997574
0.997574
0.997574
0.997574
0.997574
0.997574
0.997574
0.997574
0.997574
0.997574
0.997574
0.997574
0.997574
0.997574
0.997574
0.997574
0.997574
0.997574
0.997574
0.997574
0.997574
0.997574
0.997574
0.997574
0.997574
0.997574
0.997574
0.997574
0.997574
0.997574
0.997574
0.997574
0.997574
0.997574
0.997574
0.997574
0.997574
0.997574
0.997574
0.997574
0.997574
0.997574
0.997574
0.997574
0.997574
0.997574
0.997574
0.997574
0.997574
0.997574
0.997574
0.997574
0.997574
0.997574
0.997574
0.997574
0.997574
0.997574
0.997574
0.997574
0.997574
0.997574
0.997574
0.997574
0.997574
0.997574
0.997574
0.997574
0.997574
0.997574
0.997574
0.997574
0.997574
0.997574
0.997574
0.997574
0.997574
0.997574
0.997574
0.997574
0.997574
0.997574
0.997574
0.997574
0.997574
0.997574
0.997574
0.997574
0.997574
0.997574
0.997574
0.997574
0.997574
0.997574
0.997574
0.997574
0.997574
0.997574
0.997574
0.997574
0.997574
0.997574
0.997574
0.997574
0.997574
0.997574
0.997574
0.997574
0.997574
0.997574
0.997574
0.997574
0.997574
0.997574
0.997574
0.997574
0.997574
0.997574
0.997574
0.997574
0.997574
0.997574
0.997574
0.997574
0.997574
0.997574
0.997574
0.997574
0.997574
0.997574
0.997574
0.997574
0.997574
0.997574
0.997574
0.997574
0.997574
0.997574
0.997574
0.997574
0.997574
0.997574
0.997574
0.997574
0.997574
0.997574
0.997574
0.997574
0.997574
0.997574
0.997574
0.997574
0.997574
0.997574
0.997574
0.997574
0.997574
0.997574
0.997574
0.997574
0.997574
0.997574
0.997574
0.997574
0.997574
0.997574
0.997574
0.997574
0.997574
0.997574
0.997574
0.997574
0.997574
0.997574
0.997574
0.997574
0.997574
0.997574
0.997574
0.997574
0.997574
0.997574
0.997574
0.997574
0.997574
0.997574
0.997574
0.997574
0.997574
0.997574
0.997574
0.997574
0.997574
0.997574
0.997574
0.997574
0.997574
0.997574
0.997574
0.997574
0.997574
0.997574
0.997574
0.997574
0.997574
0.997574
0.997574
0.997574
0.997574
0.997574
0.997574
0.997574
0.997574
0.997574
0.997574
0.997574
0.997574
0.997574
0.997574
0.997574
0.997574
0.997574
0.997574
0.997574
0.997574
0.997574
0.997574
0.997574
0.997574
0.997574
0.997574
0.997574
0.997574
0.997574
0.997574
0.997574
0.997574
0.997574
0.997574
0.997574
0.997574
0.997574
0.997574
0.997574
0.997574
0.997574
0.997574
0.997574
0.997574
0.997574
0.997574
0.997574
0.997574
0.997574
0.997574
0.997574
0.997574
0.997574
0.997574
0.997574
0.997574
0.997574
0.997574
0.997574
0.997574
0.997574
0.997574
0.997574
0.997574
0.997574
0.997574
0.997574
0.997574
0.997574
0.997574
0.997574
0.997574
0.997574
0.997574
0.997574
0.997574
0.997574
0.997574
0.997574
0.997574
0.997574
0.997574
0.997574
0.997574
0.997574
0.997574
0.997574
0.997574
0.997574
0.997574
0.997574
0.997574
0.997574
0.997574
0.997574
0.997574
0.997574
0.997574
0.997574
0.997574
0.997574
0.997574
0.997574
0.997574
0.997574
0.997574
0.997574
0.997574
0.997574
0.997574
0.997574
0.997574
0.997574
0.997574
0.997574
0.997574
0.997574
0.997574
0.997574
0.997574
0.997574
0.997574
0.997574
0.997574
0.997574
0.997574
0.997574
0.997574
0.997574
0.997574
0.997574
0.997574
0.997574
0.997574
0.997574
0.997574
0.997574
0.997574
0.997574
0.997574
0.997574
0.997574
0.997574
0.997574
0.997574
0.997574
0.997574
0.997574
0.997574
0.997574
0.997574
0.997574
0.997574
0.997574
0.997574
0.997574
0.997574
0.997574
0.997574
0.997574
0.997574
0.997574
0.997574
0.997574
0.997574
0.997574
0.997574
0.997574
0.997574
0.997574
0.997574
0.997574
0.997574
0.997574
0.997574
0.997574
0.997574
0.997574
0.997574
0.997574
0.997574
0.997574
0.997574
0.997574
0.997574
0.997574
0.997574
0.997574
0.997574
0.997574
0.997574
0.997574
0.997574
0.997574
0.997574
0.997574
0.997574
0.997574
0.997574
0.997574
0.997574
0.997574
0.997574
0.997574
0.997574
0.997574
0.997574
0.997574
0.997574
0.997574
0.997574
0.997574
0.997574
0.997574
0.997574
0.997574
0.997574
0.997574
0.997574
0.997574
0.997574
0.997574
0.997574
0.997574
0.997574
0.997574
0.997574
0.997574
0.997574
0.997574
0.997574
0.997573
0.997573
0.997573
0.997573
0.997573
0.997573
0.997572
0.997572
0.997572
0.997572
0.997571
0.997571
0.99757
0.99757
0.997569
0.997569
0.997568
0.997567
0.997566
0.997565
0.997564
0.997563
0.997562
0.997561
0.997559
0.997557
0.997555
0.997553
0.997551
0.997548
0.997545
0.997542
0.997539
0.997535
0.997531
0.997526
0.997521
0.997516
0.99751
0.997504
0.997497
0.997489
0.997481
0.997472
0.997463
0.997452
0.997441
0.997429
0.997416
0.997402
0.997387
0.997371
0.997354
0.997335
0.997315
0.997294
0.997271
0.997247
0.997221
0.997194
0.997165
0.997134
0.997101
0.997066
0.997029
0.99699
0.996949
0.996906
0.99686
0.996812
0.996761
0.996708
0.996652
0.996593
0.996532
0.996468
0.9964
0.99633
0.996257
0.996181
0.996101
0.996018
0.995932
0.995843
0.99575
0.995654
0.995555
0.995452
0.995345
0.995235
0.995122
0.995005
0.994884
0.99476
0.994632
0.9945
0.994365
0.994226
0.994084
0.993937
0.993788
0.993634
0.993478
0.993317
0.993153
0.992986
0.992815
0.99264
0.992462
0.992281
0.992097
0.991909
0.991717
0.991523
0.991325
0.991124
0.99092
0.990713
0.990503
0.99029
0.990074
0.989855
0.989633
0.989409
0.989182
0.988952
0.988719
0.988484
0.988246
0.988006
0.987763
0.987518
0.98727
0.98702
0.986768
0.986514
0.986258
0.985999
0.985739
0.985476
0.985211
0.984945
0.984676
0.984406
0.984134
0.98386
0.983584
0.983307
0.983028
0.982748
0.982466
0.982182
0.981897
0.98161
0.981322
0.981033
0.980742
0.98045
0.980157
0.979862
0.979567
0.97927
0.978971
0.978672
0.978372
0.97807
0.977768
0.977464
0.977159
0.976854
0.976547
0.97624
0.975932
0.975623
0.975312
0.975002
0.97469
0.974377
0.974064
0.97375
0.973435
0.97312
0.972803
0.972487
0.972169
0.971851
0.971532
0.971212
0.970892
0.970572
0.970251
0.969929
0.969606
0.969284
0.96896
0.968636
0.968312
0.967987
0.967662
0.967336
0.96701
0.966683
0.966356
0.966029
0.965701
0.965372
0.965044
0.964715
0.964385
0.964056
0.963726
0.963395
0.963064
0.962733
0.962402
0.96207
0.961738
0.961406
0.961074
0.960741
0.960408
0.960074
0.959741
0.959407
0.959073
0.958739
0.958404
0.958069
0.957734
0.957399
0.957064
0.956728
0.956393
0.956057
0.95572
0.955384
0.955048
0.954711
0.954374
0.954037
0.9537
0.953363
0.953025
0.952688
0.95235
0.952012
0.951674
0.951336
0.950998
0.95066
0.950321
0.949983
0.949644
0.949306
0.948967
0.948628
0.948289
0.94795
0.94761
0.947271
0.946932
0.946592
0.946253
0.945913
0.945574
0.945234
0.944894
0.944554
0.944214
0.943874
0.943534
0.943194
0.942854
0.942514
0.942174
0.941834
0.941493
0.941153
0.940813
0.940472
0.940132
0.939791
0.939451
0.939111
0.93877
0.938429
0.938089
0.937748
0.937408
0.937067
0.936727
0.936386
0.936045
0.935705
0.935364
0.935023
0.934683
0.934342
0.934001
0.933661
0.93332
0.932979
0.932639
0.932298
0.931958
0.931617
0.931276
0.930936
0.930595
0.930255
0.929914
0.929573
0.929233
0.928892
0.928552
0.928212
0.927871
0.927531
0.92719
0.92685
0.92651
0.926169
0.925829
0.925489
0.925149
0.924808
0.924468
0.924128
0.923788
0.923448
0.923108
0.922768
0.922428
0.922088
0.921748
0.921408
0.921069
0.920729
0.920389
0.92005
0.91971
0.91937
0.919031
0.918691
0.918352
0.918013
0.917673
0.917334
0.916995
0.916656
0.916316
0.915977
0.915638
0.915299
0.91496
0.914621
0.914283
0.913944
0.913605
0.913266
0.912928
0.912589
0.912251
0.911912
0.911574
0.911236
0.910897
0.910559
0.910221
0.909883
0.909545
0.909207
0.908869
0.908531
0.908193
0.907856
0.907518
0.90718
0.906843
0.906505
0.906168
0.905831
0.905493
0.905156
0.904819
0.904482
0.904145
0.903808
0.903471
0.903134
0.902798
0.902461
0.902124
0.901788
0.901451
0.901115
0.900779
0.900442
0.900106
0.89977
0.899434
0.899098
0.898762
0.898426
0.89809
0.897755
0.897419
0.897084
0.896748
0.896413
0.896077
0.895742
0.895407
0.895072
0.894737
0.894402
0.894067
0.893732
0.893398
0.893063
0.892728
0.892394
0.892059
0.891725
0.891391
0.891057
0.890722
0.890388
0.890055
0.889721
0.889387
0.889053
0.888719
0.888386
0.888052
0.887719
0.887386
0.887052
0.886719
0.886386
0.886053
0.88572
0.885387
0.885055
0.884722
0.884389
0.884057
0.883724
0.883392
0.88306
0.882728
0.882395
0.882063
0.881731
0.8814
0.881068
0.880736
0.880404
0.880073
0.879741
0.87941
0.879079
0.878748
0.878416
0.878085
0.877754
0.877424
0.877093
0.876762
0.876431
0.876101
0.87577
0.87544
0.87511
0.87478
0.874449
0.874119
0.873789
0.87346
0.87313
0.8728
0.872471
0.872141
0.871812
0.871482
0.871153
0.870824
0.870495
0.870166
0.869837
0.869508
0.869179
0.868851
0.868522
0.868193
0.867865
0.867537
0.867209
0.86688
0.866552
0.866224
0.865896
0.865569
0.865241
0.864913
0.864586
0.864258
0.863931
0.863604
0.863277
0.862949
0.862622
0.862296
0.861969
0.861642
0.861315
0.860989
0.860662
0.860336
0.86001
0.859683
0.859357
0.859031
0.858705
0.858379
0.858054
0.857728
0.857402
0.857077
0.856751
0.856426
0.856101
0.855776
0.855451
0.855126
0.854801
0.854476
0.854151
0.853827
0.853502
0.853178
0.852853
0.852529
0.852205
0.851881
0.851557
0.851233
0.850909
0.850586
0.850262
0.849938
0.849615
0.849292
0.848968
0.848645
0.848322
0.847999
0.847676
0.847353
0.847031
0.846708
0.846385
0.846063
0.845741
0.845418
0.845096
0.844774
0.844452
0.84413
0.843808
0.843487
0.843165
0.842843
0.842522
0.842201
0.841879
0.841558
0.841237
0.840916
0.840595
0.840274
0.839954
0.839633
0.839312
0.838992
0.838672
0.838351
0.838031
0.837711
0.837391
0.837071
0.836751
0.836432
0.836112
0.835792
0.835473
0.835154
0.834834
0.834515
0.834196
0.833877
0.833558
0.833239
0.832921
0.832602
0.832284
0.831965
0.831647
0.831328
0.83101
0.830692
0.830374
0.830056
0.829739
0.829421
0.829103
0.828786
0.828468
0.828151
0.827834
0.827517
0.827199
0.826882
0.826566
0.826249
0.825932
0.825615
0.825299
0.824983
0.824666
0.82435
0.824034
0.823718
0.823402
0.823086
0.82277
0.822454
0.822139
0.821823
0.821508
0.821193
0.820877
0.820562
0.820247
0.819932
0.819617
0.819303
0.818988
0.818673
0.818359
0.818044
0.81773
0.817416
0.817102
0.816788
0.816474
0.81616
0.815846
0.815533
0.815219
0.814906
0.814592
0.814279
0.813966
0.813653
0.81334
0.813027
0.812714
0.812401
0.812088
0.811776
0.811463
0.811151
0.810839
0.810527
0.810214
0.809902
0.809591
0.809279
0.808967
0.808655
0.808344
0.808032
0.807721
0.80741
0.807099
0.806787
0.806477
0.806166
0.805855
0.805544
0.805233
0.804923
0.804613
0.804302
0.803992
0.803682
0.803372
0.803062
0.802752
0.802442
0.802132
0.801823
0.801513
0.801204
0.800895
0.800585
0.800276
0.799967
0.799658
0.799349
0.79904
0.798732
0.798423
0.798115
0.797806
0.797498
0.79719
0.796882
0.796574
0.796266
0.795958
0.79565
0.795342
0.795035
0.794727
0.79442
0.794113
0.793805
0.793498
0.793191
0.792884
0.792578
0.792271
0.791964
0.791658
0.791351
0.791045
0.790739
0.790432
0.790126
0.78982
0.789514
0.789208
0.788903
0.788597
0.788292
0.787986
0.787681
0.787375
0.78707
0.786765
0.78646
0.786155
0.785851
0.785546
0.785241
0.784937
0.784632
0.784328
0.784024
0.783719
0.783415
0.783111
0.782808
0.782504
0.7822
0.781896
0.781593
0.781289
0.780986
0.780683
0.78038
0.780077
0.779774
0.779471
0.779168
0.778865
0.778563
0.77826
0.777958
0.777655
0.777353
0.777051
0.776749
0.776447
0.776145
0.775843
0.775542
0.77524
0.774939
0.774637
0.774336
0.774035
0.773734
0.773433
0.773132
0.772831
0.77253
0.772229
0.771929
0.771628
0.771328
0.771028
0.770727
0.770427
0.770127
0.769827
0.769527
0.769228
0.768928
0.768628
0.768329
0.76803
0.76773
0.767431
0.767132
0.766833
0.766534
0.766235
0.765936
0.765638
0.765339
0.765041
0.764742
0.764444
0.764146
0.763848
0.76355
0.763252
0.762954
0.762656
0.762358
0.762061
0.761763
0.761466
0.761169
0.760872
0.760574
0.760277
0.759981
0.759684
0.759387
0.75909
0.758794
0.758497
0.758201
0.757905
0.757608
0.757312
0.757016
0.75672
0.756425
0.756129
0.755833
0.755538
0.755242
0.754947
0.754651
0.754356
0.754061
0.753766
0.753471
0.753176
0.752882
0.752587
0.752292
0.751998
0.751704
0.751409
0.751115
0.750821
0.750527
0.750233
0.749939
0.749646
0.749352
0.749058
0.748765
0.748472
0.748178
0.747885
0.747592
0.747299
0.747006
0.746713
0.74642
0.746128
0.745835
0.745543
0.74525
0.744958
0.744666
0.744374
0.744082
0.74379
0.743498
0.743206
0.742915
0.742623
0.742332
0.74204
0.741749
0.741458
0.741167
0.740876
0.740585
0.740294
0.740003
0.739712
0.739422
0.739131
0.738841
0.738551
0.73826
0.73797
0.73768
0.73739
0.7371
0.736811
0.736521
0.736231
0.735942
0.735653
0.735363
0.735074
0.734785
0.734496
0.734207
0.733918
0.733629
0.733341
0.733052
0.732764
0.732475
0.732187
0.731899
0.73161
0.731322
0.731034
0.730747
0.730459
0.730171
0.729883
0.729596
0.729309
0.729021
0.728734
0.728447
0.72816
0.727873
0.727586
0.727299
0.727012
0.726726
0.726439
0.726153
0.725867
0.72558
0.725294
0.725008
0.724722
0.724436
0.72415
0.723865
0.723579
0.723293
0.723008
0.722723
0.722437
0.722152
0.721867
0.721582
0.721297
0.721012
0.720728
0.720443
0.720158
0.719874
0.71959
0.719305
0.719021
0.718737
0.718453
0.718169
0.717885
0.717601
0.717318
0.717034
0.716751
0.716467
0.716184
0.715901
0.715618
0.715335
0.715052
0.714769
0.714486
0.714203
0.713921
0.713638
0.713356
0.713073
0.712791
0.712509
0.712227
0.711945
0.711663
0.711381
0.7111
0.710818
0.710536
0.710255
0.709974
0.709692
0.709411
0.70913
0.708849
0.708568
0.708287
0.708007
0.707726
0.707445
0.707165
0.706885
0.706604
0.706324
0.706044
0.705764
0.705484
0.705204
0.704924
0.704645
0.704365
0.704086
0.703806
0.703527
0.703248
0.702969
0.702689
0.702411
0.702132
0.701853
0.701574
0.701296
0.701017
0.700739
0.70046
0.700182
0.699904
0.699626
0.699348
0.69907
0.698792
0.698514
0.698237
0.697959
0.697682
0.697404
0.697127
0.69685
0.696573
0.696296
0.696019
0.695742
0.695465
0.695188
0.694912
0.694635
0.694359
0.694082
0.693806
0.69353
0.693254
0.692978
0.692702
0.692426
0.692151
0.691875
0.691599
0.691324
0.691049
0.690773
0.690498
0.690223
0.689948
0.689673
0.689398
0.689123
0.688849
0.688574
0.6883
0.688025
0.687751
0.687477
0.687203
0.686929
0.686655
0.686381
0.686107
0.685833
0.68556
0.685286
0.685013
0.684739
0.684466
0.684193
0.68392
0.683647
0.683374
0.683101
0.682828
0.682556
0.682283
0.68201
0.681738
0.681466
0.681194
0.680921
0.680649
0.680377
0.680105
0.679834
0.679562
0.67929
0.679019
0.678747
0.678476
0.678205
0.677934
0.677662
0.677391
0.67712
0.67685
0.676579
0.676308
0.676038
0.675767
0.675497
0.675226
0.674956
0.674686
0.674416
0.674146
0.673876
0.673606
0.673337
0.673067
0.672797
0.672528
0.672259
0.671989
0.67172
0.671451
0.671182
0.670913
0.670644
0.670375
0.670107
0.669838
0.66957
0.669301
0.669033
0.668765
0.668496
0.668228
0.66796
0.667692
0.667425
0.667157
0.666889
0.666622
0.666354
0.666087
0.665819
0.665552
0.665285
0.665018
0.664751
0.664484
0.664217
0.663951
0.663684
0.663418
0.663151
0.662885
0.662618
0.662352
0.662086
0.66182
0.661554
0.661288
0.661023
0.660757
0.660491
0.660226
0.65996
0.659695
0.65943
0.659165
0.6589
0.658635
0.65837
0.658105
0.65784
0.657575
0.657311
0.657046
0.656782
0.656518
0.656253
0.655989
0.655725
0.655461
0.655197
0.654934
0.65467
0.654406
0.654143
0.653879
0.653616
0.653353
0.653089
0.652826
0.652563
0.6523
0.652037
0.651775
0.651512
0.651249
0.650987
0.650724
0.650462
0.6502
0.649937
0.649675
0.649413
0.649151
0.64889
0.648628
0.648366
0.648105
0.647843
0.647582
0.64732
0.647059
0.646798
0.646537
0.646276
0.646015
0.645754
0.645493
0.645233
0.644972
0.644711
0.644451
0.644191
0.643931
0.64367
0.64341
0.64315
0.64289
0.642631
0.642371
0.642111
0.641852
0.641592
0.641333
0.641073
0.640814
0.640555
0.640296
0.640037
0.639778
0.639519
0.639261
0.639002
0.638743
0.638485
0.638226
0.637968
0.63771
0.637452
0.637194
0.636936
0.636678
0.63642
0.636162
0.635905
0.635647
0.63539
0.635132
0.634875
0.634618
0.634361
0.634104
0.633847
0.63359
0.633333
0.633076
0.63282
0.632563
0.632307
0.63205
0.631794
0.631538
0.631282
0.631025
0.63077
0.630514
0.630258
0.630002
0.629746
0.629491
0.629235
0.62898
0.628725
0.62847
0.628214
0.627959
0.627704
0.62745
0.627195
0.62694
0.626686
0.626431
0.626177
0.625922
0.625668
0.625413
0.62516
0.624905
0.624652
0.624396
0.624145
0.623888
0.623638
0.62338
0.623132
0.622872
0.622627
0.622364
0.622122
0.621857
0.621618
0.621349
0.621114
0.620841
0.620611
0.620334
0.620107
0.619828
0.619604
0.619322
0.6191
0.618818
0.618596
0.618315
0.618091
0.617813
0.617586
0.617312
0.61708
0.616811
0.616575
0.616312
0.61607
0.615812
0.615566
0.615312
0.615063
0.614811
0.61456
0.61431
0.614059
0.61381
0.613558
0.613309
0.613058
0.612808
0.612558
0.612308
0.612059
0.611809
0.611559
0.611309
0.61106
0.610811
0.610561
0.610312
0.610063
0.609814
0.609565
0.609316
0.609067
0.608818
0.608569
0.608321
0.608072
0.607824
0.607575
0.607327
0.607079
0.606831
0.606583
0.606335
0.606087
0.605839
0.605592
0.605344
0.605096
0.604849
0.604602
0.604354
0.604107
0.60386
0.603613
0.603366
0.603119
0.602872
0.602625
0.602379
0.602132
0.601886
0.601639
0.601393
0.601147
0.600901
0.600655
0.600409
0.600163
0.599917
0.599671
0.599425
0.59918
0.598934
0.598689
0.598444
0.598198
0.597953
0.597708
0.597463
0.597218
0.596973
0.596728
0.596484
0.596239
0.595995
0.59575
0.595506
0.595261
0.595017
0.594773
0.594529
0.594285
0.594041
0.593797
0.593554
0.59331
0.593066
0.592823
0.59258
0.592336
0.592093
0.59185
0.591607
0.591364
0.591121
0.590878
0.590635
0.590393
0.59015
0.589908
0.589665
0.589423
0.58918
0.588938
0.588696
0.588454
0.588212
0.58797
0.587729
0.587487
0.587245
0.587004
0.586762
0.586521
0.58628
0.586038
0.585797
0.585556
0.585315
0.585074
0.584833
0.584593
0.584352
0.584111
0.583871
0.583631
0.58339
0.58315
0.58291
0.58267
0.58243
0.58219
0.58195
0.58171
0.58147
0.581231
0.580991
0.580752
0.580512
0.580273
0.580034
0.579795
0.579556
0.579317
0.579078
0.578839
0.5786
0.578362
0.578123
0.577885
0.577646
0.577408
0.57717
0.576931
0.576693
0.576455
0.576217
0.575979
0.575742
0.575504
0.575266
0.575029
0.574791
0.574554
0.574317
0.574079
0.573842
0.573605
0.573368
0.573131
0.572895
0.572658
0.572421
0.572185
0.571948
0.571712
0.571475
0.571239
0.571003
0.570767
0.570531
0.570295
0.570059
0.569823
0.569587
0.569352
0.569116
0.568881
0.568645
0.56841
0.568175
0.56794
0.567705
0.56747
0.567235
0.567
0.566765
0.56653
0.566296
0.566061
0.565827
0.565593
0.565358
0.565124
0.56489
0.564656
0.564422
0.564188
0.563954
0.56372
0.563487
0.563253
0.56302
0.562786
0.562553
0.56232
0.562087
0.561853
0.56162
0.561388
0.561155
0.560922
0.560689
0.560457
0.560224
0.559992
0.559759
0.559527
0.559295
0.559062
0.55883
0.558598
0.558367
0.558135
0.557903
0.557671
0.55744
0.557208
0.556977
0.556745
0.556514
0.556283
0.556052
0.555821
0.55559
0.555359
0.555128
0.554897
0.554667
0.554436
0.554206
0.553975
0.553745
0.553515
0.553284
0.553054
0.552824
0.552594
0.552364
0.552135
0.551905
0.551675
0.551446
0.551216
0.550987
0.550758
0.550528
0.550299
0.55007
0.549841
0.549612
0.549383
0.549154
0.548926
0.548697
0.548469
0.54824
0.548012
0.547783
0.547555
0.547327
0.547099
0.546871
0.546643
0.546415
0.546188
0.54596
0.545732
0.545505
0.545277
0.54505
0.544823
0.544595
0.544368
0.544141
0.543914
0.543687
0.543461
0.543234
0.543007
0.542781
0.542554
0.542328
0.542101
0.541875
0.541649
0.541423
0.541197
0.540971
0.540745
0.540519
0.540293
0.540068
0.539842
0.539617
0.539391
0.539166
0.538941
0.538716
0.53849
0.538265
0.53804
0.537816
0.537591
0.537366
0.537141
0.536917
0.536692
0.536468
0.536244
0.536019
0.535795
0.535571
0.535347
0.535123
0.534899
0.534676
0.534452
0.534228
0.534005
0.533781
0.533558
0.533335
0.533111
0.532888
0.532665
0.532442
0.532219
0.531996
0.531774
0.531551
0.531328
0.531106
0.530883
0.530661
0.530439
0.530217
0.529994
0.529772
0.52955
0.529328
0.529107
0.528885
0.528663
0.528442
0.52822
0.527999
0.527777
0.527556
0.527335
0.527114
0.526893
0.526672
0.526451
0.52623
0.526009
0.525789
0.525568
0.525347
0.525127
0.524907
0.524686
0.524466
0.524246
0.524026
0.523806
0.523586
0.523366
0.523147
0.522927
0.522707
0.522488
0.522269
0.522049
0.52183
0.521611
0.521392
0.521173
0.520954
0.520735
0.520516
0.520297
0.520079
0.51986
0.519642
0.519423
0.519205
0.518987
0.518768
0.51855
0.518332
0.518114
0.517897
0.517679
0.517461
0.517243
0.517026
0.516808
0.516591
0.516374
0.516156
0.515939
0.515722
0.515505
0.515288
0.515071
0.514855
0.514638
0.514421
0.514205
0.513988
0.513772
0.513556
0.51334
0.513123
0.512907
0.512691
0.512475
0.51226
0.512044
0.511828
0.511613
0.511397
0.511182
0.510966
0.510751
0.510536
0.510321
0.510106
0.509891
0.509676
0.509461
0.509246
0.509032
0.508817
0.508602
0.508388
0.508174
0.507959
0.507745
0.507531
0.507317
0.507103
0.506889
0.506676
0.506462
0.506248
0.506035
0.505821
0.505608
0.505394
0.505181
0.504968
0.504755
0.504542
0.504329
0.504116
0.503904
0.503691
0.503478
0.503266
0.503053
0.502841
0.502629
0.502416
0.502204
0.501992
0.50178
0.501568
0.501357
0.501145
0.500933
0.500722
0.50051
0.500299
0.500087
0.499876
0.499665
0.499454
0.499243
0.499032
0.498821
0.49861
0.4984
0.498189
0.497978
0.497768
0.497558
0.497347
0.497137
0.496927
0.496717
0.496507
0.496297
0.496087
0.495878
0.495668
0.495458
0.495249
0.495039
0.49483
0.494621
0.494412
0.494203
0.493994
0.493785
0.493576
0.493367
0.493158
0.49295
0.492741
0.492533
0.492325
0.492116
0.491908
0.4917
0.491492
0.491284
0.491076
0.490868
0.490661
0.490453
0.490246
0.490038
0.489831
0.489623
0.489416
0.489209
0.489002
0.488795
0.488588
0.488382
0.488175
0.487968
0.487762
0.487555
0.487349
0.487143
0.486936
0.48673
0.486524
0.486318
0.486112
0.485907
0.485701
0.485495
0.48529
0.485084
0.484879
0.484674
0.484469
0.484264
0.484059
0.483854
0.483649
0.483444
0.483239
0.483035
0.48283
0.482626
0.482422
0.482217
0.482013
0.481809
0.481605
0.481401
0.481197
0.480994
0.48079
0.480587
0.480383
0.48018
0.479976
0.479773
0.47957
0.479367
0.479164
0.478961
0.478759
0.478556
0.478353
0.478151
0.477949
0.477746
0.477544
0.477342
0.47714
0.476938
0.476736
0.476534
0.476333
0.476131
0.47593
0.475728
0.475527
0.475326
0.475125
0.474924
0.474723
0.474522
0.474321
0.474121
0.47392
0.47372
0.473519
0.473319
0.473119
0.472919
0.472719
0.472519
0.472319
0.47212
0.47192
0.471721
0.471521
0.471322
0.471123
0.470924
0.470725
0.470526
0.470327
0.470128
0.46993
0.469731
0.469533
0.469334
0.469136
0.468938
0.46874
0.468542
0.468344
0.468147
0.467949
0.467752
0.467554
0.467357
0.46716
0.466963
0.466766
0.466569
0.466372
0.466176
0.465979
0.465783
0.465587
0.46539
0.465194
0.464998
0.464803
0.464607
0.464411
0.464216
0.46402
0.463825
0.46363
0.463435
0.46324
0.463045
0.46285
0.462656
0.462461
0.462267
0.462073
0.461879
0.461685
0.461491
0.461297
0.461103
0.46091
0.460716
0.460523
0.46033
0.460137
0.459944
0.459752
0.459559
0.459366
0.459174
0.458982
0.45879
0.458598
0.458406
0.458214
0.458023
0.457831
0.45764
0.457449
0.457258
0.457067
0.456876
0.456686
0.456496
0.456305
0.456115
0.455925
0.455735
0.455546
0.455356
0.455167
0.454978
0.454789
0.4546
0.454411
0.454222
0.454034
0.453846
0.453658
0.45347
0.453282
0.453094
0.452907
0.45272
0.452533
0.452346
0.452159
0.451972
0.451786
0.4516
0.451414
0.451228
0.451043
0.450857
0.450672
0.450487
0.450302
0.450117
0.449933
0.449749
0.449565
0.449381
0.449197
0.449014
0.448831
0.448648
0.448465
0.448282
0.4481
0.447918
0.447736
0.447555
0.447373
0.447192
0.447011
0.446831
0.44665
0.44647
0.44629
0.446111
0.445931
0.445752
0.445573
0.445395
0.445217
0.445039
0.444861
0.444683
0.444506
0.444329
0.444153
0.443977
0.443801
0.443625
0.44345
0.443275
0.4431
0.442926
0.442752
0.442579
0.442405
0.442233
0.44206
0.441888
0.441716
0.441545
0.441374
0.441203
0.441033
0.440863
0.440694
0.440525
0.440356
0.440188
0.44002
0.439853
0.439686
0.43952
0.439354
0.439188
0.439023
0.438859
0.438695
0.438532
0.438369
0.438206
0.438044
0.437883
0.437722
0.437562
0.437403
0.437244
0.437085
0.436927
0.43677
0.436614
0.436458
0.436302
0.436148
0.435994
0.435841
0.435688
0.435536
0.435385
0.435235
0.435085
0.434936
0.434788
0.43464
0.434494
0.434348
0.434203
0.434059
0.433916
0.433774
0.433632
0.433492
0.433352
0.433213
0.433076
0.432939
0.432803
0.432668
0.432535
0.432402
0.43227
0.43214
0.43201
0.431882
0.431754
0.431628
0.431503
0.431379
0.431256
0.431135
0.431015
0.430896
0.430778
0.430661
0.430546
0.430432
0.43032
0.430208
0.430098
0.42999
0.429883
0.429777
0.429673
0.42957
0.429468
0.429369
0.42927
0.429173
0.429078
0.428984
0.428891
0.4288
0.428711
0.428623
0.428537
0.428452
0.428369
0.428287
0.428208
0.428129
0.428053
0.427978
0.427904
0.427832
0.427762
0.427693
0.427626
0.427561
0.427497
0.427435
0.427375
0.427316
0.427258
0.427202
0.427148
0.427095
0.427044
0.426995
0.426947
0.4269
0.426855
0.426811
0.426769
0.426728
0.426689
0.426651
0.426614
0.426579
0.426545
0.426512
0.426481
0.426451
0.426422
0.426394
0.426367
0.426342
0.426317
0.426294
0.426272
0.42625
0.42623
0.426211
0.426192
0.426175
0.426158
0.426142
0.426127
0.426113
0.426099
0.426087
0.426074
0.426063
0.426052
0.426042
0.426032
0.426023
0.426015
0.426007
0.425999
0.425992
0.425986
0.42598
0.425974
0.425968
0.425963
0.425958
0.425954
0.42595
0.425946
0.425943
0.425939
0.425936
0.425933
0.425931
0.425928
0.425926
0.425924
0.425922
0.42592
0.425918
0.425917
0.425915
0.425914
0.425913
0.425912
0.425911
0.42591
0.425909
0.425908
0.425907
0.425906
0.425906
0.425905
0.425905
0.425904
0.425904
0.425903
0.425903
0.425903
0.425902
0.425902
0.425902
0.425901
0.425901
0.425901
0.425901
0.425901
0.4259
0.4259
0.4259
0.4259
0.4259
0.4259
0.4259
0.4259
0.425899
0.425899
0.425899
0.425899
0.425899
0.425899
0.425899
0.425899
0.425899
0.425899
0.425899
0.425899
0.425898
0.425898
0.425898
0.425898
0.425898
0.425898
0.425898
0.425898
0.425898
0.425898
0.425898
0.425898
0.425898
0.425898
0.425898
0.425898
0.425898
0.425898
0.425898
0.425897
0.425897
0.425897
0.425897
0.425897
0.425897
0.425897
0.425897
0.425897
0.425897
0.425897
0.425897
0.425897
0.425897
0.425897
0.425897
0.425897
0.425897
0.425897
0.425897
0.425896
0.425896
0.425896
0.425896
0.425896
0.425896
0.425896
0.425896
0.425896
0.425896
0.425896
0.425896
0.425896
0.425896
0.425896
0.425896
0.425896
0.425896
0.425896
0.425896
0.425896
0.425895
0.425895
0.425895
0.425895
0.425895
0.425895
0.425895
0.425895
0.425895
0.425895
0.425895
0.425895
0.425895
0.425895
0.425895
0.425895
0.425895
0.425895
0.425895
0.425895
0.425895
0.425894
0.425894
0.425894
0.425894
0.425894
0.425894
0.425894
0.425894
0.425894
0.425894
0.425894
0.425894
0.425894
0.425894
0.425894
0.425894
0.425894
0.425894
0.425894
0.425894
0.425894
0.425894
0.425894
0.425893
0.425893
0.425893
0.425893
0.425893
0.425893
0.425893
0.425893
0.425893
0.425893
0.425893
0.425893
0.425893
0.425893
0.425893
0.425893
0.425893
0.425893
0.425893
0.425893
0.425893
0.425893
0.425893
0.425893
0.425892
0.425892
0.425892
0.425892
0.425892
0.425892
0.425892
0.425892
0.425892
0.425892
0.425892
0.425892
0.425892
0.425892
0.425892
0.425892
0.425892
0.425892
0.425892
0.425892
0.425892
0.425892
0.425892
0.425892
0.425892
0.425891
0.425891
0.425891
0.425891
0.425891
0.425891
0.425891
0.425891
0.425891
0.425891
0.425891
0.425891
0.425891
0.425891
0.425891
0.425891
0.425891
0.425891
0.425891
0.425891
0.425891
0.425891
0.425891
0.425891
0.425891
0.425891
0.425891
0.42589
0.42589
0.42589
0.42589
0.42589
0.42589
0.42589
0.42589
0.42589
0.42589
0.42589
0.42589
0.42589
0.42589
0.42589
0.42589
0.42589
0.42589
0.42589
0.42589
0.42589
0.42589
0.42589
0.42589
0.42589
0.42589
0.425889
0.425889
0.425889
0.425889
0.425889
0.425889
0.425889
0.425889
0.425889
0.425889
0.425889
0.425889
0.425889
0.425889
0.425889
0.425889
0.425889
0.425889
0.425889
0.425889
0.425889
0.425889
0.425889
0.425889
0.425889
0.425889
0.425889
0.425888
0.425888
0.425888
0.425888
0.425888
0.425888
0.425888
0.425888
0.425888
0.425888
0.425888
0.425888
0.425888
0.425888
0.425888
0.425888
0.425888
0.425888
0.425888
0.425888
0.425888
0.425888
0.425888
0.425888
0.425888
0.425888
0.425888
0.425887
0.425887
0.425887
0.425887
0.425887
0.425887
0.425887
0.425887
0.425887
0.425887
0.425887
0.425887
0.425887
0.425887
0.425887
0.425887
0.425887
0.425887
0.425887
0.425887
0.425887
0.425887
0.425887
0.425887
0.425887
0.425887
0.425886
0.425886
0.425886
0.425886
0.425886
0.425886
0.425886
0.425886
0.425886
0.425886
0.425886
0.425886
0.425886
0.425886
0.425886
0.425886
0.425886
0.425886
0.425886
0.425886
0.425886
0.425886
0.425886
0.425886
0.425886
0.425886
0.425885
0.425885
0.425885
0.425885
0.425885
0.425885
0.425885
0.425885
0.425885
0.425885
0.425885
0.425885
0.425885
0.425885
0.425885
0.425885
0.425885
0.425885
0.425885
0.425885
0.425885
0.425885
0.425885
0.425885
0.425885
0.425885
0.425884
0.425884
0.425884
0.425884
0.425884
0.425884
0.425884
0.425884
0.425884
0.425884
0.425884
0.425884
0.425884
0.425884
0.425884
0.425884
0.425884
0.425884
0.425884
0.425884
0.425884
0.425884
0.425884
0.425884
0.425884
0.425883
0.425883
0.425883
0.425883
0.425883
0.425883
0.425883
0.425883
0.425883
0.425883
0.425883
0.425883
0.425883
0.425883
0.425883
0.425883
0.425883
0.425883
0.425883
0.425883
0.425883
0.425883
0.425883
0.425883
0.425882
0.425882
0.425882
0.425882
0.425882
0.425882
0.425882
0.425882
0.425882
0.425882
0.425882
0.425882
0.425882
0.425882
0.425882
0.425882
0.425882
0.425882
0.425882
0.425882
0.425882
0.425882
0.425882
0.425882
0.425881
0.425881
0.425881
0.425881
0.425881
0.425881
0.425881
0.425881
0.425881
0.425881
0.425881
0.425881
0.425881
0.425881
0.425881
0.425881
0.425881
0.425881
0.425881
0.425881
0.425881
0.425881
0.425881
0.42588
0.42588
0.42588
0.42588
0.42588
0.42588
0.42588
0.42588
0.42588
0.42588
0.42588
0.42588
0.42588
0.42588
0.42588
0.42588
0.42588
0.42588
0.42588
0.42588
0.42588
0.42588
0.42588
0.425879
0.425879
0.425879
0.425879
0.425879
0.425879
0.425879
0.425879
0.425879
0.425879
0.425879
0.425879
0.425879
0.425879
0.425879
0.425879
0.425879
0.425879
0.425879
0.425879
0.425879
0.425878
0.425878
0.425878
0.425878
0.425878
0.425878
0.425878
0.425878
0.425878
0.425878
0.425878
0.425878
0.425878
0.425878
0.425878
0.425878
0.425878
0.425878
0.425878
0.425878
0.425878
0.425878
0.425877
0.425877
0.425877
0.425877
0.425877
0.425877
0.425877
0.425877
0.425877
0.425877
0.425877
0.425877
0.425877
0.425877
0.425877
0.425877
0.425877
0.425877
0.425877
0.425877
0.425877
0.425876
0.425876
0.425876
0.425876
0.425876
0.425876
0.425876
0.425876
0.425876
0.425876
0.425876
0.425876
0.425876
0.425876
0.425876
0.425876
0.425876
0.425876
0.425876
0.425876
0.425875
0.425875
0.425875
0.425875
0.425875
0.425875
0.425875
0.425875
0.425875
0.425875
0.425875
0.425875
0.425875
0.425875
0.425875
0.425875
0.425875
0.425875
0.425875
0.425874
0.425874
0.425874
0.425874
0.425874
0.425874
0.425874
0.425874
0.425874
0.425874
0.425874
0.425874
0.425874
0.425874
0.425874
0.425874
0.425874
0.425874
0.425874
0.425873
0.425873
0.425873
0.425873
0.425873
0.425873
0.425873
0.425873
0.425873
0.425873
0.425873
0.425873
0.425873
0.425873
0.425873
0.425873
0.425873
0.425873
0.425872
0.425872
0.425872
0.425872
0.425872
0.425872
0.425872
0.425872
0.425872
0.425872
0.425872
0.425872
0.425872
0.425872
0.425872
0.425872
0.425872
0.425872
0.425871
0.425871
0.425871
0.425871
0.425871
0.425871
0.425871
0.425871
0.425871
0.425871
0.425871
0.425871
0.425871
0.425871
0.425871
0.425871
0.425871
0.42587
0.42587
0.42587
0.42587
0.42587
0.42587
0.42587
0.42587
0.42587
0.42587
0.42587
0.42587
0.42587
0.42587
0.42587
0.42587
0.42587
0.425869
0.425869
0.425869
0.425869
0.425869
0.425869
0.425869
0.425869
0.425869
0.425869
0.425869
0.425869
0.425869
0.425869
0.425869
0.425869
0.425869
0.425868
0.425868
0.425868
0.425868
0.425868
0.425868
0.425868
0.425868
0.425868
0.425868
0.425868
0.425868
0.425868
0.425868
0.425868
0.425868
0.425867
0.425867
0.425867
0.425867
0.425867
0.425867
0.425867
0.425867
0.425867
0.425867
0.425867
0.425867
0.425867
0.425867
0.425867
0.425866
0.425866
0.425866
0.425866
0.425866
0.425866
0.425866
0.425866
0.425866
0.425866
0.425866
0.425866
0.425866
0.425866
0.425866
0.425865
0.425865
0.425865
0.425865
0.425865
0.425865
0.425865
0.425865
0.425865
0.425865
0.425865
0.425865
0.425865
0.425865
0.425865
0.425864
0.425864
0.425864
0.425864
0.425864
0.425864
0.425864
0.425864
0.425864
0.425864
0.425864
0.425864
0.425864
0.425864
0.425863
0.425863
0.425863
0.425863
0.425863
0.425863
0.425863
0.425863
0.425863
0.425863
0.425863
0.425863
0.425863
0.425863
0.425862
0.425862
0.425862
0.425862
0.425862
0.425862
0.425862
0.425862
0.425862
0.425862
0.425862
0.425862
0.425862
0.425861
0.425861
0.425861
0.425861
0.425861
0.425861
0.425861
0.425861
0.425861
0.425861
0.425861
0.425861
0.425861
0.425861
0.42586
0.42586
0.42586
0.42586
0.42586
0.42586
0.42586
0.42586
0.42586
0.42586
0.42586
0.42586
0.425859
0.425859
0.425859
0.425859
0.425859
0.425859
0.425859
0.425859
0.425859
0.425859
0.425859
0.425859
0.425859
0.425858
0.425858
0.425858
0.425858
0.425858
0.425858
0.425858
0.425858
0.425858
0.425858
0.425858
0.425858
0.425857
0.425857
0.425857
0.425857
0.425857
0.425857
0.425857
0.425857
0.425857
0.425857
0.425857
0.425857
0.425856
0.425856
0.425856
0.425856
0.425856
0.425856
0.425856
0.425856
0.425856
0.425856
0.425856
0.425855
0.425855
0.425855
0.425855
0.425855
0.425855
0.425855
0.425855
0.425855
0.425855
0.425855
0.425855
0.425854
0.425854
0.425854
0.425854
0.425854
0.425854
0.425854
0.425854
0.425854
0.425854
0.425854
0.425853
0.425853
0.425853
0.425853
0.425853
0.425853
0.425853
0.425853
0.425853
0.425853
0.425853
0.425852
0.425852
0.425852
0.425852
0.425852
0.425852
0.425852
0.425852
0.425852
0.425852
0.425851
0.425851
0.425851
0.425851
0.425851
0.425851
0.425851
0.425851
0.425851
0.425851
0.42585
0.42585
0.42585
0.42585
0.42585
0.42585
0.42585
0.42585
0.42585
0.42585
0.425849
0.425849
0.425849
0.425849
0.425849
0.425849
0.425849
0.425849
0.425849
0.425849
0.425848
0.425848
0.425848
0.425848
0.425848
0.425848
0.425848
0.425848
0.425848
0.425848
0.425847
0.425847
0.425847
0.425847
0.425847
0.425847
0.425847
0.425847
0.425847
0.425846
0.425846
0.425846
0.425846
0.425846
0.425846
0.425846
0.425846
0.425846
0.425845
0.425845
0.425845
0.425845
0.425845
0.425845
0.425845
0.425845
0.425845
0.425844
0.425844
0.425844
0.425844
0.425844
0.425844
0.425844
0.425844
0.425844
0.425843
0.425843
0.425843
0.425843
0.425843
0.425843
0.425843
0.425843
0.425843
0.425842
0.425842
0.425842
0.425842
0.425842
0.425842
0.425842
0.425842
0.425841
0.425841
0.425841
0.425841
0.425841
0.425841
0.425841
0.425841
0.42584
0.42584
0.42584
0.42584
0.42584
0.42584
0.42584
0.42584
0.425839
0.425839
0.425839
0.425839
0.425839
0.425839
0.425839
0.425839
0.425838
0.425838
0.425838
0.425838
0.425838
0.425838
0.425838
0.425838
0.425837
0.425837
0.425837
0.425837
0.425837
0.425837
0.425837
0.425836
0.425836
0.425836
0.425836
0.425836
0.425836
0.425836
0.425836
0.425835
0.425835
0.425835
0.425835
0.425835
0.425835
0.425835
0.425834
0.425834
0.425834
0.425834
0.425834
0.425834
0.425834
0.425833
0.425833
0.425833
0.425833
0.425833
0.425833
0.425833
0.425832
0.425832
0.425832
0.425832
0.425832
0.425832
0.425832
0.425831
0.425831
0.425831
0.425831
0.425831
0.425831
0.425831
0.42583
0.42583
0.42583
0.42583
0.42583
0.42583
0.425829
0.425829
0.425829
0.425829
0.425829
0.425829
0.425829
0.425828
0.425828
0.425828
0.425828
0.425828
0.425828
0.425827
0.425827
0.425827
0.425827
0.425827
0.425827
0.425826
0.425826
0.425826
0.425826
0.425826
0.425826
0.425825
0.425825
0.425825
0.425825
0.425825
0.425825
0.425824
0.425824
0.425824
0.425824
0.425824
0.425824
0.425823
0.425823
0.425823
0.425823
0.425823
0.425823
0.425822
0.425822
0.425822
0.425822
0.425822
0.425822
0.425821
0.425821
0.425821
0.425821
0.425821
0.42582
0.42582
0.42582
0.42582
0.42582
0.42582
0.425819
0.425819
0.425819
0.425819
0.425819
0.425818
0.425818
0.425818
0.425818
0.425818
0.425817
0.425817
0.425817
0.425817
0.425817
0.425816
0.425816
0.425816
0.425816
0.425816
0.425816
0.425815
0.425815
0.425815
0.425815
0.425815
0.425814
0.425814
0.425814
0.425814
0.425814
0.425813
0.425813
0.425813
0.425813
0.425812
0.425812
0.425812
0.425812
0.425812
0.425811
0.425811
0.425811
0.425811
0.425811
0.42581
0.42581
0.42581
0.42581
0.425809
0.425809
0.425809
0.425809
0.425809
0.425808
0.425808
0.425808
0.425808
0.425808
0.425807
0.425807
0.425807
0.425807
0.425806
0.425806
0.425806
0.425806
0.425805
0.425805
0.425805
0.425805
0.425805
0.425804
0.425804
0.425804
0.425804
0.425803
0.425803
0.425803
0.425803
0.425802
0.425802
0.425802
0.425802
0.425801
0.425801
0.425801
0.425801
0.4258
0.4258
0.4258
0.4258
0.425799
0.425799
0.425799
0.425799
0.425798
0.425798
0.425798
0.425798
0.425797
0.425797
0.425797
0.425797
0.425796
0.425796
0.425796
0.425795
0.425795
0.425795
0.425795
0.425794
0.425794
0.425794
0.425794
0.425793
0.425793
0.425793
0.425792
0.425792
0.425792
0.425792
0.425791
0.425791
0.425791
0.42579
0.42579
0.42579
0.42579
0.425789
0.425789
0.425789
0.425788
0.425788
0.425788
0.425787
0.425787
0.425787
0.425787
0.425786
0.425786
0.425786
0.425785
0.425785
0.425785
0.425784
0.425784
0.425784
0.425783
0.425783
0.425783
0.425782
0.425782
0.425782
0.425782
0.425781
0.425781
0.425781
0.42578
0.42578
0.42578
0.425779
0.425779
0.425779
0.425778
0.425778
0.425777
0.425777
0.425777
0.425776
0.425776
0.425776
0.425775
0.425775
0.425775
0.425774
0.425774
0.425774
0.425773
0.425773
0.425773
0.425772
0.425772
0.425771
0.425771
0.425771
0.42577
0.42577
0.42577
0.425769
0.425769
0.425768
0.425768
0.425768
0.425767
0.425767
0.425766
0.425766
0.425766
0.425765
0.425765
0.425764
0.425764
0.425764
0.425763
0.425763
0.425762
0.425762
0.425762
0.425761
0.425761
0.42576
0.42576
0.425759
0.425759
0.425759
0.425758
0.425758
0.425757
0.425757
0.425756
0.425756
0.425755
0.425755
0.425755
0.425754
0.425754
0.425753
0.425753
0.425752
0.425752
0.425751
0.425751
0.42575
0.42575
0.425749
0.425749
0.425748
0.425748
0.425748
0.425747
0.425747
0.425746
0.425746
0.425745
0.425745
0.425744
0.425744
0.425743
0.425742
0.425742
0.425741
0.425741
0.42574
0.42574
0.425739
0.425739
0.425738
0.425738
0.425737
0.425737
0.425736
0.425735
0.425735
0.425734
0.425734
0.425733
0.425733
0.425732
0.425732
0.425731
0.42573
0.42573
0.425729
0.425729
0.425728
0.425727
0.425727
0.425726
0.425726
0.425725
0.425724
0.425724
0.425723
0.425722
0.425722
0.425721
0.425721
0.42572
0.425719
0.425719
0.425718
0.425717
0.425717
0.425716
0.425715
0.425715
0.425714
0.425713
0.425712
0.425712
0.425711
0.42571
0.42571
0.425709
0.425708
0.425708
0.425707
0.425706
0.425705
0.425705
0.425704
0.425703
0.425702
0.425702
0.425701
0.4257
0.425699
0.425698
0.425698
0.425697
0.425696
0.425695
0.425694
0.425694
0.425693
0.425692
0.425691
0.42569
0.42569
0.425689
0.425688
0.425687
0.425686
0.425685
0.425684
0.425683
0.425683
0.425682
0.425681
0.42568
0.425679
0.425678
0.425677
0.425676
0.425675
0.425674
0.425673
0.425672
0.425671
0.42567
0.425669
0.425668
0.425667
0.425666
0.425665
0.425664
0.425663
0.425662
0.425661
0.42566
0.425659
0.425658
0.425657
0.425656
0.425655
0.425653
0.425652
0.425651
0.42565
0.425649
0.425648
0.425646
0.425645
0.425644
0.425643
0.425642
0.42564
0.425639
0.425638
0.425637
0.425635
0.425634
0.425633
0.425632
0.42563
0.425629
0.425628
0.425626
0.425625
0.425624
0.425622
0.425621
0.425619
0.425618
0.425616
0.425615
0.425614
0.425612
0.425611
0.425609
0.425608
0.425606
0.425605
0.425603
0.425601
0.4256
0.425598
0.425597
0.425595
0.425593
0.425592
0.42559
0.425588
0.425586
0.425585
0.425583
0.425581
0.425579
0.425577
0.425576
0.425574
0.425572
0.42557
0.425568
0.425566
0.425564
0.425562
0.42556
0.425558
0.425556
0.425554
0.425552
0.42555
0.425548
0.425545
0.425543
0.425541
0.425539
0.425537
0.425534
0.425532
0.42553
0.425527
0.425525
0.425522
0.42552
0.425517
0.425515
0.425512
0.42551
0.425507
0.425504
0.425502
0.425499
0.425496
0.425493
0.42549
0.425487
0.425484
0.425482
0.425479
0.425475
0.425472
0.425469
0.425466
0.425463
0.425459
0.425456
0.425453
0.425449
0.425446
0.425442
0.425439
0.425435
0.425431
0.425428
0.425424
0.42542
0.425416
0.425412
0.425408
0.425404
0.4254
0.425395
0.425391
0.425387
0.425382
0.425378
0.425373
0.425368
0.425363
0.425358
0.425353
0.425348
0.425343
0.425338
0.425332
0.425327
0.425321
0.425316
0.42531
0.425304
0.425298
0.425291
0.425285
0.425279
0.425272
0.425265
0.425258
0.425251
0.425244
0.425237
0.425229
0.425221
0.425213
0.425205
0.425197
0.425188
0.425179
0.42517
0.425161
0.425151
0.425141
0.425131
0.425121
0.42511
0.425098
0.425087
0.425074
0.425062
0.425048
0.425034
0.425019
0.425003
0.424986
0.424969
0.424949
0.424928
0.424906
0.424881
0.424854
0.424825
0.424792
0.424756
0.424716
0.424671
0.424621
0.424565
0.424502
0.424432
0.424353
0.424265
0.424165
0.424054
0.423929
0.423789
0.423632
0.423457
0.423262
0.423045
0.422804
0.422536
0.42224
0.421912
0.421551
0.421154
0.420719
0.420242
0.419721
0.419153
0.418535
0.417866
0.417141
0.416358
0.415515
0.414609
0.413638
0.412599
0.41149
0.41031
0.409056
0.407728
0.406323
0.404841
0.403282
0.401644
0.399928
0.398135
0.396263
0.394316
0.392293
0.390197
0.38803
0.385794
0.383491
0.381126
0.3787
0.376219
0.373686
0.371105
0.36848
0.365818
0.363121
0.360397
0.357649
0.354883
0.352105
0.349319
0.346533
0.34375
0.340976
0.338217
0.335477
0.332762
0.330077
0.327425
0.324812
0.322242
0.319719
0.317246
0.314826
0.312464
0.31016
0.307919
0.305742
0.30363
0.301586
0.299611
0.297705
0.29587
0.294105
0.292411
0.290788
0.289234
0.28775
0.286335
0.284988
0.283707
0.282491
0.281339
0.280249
0.27922
0.278248
0.277334
0.276473
0.275666
0.274909
0.2742
0.273537
0.272919
0.272343
0.271807
0.271308
0.270846
0.270418
0.270021
0.269655
0.269317
0.269006
0.26872
0.268457
0.268216
0.267995
0.267793
0.267608
0.267439
0.267286
0.267146
0.267019
0.266904
0.2668
0.266706
0.26662
0.266543
0.266474
0.266411
0.266355
0.266305
0.266259
0.266219
0.266183
0.26615
0.266122
0.266096
0.266073
0.266052
0.266034
0.266018
0.266004
0.265992
0.26598
0.265971
0.265962
0.265954
0.265948
0.265942
0.265937
0.265932
0.265928
0.265925
0.265921
0.265919
0.265916
0.265914
0.265913
0.265911
0.26591
0.265908
0.265907
0.265906
0.265906
0.265905
0.265904
0.265904
0.265903
0.265903
0.265903
0.265902
0.265902
0.265902
0.265901
0.265901
0.265901
0.265901
0.265901
0.265901
0.2659
0.2659
0.2659
0.2659
0.2659
0.2659
0.2659
0.2659
0.2659
0.2659
0.265899
0.265899
0.265899
0.265899
0.265899
0.265899
0.265899
0.265899
0.265899
0.265899
0.265899
0.265899
0.265899
0.265899
0.265899
0.265899
0.265898
0.265898
0.265898
0.265898
0.265898
0.265898
0.265898
0.265898
0.265898
0.265898
0.265898
0.265898
0.265898
0.265898
0.265898
0.265898
0.265898
0.265898
0.265898
0.265898
0.265898
0.265898
0.265898
0.265898
0.265897
0.265897
0.265897
0.265897
0.265897
0.265897
0.265897
0.265897
0.265897
0.265897
0.265897
0.265897
0.265897
0.265897
0.265897
0.265897
0.265897
0.265897
0.265897
0.265897
0.265897
0.265897
0.265897
0.265897
0.265897
0.265897
0.265897
0.265897
0.265897
0.265897
0.265897
0.265897
0.265897
0.265897
0.265897
0.265897
0.265896
0.265896
0.265896
0.265896
0.265896
0.265896
0.265896
0.265896
0.265896
0.265896
0.265896
0.265896
0.265896
0.265896
0.265896
0.265896
0.265896
0.265896
0.265896
0.265896
0.265896
0.265896
0.265896
0.265896
0.265896
0.265896
0.265896
0.265896
0.265896
0.265896
0.265896
0.265896
0.265896
0.265896
0.265896
0.265896
0.265896
0.265896
0.265896
0.265896
0.265896
0.265896
0.265896
0.265896
0.265896
0.265896
0.265896
0.265896
0.265896
0.265896
0.265896
0.265896
0.265896
0.265896
0.265896
0.265896
0.265896
0.265896
0.265895
0.265895
0.265895
0.265895
0.265895
0.265895
0.265895
0.265895
0.265895
0.265895
0.265895
0.265895
0.265895
0.265895
0.265895
0.265895
0.265895
0.265895
0.265895
0.265895
0.265895
0.265895
0.265895
0.265895
0.265895
0.265895
0.265895
0.265895
0.265895
0.265895
0.265895
0.265895
0.265895
0.265895
0.265895
0.265895
0.265895
0.265895
0.265895
0.265895
0.265895
0.265895
0.265895
0.265895
0.265895
0.265895
0.265895
0.265895
0.265895
0.265895
0.265895
0.265895
0.265895
0.265895
0.265895
0.265895
0.265895
0.265895
0.265895
0.265895
0.265895
0.265895
0.265895
0.265895
0.265895
0.265895
0.265895
0.265895
0.265895
0.265895
0.265895
0.265895
0.265895
0.265895
0.265895
0.265895
0.265895
0.265895
0.265895
0.265895
0.265895
0.265895
0.265895
0.265895
0.265895
0.265895
0.265895
0.265895
0.265895
0.265895
0.265895
0.265895
0.265895
0.265895
0.265895
0.265895
0.265895
0.265895
0.265895
0.265895
0.265895
0.265895
0.265895
0.265895
0.265895
0.265895
0.265895
0.265895
0.265895
0.265895
0.265895
0.265895
0.265895
0.265895
0.265895
0.265895
0.265895
0.265895
0.265895
0.265895
0.265895
0.265895
0.265894
0.265894
0.265894
0.265894
0.265894
0.265894
0.265894
0.265894
0.265894
0.265894
0.265894
0.265894
0.265894
0.265894
0.265894
0.265894
0.265894
0.265894
0.265894
0.265894
0.265894
0.265894
0.265894
0.265894
0.265894
0.265894
0.265894
0.265894
0.265894
0.265894
0.265894
0.265894
0.265894
0.265894
0.265894
0.265894
0.265894
0.265894
0.265894
0.265894
0.265894
0.265894
0.265894
0.265894
0.265894
0.265894
0.265894
0.265894
0.265894
0.265894
0.265894
0.265894
0.265894
0.265894
0.265894
0.265894
0.265894
0.265894
0.265894
0.265894
0.265894
0.265894
0.265894
0.265894
0.265894
0.265894
0.265894
0.265894
0.265894
0.265894
0.265894
0.265894
0.265894
0.265894
0.265894
0.265894
0.265894
0.265894
0.265894
0.265894
0.265894
0.265894
0.265894
0.265894
0.265894
0.265894
0.265894
0.265894
0.265894
0.265894
0.265894
0.265894
0.265894
0.265894
0.265894
0.265894
0.265894
0.265894
0.265894
0.265894
0.265894
0.265894
0.265894
0.265894
0.265894
0.265894
0.265894
0.265894
0.265894
0.265894
0.265894
0.265894
0.265894
0.265894
0.265894
0.265894
0.265894
0.265894
0.265894
0.265894
0.265894
0.265894
0.265894
0.265894
0.265894
0.265894
0.265894
0.265894
0.265894
0.265894
0.265894
0.265894
0.265894
0.265894
0.265894
0.265894
0.265894
0.265894
0.265894
0.265894
0.265894
0.265894
0.265894
0.265894
0.265894
0.265894
0.265894
0.265894
0.265894
0.265894
0.265894
0.265894
0.265894
0.265894
0.265894
0.265894
0.265894
0.265894
0.265894
0.265894
0.265894
0.265894
0.265894
0.265894
0.265894
0.265894
0.265894
0.265894
0.265894
0.265894
0.265894
0.265894
0.265894
0.265894
0.265894
0.265894
0.265894
0.265894
0.265894
0.265894
0.265894
0.265894
0.265894
0.265894
0.265894
0.265894
0.265894
0.265894
0.265894
0.265894
0.265894
0.265894
0.265894
0.265894
0.265894
0.265894
0.265894
0.265894
0.265894
0.265894
0.265894
0.265894
0.265894
0.265894
0.265894
0.265894
0.265894
0.265894
0.265894
0.265894
0.265894
0.265894
0.265894
0.265894
0.265894
0.265894
0.265894
0.265894
0.265894
0.265894
0.265894
0.265894
0.265894
0.265894
0.265894
0.265894
0.265894
0.265894
0.265894
0.265894
0.265894
0.265894
0.265894
0.265894
0.265894
0.265894
0.265894
0.265894
0.265894
0.265894
0.265894
0.265894
0.265894
0.265894
0.265894
0.265894
0.265894
0.265894
0.265894
0.265894
0.265894
0.265894
0.265894
0.265894
0.265894
0.265894
0.265894
0.265894
0.265894
0.265894
0.265894
0.265894
0.265894
0.265894
0.265894
0.265894
0.265894
0.265894
0.265894
0.265894
0.265894
0.265894
0.265894
0.265894
0.265894
0.265894
0.265894
0.265894
0.265894
0.265894
0.265894
0.265894
0.265894
0.265894
0.265894
0.265894
0.265894
0.265894
0.265894
0.265894
0.265894
0.265894
0.265894
0.265894
0.265894
0.265894
0.265894
0.265894
0.265894
0.265894
0.265894
0.265894
0.265894
0.265894
0.265894
0.265894
0.265894
0.265894
0.265894
0.265894
0.265894
0.265894
0.265894
0.265894
0.265894
0.265894
0.265894
0.265894
0.265894
0.265894
0.265894
0.265894
0.265894
0.265894
0.265894
0.265894
0.265894
0.265894
0.265894
0.265894
0.265894
0.265894
0.265894
0.265894
0.265894
0.265894
0.265894
0.265894
0.265894
0.265894
0.265894
0.265894
0.265894
0.265894
0.265894
0.265894
0.265894
0.265894
0.265894
0.265894
0.265894
0.265894
0.265894
0.265894
0.265894
0.265894
0.265894
0.265894
0.265894
0.265894
0.265894
0.265894
0.265894
0.265894
0.265894
0.265894
0.265894
0.265894
0.265894
0.265894
0.265894
0.265894
0.265894
0.265894
0.265894
0.265894
0.265894
0.265894
0.265894
0.265894
0.265894
0.265894
0.265894
0.265894
0.265894
0.265894
0.265894
0.265894
0.265894
0.265894
0.265894
0.265894
0.265894
0.265894
0.265894
0.265894
0.265894
0.265894
0.265894
0.265894
0.265894
0.265894
0.265894
0.265894
0.265894
0.265894
0.265894
0.265894
0.265893
0.265893
0.265893
0.265893
0.265893
0.265893
0.265893
0.265893
0.265893
0.265893
0.265893
0.265893
0.265894
0.265894
0.265894
0.265894
0.265894
0.265894
0.265894
0.265894
0.265894
0.265894
0.265894
0.265894
0.265894
0.265894
0.265894
0.265894
0.265894
0.265894
0.265894
0.265894
0.265894
0.265894
0.265894
0.265894
0.265894
0.265894
0.265894
0.265894
0.265894
0.265894
0.265893
0.265893
0.265893
0.265893
0.265893
0.265893
0.265893
0.265893
0.265893
0.265893
0.265893
0.265893
0.265893
0.265893
0.265893
0.265893
0.265893
0.265893
0.265893
0.265893
0.265893
0.265893
0.265893
0.265893
0.265893
0.265893
0.265893
0.265893
0.265893
0.265893
0.265893
0.265893
0.265893
0.265893
0.265893
0.265893
0.265893
0.265893
0.265893
0.265893
0.265893
0.265893
0.265893
0.265893
0.265893
0.265893
0.265893
0.265893
0.265893
0.265893
0.265893
0.265893
0.265893
0.265893
0.265893
0.265893
0.265893
0.265893
0.265893
0.265893
0.265893
0.265893
0.265893
0.265893
0.265893
0.265893
0.265893
0.265893
0.265893
0.265893
0.265893
0.265893
0.265893
0.265893
0.265893
0.265893
0.265893
0.265893
0.265893
0.265893
0.265893
0.265893
0.265893
0.265893
0.265893
0.265893
0.265893
0.265893
0.265893
0.265893
0.265893
0.265893
0.265893
0.265893
0.265893
0.265893
0.265893
0.265893
0.265893
0.265893
0.265893
0.265893
0.265893
0.265893
0.265893
0.265893
0.265893
0.265893
0.265893
0.265893
0.265893
0.265893
0.265893
0.265893
0.265893
0.265893
0.265893
0.265893
0.265893
0.265893
0.265893
0.265893
0.265893
0.265893
0.265893
0.265893
0.265893
0.265893
0.265893
0.265893
0.265893
0.265893
0.265893
0.265893
0.265893
0.265893
0.265893
0.265893
0.265893
0.265893
0.265893
0.265893
0.265893
0.265893
0.265893
0.265893
0.265893
0.265893
0.265893
0.265893
0.265893
0.265893
0.265893
0.265893
0.265893
0.265893
0.265893
0.265893
0.265893
0.265893
0.265893
0.265893
0.265893
0.265893
0.265893
0.265893
0.265893
0.265893
0.265893
0.265893
0.265893
0.265893
0.265893
0.265893
0.265893
0.265893
0.265893
0.265893
0.265893
0.265893
0.265893
0.265893
0.265893
0.265893
0.265893
0.265893
0.265893
0.265893
0.265893
0.265893
0.265893
0.265893
0.265893
0.265893
0.265893
0.265893
0.265893
0.265893
0.265893
0.265893
0.265893
0.265893
0.265893
0.265893
0.265893
0.265893
0.265893
0.265893
0.265893
0.265893
0.265893
0.265893
0.265893
0.265893
0.265893
0.265893
0.265893
0.265893
0.265893
0.265893
0.265893
0.265893
0.265893
0.265893
0.265893
0.265893
0.265893
0.265893
0.265893
0.265893
0.265893
0.265893
0.265893
0.265893
0.265893
0.265893
0.265893
0.265893
0.265893
0.265893
0.265893
0.265893
0.265893
0.265893
0.265893
0.265893
0.265893
0.265893
0.265893
0.265893
0.265893
0.265893
0.265893
0.265893
0.265893
0.265893
0.265893
0.265893
0.265893
0.265893
0.265893
0.265893
0.265893
0.265893
0.265893
0.265893
0.265893
0.265893
0.265893
0.265893
0.265893
0.265893
0.265893
0.265893
0.265893
0.265893
0.265893
0.265893
0.265893
0.265893
0.265893
0.265893
0.265893
0.265893
0.265893
0.265893
0.265893
0.265893
0.265893
0.265893
0.265893
0.265893
0.265893
0.265893
0.265893
0.265893
0.265893
0.265893
0.265893
0.265893
0.265893
0.265893
0.265893
0.265893
0.265893
0.265893
0.265893
0.265893
0.265893
0.265893
0.265893
0.265893
0.265893
0.265893
0.265893
0.265893
0.265893
0.265893
0.265893
0.265893
0.265893
0.265893
0.265893
0.265893
0.265893
0.265893
0.265893
0.265893
0.265893
0.265893
0.265893
0.265893
0.265893
0.265893
0.265893
0.265893
0.265893
0.265893
0.265893
0.265893
0.265893
0.265893
0.265893
0.265893
0.265893
0.265893
0.265893
0.265893
0.265893
0.265893
0.265893
0.265893
0.265893
0.265893
0.265893
0.265893
0.265893
0.265893
0.265893
0.265893
0.265893
0.265893
0.265893
0.265893
0.265893
0.265893
0.265893
0.265893
0.265893
0.265893
0.265893
0.265893
0.265893
0.265893
0.265893
0.265893
0.265893
0.265893
0.265893
0.265893
0.265893
0.265893
0.265893
0.265893
0.265893
0.265893
0.265893
0.265893
0.265893
0.265893
0.265893
0.265893
0.265893
0.265893
0.265893
0.265893
0.265893
0.265893
0.265893
0.265893
0.265893
0.265893
0.265893
0.265893
0.265893
0.265893
0.265893
0.265893
0.265893
0.265893
0.265893
0.265893
0.265893
0.265893
0.265893
0.265893
0.265893
0.265893
0.265893
0.265893
0.265893
0.265893
0.265893
0.265893
0.265893
0.265893
0.265893
0.265893
0.265893
0.265893
0.265893
0.265893
0.265893
0.265893
0.265893
0.265893
0.265893
0.265893
0.265893
0.265893
0.265893
0.265893
0.265893
0.265893
0.265893
0.265893
0.265893
0.265893
0.265893
0.265893
0.265893
0.265893
0.265893
0.265893
0.265893
0.265893
0.265893
0.265893
0.265893
0.265893
0.265893
0.265893
0.265893
0.265893
0.265893
0.265893
0.265893
0.265893
0.265893
0.265893
0.265893
0.265893
0.265893
0.265893
0.265893
0.265893
0.265893
0.265893
0.265893
0.265893
0.265893
0.265893
0.265893
0.265893
0.265893
0.265893
0.265893
0.265893
0.265893
0.265893
0.265893
0.265893
0.265893
0.265893
0.265893
0.265893
0.265893
0.265893
0.265893
0.265893
0.265893
0.265893
0.265893
0.265893
0.265893
0.265893
0.265893
0.265893
0.265893
0.265893
0.265893
0.265893
0.265893
0.265893
0.265893
0.265893
0.265893
0.265893
0.265893
0.265893
0.265893
0.265893
0.265893
0.265893
0.265893
0.265893
0.265893
0.265893
0.265893
0.265893
0.265893
0.265893
0.265893
0.265893
0.265893
0.265893
0.265893
0.265893
0.265893
0.265893
0.265893
0.265893
0.265893
0.265893
0.265893
0.265893
0.265893
0.265893
0.265893
0.265893
0.265893
0.265893
0.265893
0.265893
0.265893
0.265893
0.265893
0.265893
0.265893
0.265893
0.265893
0.265893
0.265893
0.265893
0.265893
0.265893
0.265893
0.265893
0.265893
0.265893
0.265893
0.265893
0.265893
0.265893
0.265893
0.265893
0.265893
0.265893
0.265893
0.265893
0.265893
0.265893
0.265893
0.265893
0.265893
0.265893
0.265893
0.265893
0.265893
0.265893
0.265893
0.265893
0.265893
0.265893
0.265893
0.265893
0.265893
0.265893
0.265893
0.265892
0.265892
0.265892
0.265892
0.265892
0.265892
0.265892
0.265892
0.265893
0.265893
0.265893
0.265893
0.265893
0.265893
0.265893
0.265893
0.265893
0.265893
0.265893
0.265893
0.265893
0.265893
0.265892
0.265892
0.265893
0.265893
0.265893
0.265893
0.265893
0.265893
0.265893
0.265893
0.265893
0.265893
0.265893
0.265893
0.265892
0.265892
0.265892
0.265892
0.265892
0.265892
0.265892
0.265892
0.265893
0.265893
0.265893
0.265893
0.265893
0.265893
0.265893
0.265893
0.265893
0.265893
0.265893
0.265892
0.265892
0.265892
0.265892
0.265892
0.265892
0.265892
0.265893
0.265893
0.265893
0.265894
0.265894
0.265894
0.265894
0.265893
0.265893
0.265893
0.265892
0.265892
0.265891
0.265891
0.265891
0.265891
0.265891
0.265892
0.265892
0.265893
0.265894
0.265894
0.265894
0.265894
0.265894
0.265893
0.265893
0.265892
0.265892
0.265892
0.265891
0.265891
0.265891
0.265891
0.265891
0.265892
0.265893
0.265894
0.265894
0.265895
0.265895
0.265895
0.265894
0.265894
0.265889
0.265887
0.265883
0.265882
0.265874
0.26587
0.265852
0.265837
0.265774
0.265734
0.265565
0.265398
0.264904
0.263799
0.261613
0.255857
0.243299
0.218176
0.185318
0.155156
0.136362
0.128239
0.125635
0.124933
0.124755
0.124711
0.1247
0.124698
0.124697
0.124697
0.124697
0.124697
0.124697
0.124697
0.124697
0.124697
0.124697
0.124697
0.124697
0.124697
0.124697
0.124697
0.124697
0.124697
0.124697
0.124697
0.124697
0.124697
0.124697
0.124697
0.124697
0.124697
0.124697
0.124697
0.124697
0.124697
0.124697
0.124697
0.124697
0.124697
0.124697
0.124697
0.124697
0.124697
0.124697
0.124697
0.124697
0.124697
0.124697
0.124697
0.124697
0.124697
0.124697
0.124697
0.124697
0.124697
0.124697
0.124697
0.124697
0.124697
0.124697
0.124697
0.124697
0.124697
0.124697
0.124697
0.124697
0.124697
0.124697
0.124697
0.124697
0.124697
0.124697
0.124697
0.124697
0.124697
0.124697
0.124697
0.124697
0.124697
0.124697
0.124697
0.124697
0.124697
0.124697
0.124697
0.124697
0.124697
0.124697
0.124697
0.124697
0.124697
0.124697
0.124697
0.124697
0.124697
0.124697
0.124697
0.124697
0.124697
0.124697
0.124697
0.124697
0.124697
0.124697
0.124697
0.124697
0.124697
0.124697
0.124697
0.124697
0.124697
0.124697
0.124697
0.124697
0.124697
0.124697
0.124697
0.124697
0.124697
0.124697
0.124697
0.124697
0.124697
0.124697
0.124697
0.124697
0.124697
0.124697
0.124697
0.124697
0.124697
0.124697
0.124697
0.124697
0.124697
0.124697
0.124697
0.124697
0.124697
0.124697
0.124697
0.124697
0.124697
0.124697
0.124697
0.124697
0.124697
0.124697
0.124697
0.124697
0.124697
0.124697
0.124697
0.124697
0.124697
0.124697
0.124697
0.124697
0.124697
0.124697
0.124697
0.124697
0.124697
0.124697
0.124697
0.124697
0.124697
0.124697
0.124697
0.124697
0.124697
0.124697
0.124697
0.124697
0.124697
0.124697
0.124697
0.124697
0.124697
0.124697
0.124697
0.124697
0.124697
0.124697
0.124697
0.124697
0.124697
0.124697
0.124697
0.124697
0.124697
0.124697
0.124697
0.124697
0.124697
0.124697
0.124697
0.124697
0.124697
0.124697
0.124697
0.124697
0.124697
0.124697
0.124697
0.124697
0.124697
0.124697
0.124697
0.124697
0.124697
0.124697
0.124697
0.124697
0.124697
0.124697
0.124697
0.124697
0.124697
0.124697
0.124697
0.124697
0.124697
0.124697
0.124697
0.124697
0.124697
0.124697
0.124697
0.124697
0.124697
0.124697
0.124697
0.124697
0.124697
0.124697
0.124697
0.124697
0.124697
0.124697
0.124697
0.124697
0.124697
0.124697
0.124697
0.124697
0.124697
0.124697
0.124697
0.124697
0.124697
0.124697
0.124697
0.124697
0.124697
0.124697
0.124697
0.124697
0.124697
0.124697
0.124697
0.124697
0.124697
0.124697
0.124697
0.124697
0.124697
0.124697
0.124697
0.124697
0.124697
0.124697
0.124697
0.124697
0.124697
0.124697
0.124697
0.124697
0.124697
0.124697
0.124697
0.124697
0.124697
0.124697
0.124697
0.124697
0.124697
0.124697
0.124697
0.124697
0.124697
0.124697
0.124697
0.124697
0.124697
0.124697
0.124697
0.124697
0.124697
0.124697
0.124697
0.124697
0.124697
0.124697
0.124697
0.124697
0.124697
0.124697
0.124697
0.124697
0.124697
0.124697
0.124697
0.124697
0.124697
0.124697
0.124697
0.124697
0.124697
0.124697
0.124697
0.124697
0.124697
0.124697
0.124697
0.124697
0.124697
0.124697
0.124697
0.124697
0.124697
0.124697
0.124697
0.124697
0.124697
0.124697
0.124697
0.124697
0.124697
0.124697
0.124697
0.124697
0.124697
0.124697
0.124697
0.124697
0.124697
0.124697
0.124697
0.124697
0.124697
0.124697
0.124697
0.124697
0.124697
0.124697
0.124697
0.124697
0.124697
0.124697
0.124697
0.124697
0.124697
0.124697
0.124697
0.124697
0.124697
0.124697
0.124697
0.124697
0.124697
0.124697
0.124697
0.124697
0.124697
0.124697
0.124697
0.124697
0.124697
0.124697
0.124697
0.124697
0.124697
0.124697
0.124697
0.124697
0.124697
0.124697
0.124697
0.124697
0.124697
0.124697
0.124697
0.124697
0.124697
0.124697
0.124697
0.124697
0.124697
0.124697
0.124697
0.124697
0.124697
0.124697
0.124697
0.124697
0.124697
0.124697
0.124697
0.124697
0.124697
0.124697
0.124697
0.124697
0.124697
0.124697
0.124697
0.124697
0.124697
0.124697
0.124697
0.124697
0.124697
0.124697
0.124697
0.124697
0.124697
0.124697
0.124697
0.124697
0.124697
0.124697
0.124697
0.124697
0.124697
0.124697
0.124697
0.124697
0.124697
0.124697
0.124697
0.124697
0.124697
0.124697
0.124697
0.124697
0.124697
0.124697
0.124697
0.124697
0.124697
0.124697
0.124697
0.124697
0.124697
0.124697
0.124697
0.124697
0.124697
0.124697
0.124697
0.124697
0.124697
0.124697
0.124697
0.124697
0.124697
0.124697
0.124697
0.124697
0.124697
0.124697
0.124697
0.124697
0.124697
0.124697
0.124697
0.124697
0.124697
0.124697
0.124697
0.124697
0.124697
0.124697
0.124697
0.124697
0.124697
0.124697
0.124697
0.124697
0.124697
0.124697
0.124697
0.124697
0.124697
0.124697
0.124697
0.124697
0.124697
0.124697
0.124697
0.124697
0.124697
0.124697
0.124697
0.124697
0.124697
0.124697
0.124697
0.124697
0.124697
0.124697
0.124697
0.124697
0.124697
0.124697
0.124697
0.124697
0.124697
0.124697
0.124697
0.124697
0.124697
0.124697
0.124697
0.124697
0.124697
0.124697
0.124697
0.124697
0.124697
0.124697
0.124697
0.124697
0.124697
0.124697
0.124697
0.124697
0.124697
0.124697
0.124697
0.124697
0.124697
0.124697
0.124697
0.124697
0.124697
0.124697
0.124697
0.124697
0.124697
0.124697
0.124697
0.124697
0.124697
0.124697
0.124697
0.124697
0.124697
0.124697
0.124697
0.124697
0.124697
0.124697
0.124697
0.124697
0.124697
0.124697
0.124697
0.124697
0.124697
0.124697
0.124697
0.124697
0.124697
0.124697
0.124697
0.124697
0.124697
0.124697
0.124697
0.124697
0.124697
0.124697
0.124697
0.124697
0.124697
0.124697
0.124697
0.124697
0.124697
0.124697
0.124697
0.124697
0.124697
0.124697
0.124697
0.124697
0.124697
0.124697
0.124697
0.124697
0.124697
0.124697
0.124697
0.124697
0.124697
0.124697
0.124697
0.124697
0.124697
0.124697
0.124697
0.124697
0.124697
0.124697
0.124697
0.124697
0.124697
0.124697
0.124697
0.124697
0.124697
0.124697
0.124697
0.124697
0.124697
0.124697
0.124697
0.124697
0.124697
0.124697
0.124697
0.124697
0.124697
0.124697
0.124697
0.124697
0.124697
0.124697
0.124697
0.124697
0.124697
0.124697
0.124697
0.124697
0.124697
0.124697
0.124697
0.124697
0.124697
0.124697
0.124697
0.124697
0.124697
0.124697
0.124697
0.124697
0.124697
0.124697
0.124697
0.124697
0.124697
0.124697
0.124697
0.124697
0.124697
0.124697
0.124697
0.124697
0.124697
0.124697
0.124697
0.124697
0.124697
0.124697
0.124697
0.124697
0.124697
0.124697
0.124697
0.124697
0.124697
0.124697
0.124697
0.124697
0.124697
0.124697
0.124697
0.124697
0.124697
0.124697
0.124697
0.124697
0.124697
0.124697
0.124697
0.124697
0.124697
0.124697
0.124697
0.124697
0.124697
0.124697
0.124697
0.124697
0.124697
0.124697
0.124697
0.124697
0.124697
0.124697
0.124697
0.124697
0.124697
0.124697
0.124697
0.124697
0.124697
0.124697
0.124697
0.124697
0.124697
0.124697
0.124697
0.124697
0.124697
0.124697
0.124697
0.124697
0.124697
0.124697
0.124697
0.124697
0.124697
0.124697
0.124697
0.124697
0.124697
0.124697
0.124697
0.124697
0.124697
0.124697
0.124697
0.124697
0.124697
0.124697
0.124697
0.124697
0.124697
0.124697
0.124697
0.124697
0.124697
0.124697
0.124697
0.124697
0.124697
0.124697
0.124697
0.124697
0.124697
0.124697
0.124697
0.124697
0.124697
0.124697
0.124697
0.124697
0.124697
0.124697
0.124697
0.124697
0.124697
0.124697
0.124697
0.124697
0.124697
0.124697
0.124697
0.124697
0.124697
0.124697
0.124697
0.124697
0.124697
0.124697
0.124697
0.124697
0.124697
0.124697
0.124697
0.124697
0.124697
0.124697
0.124697
0.124697
0.124697
0.124697
0.124697
0.124697
0.124697
0.124697
0.124697
0.124697
0.124697
0.124697
0.124697
0.124697
0.124697
0.124697
0.124697
0.124697
0.124697
0.124697
0.124697
0.124697
0.124697
0.124697
0.124697
0.124697
0.124697
0.124697
0.124697
0.124697
0.124697
0.124697
0.124697
0.124697
0.124697
0.124697
0.124697
0.124697
0.124697
0.124697
0.124697
0.124697
0.124697
0.124697
0.124697
0.124697
0.124697
0.124697
0.124697
0.124697
0.124697
0.124697
0.124697
0.124697
0.124697
0.124697
0.124697
0.124697
0.124697
0.124697
0.124697
0.124697
0.124697
0.124697
0.124697
0.124697
0.124697
0.124697
0.124697
0.124697
0.124697
0.124697
0.124697
0.124697
0.124697
0.124697
0.124697
0.124697
0.124697
0.124697
0.124697
0.124697
0.124697
0.124697
0.124697
0.124697
0.124697
0.124697
0.124697
0.124697
0.124697
0.124697
0.124697
0.124697
0.124697
0.124697
0.124697
0.124697
0.124697
0.124697
0.124697
0.124697
0.124697
0.124697
0.124697
0.124697
0.124697
0.124697
0.124697
0.124697
0.124697
0.124697
0.124697
0.124697
0.124697
0.124697
0.124697
0.124697
0.124697
0.124697
0.124697
0.124697
0.124697
0.124697
0.124697
0.124697
0.124697
0.124697
0.124697
0.124697
0.124697
0.124697
0.124697
0.124697
0.124697
0.124697
0.124697
0.124697
0.124697
0.124697
0.124697
0.124697
0.124697
0.124697
0.124697
0.124697
0.124697
0.124697
0.124697
0.124697
0.124697
0.124697
0.124697
0.124697
0.124697
0.124697
0.124697
0.124697
0.124697
0.124697
0.124697
0.124697
0.124697
0.124697
0.124697
0.124697
0.124697
0.124697
0.124697
0.124697
0.124697
0.124697
0.124697
0.124697
0.124697
0.124697
0.124697
0.124697
0.124697
0.124697
0.124697
0.124697
0.124697
0.124697
0.124697
0.124697
0.124697
0.124697
0.124697
0.124697
0.124697
0.124697
0.124697
0.124697
0.124697
0.124697
0.124697
0.124697
0.124697
0.124697
0.124697
0.124697
0.124697
0.124697
0.124697
0.124697
0.124697
0.124697
0.124697
0.124697
0.124697
0.124697
0.124697
0.124697
0.124697
0.124697
0.124697
0.124697
0.124697
0.124697
0.124697
0.124697
0.124697
0.124697
0.124697
0.124697
0.124697
0.124697
0.124697
0.124697
0.124697
0.124697
0.124697
0.124697
0.124697
0.124697
0.124697
0.124697
0.124697
0.124697
0.124697
0.124697
0.124697
0.124697
0.124697
0.124697
0.124697
0.124697
0.124697
0.124697
0.124697
0.124697
0.124697
0.124697
0.124697
0.124697
0.124697
0.124697
0.124697
0.124697
0.124697
0.124697
0.124697
0.124697
0.124697
0.124697
0.124697
0.124697
0.124697
0.124697
0.124697
0.124697
0.124697
0.124697
0.124697
0.124697
0.124697
0.124697
0.124697
0.124697
0.124697
0.124697
0.124697
0.124697
0.124697
0.124697
0.124697
0.124697
0.124697
0.124697
0.124697
0.124697
0.124697
0.124697
0.124697
0.124697
0.124697
0.124697
0.124697
0.124697
0.124697
0.124697
0.124697
0.124697
0.124697
0.124697
0.124697
0.124697
0.124697
0.124697
0.124697
0.124697
0.124697
0.124697
0.124697
0.124697
0.124697
0.124697
0.124697
0.124697
0.124697
0.124697
0.124697
0.124697
0.124697
0.124697
0.124697
0.124697
0.124697
0.124697
0.124697
0.124697
0.124697
0.124697
0.124697
0.124697
0.124697
0.124697
0.124697
0.124697
0.124697
0.124697
0.124697
0.124697
0.124697
0.124697
0.124697
0.124697
0.124697
0.124697
0.124697
0.124697
0.124697
0.124697
0.124697
0.124697
0.124697
0.124697
0.124697
0.124697
0.124697
0.124697
0.124697
0.124697
0.124697
0.124697
0.124697
0.124697
0.124697
0.124697
0.124697
0.124697
0.124697
0.124697
0.124697
0.124697
0.124697
0.124697
0.124697
0.124697
0.124697
0.124697
0.124697
0.124697
0.124697
0.124697
0.124697
0.124697
0.124697
0.124697
0.124697
0.124697
0.124697
0.124697
0.124697
0.124697
0.124697
0.124697
0.124697
0.124697
0.124697
0.124697
0.124697
0.124697
0.124697
0.124697
0.124697
0.124697
0.124697
0.124697
0.124697
0.124697
0.124697
0.124697
0.124697
0.124697
0.124697
0.124697
0.124697
0.124697
0.124697
0.124697
0.124697
0.124697
0.124697
0.124697
0.124697
0.124697
0.124697
0.124697
0.124697
0.124697
0.124697
0.124697
0.124697
0.124697
0.124697
0.124697
0.124697
0.124697
0.124697
0.124697
0.124697
0.124697
0.124697
0.124697
0.124697
0.124697
0.124697
0.124697
0.124697
0.124697
0.124697
0.124697
0.124697
0.124697
0.124697
0.124697
0.124697
0.124697
0.124697
0.124697
0.124697
0.124697
0.124697
0.124697
0.124697
0.124697
0.124697
0.124697
0.124697
0.124697
0.124697
0.124697
0.124697
0.124697
0.124697
0.124697
0.124697
0.124697
0.124697
0.124697
0.124697
0.124697
0.124697
0.124697
0.124697
0.124697
0.124697
0.124697
0.124697
0.124697
0.124697
0.124697
0.124697
0.124697
0.124697
0.124697
0.124697
0.124697
0.124697
0.124697
0.124697
0.124697
0.124697
0.124697
0.124697
0.124697
0.124697
0.124697
0.124697
0.124697
0.124697
0.124697
0.124697
0.124697
0.124697
0.124697
0.124697
0.124697
0.124697
0.124697
0.124697
0.124697
0.124697
0.124697
0.124697
0.124697
0.124697
0.124697
0.124697
0.124697
0.124697
0.124697
0.124697
0.124697
0.124697
0.124697
0.124697
0.124697
0.124697
0.124697
0.124697
0.124697
0.124697
0.124697
0.124697
0.124697
0.124697
0.124697
0.124697
0.124697
0.124697
0.124697
0.124697
0.124697
0.124697
0.124697
0.124697
0.124697
0.124697
0.124697
0.124697
0.124697
0.124697
0.124697
0.124697
0.124697
0.124697
0.124697
0.124697
0.124697
0.124697
0.124697
0.124697
0.124697
0.124697
0.124697
0.124697
0.124697
0.124697
0.124697
0.124697
0.124697
0.124697
0.124697
0.124697
0.124697
0.124697
0.124697
0.124697
0.124697
0.124697
0.124697
0.124697
0.124697
0.124697
0.124697
0.124697
0.124697
0.124697
0.124697
0.124697
0.124697
0.124697
0.124697
0.124697
0.124697
0.124697
0.124697
0.124697
0.124697
0.124697
0.124697
0.124697
0.124697
0.124697
0.124697
0.124697
0.124697
0.124697
0.124697
0.124697
0.124697
0.124697
0.124697
0.124697
0.124697
0.124697
0.124697
0.124697
0.124697
0.124697
0.124697
0.124697
0.124697
0.124697
0.124697
0.124697
0.124697
0.124697
0.124697
0.124697
0.124697
0.124697
0.124697
0.124697
0.124697
0.124697
0.124697
0.124697
0.124697
0.124697
0.124697
0.124697
0.124697
0.124697
0.124697
0.124697
0.124697
0.124697
0.124697
0.124697
0.124697
0.124697
0.124697
0.124697
0.124697
0.124697
0.124697
0.124697
0.124697
0.124697
0.124697
0.124697
0.124697
0.124697
0.124697
0.124697
0.124697
0.124697
0.124697
0.124697
0.124697
0.124697
0.124697
0.124697
0.124697
0.124697
0.124697
0.124697
0.124697
0.124697
0.124697
0.124697
0.124697
0.124697
0.124697
0.124697
0.124697
0.124697
0.124697
0.124697
0.124697
0.124697
0.124697
0.124697
0.124697
0.124697
0.124697
0.124697
0.124697
0.124697
0.124697
0.124697
0.124697
0.124697
0.124697
0.124697
0.124697
0.124697
0.124697
0.124697
0.124697
0.124697
0.124697
0.124697
0.124697
0.124697
0.124697
0.124697
0.124697
0.124697
0.124697
0.124697
0.124697
0.124697
0.124697
0.124697
0.124697
0.124697
0.124697
0.124697
0.124697
0.124697
0.124697
0.124697
0.124697
0.124697
0.124697
0.124697
0.124697
0.124697
0.124697
0.124697
0.124697
0.124697
0.124697
0.124697
0.124697
0.124697
0.124697
0.124697
0.124697
0.124697
0.124697
0.124697
0.124697
0.124697
0.124697
0.124697
0.124697
0.124697
0.124697
0.124697
0.124697
0.124697
0.124697
0.124697
0.124697
0.124697
0.124697
0.124697
0.124697
0.124697
0.124697
0.124697
0.124697
0.124697
0.124697
0.124697
0.124697
0.124697
0.124697
0.124697
0.124697
0.124697
0.124697
0.124697
0.124697
0.124697
0.124697
0.124697
0.124697
0.124697
0.124697
0.124697
0.124697
0.124697
0.124697
0.124697
0.124697
0.124697
0.124697
0.124697
0.124697
0.124697
0.124697
0.124697
0.124697
0.124697
0.124697
0.124697
0.124697
0.124697
0.124697
0.124697
0.124697
0.124697
0.124697
0.124697
0.124697
0.124697
0.124697
0.124697
0.124697
0.124697
0.124697
0.124697
0.124697
0.124697
0.124697
0.124697
0.124697
0.124697
0.124697
0.124697
0.124697
0.124697
0.124697
0.124697
0.124697
0.124697
0.124697
0.124697
0.124697
0.124697
0.124697
0.124697
0.124697
0.124697
0.124697
0.124697
0.124697
0.124697
0.124697
0.124697
0.124697
0.124697
0.124697
0.124697
0.124697
0.124697
0.124697
0.124697
0.124697
0.124697
0.124697
0.124697
0.124697
0.124697
0.124697
0.124697
0.124697
0.124697
0.124697
0.124697
0.124697
)
;

boundaryField
{
    sides
    {
        type            calculated;
        value           nonuniform List<scalar> 2(0.124697 0.997574);
    }
    empty
    {
        type            empty;
    }
}


// ************************************************************************* //
