/*--------------------------------*- C++ -*----------------------------------*\
  =========                 |
  \\      /  F ield         | OpenFOAM: The Open Source CFD Toolbox
   \\    /   O peration     | Website:  https://openfoam.org
    \\  /    A nd           | Version:  7
     \\/     M anipulation  |
\*---------------------------------------------------------------------------*/
FoamFile
{
    version     2.0;
    format      ascii;
    class       volScalarField;
    location    "3.58";
    object      T;
}
// * * * * * * * * * * * * * * * * * * * * * * * * * * * * * * * * * * * * * //

dimensions      [0 0 0 1 0 0 0];

internalField   nonuniform List<scalar> 
1000
(
0
0
0
0
0
0
0
0
0
0
0
0
0
0
0
0
0
0
0
0
0
0
0
0
0
0
0
0
0
0
0
0
0
0
0
0
0
0
0
0
0
0
0
0
0
0
0
0
0
0
0
0
0
0
0
0
0
0
0
0
0
0
0
0
0
0
0
0
0
0
0
0
0
0
0
0
0
0
0
0
0
0
0
0
0
0
0
0
0
0
0
0
0
0
0
0
0
0
0
0
0
0
0
0
0
0
0
0
0
0
0
0
0
0
0
0
0
0
0
0
0
0
0
0
0
0
0
0
0
0
0
0
0
0
0
0
0
0
0
0
0
0
0
0
0
0
0
0
0
0
0
0
0
0
0
0
0
0
0
0
0
0
0
0
0
0
0
0
0
0
0
0
0
0
0
0
0
0
0
0
0
0
0
0
0
0
0
0
0
0
0
0
0
0
0
0
0
0
0
0
0
0
0
0
0
0
0
0
0
0
0
0
0
0
0
0
0
0
0
0
0
0
0
0
0
0
0
0
0
0
0
0
0
0
0
0
0
0
0
0
0
0
0
0
0
0
0
0
0
0
0
0
0
0
0
0
0
0
0
0
0
0
0
0
0
0
0
0
0
0
0
0
0
0
0
0
0
0
0
0
0
0
0
0
0
0
0
0
0
0
0
0
0
0
0
0
0
0
0
0
0
0
0
0
0
0
0
0
0
0
0
0
0
0
0
0
0
0
0
0
0
0
0
0
0
0
0
0
0
0
0
0
0
0
0
0
0
0
0
0
0
0
0
2.61855e-321
6.07111e-318
1.39022e-314
3.16024e-311
7.13084e-308
1.59701e-304
3.54964e-301
7.82941e-298
1.71357e-294
3.721e-291
8.0161e-288
1.71304e-284
3.63102e-281
7.63313e-278
1.59127e-274
3.28929e-271
6.74112e-268
1.36957e-264
2.75809e-261
5.50493e-258
1.08884e-254
2.13397e-251
4.14355e-248
7.97e-245
1.51841e-241
2.86485e-238
5.35231e-235
9.90014e-232
1.81276e-228
3.28526e-225
5.89202e-222
1.04557e-218
1.83557e-215
3.1874e-212
5.4737e-209
9.29449e-206
1.56024e-202
2.58878e-199
4.24478e-196
6.87678e-193
1.10051e-189
1.73938e-186
2.71449e-183
4.18196e-180
6.35871e-177
9.54005e-174
1.41195e-170
2.06093e-167
2.966e-164
4.20747e-161
5.88155e-158
8.0995e-155
1.09847e-151
1.46671e-148
1.92748e-145
2.49215e-142
3.16918e-139
3.96232e-136
4.86876e-133
5.87736e-130
6.96726e-127
8.10723e-124
9.25592e-121
1.03634e-117
1.13738e-114
1.22295e-111
1.2876e-108
1.32671e-105
1.33704e-102
1.31707e-99
1.26734e-96
1.19041e-93
1.0907e-90
9.74065e-88
8.47209e-85
7.17036e-82
5.89988e-79
4.71494e-76
3.65587e-73
2.7473e-70
1.99853e-67
1.40557e-64
9.54412e-62
6.24775e-59
3.93662e-56
2.38333e-53
1.38384e-50
7.69016e-48
4.08084e-45
2.06274e-42
9.90419e-40
4.50335e-37
1.93238e-34
7.79462e-32
2.94247e-29
1.03426e-26
3.36492e-24
1.0063e-21
2.74344e-19
6.75029e-17
1.48057e-14
2.84971e-12
4.71537e-10
6.52231e-08
7.2418e-06
0.000605474
0.0339469
0.966053
0.999395
0.999993
1
1
1
1
1
1
1
1
1
1
1
1
1
1
1
1
1
1
1
1
1
1
1
1
1
1
1
1
1
1
1
1
1
1
1
1
1
1
1
1
1
1
1
1
1
1
1
1
1
1
1
1
1
1
1
1
1
1
1
1
1
1
1
1
1
1
1
1
1
1
1
1
1
1
1
1
1
1
1
1
1
1
1
1
1
1
1
1
1
1
1
1
1
1
0.999993
0.999395
0.966053
0.0339469
0.000605474
7.2418e-06
6.52231e-08
4.71537e-10
2.84971e-12
1.48057e-14
6.75029e-17
2.74344e-19
1.0063e-21
3.36492e-24
1.03426e-26
2.94247e-29
7.79462e-32
1.93238e-34
4.50335e-37
9.90419e-40
2.06274e-42
4.08084e-45
7.69016e-48
1.38384e-50
2.38333e-53
3.93662e-56
6.24775e-59
9.54412e-62
1.40557e-64
1.99853e-67
2.7473e-70
3.65587e-73
4.71494e-76
5.89988e-79
7.17036e-82
8.47209e-85
9.74065e-88
1.0907e-90
1.19041e-93
1.26734e-96
1.31707e-99
1.33704e-102
1.32671e-105
1.2876e-108
1.22295e-111
1.13738e-114
1.03634e-117
9.25592e-121
8.10723e-124
6.96726e-127
5.87736e-130
4.86876e-133
3.96232e-136
3.16918e-139
2.49215e-142
1.92748e-145
1.46671e-148
1.09847e-151
8.0995e-155
5.88155e-158
4.20747e-161
2.966e-164
2.06093e-167
1.41195e-170
9.54005e-174
6.35871e-177
4.18196e-180
2.71449e-183
1.73938e-186
1.10051e-189
6.87678e-193
4.24478e-196
2.58878e-199
1.56024e-202
9.29449e-206
5.4737e-209
3.1874e-212
1.83557e-215
1.04557e-218
5.89202e-222
3.28526e-225
1.81276e-228
9.90014e-232
5.35231e-235
2.86485e-238
1.51841e-241
7.97e-245
4.14355e-248
2.13397e-251
1.08884e-254
5.50493e-258
2.75809e-261
1.36957e-264
6.74112e-268
3.28929e-271
1.59127e-274
7.63313e-278
3.63102e-281
1.71304e-284
8.0161e-288
3.721e-291
1.71357e-294
7.82941e-298
3.54964e-301
1.59701e-304
7.13084e-308
3.16024e-311
1.39022e-314
6.07111e-318
2.61855e-321
0
0
0
0
0
0
0
0
0
0
0
0
0
0
0
0
0
0
0
0
0
0
0
0
0
0
0
0
0
0
0
0
0
0
0
0
0
0
0
0
0
0
0
0
0
0
0
0
0
0
0
0
0
0
0
0
0
0
0
0
0
0
0
0
0
0
0
0
0
0
0
0
0
0
0
0
0
0
0
0
0
0
0
0
0
0
0
0
0
0
0
0
0
0
0
0
0
0
0
0
0
0
0
0
0
0
0
0
0
0
0
0
0
0
0
0
0
0
0
0
0
0
0
0
0
0
0
0
0
0
0
0
0
0
0
0
0
0
0
0
0
0
0
0
0
0
0
0
0
0
0
0
0
0
0
0
0
0
0
0
0
0
0
0
0
0
0
0
0
0
0
0
0
0
0
0
0
0
0
0
0
0
0
0
0
0
0
0
0
0
0
0
0
0
0
0
0
0
0
0
0
0
0
0
0
0
0
0
0
0
0
0
0
0
0
0
0
0
0
0
0
0
0
0
0
0
0
0
0
0
0
0
0
0
0
0
0
0
0
0
0
0
0
0
0
0
0
0
0
0
0
0
0
0
0
0
0
0
0
0
0
0
0
0
0
0
0
0
0
0
0
0
0
0
0
0
0
0
0
0
0
0
0
0
0
0
0
0
0
0
0
0
0
0
0
0
0
0
0
0
0
0
0
0
0
0
0
0
0
0
0
0
0
0
0
0
0
0
0
0
0
0
0
0
0
0
0
0
0
0
0
0
0
0
0
0
0
0
0
0
0
0
0
)
;

boundaryField
{
    sides
    {
        type            zeroGradient;
    }
    empty
    {
        type            empty;
    }
}


// ************************************************************************* //
