/*--------------------------------*- C++ -*----------------------------------*\
  =========                 |
  \\      /  F ield         | OpenFOAM: The Open Source CFD Toolbox
   \\    /   O peration     | Website:  https://openfoam.org
    \\  /    A nd           | Version:  7
     \\/     M anipulation  |
\*---------------------------------------------------------------------------*/
FoamFile
{
    version     2.0;
    format      ascii;
    class       volScalarField;
    location    "3.34";
    object      T;
}
// * * * * * * * * * * * * * * * * * * * * * * * * * * * * * * * * * * * * * //

dimensions      [0 0 0 1 0 0 0];

internalField   nonuniform List<scalar> 
1000
(
0
0
0
0
0
0
0
0
0
0
0
0
0
0
0
0
0
0
0
0
0
0
0
0
0
0
0
0
0
0
0
0
0
0
0
0
0
0
0
0
0
0
0
0
0
0
0
0
0
0
0
0
0
0
0
0
0
0
0
0
0
0
0
0
0
0
0
0
0
0
0
0
0
0
0
0
0
0
0
0
0
0
0
0
0
0
0
0
0
0
0
0
0
0
0
0
0
0
0
0
0
0
0
0
0
0
0
0
0
0
0
0
0
0
0
0
0
0
0
0
0
0
0
0
0
0
0
0
0
0
0
0
0
0
0
0
0
0
0
0
0
0
0
0
0
0
0
0
0
0
0
0
0
0
0
0
0
0
0
0
0
0
0
0
0
0
0
0
0
0
0
0
0
0
0
0
0
0
0
0
0
0
0
0
0
0
0
0
0
0
0
0
0
0
0
0
0
0
0
0
0
0
0
0
0
0
0
7.90505e-323
3.90312e-321
1.68111e-319
7.20064e-318
3.07676e-316
1.31147e-314
5.57656e-313
2.36541e-311
1.00086e-309
4.22436e-308
1.77854e-306
7.46918e-305
3.12884e-303
1.30734e-301
5.44855e-300
2.26493e-298
9.39077e-297
3.88343e-295
1.60173e-293
6.58894e-292
2.70326e-290
1.10611e-288
4.51378e-287
1.83698e-285
7.45567e-284
3.0177e-282
1.21806e-280
4.90288e-279
1.96798e-277
7.87715e-276
3.14403e-274
1.25131e-272
4.9659e-271
1.96506e-269
7.7534e-268
3.05026e-266
1.19647e-264
4.67926e-263
1.82456e-261
7.09303e-260
2.74911e-258
1.06225e-256
4.09198e-255
1.57144e-253
6.01602e-252
2.29595e-250
8.73467e-249
3.31247e-247
1.25218e-245
4.71831e-244
1.77214e-242
6.63423e-241
2.47546e-239
9.20623e-238
3.4124e-236
1.26061e-234
4.6412e-233
1.70294e-231
6.22701e-230
2.26912e-228
8.2399e-227
2.98169e-225
1.07515e-223
3.86302e-222
1.38302e-220
4.93354e-219
1.75351e-217
6.20959e-216
2.19085e-214
7.70092e-213
2.69676e-211
9.40804e-210
3.26964e-208
1.13196e-206
3.90373e-205
1.34102e-203
4.58858e-202
1.56387e-200
5.30869e-199
1.79483e-197
6.04358e-196
2.02669e-194
6.7684e-193
2.25101e-191
7.45496e-190
2.45853e-188
8.07332e-187
2.63973e-185
8.59377e-184
2.78552e-182
8.98901e-181
2.88792e-179
9.23649e-178
2.94078e-176
9.32041e-175
2.94039e-173
9.23331e-172
2.88584e-170
8.97702e-169
2.7792e-167
8.56276e-166
2.62541e-164
8.01035e-163
2.43195e-161
7.34666e-160
2.20818e-158
6.60343e-157
1.9646e-155
5.81468e-154
1.712e-152
5.01404e-151
1.46068e-149
4.23235e-148
1.21968e-146
3.49563e-145
9.96313e-144
2.82379e-142
7.95816e-141
2.23003e-139
6.213e-138
1.72091e-136
4.73869e-135
1.2971e-133
3.52918e-132
9.54411e-131
2.56525e-129
6.85218e-128
1.81887e-126
4.79759e-125
1.25736e-123
3.27401e-122
8.46948e-121
2.17648e-119
5.55578e-118
1.40862e-116
3.54703e-115
8.87008e-114
2.20265e-112
5.43105e-111
1.32956e-109
3.23129e-108
7.79571e-107
1.86684e-105
4.437e-104
1.04656e-102
2.44958e-101
5.68891e-100
1.31079e-98
2.99614e-97
6.79314e-96
1.52761e-94
3.40678e-93
7.53383e-92
1.65189e-90
3.59076e-89
7.73724e-88
1.65244e-86
3.49746e-85
7.3352e-84
1.52423e-82
3.13767e-81
6.39775e-80
1.29196e-78
2.58353e-77
5.11512e-76
1.00256e-74
1.94498e-73
3.73421e-72
7.09402e-71
1.33329e-69
2.47869e-68
4.55733e-67
8.28533e-66
1.48916e-64
2.6456e-63
4.64486e-62
8.05748e-61
1.38075e-59
2.33684e-58
3.9052e-57
6.44261e-56
1.04902e-54
1.6854e-53
2.67124e-52
4.17543e-51
6.43509e-50
9.77581e-49
1.46343e-47
2.15817e-46
3.13446e-45
4.48193e-44
6.3074e-43
8.73317e-42
1.18926e-40
1.59223e-39
2.09506e-38
2.70815e-37
3.43762e-36
4.28317e-35
5.23601e-34
6.27713e-33
7.37622e-32
8.49177e-31
9.57241e-30
1.05599e-28
1.13936e-27
1.20159e-26
1.23783e-25
1.24476e-24
1.221e-23
1.1674e-22
1.08706e-21
9.85032e-21
8.67801e-20
7.42594e-19
6.16603e-18
4.96269e-17
3.86712e-16
2.91399e-15
2.12056e-14
1.48821e-13
1.00572e-12
6.53409e-12
4.07406e-11
2.43323e-10
1.38919e-09
7.56478e-09
3.91949e-08
1.92714e-07
8.96571e-07
3.93427e-06
1.62268e-05
6.2665e-05
0.000225635
0.000754001
0.00232664
0.00659347
0.0170617
0.0400759
0.08496
0.161768
0.275801
0.421133
0.578867
0.724199
0.838232
0.91504
0.959924
0.982938
0.993407
0.997673
0.999246
0.999774
0.999937
0.999984
0.999996
0.999999
1
1
1
1
1
1
1
1
1
1
1
1
1
1
1
1
1
1
1
1
1
1
1
1
1
1
1
1
1
1
1
1
1
1
1
1
1
1
1
1
1
1
1
1
1
1
1
1
1
1
1
1
1
1
1
1
1
1
1
1
1
1
1
1
1
1
1
1
1
1
1
1
0.999999
0.999996
0.999984
0.999937
0.999774
0.999246
0.997673
0.993407
0.982938
0.959924
0.91504
0.838232
0.724199
0.578867
0.421133
0.275801
0.161768
0.08496
0.0400759
0.0170617
0.00659347
0.00232664
0.000754001
0.000225635
6.2665e-05
1.62268e-05
3.93427e-06
8.96571e-07
1.92714e-07
3.91949e-08
7.56478e-09
1.38919e-09
2.43323e-10
4.07406e-11
6.53409e-12
1.00572e-12
1.48821e-13
2.12056e-14
2.91399e-15
3.86712e-16
4.96269e-17
6.16603e-18
7.42594e-19
8.67801e-20
9.85032e-21
1.08706e-21
1.1674e-22
1.221e-23
1.24476e-24
1.23783e-25
1.20159e-26
1.13936e-27
1.05599e-28
9.57241e-30
8.49177e-31
7.37622e-32
6.27713e-33
5.23601e-34
4.28317e-35
3.43762e-36
2.70815e-37
2.09506e-38
1.59223e-39
1.18926e-40
8.73317e-42
6.3074e-43
4.48193e-44
3.13446e-45
2.15817e-46
1.46343e-47
9.77581e-49
6.43509e-50
4.17543e-51
2.67124e-52
1.6854e-53
1.04902e-54
6.44261e-56
3.9052e-57
2.33684e-58
1.38075e-59
8.05748e-61
4.64486e-62
2.6456e-63
1.48916e-64
8.28533e-66
4.55733e-67
2.47869e-68
1.33329e-69
7.09402e-71
3.73421e-72
1.94498e-73
1.00256e-74
5.11512e-76
2.58353e-77
1.29196e-78
6.39775e-80
3.13767e-81
1.52423e-82
7.3352e-84
3.49746e-85
1.65244e-86
7.73724e-88
3.59076e-89
1.65189e-90
7.53383e-92
3.40678e-93
1.52761e-94
6.79314e-96
2.99614e-97
1.31079e-98
5.68891e-100
2.44958e-101
1.04656e-102
4.437e-104
1.86684e-105
7.79571e-107
3.23129e-108
1.32956e-109
5.43105e-111
2.20265e-112
8.87008e-114
3.54703e-115
1.40862e-116
5.55578e-118
2.17648e-119
8.46948e-121
3.27401e-122
1.25736e-123
4.79759e-125
1.81887e-126
6.85218e-128
2.56525e-129
9.54411e-131
3.52918e-132
1.2971e-133
4.73869e-135
1.72091e-136
6.213e-138
2.23003e-139
7.95816e-141
2.82379e-142
9.96313e-144
3.49563e-145
1.21968e-146
4.23235e-148
1.46068e-149
5.01404e-151
1.712e-152
5.81468e-154
1.9646e-155
6.60343e-157
2.20818e-158
7.34666e-160
2.43195e-161
8.01035e-163
2.62541e-164
8.56276e-166
2.7792e-167
8.97702e-169
2.88584e-170
9.23331e-172
2.94039e-173
9.32041e-175
2.94078e-176
9.23649e-178
2.88792e-179
8.98901e-181
2.78552e-182
8.59377e-184
2.63973e-185
8.07332e-187
2.45853e-188
7.45496e-190
2.25101e-191
6.7684e-193
2.02669e-194
6.04358e-196
1.79483e-197
5.30869e-199
1.56387e-200
4.58858e-202
1.34102e-203
3.90373e-205
1.13196e-206
3.26964e-208
9.40804e-210
2.69676e-211
7.70092e-213
2.19085e-214
6.20959e-216
1.75351e-217
4.93354e-219
1.38302e-220
3.86302e-222
1.07515e-223
2.98169e-225
8.2399e-227
2.26912e-228
6.22701e-230
1.70294e-231
4.6412e-233
1.26061e-234
3.4124e-236
9.20623e-238
2.47546e-239
6.63423e-241
1.77214e-242
4.71831e-244
1.25218e-245
3.31247e-247
8.73467e-249
2.29595e-250
6.01602e-252
1.57144e-253
4.09198e-255
1.06225e-256
2.74911e-258
7.09303e-260
1.82456e-261
4.67926e-263
1.19647e-264
3.05026e-266
7.7534e-268
1.96506e-269
4.9659e-271
1.25131e-272
3.14403e-274
7.87715e-276
1.96798e-277
4.90288e-279
1.21806e-280
3.0177e-282
7.45567e-284
1.83698e-285
4.51378e-287
1.10611e-288
2.70326e-290
6.58894e-292
1.60173e-293
3.88343e-295
9.39077e-297
2.26493e-298
5.44855e-300
1.30734e-301
3.12884e-303
7.46918e-305
1.77854e-306
4.22436e-308
1.00086e-309
2.36541e-311
5.57656e-313
1.31147e-314
3.07676e-316
7.20066e-318
1.68116e-319
3.90806e-321
7.90505e-323
0
0
0
0
0
0
0
0
0
0
0
0
0
0
0
0
0
0
0
0
0
0
0
0
0
0
0
0
0
0
0
0
0
0
0
0
0
0
0
0
0
0
0
0
0
0
0
0
0
0
0
0
0
0
0
0
0
0
0
0
0
0
0
0
0
0
0
0
0
0
0
0
0
0
0
0
0
0
0
0
0
0
0
0
0
0
0
0
0
0
0
0
0
0
0
0
0
0
0
0
0
0
0
0
0
0
0
0
0
0
0
0
0
0
0
0
0
0
0
0
0
0
0
0
0
0
0
0
0
0
0
0
0
0
0
0
0
0
0
0
0
0
0
0
0
0
0
0
0
0
0
0
0
0
0
0
0
0
0
0
0
0
0
0
0
0
0
0
0
0
0
0
0
0
0
0
0
0
0
0
0
0
0
0
0
0
0
0
0
0
0
0
0
0
0
0
0
0
0
0
0
0
0
0
0
0
0
)
;

boundaryField
{
    sides
    {
        type            zeroGradient;
    }
    empty
    {
        type            empty;
    }
}


// ************************************************************************* //
