/*--------------------------------*- C++ -*----------------------------------*\
  =========                 |
  \\      /  F ield         | OpenFOAM: The Open Source CFD Toolbox
   \\    /   O peration     | Website:  https://openfoam.org
    \\  /    A nd           | Version:  7
     \\/     M anipulation  |
\*---------------------------------------------------------------------------*/
FoamFile
{
    version     2.0;
    format      ascii;
    class       volScalarField;
    location    "0.36";
    object      T;
}
// * * * * * * * * * * * * * * * * * * * * * * * * * * * * * * * * * * * * * //

dimensions      [0 0 0 1 0 0 0];

internalField   nonuniform List<scalar> 
1000
(
6.42923e-08
6.44506e-08
6.47693e-08
6.52509e-08
6.58979e-08
6.67136e-08
6.77013e-08
6.88649e-08
7.02089e-08
7.17378e-08
7.3457e-08
7.53722e-08
7.74894e-08
7.98153e-08
8.23571e-08
8.51225e-08
8.81198e-08
9.13578e-08
9.48459e-08
9.85941e-08
1.02613e-07
1.06915e-07
1.11511e-07
1.16414e-07
1.21638e-07
1.27197e-07
1.33106e-07
1.39383e-07
1.46042e-07
1.53104e-07
1.60586e-07
1.68508e-07
1.76892e-07
1.8576e-07
1.95135e-07
2.05042e-07
2.15507e-07
2.26558e-07
2.38222e-07
2.50531e-07
2.63515e-07
2.7721e-07
2.91649e-07
3.06869e-07
3.2291e-07
3.39812e-07
3.57618e-07
3.76373e-07
3.96124e-07
4.16921e-07
4.38815e-07
4.61862e-07
4.86118e-07
5.11643e-07
5.38501e-07
5.66757e-07
5.96482e-07
6.27747e-07
6.60628e-07
6.95206e-07
7.31564e-07
7.6979e-07
8.09976e-07
8.52218e-07
8.96618e-07
9.4328e-07
9.92315e-07
1.04384e-06
1.09798e-06
1.15485e-06
1.2146e-06
1.27735e-06
1.34327e-06
1.41249e-06
1.48518e-06
1.56152e-06
1.64166e-06
1.7258e-06
1.81412e-06
1.90683e-06
2.00414e-06
2.10627e-06
2.21345e-06
2.32591e-06
2.44391e-06
2.56771e-06
2.69758e-06
2.83381e-06
2.97671e-06
3.12658e-06
3.28375e-06
3.44856e-06
3.62138e-06
3.80257e-06
3.99252e-06
4.19164e-06
4.40036e-06
4.61912e-06
4.84839e-06
5.08864e-06
5.34039e-06
5.60417e-06
5.88051e-06
6.17e-06
6.47324e-06
6.79086e-06
7.1235e-06
7.47185e-06
7.83661e-06
8.21854e-06
8.6184e-06
9.037e-06
9.47518e-06
9.93381e-06
1.04138e-05
1.09161e-05
1.14418e-05
1.19918e-05
1.25672e-05
1.31691e-05
1.37988e-05
1.44574e-05
1.51463e-05
1.58666e-05
1.66199e-05
1.74074e-05
1.82309e-05
1.90917e-05
1.99915e-05
2.0932e-05
2.19149e-05
2.29421e-05
2.40154e-05
2.51368e-05
2.63085e-05
2.75324e-05
2.88109e-05
3.01462e-05
3.15407e-05
3.2997e-05
3.45176e-05
3.61053e-05
3.77627e-05
3.94929e-05
4.12988e-05
4.31837e-05
4.51507e-05
4.72032e-05
4.93448e-05
5.15792e-05
5.39101e-05
5.63414e-05
5.88774e-05
6.15221e-05
6.428e-05
6.71557e-05
7.0154e-05
7.32797e-05
7.65379e-05
7.9934e-05
8.34735e-05
8.7162e-05
9.10054e-05
9.50099e-05
9.91819e-05
0.000103528
0.000108054
0.000112769
0.000117679
0.000122791
0.000128114
0.000133656
0.000139425
0.00014543
0.00015168
0.000158184
0.000164952
0.000171993
0.000179319
0.00018694
0.000194867
0.000203112
0.000211686
0.000220601
0.000229871
0.000239508
0.000249525
0.000259938
0.00027076
0.000282006
0.000293692
0.000305834
0.000318447
0.00033155
0.000345159
0.000359292
0.00037397
0.000389209
0.000405032
0.000421457
0.000438507
0.000456203
0.000474568
0.000493624
0.000513397
0.00053391
0.000555189
0.00057726
0.000600151
0.000623889
0.000648503
0.000674022
0.000700477
0.000727899
0.000756321
0.000785775
0.000816296
0.000847919
0.00088068
0.000914617
0.000949767
0.00098617
0.00102387
0.0010629
0.00110331
0.00114514
0.00118844
0.00123325
0.00127962
0.0013276
0.00137725
0.0014286
0.00148172
0.00153666
0.00159347
0.00165222
0.00171295
0.00177574
0.00184064
0.00190772
0.00197704
0.00204866
0.00212266
0.00219911
0.00227808
0.00235963
0.00244385
0.00253082
0.0026206
0.00271329
0.00280897
0.00290771
0.0030096
0.00311474
0.00322322
0.00333512
0.00345053
0.00356957
0.00369232
0.00381889
0.00394937
0.00408388
0.00422252
0.00436539
0.00451262
0.00466432
0.00482059
0.00498156
0.00514736
0.0053181
0.0054939
0.00567491
0.00586124
0.00605303
0.00625042
0.00645354
0.00666253
0.00687754
0.00709871
0.00732619
0.00756013
0.00780067
0.00804799
0.00830223
0.00856355
0.00883212
0.0091081
0.00939167
0.00968298
0.00998222
0.0102896
0.0106052
0.0109292
0.011262
0.0116035
0.011954
0.0123138
0.0126829
0.0130617
0.0134502
0.0138487
0.0142575
0.0146766
0.0151063
0.0155468
0.0159983
0.0164611
0.0169354
0.0174213
0.017919
0.0184289
0.0189511
0.0194859
0.0200335
0.020594
0.0211678
0.0217551
0.0223561
0.022971
0.0236001
0.0242436
0.0249017
0.0255747
0.0262628
0.0269664
0.0276855
0.0284204
0.0291714
0.0299388
0.0307227
0.0315235
0.0323413
0.0331764
0.034029
0.0348995
0.0357879
0.0366947
0.0376199
0.0385638
0.0395268
0.040509
0.0415106
0.0425319
0.0435731
0.0446345
0.0457162
0.0468186
0.0479418
0.049086
0.0502515
0.0514384
0.0526471
0.0538776
0.0551303
0.0564053
0.0577027
0.0590229
0.0603659
0.061732
0.0631213
0.0645341
0.0659704
0.0674305
0.0689145
0.0704226
0.0719548
0.0735115
0.0750926
0.0766983
0.0783287
0.079984
0.0816642
0.0833695
0.0850999
0.0868556
0.0886365
0.0904428
0.0922745
0.0941317
0.0960144
0.0979226
0.0998564
0.101816
0.103801
0.105811
0.107847
0.109909
0.111996
0.114108
0.116246
0.118409
0.120597
0.122811
0.125049
0.127313
0.129601
0.131913
0.13425
0.136612
0.138997
0.141407
0.14384
0.146297
0.148777
0.151279
0.153805
0.156353
0.158924
0.161516
0.16413
0.166765
0.169421
0.172098
0.174794
0.177511
0.180247
0.183002
0.185776
0.188568
0.191377
0.194204
0.197047
0.199907
0.202783
0.205674
0.208579
0.211499
0.214432
0.217379
0.220338
0.223308
0.22629
0.229283
0.232285
0.235297
0.238318
0.241346
0.244382
0.247425
0.250473
0.253527
0.256585
0.259647
0.262711
0.265778
0.268847
0.271916
0.274985
0.278053
0.281119
0.284183
0.287243
0.290299
0.293351
0.296396
0.299434
0.302465
0.305488
0.308501
0.311504
0.314496
0.317476
0.320443
0.323396
0.326335
0.329258
0.332165
0.335054
0.337925
0.340777
0.34361
0.346421
0.34921
0.351977
0.35472
0.357439
0.360132
0.362799
0.365439
0.368051
0.370634
0.373187
0.375709
0.3782
0.380659
0.383085
0.385476
0.387833
0.390154
0.392439
0.394686
0.396896
0.399066
0.401197
0.403288
0.405338
0.407345
0.409311
0.411233
0.413111
0.414944
0.416732
0.418475
0.420171
0.421819
0.42342
0.424973
0.426476
0.42793
0.429335
0.430688
0.431991
0.433242
0.434442
0.435589
0.436683
0.437724
0.438711
0.439645
0.440524
0.441349
0.442118
0.442833
0.443492
0.444096
0.444643
0.445135
0.44557
0.445949
0.446272
0.446537
0.446747
0.446899
0.446994
0.447033
0.447015
0.44694
0.446808
0.44662
0.446375
0.446074
0.445716
0.445302
0.444832
0.444306
0.443725
0.443088
0.442397
0.44165
0.440849
0.439994
0.439085
0.438122
0.437107
0.436039
0.434918
0.433746
0.432522
0.431248
0.429923
0.428548
0.427124
0.425651
0.42413
0.422561
0.420945
0.419283
0.417575
0.415822
0.414024
0.412183
0.410298
0.408371
0.406402
0.404392
0.402341
0.400251
0.398123
0.395956
0.393752
0.391512
0.389235
0.386924
0.384579
0.382201
0.37979
0.377347
0.374874
0.372371
0.369839
0.367278
0.36469
0.362076
0.359436
0.356771
0.354082
0.351371
0.348637
0.345881
0.343106
0.34031
0.337497
0.334665
0.331816
0.328951
0.326071
0.323177
0.32027
0.317349
0.314417
0.311474
0.308521
0.305559
0.302588
0.29961
0.296625
0.293634
0.290638
0.287638
0.284634
0.281628
0.278619
0.27561
0.2726
0.26959
0.266582
0.263575
0.260571
0.25757
0.254574
0.251582
0.248595
0.245614
0.24264
0.239674
0.236715
0.233765
0.230825
0.227894
0.224974
0.222064
0.219167
0.216281
0.213408
0.210549
0.207703
0.204872
0.202055
0.199253
0.196468
0.193698
0.190945
0.188209
0.185491
0.18279
0.180108
0.177444
0.174799
0.172174
0.169568
0.166982
0.164417
0.161872
0.159349
0.156846
0.154365
0.151905
0.149468
0.147052
0.144659
0.142289
0.139941
0.137617
0.135315
0.133037
0.130782
0.128551
0.126343
0.124159
0.121999
0.119863
0.117751
0.115663
0.113599
0.11156
0.109544
0.107553
0.105587
0.103644
0.101726
0.0998326
0.0979631
0.0961179
0.094297
0.0925002
0.0907275
0.0889789
0.0872544
0.0855537
0.0838769
0.0822239
0.0805946
0.0789888
0.0774066
0.0758476
0.0743119
0.0727993
0.0713097
0.069843
0.0683989
0.0669774
0.0655783
0.0642014
0.0628466
0.0615138
0.0602027
0.0589131
0.057645
0.0563981
0.0551722
0.0539672
0.0527828
0.0516189
0.0504753
0.0493517
0.048248
0.047164
0.0460994
0.0450541
0.0440278
0.0430203
0.0420315
0.041061
0.0401088
0.0391745
0.0382579
0.0373589
0.0364772
0.0356125
0.0347648
0.0339337
0.033119
0.0323205
0.031538
0.0307713
0.0300201
0.0292843
0.0285635
0.0278576
0.0271664
0.0264896
0.025827
0.0251784
0.0245436
0.0239224
0.0233146
0.0227199
0.0221381
0.021569
0.0210124
0.0204682
0.019936
0.0194158
0.0189072
0.0184101
0.0179242
0.0174495
0.0169856
0.0165324
0.0160898
0.0156574
0.0152351
0.0148228
0.0144202
0.0140272
0.0136435
0.0132691
0.0129036
0.012547
0.0121991
0.0118596
0.0115285
0.0112056
0.0108906
0.0105835
0.010284
0.00999209
0.0097075
0.00943011
0.00915978
0.00889635
0.00863967
0.00838959
0.00814599
0.00790871
0.00767761
0.00745257
0.00723343
0.00702009
0.00681239
0.00661023
0.00641346
0.00622197
0.00603563
0.00585433
0.00567796
0.00550638
0.0053395
0.00517719
0.00501936
0.00486589
0.00471669
0.00457163
0.00443064
0.0042936
0.00416043
0.00403101
0.00390527
0.00378311
0.00366444
0.00354917
0.00343722
0.0033285
0.00322293
0.00312043
0.00302093
0.00292433
0.00283057
0.00273957
0.00265127
0.00256558
0.00248245
0.0024018
0.00232356
0.00224768
0.00217408
0.00210271
0.0020335
0.00196641
0.00190136
0.0018383
0.00177718
0.00171795
0.00166054
0.00160492
0.00155103
0.00149882
0.00144824
0.00139925
0.0013518
0.00130585
0.00126136
0.00121827
0.00117656
0.00113619
0.0010971
0.00105928
0.00102267
0.00098724
0.000952961
0.000919796
0.000887712
0.000856676
0.000826656
0.000797623
0.000769546
0.000742397
0.000716146
0.000690767
0.000666234
0.000642519
0.000619598
0.000597446
0.00057604
0.000555356
0.000535371
0.000516064
0.000497413
0.000479398
0.000461998
0.000445195
0.000428968
0.0004133
0.000398173
0.000383569
0.000369472
0.000355865
0.000342732
0.000330057
0.000317827
0.000306026
0.00029464
0.000283656
0.00027306
0.000262839
0.000252982
0.000243475
0.000234308
0.000225469
0.000216946
0.00020873
0.00020081
0.000193176
0.000185817
0.000178726
0.000171892
0.000165307
0.000158963
0.000152851
0.000146962
0.000141291
0.000135828
0.000130566
0.0001255
0.000120621
0.000115923
0.0001114
0.000107046
0.000102855
9.8821e-05
9.49384e-05
9.12018e-05
8.76062e-05
8.41466e-05
8.08179e-05
7.76157e-05
7.45352e-05
7.15722e-05
6.87225e-05
6.59818e-05
6.33463e-05
6.08122e-05
5.83758e-05
5.60336e-05
5.3782e-05
5.16178e-05
4.95378e-05
4.7539e-05
4.56182e-05
4.37728e-05
4.19998e-05
4.02966e-05
3.86607e-05
3.70896e-05
3.55808e-05
3.41321e-05
3.27412e-05
3.1406e-05
3.01244e-05
2.88945e-05
2.77142e-05
2.65819e-05
2.54957e-05
2.44539e-05
2.34548e-05
2.24969e-05
2.15786e-05
2.06986e-05
1.98553e-05
1.90475e-05
1.82738e-05
1.7533e-05
1.6824e-05
1.61455e-05
1.54964e-05
1.48758e-05
1.42826e-05
1.37159e-05
1.31747e-05
1.26581e-05
1.21654e-05
1.16957e-05
1.12482e-05
1.08223e-05
1.04172e-05
1.00323e-05
9.66695e-06
9.32062e-06
8.99271e-06
8.68273e-06
8.39017e-06
8.11459e-06
7.85557e-06
7.61269e-06
7.38561e-06
7.17399e-06
6.97752e-06
6.79593e-06
6.62897e-06
6.47643e-06
6.33811e-06
6.21385e-06
6.10353e-06
6.00705e-06
5.92432e-06
5.85531e-06
5.80001e-06
5.75842e-06
5.7306e-06
5.71662e-06
)
;

boundaryField
{
    sides
    {
        type            zeroGradient;
    }
    empty
    {
        type            empty;
    }
}


// ************************************************************************* //
