/*--------------------------------*- C++ -*----------------------------------*\
  =========                 |
  \\      /  F ield         | OpenFOAM: The Open Source CFD Toolbox
   \\    /   O peration     | Website:  https://openfoam.org
    \\  /    A nd           | Version:  7
     \\/     M anipulation  |
\*---------------------------------------------------------------------------*/
FoamFile
{
    version     2.0;
    format      ascii;
    class       volScalarField;
    location    "4.9";
    object      T;
}
// * * * * * * * * * * * * * * * * * * * * * * * * * * * * * * * * * * * * * //

dimensions      [0 0 0 1 0 0 0];

internalField   nonuniform List<scalar> 
1000
(
0
0
0
0
0
0
0
0
0
0
0
0
0
0
0
0
0
0
0
0
0
0
4.94066e-324
-2.17389e-322
6.13135e-321
-1.71021e-319
4.67881e-318
-1.25651e-316
3.31301e-315
-8.57805e-314
2.18146e-312
-5.4498e-311
1.33772e-309
-3.22684e-308
7.65053e-307
-1.7831e-305
4.08604e-304
-9.20735e-303
2.04051e-301
-4.44812e-300
9.53912e-299
-2.01277e-297
4.17916e-296
-8.53984e-295
1.71763e-293
-3.40079e-292
6.62905e-291
-1.27231e-289
2.40465e-288
-4.47583e-287
8.20545e-286
-1.48178e-284
2.63606e-283
-4.62019e-282
7.97879e-281
-1.35776e-279
2.27697e-278
-3.76335e-277
6.13067e-276
-9.84444e-275
1.55832e-273
-2.43184e-272
3.74161e-271
-5.67615e-270
8.49081e-269
-1.25248e-267
1.822e-266
-2.61399e-265
3.69881e-264
-5.16233e-263
7.10685e-262
-9.65112e-261
1.29291e-259
-1.7087e-258
2.22788e-257
-2.86592e-256
3.63745e-255
-4.5552e-254
5.62873e-253
-6.86309e-252
8.25751e-251
-9.80417e-250
1.14873e-248
-1.32824e-247
1.51565e-246
-1.70685e-245
1.89702e-244
-2.08084e-243
2.25266e-242
-2.40688e-241
2.53814e-240
-2.6417e-239
2.7137e-238
-2.75138e-237
2.75328e-236
-2.71932e-235
2.65082e-234
-2.5504e-233
2.4218e-232
-2.26969e-231
2.09937e-230
-1.91645e-229
1.72658e-228
-1.53512e-227
1.34697e-226
-1.16632e-225
9.96586e-225
-8.40293e-224
6.99118e-223
-5.73927e-222
4.64869e-221
-3.71494e-220
2.92886e-219
-2.27796e-218
1.74771e-217
-1.32264e-216
9.87261e-216
-7.26789e-215
5.2764e-214
-3.77731e-213
2.66627e-212
-1.85549e-211
1.27293e-210
-8.60782e-210
5.73682e-209
-3.76777e-208
2.43823e-207
-1.55445e-206
9.76169e-206
-6.03734e-205
3.67672e-204
-2.20437e-203
1.30085e-202
-7.55424e-202
4.31586e-201
-2.42517e-200
1.33995e-199
-7.27727e-199
3.88358e-198
-2.03571e-197
1.04769e-196
-5.29158e-196
2.62147e-195
-1.27309e-194
6.05676e-194
-2.82076e-193
1.28488e-192
-5.71874e-192
2.4841e-191
-1.05165e-190
4.33185e-190
-1.73254e-189
6.71077e-189
-2.50883e-188
9.01164e-188
-3.09017e-187
1.00189e-186
-3.02313e-186
8.24413e-186
-1.89966e-185
2.91791e-185
2.49298e-185
-4.70044e-184
2.61248e-183
-1.08438e-182
3.75287e-182
-1.09443e-181
2.5344e-181
-3.43976e-181
-6.30237e-181
7.18194e-180
-3.4576e-179
1.22635e-178
-3.38192e-178
6.46846e-178
-1.81495e-178
-5.45005e-177
3.1356e-176
-1.14928e-175
3.05617e-175
-4.96237e-175
-3.58324e-175
6.6362e-174
-3.07363e-173
9.3731e-173
-1.83453e-172
3.83751e-173
1.5255e-171
-7.87756e-171
2.43863e-170
-4.56756e-170
-3.74201e-171
4.33459e-169
-2.0124e-168
5.51668e-168
-7.58111e-168
-1.42455e-167
1.32086e-166
-4.71619e-166
9.56425e-166
-1.39833e-166
-7.67279e-165
3.47046e-164
-8.44185e-164
6.62181e-164
4.34542e-163
-2.3911e-162
6.3467e-162
-6.33021e-162
-2.67229e-161
1.61126e-160
-4.30669e-160
4.05373e-160
1.89637e-159
-1.07373e-158
2.65745e-158
-1.66339e-158
-1.48134e-157
6.94202e-157
-1.44305e-156
-6.81883e-158
1.15237e-155
-4.16925e-155
6.23041e-155
9.65133e-155
-8.21305e-154
2.16903e-153
-1.37665e-153
-1.15772e-152
5.01879e-152
-8.47816e-152
-8.62701e-152
9.16056e-151
-2.40758e-150
1.2162e-150
1.35775e-149
-5.27077e-149
7.08488e-149
1.53652e-148
-9.8969e-148
1.99184e-147
8.54097e-148
-1.66466e-146
4.44907e-146
-1.75136e-146
-2.56854e-145
8.78681e-145
-8.00819e-145
-3.69781e-144
1.60649e-143
-2.05722e-143
-5.05409e-143
2.79206e-142
-4.33392e-142
-6.72607e-142
4.69553e-141
-8.17395e-141
-9.08462e-141
7.7357e-140
-1.42788e-139
-1.3184e-139
1.25793e-138
-2.34348e-138
-2.15034e-138
2.02479e-137
-3.62509e-137
-3.91803e-137
3.21993e-136
-5.25241e-136
-7.5807e-136
5.02737e-135
-6.99755e-135
-1.47551e-134
7.62909e-134
-8.21137e-134
-2.78638e-133
1.10963e-132
-7.52479e-133
-4.99967e-132
1.51733e-131
-2.54156e-132
-8.4099e-131
1.89373e-130
1.02575e-130
-1.30993e-129
2.03898e-129
3.49845e-129
-1.85911e-128
1.61941e-128
7.46329e-128
-2.3398e-127
1.98085e-128
1.27784e-126
-2.46703e-126
-2.62008e-126
1.84113e-125
-1.83646e-125
-6.8882e-125
2.20711e-124
-4.87546e-126
-1.19038e-123
2.03249e-123
3.0247e-123
-1.58809e-122
9.6951e-123
6.88605e-122
-1.60815e-121
-1.1053e-121
1.01617e-120
-9.80389e-121
-3.80728e-120
1.07841e-119
3.72218e-120
-6.09135e-119
6.87852e-119
2.12824e-118
-6.48841e-118
-1.76014e-118
3.51143e-117
-3.86864e-117
-1.23859e-116
3.55906e-116
1.51097e-116
-1.95165e-115
1.729e-115
7.40006e-115
-1.75581e-114
-1.46132e-114
1.02504e-113
-5.07492e-114
-4.33008e-113
7.40313e-113
1.22396e-112
-4.87875e-112
-4.16708e-113
2.34154e-111
-2.30495e-111
-8.51024e-111
1.95364e-110
1.95031e-110
-1.09744e-109
1.88214e-110
4.842e-109
-5.49341e-109
-1.68252e-108
4.0447e-108
3.90013e-108
-2.16567e-107
1.624e-108
9.50953e-107
-8.8079e-107
-3.46896e-106
6.72607e-106
9.80172e-106
-3.71525e-105
-1.38385e-105
1.71696e-104
-6.84802e-105
-6.88933e-104
7.88486e-104
2.38821e-103
-5.00272e-103
-6.7469e-103
2.55925e-102
1.18282e-102
-1.14778e-101
2.16711e-102
4.64457e-101
-3.64556e-101
-1.70751e-100
2.46303e-100
5.64374e-100
-1.30884e-99
-1.61142e-99
6.12728e-99
3.46644e-99
-2.63301e-98
-1.52721e-99
1.05869e-97
-4.08662e-98
-4.02201e-97
3.29269e-97
1.45005e-96
-1.85879e-96
-4.96287e-96
9.05162e-96
1.60591e-95
-4.04495e-95
-4.86051e-95
1.70528e-94
1.34307e-94
-6.88627e-94
-3.18913e-94
2.68939e-93
5.22862e-94
-1.02265e-92
3.74801e-94
3.80552e-92
-9.14242e-93
-1.3916e-91
5.87105e-92
5.01817e-91
-2.93148e-91
-1.78998e-90
1.30235e-90
6.33316e-90
-5.39015e-90
-2.22803e-89
2.12267e-89
7.81022e-89
-8.04345e-89
-2.73272e-88
2.95123e-88
9.55555e-88
-1.05201e-87
-3.3416e-87
3.64795e-87
1.16883e-86
-1.2299e-86
-4.0874e-86
4.02202e-86
1.42762e-85
-1.26955e-85
-4.97273e-85
3.83414e-85
1.72414e-84
-1.0902e-84
-5.93698e-84
2.82462e-84
2.0252e-83
-6.13996e-84
-6.82403e-83
7.85213e-84
2.26406e-82
2.03173e-83
-7.3687e-82
-2.31892e-82
2.34207e-81
1.32707e-81
-7.22792e-81
-6.19978e-81
2.14875e-80
2.60064e-80
-6.08019e-80
-1.01379e-79
1.60468e-79
3.72855e-79
-3.7923e-79
-1.30227e-78
7.20039e-79
4.32651e-78
-6.02248e-79
-1.36415e-77
-3.56975e-78
4.05527e-77
2.79021e-77
-1.12168e-76
-1.34187e-76
2.81114e-76
5.35269e-76
-5.99847e-76
-1.89848e-75
8.79217e-76
6.12072e-75
4.67039e-76
-1.79762e-74
-1.0809e-74
4.74077e-74
5.76277e-74
-1.07548e-73
-2.29374e-73
1.83268e-73
7.74798e-73
-7.52769e-74
-2.28938e-72
-1.17588e-72
5.86568e-72
7.05385e-72
-1.23031e-71
-2.80728e-71
1.66394e-71
9.07002e-71
1.39316e-71
-2.46384e-70
-2.09375e-70
5.44601e-70
9.7157e-70
-8.21662e-70
-3.29901e-69
-1.47605e-70
9.01327e-69
7.19552e-69
-1.93031e-68
-3.46106e-68
2.58067e-68
1.1473e-67
2.1259e-68
-2.94034e-67
-2.96961e-67
5.48699e-67
1.25518e-66
-4.17318e-67
-3.71258e-66
-2.06973e-66
8.0879e-66
1.25664e-65
-1.03144e-65
-4.23731e-65
-1.0971e-65
1.01325e-64
1.2163e-64
-1.52225e-64
-4.59087e-64
-3.66853e-65
1.15548e-63
1.20237e-63
-1.81844e-63
-4.86699e-63
-1.17862e-64
1.23447e-62
1.26417e-62
-1.87111e-62
-5.11402e-62
-4.93526e-63
1.24251e-61
1.41718e-61
-1.64165e-61
-5.29307e-61
-1.52218e-61
1.15959e-60
1.63255e-60
-1.10739e-60
-5.2659e-60
-3.07406e-60
9.5892e-60
1.83197e-59
-2.91331e-60
-4.82597e-59
-4.80733e-59
6.25158e-59
1.89662e-58
6.93714e-59
-3.78727e-58
-6.15986e-58
1.81648e-58
1.70286e-57
1.61682e-57
-2.12583e-57
-6.47034e-57
-2.87043e-57
1.18877e-56
2.16278e-56
-1.16882e-57
-5.27606e-56
-6.40916e-56
4.29168e-56
2.06114e-55
1.6488e-55
-2.70071e-55
-7.38797e-55
-3.37795e-55
1.27902e-54
2.48463e-54
3.4116e-55
-5.31042e-54
-7.95649e-54
1.48828e-54
2.04011e-53
2.45496e-53
-1.30874e-53
-7.45222e-53
-7.38356e-53
6.71361e-53
2.63221e-52
2.1938e-52
-2.87312e-52
-9.0946e-52
-6.54695e-52
1.11525e-51
3.09944e-51
2.00124e-51
-4.05621e-51
-1.04787e-50
-6.38744e-51
1.40218e-50
3.52607e-50
2.15478e-50
-4.62889e-50
-1.18199e-49
-7.67785e-50
1.45541e-49
3.94093e-49
2.85217e-49
-4.30898e-49
-1.30172e-48
-1.08366e-48
1.1696e-48
4.23238e-48
4.1323e-48
-2.72435e-48
-1.34217e-47
-1.55692e-47
4.28623e-48
4.09739e-47
5.72333e-47
4.04681e-48
-1.18035e-46
-2.03026e-46
-7.89318e-47
3.09752e-46
6.87042e-46
4.78049e-46
-6.83701e-46
-2.18541e-45
-2.22212e-45
9.37689e-46
6.3856e-45
8.91358e-45
1.59066e-45
-1.63978e-44
-3.18052e-44
-2.01328e-44
3.29794e-44
1.00813e-43
1.0669e-43
-2.7068e-44
-2.75516e-43
-4.31823e-43
-1.83286e-43
5.90773e-43
1.45059e-42
1.35945e-42
-6.19933e-43
-4.00791e-42
-5.98557e-42
-2.45283e-42
8.1651e-42
2.0209e-41
2.00628e-41
-5.49245e-42
-5.25278e-41
-8.63806e-41
-5.09798e-41
8.61247e-41
2.69441e-40
3.28063e-40
5.58466e-41
-5.82542e-40
-1.22855e-39
-1.12978e-39
4.05444e-40
3.14702e-39
5.23133e-39
3.55481e-39
-4.02719e-39
-1.52812e-38
-2.14777e-38
-1.02372e-38
2.46665e-38
7.00325e-38
8.72228e-38
2.72774e-38
-1.27311e-37
-3.11041e-37
-3.58156e-37
-7.26486e-38
5.98132e-37
1.35944e-36
1.51222e-36
2.50394e-37
-2.62814e-36
-5.88991e-36
-6.61914e-36
-1.3913e-36
1.08501e-35
2.53007e-35
2.99495e-35
9.8408e-36
-4.1484e-35
-1.07008e-34
-1.38303e-34
-6.91525e-35
1.403e-34
4.3908e-34
6.39444e-34
4.49974e-34
-3.6314e-34
-1.70356e-33
-2.89345e-33
-2.68788e-33
1.92374e-34
5.95882e-33
1.24754e-32
1.473e-32
6.26017e-33
-1.67364e-32
-4.94141e-32
-7.35843e-32
-5.95221e-32
2.07613e-32
1.68321e-31
3.28932e-31
3.81513e-31
1.69294e-31
-4.08822e-31
-1.25977e-30
-1.9734e-30
-1.82718e-30
-4.10423e-32
3.66692e-30
8.3534e-30
1.13367e-29
8.49818e-30
-4.02351e-30
-2.66334e-29
-5.24635e-29
-6.51388e-29
-4.13233e-29
3.90818e-29
1.74886e-28
3.22873e-28
3.86461e-28
2.31043e-28
-2.58443e-28
-1.07607e-27
-1.9764e-27
-2.40323e-27
-1.56063e-27
1.28135e-27
6.22025e-27
1.20138e-26
1.55598e-26
1.20893e-26
-3.35201e-27
-3.28204e-26
-7.11896e-26
-1.02207e-25
-9.77154e-26
-2.36433e-26
1.44304e-25
3.9539e-25
6.55073e-25
7.66756e-25
5.0538e-25
-3.53938e-25
-1.89885e-24
-3.88774e-24
-5.56086e-24
-5.56726e-24
-2.16326e-24
6.16368e-24
1.95811e-23
3.54511e-23
4.69969e-23
4.29569e-23
9.3879e-24
-6.52535e-23
-1.81268e-22
-3.16144e-22
-4.1372e-22
-3.80495e-22
-9.80375e-23
5.3911e-22
1.55444e-21
2.79394e-21
3.82614e-21
3.88339e-21
1.91395e-21
-3.17182e-21
-1.19905e-20
-2.38968e-20
-3.60216e-20
-4.24234e-20
-3.38645e-20
1.07147e-21
7.2718e-20
1.84311e-19
3.23244e-19
4.50853e-19
4.93832e-19
3.42678e-19
-1.3525e-19
-1.05937e-18
-2.46897e-18
-4.22418e-18
-5.88506e-18
-6.59789e-18
-5.04247e-18
4.7775e-19
1.16992e-17
2.97087e-17
5.38287e-17
8.00978e-17
9.95435e-17
9.67073e-17
4.92351e-17
-7.02675e-17
-2.88587e-16
-6.2083e-16
-1.05266e-15
-1.51574e-15
-1.85847e-15
-1.81788e-15
-1.0036e-15
1.08867e-15
5.00982e-15
1.12063e-14
1.97539e-14
2.99521e-14
3.97754e-14
4.52195e-14
3.96489e-14
1.33549e-14
-4.63326e-14
-1.53871e-13
-3.22587e-13
-5.59195e-13
-8.54867e-13
-1.17212e-12
-1.42727e-12
-1.46907e-12
-1.05599e-12
1.62924e-13
2.65486e-12
6.9837e-12
1.37437e-11
2.34187e-11
3.61297e-11
5.12299e-11
6.66968e-11
7.82811e-11
7.83809e-11
5.46502e-11
-1.15848e-11
-1.46916e-10
-3.87089e-10
-7.77253e-10
-1.37022e-09
-2.22118e-09
-3.3766e-09
-4.85401e-09
-6.60814e-09
-8.47715e-09
-1.01006e-08
-1.0798e-08
-9.39447e-09
-3.97344e-09
8.46397e-09
3.24635e-08
7.47403e-08
1.45001e-07
2.5702e-07
4.3002e-07
6.90444e-07
1.07418e-06
1.62935e-06
2.41974e-06
3.52905e-06
5.066e-06
7.17053e-06
1.00211e-05
1.38437e-05
1.89216e-05
2.56078e-05
3.43387e-05
4.565e-05
6.01945e-05
7.8763e-05
0.000102307
0.000131963
0.000169084
0.000215266
0.000272383
0.000342625
0.000428533
0.000533042
0.000659523
0.000811825
0.000994323
0.00121196
0.00147031
0.00177558
0.0021347
0.00255535
0.00304599
0.00361588
0.00427515
0.00503479
0.00590666
0.00690354
0.00803907
0.00932776
0.010785
0.012427
0.0142707
0.0163338
0.0186345
0.0211918
0.0240249
0.0271535
0.0305974
0.0343767
0.038511
0.0430202
0.0479233
0.0532392
0.0589858
0.0651801
0.071838
0.0789742
0.086602
0.0947329
0.103377
0.112542
0.122233
0.132455
0.143208
0.154492
0.166302
0.178634
0.191478
0.204822
0.218654
0.232957
0.247712
0.262898
0.278492
0.294468
0.310798
0.327454
0.344403
0.361614
0.379052
0.396682
0.41447
0.432377
0.450368
0.468406
0.486453
0.504473
0.522429
0.540286
0.55801
0.575567
0.592924
0.610051
0.62692
0.643501
0.659769
0.675701
0.691275
0.70647
0.721269
0.735656
0.749618
0.763143
0.776222
0.788847
0.801012
0.812714
0.823952
0.834724
0.845033
0.854881
0.864273
0.873215
0.881713
0.889775
0.897409
0.904626
0.911434
0.917845
0.923869
0.929516
0.934798
0.939725
0.944308
0.948557
0.952482
0.956091
0.959393
0.962395
0.965104
0.967526
0.969664
0.971522
0.973103
0.974406
0.975431
0.976176
0.976639
0.976814
0.976695
0.976275
0.97555
0.974491
0.97316
0.971275
0.969808
0.965229
)
;

boundaryField
{
    sides
    {
        type            zeroGradient;
    }
    empty
    {
        type            empty;
    }
}


// ************************************************************************* //
