/*--------------------------------*- C++ -*----------------------------------*\
  =========                 |
  \\      /  F ield         | OpenFOAM: The Open Source CFD Toolbox
   \\    /   O peration     | Website:  https://openfoam.org
    \\  /    A nd           | Version:  7
     \\/     M anipulation  |
\*---------------------------------------------------------------------------*/
FoamFile
{
    version     2.0;
    format      ascii;
    class       volScalarField;
    location    "1.07";
    object      T;
}
// * * * * * * * * * * * * * * * * * * * * * * * * * * * * * * * * * * * * * //

dimensions      [0 0 0 1 0 0 0];

internalField   nonuniform List<scalar> 
1000
(
4.51744e-194
6.22035e-194
1.26744e-193
3.2656e-193
9.17631e-193
2.64537e-192
7.67873e-192
2.23263e-191
6.49316e-191
1.88817e-190
5.48946e-190
1.59554e-189
4.6363e-189
1.34686e-188
3.91162e-188
1.13573e-187
3.29668e-187
9.56672e-187
2.77544e-186
8.04977e-186
2.33409e-185
6.766e-185
1.96078e-184
5.68076e-184
1.64537e-183
4.76434e-183
1.37918e-182
3.99132e-182
1.15476e-181
3.34e-181
9.6578e-181
2.79182e-180
8.06815e-180
2.33097e-179
6.7325e-179
1.94398e-178
5.61153e-178
1.61937e-177
4.67181e-177
1.34741e-176
3.88494e-176
1.11981e-175
3.22683e-175
9.29566e-175
2.67704e-174
7.7073e-174
2.2183e-173
6.38273e-173
1.83596e-172
5.27946e-172
1.5177e-171
4.36162e-171
1.25308e-170
3.59895e-170
1.03333e-169
2.966e-169
8.51075e-169
2.44135e-168
7.00093e-168
2.007e-167
5.75176e-167
1.64785e-166
4.71952e-166
1.35126e-165
3.86761e-165
1.10664e-164
3.16543e-164
9.05143e-164
2.58739e-163
7.39375e-163
2.11216e-162
6.03178e-162
1.72196e-161
4.91423e-161
1.40199e-160
3.99843e-160
1.13996e-159
3.24895e-159
9.25658e-159
2.6364e-158
7.50629e-158
2.13644e-157
6.07866e-157
1.72893e-156
4.9158e-156
1.39721e-155
3.9699e-155
1.12757e-154
3.20154e-154
9.08698e-154
2.57826e-153
7.31274e-153
2.07338e-152
5.87654e-152
1.66498e-151
4.71564e-151
1.3351e-150
3.77859e-150
1.06902e-149
3.02333e-149
8.5472e-149
2.41547e-148
6.82368e-148
1.92697e-147
5.43959e-147
1.53496e-146
4.32974e-146
1.22085e-145
3.44111e-145
9.69545e-145
2.73068e-144
7.68788e-144
2.16359e-143
6.08658e-143
1.7116e-142
4.81129e-142
1.35192e-141
3.79723e-141
1.06613e-140
2.99214e-140
8.39418e-140
2.35397e-139
6.59853e-139
1.84892e-138
5.17858e-138
1.44986e-137
4.05754e-137
1.13506e-136
3.17393e-136
8.87144e-136
2.47861e-135
6.92215e-135
1.93237e-134
5.39205e-134
1.50395e-133
4.19302e-133
1.16851e-132
3.25501e-132
9.06322e-132
2.52246e-131
7.01738e-131
1.95135e-130
5.42379e-130
1.50688e-129
4.18466e-129
1.16157e-128
3.22284e-128
8.93786e-128
2.4776e-127
6.86484e-127
1.90121e-126
5.26297e-126
1.45623e-125
4.02743e-125
1.11332e-124
3.07618e-124
8.49566e-124
2.34518e-123
6.47067e-123
1.78449e-122
4.91892e-122
1.35524e-121
3.73208e-121
1.02725e-120
2.82608e-120
7.77107e-120
2.13581e-119
5.86715e-119
1.61092e-118
4.42084e-118
1.21259e-117
3.32434e-117
9.10907e-117
2.49471e-116
6.82876e-116
1.86827e-115
5.10871e-115
1.39623e-114
3.81392e-114
1.04126e-113
2.84128e-113
7.74888e-113
2.11218e-112
5.75424e-112
1.56679e-111
4.26378e-111
1.15969e-110
3.15247e-110
8.56485e-110
2.32566e-109
6.31147e-109
1.71187e-108
4.64051e-108
1.25723e-107
3.40419e-107
9.21223e-107
2.49152e-106
6.73463e-106
1.81932e-105
4.9119e-105
1.32536e-104
3.57405e-104
9.63228e-104
2.5944e-103
6.98367e-103
1.87874e-102
5.0511e-102
1.35718e-101
3.64439e-101
9.78005e-101
2.62293e-100
7.03011e-100
1.88305e-99
5.04068e-99
1.34846e-98
3.60504e-98
9.63167e-98
2.57165e-97
6.86182e-97
1.82971e-96
4.87573e-96
1.2984e-95
3.45533e-95
9.18922e-95
2.44216e-94
6.48599e-94
1.7214e-93
4.56552e-93
1.21003e-92
3.20483e-92
8.48218e-92
2.2434e-91
5.92922e-91
1.56596e-90
4.13288e-90
1.08996e-89
2.87249e-89
7.56462e-89
1.99067e-88
5.23468e-88
1.37549e-87
3.61164e-87
9.47596e-87
2.48436e-86
6.50842e-86
1.70375e-85
4.45656e-85
1.16482e-84
3.04214e-84
7.93887e-84
2.07012e-83
5.39371e-83
1.40421e-82
3.65283e-82
9.49453e-82
2.46583e-81
6.3988e-81
1.65911e-80
4.29824e-80
1.11261e-79
2.87759e-79
7.43616e-79
1.91998e-78
4.95306e-78
1.27666e-77
3.28774e-77
8.45942e-77
2.17471e-76
5.58567e-76
1.43338e-75
3.67501e-75
9.41371e-75
2.40917e-74
6.15992e-74
1.57355e-73
4.01591e-73
1.02395e-72
2.60834e-72
6.63799e-72
1.68769e-71
4.28678e-71
1.0878e-70
2.75765e-70
6.984e-70
1.767e-69
4.46619e-69
1.12772e-68
2.84461e-68
7.16807e-68
1.80441e-67
4.53752e-67
1.13985e-66
2.86037e-66
7.17026e-66
1.7955e-65
4.49127e-65
1.12223e-64
2.80105e-64
6.98367e-64
1.73926e-63
4.32674e-63
1.07515e-62
2.66861e-62
6.61613e-62
1.63842e-61
4.05266e-61
1.00126e-60
2.47085e-60
6.09014e-60
1.4993e-59
3.6866e-59
9.0539e-59
2.22082e-58
5.44068e-58
1.33123e-57
3.25318e-57
7.93985e-57
1.93536e-56
4.71145e-56
1.14547e-55
2.78127e-55
6.74419e-55
1.6332e-54
3.94972e-54
9.53909e-54
2.30067e-53
5.54121e-53
1.33276e-52
3.20105e-52
7.6775e-52
1.83878e-51
4.39759e-51
1.0502e-50
2.50434e-50
5.96315e-50
1.41779e-49
3.36587e-49
7.97856e-49
1.88838e-48
4.46257e-48
1.05294e-47
2.48053e-47
5.8344e-47
1.37011e-46
3.21227e-46
7.51907e-46
1.75712e-45
4.09941e-45
9.54801e-45
2.2201e-44
5.15336e-44
1.19416e-43
2.76235e-43
6.37873e-43
1.47035e-42
3.38323e-42
7.77066e-42
1.78153e-41
4.07689e-41
9.31233e-41
2.12311e-40
4.8313e-40
1.0973e-39
2.4874e-39
5.62754e-39
1.27068e-38
2.86343e-38
6.43968e-38
1.44531e-37
3.23715e-37
7.23545e-37
1.61383e-36
3.59195e-36
7.97764e-36
1.76799e-35
3.90963e-35
8.62646e-35
1.89916e-34
4.17167e-34
9.1426e-34
1.99908e-33
4.36092e-33
9.49084e-33
2.06062e-32
4.46322e-32
9.64369e-32
2.0786e-31
4.46909e-31
9.58467e-31
2.05037e-30
4.37495e-30
9.31079e-30
1.97633e-29
4.18389e-29
8.83355e-29
1.85999e-28
3.90567e-28
8.17851e-28
1.70779e-27
3.55598e-27
7.38309e-27
1.52847e-26
3.15498e-26
6.49302e-26
1.33227e-25
2.72531e-25
5.55781e-25
1.1299e-24
2.28986e-24
4.62589e-24
9.315e-24
1.86962e-23
3.74019e-23
7.45736e-23
1.48187e-22
2.93463e-22
5.79156e-22
1.13899e-21
2.23209e-21
4.35861e-21
8.48035e-21
1.64396e-20
3.17511e-20
6.10943e-20
1.17111e-19
2.2363e-19
4.25382e-19
8.05982e-19
1.52107e-18
2.85912e-18
5.35247e-18
9.97918e-18
1.85282e-17
3.42572e-17
6.3071e-17
1.15623e-16
2.11047e-16
3.83541e-16
6.93941e-16
1.24994e-15
2.24127e-15
4.00052e-15
7.10779e-15
1.25698e-14
2.21248e-14
3.87584e-14
6.75724e-14
1.17238e-13
2.02416e-13
3.47759e-13
5.94497e-13
1.01121e-12
1.71132e-12
2.88142e-12
4.82664e-12
8.04321e-12
1.33335e-11
2.19872e-11
3.60656e-11
5.88432e-11
9.54913e-11
1.54128e-10
2.4742e-10
3.95013e-10
6.27185e-10
9.90324e-10
1.55505e-09
2.4282e-09
3.77041e-09
5.82167e-09
8.93825e-09
1.36457e-08
2.07142e-08
3.12656e-08
4.6923e-08
7.00194e-08
1.03888e-07
1.53256e-07
2.24791e-07
3.27828e-07
4.75358e-07
6.85335e-07
9.82416e-07
1.40023e-06
1.98437e-06
2.79618e-06
3.91774e-06
5.45808e-06
7.56109e-06
1.04155e-05
1.4267e-05
1.94336e-05
2.63241e-05
3.54606e-05
4.75051e-05
6.32924e-05
8.38674e-05
0.00011053
0.000144885
0.000188906
0.000244997
0.00031607
0.000405632
0.000517877
0.000657787
0.000831239
0.00104513
0.00130748
0.00162759
0.00201612
0.00248528
0.00304887
0.00372248
0.00452352
0.00547134
0.0065873
0.00789478
0.00941923
0.0111881
0.0132308
0.0155787
0.0182647
0.0213233
0.0247904
0.0287027
0.0330976
0.0380128
0.0434858
0.0495535
0.0562517
0.0636146
0.0716741
0.0804595
0.0899969
0.100309
0.111413
0.123323
0.136047
0.149589
0.163944
0.179105
0.195056
0.211777
0.22924
0.247411
0.266252
0.285719
0.30576
0.326322
0.347345
0.368768
0.390524
0.412546
0.434763
0.457105
0.479499
0.501876
0.524165
0.546297
0.568206
0.589828
0.611104
0.631977
0.652394
0.672307
0.691673
0.710453
0.728614
0.746128
0.762972
0.779126
0.794577
0.809318
0.823342
0.836651
0.849249
0.861142
0.872343
0.882864
0.892724
0.90194
0.910534
0.918529
0.925948
0.932818
0.939164
0.945012
0.950389
0.955321
0.959835
0.963958
0.967713
0.971126
0.97422
0.977019
0.979543
0.981813
0.983847
0.985664
0.987279
0.988707
0.989961
0.991052
0.99199
0.992782
0.993434
0.99395
0.994331
0.994579
0.994689
0.994658
0.994478
0.99414
0.993631
0.992939
0.992045
0.99093
0.989573
0.987949
0.986031
0.983791
0.981198
0.978219
0.974821
0.970967
0.966623
0.96175
0.956314
0.950278
0.943606
0.936266
0.928225
0.919456
0.909932
0.899632
0.888537
0.876636
0.863918
0.850383
0.836032
0.820875
0.804927
0.788209
0.770749
0.752579
0.73374
0.714275
0.694235
0.673674
0.652651
0.631229
0.609473
0.587452
0.565235
0.542894
0.5205
0.498123
0.475835
0.453703
0.431794
0.410171
0.388896
0.368023
0.347606
0.327693
0.308327
0.289547
0.271386
0.253872
0.237028
0.220874
0.205422
0.190682
0.176658
0.163348
0.150751
0.138858
0.127657
0.117135
0.107276
0.0980598
0.0894655
0.0814703
0.0740502
0.0671799
0.0608335
0.0549844
0.0496059
0.0446714
0.0401542
0.0360281
0.0322676
0.0288476
0.0257441
0.0229335
0.0203937
0.0181033
0.0160421
0.014191
0.0125318
0.0110476
0.00972262
0.00854208
0.00749229
0.00656054
0.00573514
0.00500534
0.00436126
0.00379389
0.003295
0.00285713
0.00247351
0.00213802
0.00184513
0.00158988
0.00136783
0.00117498
0.00100778
0.000863066
0.000738021
0.000630152
0.000537251
0.000457373
0.000388802
0.000330032
0.000279743
0.000236777
0.000200126
0.000168911
0.000142364
0.000119824
0.000100713
8.45341e-05
7.0858e-05
5.93143e-05
4.95848e-05
4.13961e-05
3.45141e-05
2.87385e-05
2.38983e-05
1.98476e-05
1.64624e-05
1.36371e-05
1.12825e-05
9.32265e-06
7.69366e-06
6.34146e-06
5.2205e-06
4.29244e-06
3.52509e-06
2.89143e-06
2.36885e-06
1.93841e-06
1.58432e-06
1.2934e-06
1.05467e-06
8.59015e-07
6.98854e-07
5.67909e-07
4.60977e-07
3.73761e-07
3.02708e-07
2.44891e-07
1.979e-07
1.59751e-07
1.28816e-07
1.0376e-07
8.34885e-08
6.71059e-08
5.38812e-08
4.32174e-08
3.46281e-08
2.77172e-08
2.21627e-08
1.77033e-08
1.41269e-08
1.12616e-08
8.96856e-09
7.1353e-09
5.67118e-09
4.50307e-09
3.57209e-09
2.83084e-09
2.24125e-09
1.77277e-09
1.40088e-09
1.10596e-09
8.72316e-10
6.8739e-10
5.41167e-10
4.25658e-10
3.34498e-10
2.62624e-10
2.06007e-10
1.61451e-10
1.2642e-10
9.89018e-11
7.73059e-11
6.03728e-11
4.71079e-11
3.67259e-11
2.86074e-11
2.22646e-11
1.73134e-11
1.3452e-11
1.04431e-11
8.10044e-12
6.27813e-12
4.86178e-12
3.7619e-12
2.90848e-12
2.24686e-12
1.73435e-12
1.33768e-12
1.03092e-12
7.93884e-13
6.10869e-13
4.6968e-13
3.60845e-13
2.77016e-13
2.125e-13
1.62885e-13
1.24761e-13
9.54878e-14
7.30288e-14
5.58108e-14
4.26209e-14
3.25243e-14
2.48015e-14
1.88987e-14
1.43904e-14
1.09497e-14
8.32579e-15
6.32614e-15
4.80338e-15
3.64461e-15
2.76345e-15
2.09389e-15
1.58546e-15
1.19966e-15
9.07127e-16
6.85461e-16
5.17613e-16
3.90604e-16
2.94563e-16
2.2199e-16
1.67187e-16
1.25831e-16
9.46428e-17
7.11389e-17
5.34376e-17
4.01152e-17
3.00949e-17
2.25633e-17
1.69059e-17
1.2659e-17
9.47311e-18
7.08459e-18
5.29504e-18
3.95509e-18
2.95242e-18
2.20261e-18
1.64223e-18
1.22368e-18
9.11259e-19
6.782e-19
5.04449e-19
3.74991e-19
2.78592e-19
2.06854e-19
1.535e-19
1.13842e-19
8.43812e-20
6.25089e-20
4.62797e-20
3.42448e-20
2.53252e-20
1.87184e-20
1.38275e-20
1.02089e-20
7.53306e-21
5.55556e-21
4.09493e-21
3.01668e-21
2.22115e-21
1.63453e-21
1.2022e-21
8.83744e-22
6.49303e-22
4.76803e-22
3.49948e-22
2.56709e-22
1.88214e-22
1.37924e-22
1.01019e-22
7.39509e-23
5.41082e-23
3.95696e-23
2.89229e-23
2.11302e-23
1.54294e-23
1.1261e-23
8.21467e-24
5.98948e-24
4.36491e-24
3.17943e-24
2.31479e-24
1.68447e-24
1.2252e-24
8.90723e-25
6.47248e-25
4.70102e-25
3.41278e-25
2.4764e-25
1.79609e-25
1.30207e-25
9.43493e-26
6.83349e-26
4.94705e-26
3.57974e-26
2.58916e-26
1.87184e-26
1.35264e-26
9.77014e-27
7.05383e-27
5.09044e-27
3.67192e-27
2.64752e-27
1.90807e-27
1.37454e-27
9.89769e-28
7.12395e-28
5.12531e-28
3.68581e-28
2.64947e-28
1.90371e-28
1.36728e-28
9.81592e-29
7.04404e-29
5.05278e-29
3.62291e-29
2.5966e-29
1.86025e-29
1.33217e-29
9.53608e-30
6.82343e-30
4.88044e-30
3.48931e-30
2.4937e-30
1.78146e-30
1.27213e-30
9.08065e-31
6.47931e-31
4.62136e-31
3.29488e-31
2.34822e-31
1.6729e-31
1.19133e-31
8.48057e-32
6.03465e-32
4.29252e-32
3.05215e-32
2.16938e-32
1.54134e-32
1.09471e-32
7.77209e-33
5.51586e-33
3.91315e-33
2.7751e-33
1.9673e-33
1.39412e-33
9.87583e-34
6.99338e-34
4.95043e-34
3.50301e-34
2.4779e-34
1.75214e-34
1.23851e-34
8.75133e-35
6.18152e-35
4.36478e-35
3.0809e-35
2.1739e-35
1.53338e-35
1.08121e-35
7.62108e-36
5.37001e-36
3.78254e-36
2.66344e-36
1.8748e-36
1.31923e-36
9.27975e-37
6.5254e-37
4.58709e-37
3.22359e-37
2.26506e-37
1.59234e-37
1.12315e-37
8.0464e-38
6.15378e-38
)
;

boundaryField
{
    sides
    {
        type            zeroGradient;
    }
    empty
    {
        type            empty;
    }
}


// ************************************************************************* //
