/*--------------------------------*- C++ -*----------------------------------*\
  =========                 |
  \\      /  F ield         | OpenFOAM: The Open Source CFD Toolbox
   \\    /   O peration     | Website:  https://openfoam.org
    \\  /    A nd           | Version:  7
     \\/     M anipulation  |
\*---------------------------------------------------------------------------*/
FoamFile
{
    version     2.0;
    format      ascii;
    class       volScalarField;
    location    "2.45";
    object      T;
}
// * * * * * * * * * * * * * * * * * * * * * * * * * * * * * * * * * * * * * //

dimensions      [0 0 0 1 0 0 0];

internalField   nonuniform List<scalar> 
1000
(
0
0
0
0
0
0
0
0
0
0
0
0
0
0
0
0
0
0
0
0
0
0
0
0
0
0
0
0
0
0
0
0
0
0
0
0
0
0
0
0
0
0
0
0
0
0
0
0
0
0
0
0
0
0
0
0
0
0
0
0
0
0
0
0
0
0
0
0
0
0
0
0
0
0
0
0
0
0
0
0
0
0
0
0
0
0
0
0
0
0
0
0
0
0
0
0
0
0
0
0
0
0
0
0
0
0
0
0
0
0
0
0
0
0
0
0
0
0
0
0
0
0
0
0
0
0
0
0
0
0
0
0
0
0
0
0
0
0
0
0
0
0
0
0
0
0
0
0
0
0
0
0
0
0
0
0
0
0
0
0
0
0
0
0
0
0
0
0
0
0
0
0
0
0
0
0
0
0
0
0
0
0
0
0
0
0
0
0
0
0
0
0
0
0
0
0
0
0
0
0
0
0
0
0
0
0
0
0
0
0
0
0
0
0
0
0
0
0
0
0
0
0
0
0
0
0
0
0
0
0
0
0
0
0
0
0
0
0
0
0
0
0
0
0
0
0
0
0
0
0
0
0
0
0
0
0
0
0
0
0
0
0
0
0
0
0
0
0
0
0
0
0
0
0
0
0
0
0
0
0
0
0
0
0
0
0
0
0
0
0
0
0
0
0
0
0
0
0
0
0
0
0
0
0
0
0
0
0
0
0
0
0
0
0
0
0
0
0
0
0
0
0
0
0
0
0
0
0
0
0
0
0
0
0
0
0
0
0
0
0
0
0
0
0
0
0
0
1.77864e-322
5.7818e-319
1.70481e-315
4.9919e-312
1.45143e-308
4.1901e-305
1.20092e-301
3.41679e-298
9.64935e-295
2.70464e-291
7.52332e-288
2.07659e-284
5.68705e-281
1.54515e-277
4.16444e-274
1.11324e-270
2.95136e-267
7.75894e-264
2.02244e-260
5.22621e-257
1.33869e-253
3.39859e-250
8.55035e-247
2.13144e-243
5.2639e-240
1.28772e-236
3.11995e-233
7.48553e-230
1.77818e-226
4.18152e-223
9.73257e-220
2.24171e-216
5.10874e-213
1.15173e-209
2.56808e-206
5.66242e-203
1.23437e-199
2.6598e-196
5.66397e-193
1.19169e-189
2.47676e-186
5.08365e-183
1.03023e-179
2.06089e-176
4.06839e-173
7.92359e-170
1.52206e-166
2.88291e-163
5.38255e-160
9.90308e-157
1.79489e-153
3.20367e-150
5.62925e-147
9.73397e-144
1.65578e-140
2.76964e-137
4.55379e-134
7.35648e-131
1.16714e-127
1.81773e-124
2.77767e-121
4.16255e-118
6.11415e-115
8.79768e-112
1.23938e-108
1.70834e-105
2.30252e-102
3.03245e-99
3.89972e-96
4.8932e-93
5.98581e-90
7.13269e-87
8.27164e-84
9.32649e-81
1.02138e-77
1.08523e-74
1.11741e-71
1.11354e-68
1.07255e-65
9.97035e-63
8.93083e-60
7.69511e-57
6.36597e-54
5.04601e-51
3.82373e-48
2.76312e-45
1.89885e-42
1.23715e-39
7.61543e-37
4.41182e-34
2.39478e-31
1.21177e-28
5.68224e-26
2.45212e-23
9.65813e-21
3.43734e-18
1.09182e-15
3.04688e-13
7.31834e-11
1.47107e-08
2.37614e-06
0.000289261
0.0236202
0.97638
0.999711
0.999998
1
1
1
1
1
1
1
1
1
1
1
1
1
1
1
1
1
1
1
1
1
1
1
1
1
1
1
1
1
1
1
1
1
1
1
1
1
1
1
1
1
1
1
1
1
1
1
1
1
1
1
1
1
1
1
1
1
1
1
1
1
1
1
1
1
1
1
1
1
1
1
1
1
1
1
1
1
1
1
1
1
1
1
1
1
1
1
1
1
1
1
1
1
1
0.999998
0.999711
0.97638
0.0236202
0.000289261
2.37614e-06
1.47107e-08
7.31834e-11
3.04688e-13
1.09182e-15
3.43734e-18
9.65813e-21
2.45212e-23
5.68224e-26
1.21177e-28
2.39478e-31
4.41182e-34
7.61543e-37
1.23715e-39
1.89885e-42
2.76312e-45
3.82373e-48
5.04601e-51
6.36597e-54
7.69511e-57
8.93083e-60
9.97035e-63
1.07255e-65
1.11354e-68
1.11741e-71
1.08523e-74
1.02138e-77
9.32649e-81
8.27164e-84
7.13269e-87
5.98581e-90
4.8932e-93
3.89972e-96
3.03245e-99
2.30252e-102
1.70834e-105
1.23938e-108
8.79768e-112
6.11415e-115
4.16255e-118
2.77767e-121
1.81773e-124
1.16714e-127
7.35648e-131
4.55379e-134
2.76964e-137
1.65578e-140
9.73397e-144
5.62925e-147
3.20367e-150
1.79489e-153
9.90308e-157
5.38255e-160
2.88291e-163
1.52206e-166
7.92359e-170
4.06839e-173
2.06089e-176
1.03023e-179
5.08365e-183
2.47676e-186
1.19169e-189
5.66397e-193
2.6598e-196
1.23437e-199
5.66242e-203
2.56808e-206
1.15173e-209
5.10874e-213
2.24171e-216
9.73257e-220
4.18152e-223
1.77818e-226
7.48553e-230
3.11995e-233
1.28772e-236
5.2639e-240
2.13144e-243
8.55035e-247
3.39859e-250
1.33869e-253
5.22621e-257
2.02244e-260
7.75894e-264
2.95136e-267
1.11324e-270
4.16444e-274
1.54515e-277
5.68705e-281
2.07659e-284
7.52332e-288
2.70464e-291
9.64935e-295
3.41679e-298
1.20092e-301
4.1901e-305
1.45143e-308
4.9919e-312
1.70481e-315
5.7818e-319
1.77864e-322
0
0
0
0
0
0
0
0
0
0
0
0
0
0
0
0
0
0
0
0
0
0
0
0
0
0
0
0
0
0
0
0
0
0
0
0
0
0
0
0
0
0
0
0
0
0
0
0
0
0
0
0
0
0
0
0
0
0
0
0
0
0
0
0
0
0
0
0
0
0
0
0
0
0
0
0
0
0
0
0
0
0
0
0
0
0
0
0
0
0
0
0
0
0
0
0
0
0
0
0
0
0
0
0
0
0
0
0
0
0
0
0
0
0
0
0
0
0
0
0
0
0
0
0
0
0
0
0
0
0
0
0
0
0
0
0
0
0
0
0
0
0
0
0
0
0
0
0
0
0
0
0
0
0
0
0
0
0
0
0
0
0
0
0
0
0
0
0
0
0
0
0
0
0
0
0
0
0
0
0
0
0
0
0
0
0
0
0
0
0
0
0
0
0
0
0
0
0
0
0
0
0
0
0
0
0
0
0
0
0
0
0
0
0
0
0
0
0
0
0
0
0
0
0
0
0
0
0
0
0
0
0
0
0
0
0
0
0
0
0
0
0
0
0
0
0
0
0
0
0
0
0
0
0
0
0
0
0
0
0
0
0
0
0
0
0
0
0
0
0
0
0
0
0
0
0
0
0
0
0
0
0
0
0
0
0
0
0
0
0
0
0
0
0
0
0
0
0
0
0
0
0
0
0
0
0
0
0
0
0
0
0
0
0
0
0
0
0
0
0
0
0
0
0
0
0
0
0
0
0
0
0
0
0
0
0
0
0
0
0
0
0
0
0
0
0
0
)
;

boundaryField
{
    sides
    {
        type            zeroGradient;
    }
    empty
    {
        type            empty;
    }
}


// ************************************************************************* //
