/*--------------------------------*- C++ -*----------------------------------*\
  =========                 |
  \\      /  F ield         | OpenFOAM: The Open Source CFD Toolbox
   \\    /   O peration     | Website:  https://openfoam.org
    \\  /    A nd           | Version:  7
     \\/     M anipulation  |
\*---------------------------------------------------------------------------*/
FoamFile
{
    version     2.0;
    format      ascii;
    class       volScalarField;
    location    "2.04";
    object      T;
}
// * * * * * * * * * * * * * * * * * * * * * * * * * * * * * * * * * * * * * //

dimensions      [0 0 0 1 0 0 0];

internalField   nonuniform List<scalar> 
1000
(
0
0
0
0
0
0
0
0
0
0
0
0
0
0
0
0
0
0
0
0
0
0
0
0
0
0
0
0
0
0
0
0
0
0
0
0
0
0
0
0
0
0
0
0
0
0
0
0
0
0
0
0
0
0
0
0
0
0
0
0
0
0
0
0
0
0
0
0
0
0
0
0
0
0
0
0
0
0
0
0
0
0
0
0
0
0
0
0
0
0
0
0
0
0
0
0
0
0
0
0
0
0
0
0
0
0
0
0
0
0
0
0
0
0
0
0
0
0
0
0
0
0
0
0
0
0
0
0
0
0
0
0
0
0
0
0
0
0
0
0
0
0
0
0
0
0
0
0
0
0
0
0
0
0
0
0
0
0
0
0
0
0
0
0
0
0
0
0
0
0
0
0
0
0
0
0
0
0
0
0
0
0
0
0
0
0
0
0
0
0
0
0
0
0
0
0
0
0
0
0
0
0
0
0
0
0
0
0
0
0
0
0
0
0
0
0
0
0
0
0
0
0
0
0
0
0
0
0
0
0
0
0
0
0
0
0
0
0
0
0
0
0
0
0
0
0
7.03114e-221
-1.2424e-217
1.09172e-214
-6.36056e-212
2.7641e-209
-9.55657e-207
2.73812e-204
-6.6869e-202
1.42088e-199
-2.66857e-197
4.48502e-195
-6.8134e-193
9.43336e-191
-1.19862e-188
1.40595e-186
-1.53016e-184
1.55203e-182
-1.47279e-180
1.31204e-178
-1.10064e-176
8.71811e-175
-6.53651e-173
4.64925e-171
-3.1435e-169
2.02414e-167
-1.24337e-165
7.29734e-164
-4.09789e-162
2.20476e-160
-1.13789e-158
5.63997e-157
-2.6875e-155
1.23239e-153
-5.44346e-152
2.31797e-150
-9.52357e-149
3.77817e-147
-1.44832e-145
5.36836e-144
-1.92526e-142
6.68451e-141
-2.24816e-139
7.32813e-138
-2.31627e-136
7.10271e-135
-2.11394e-133
6.10917e-132
-1.71502e-130
4.67867e-129
-1.24079e-127
3.19999e-126
-8.02816e-125
1.95991e-123
-4.65732e-122
1.07755e-120
-2.42805e-119
5.3297e-118
-1.13993e-116
2.37617e-115
-4.82834e-114
9.56584e-113
-1.84814e-111
3.48266e-110
-6.40212e-109
1.14826e-107
-2.00966e-106
3.43266e-105
-5.72293e-104
9.314e-103
-1.47989e-101
2.29584e-100
-3.47785e-99
5.1448e-98
-7.43271e-97
1.04875e-95
-1.44533e-94
1.94558e-93
-2.55818e-92
3.28569e-91
-4.12232e-90
5.05217e-89
-6.0483e-88
7.07299e-87
-8.07936e-86
9.01448e-85
-9.8237e-84
1.04558e-82
-1.08682e-81
1.10317e-80
-1.09339e-79
1.05806e-78
-9.99541e-78
9.21694e-77
-8.29484e-76
7.28443e-75
-6.24126e-74
5.21621e-73
-4.25159e-72
3.37877e-71
-2.61738e-70
1.97585e-69
-1.45307e-68
1.04068e-67
-7.25582e-67
4.92286e-66
-3.24874e-65
2.08433e-64
-1.29937e-63
7.86598e-63
-4.62098e-62
2.63238e-61
-1.45288e-60
7.7617e-60
-4.00922e-59
1.99982e-58
-9.61871e-58
4.45342e-57
-1.98077e-56
8.44236e-56
-3.43758e-55
1.33202e-54
-4.88671e-54
1.6855e-53
-5.4104e-53
1.59063e-52
-4.16329e-52
9.12857e-52
-1.38493e-51
-2.44034e-52
1.21734e-50
-5.75137e-50
1.80497e-49
-4.0316e-49
4.75863e-49
8.93758e-49
-7.43804e-48
2.52502e-47
-5.15576e-47
2.92579e-47
2.49763e-46
-1.18042e-45
2.75962e-45
-2.13567e-45
-1.10656e-44
5.36804e-44
-1.11889e-43
2.275e-44
6.57979e-43
-2.26143e-42
2.85782e-42
5.65311e-42
-3.47921e-41
6.54997e-41
3.00788e-41
-4.8268e-40
1.10558e-39
2.45285e-41
-6.62172e-39
1.60691e-38
3.35911e-40
-9.3397e-38
2.07058e-37
7.9051e-38
-1.32585e-36
2.25831e-36
2.84269e-36
-1.77036e-35
1.72051e-35
6.40741e-35
-2.00703e-34
-5.19792e-36
1.05118e-33
-1.57713e-33
-3.05123e-33
1.22619e-32
-1.23273e-33
-5.92728e-32
7.90268e-32
1.96137e-31
-6.00931e-31
-3.00918e-31
3.15403e-30
-1.58746e-30
-1.32744e-29
1.8543e-29
4.6103e-29
-1.1824e-28
-1.26134e-28
6.07555e-28
2.01977e-28
-2.7708e-27
4.6746e-28
1.17313e-26
-6.54164e-27
-4.74524e-26
4.12902e-26
1.87439e-25
-2.07385e-25
-7.35818e-25
9.18759e-25
2.9066e-24
-3.7079e-24
-1.16161e-23
1.36855e-23
4.68391e-23
-4.5248e-23
-1.88631e-22
1.2513e-22
7.46896e-22
-2.19731e-22
-2.85064e-21
-3.73673e-22
1.02287e-20
6.42322e-21
-3.32835e-20
-4.20384e-20
9.17843e-20
2.07457e-19
-1.75664e-19
-8.44799e-19
-4.79903e-20
2.83399e-18
2.55548e-18
-7.23868e-18
-1.51447e-17
9.41796e-18
5.8939e-17
2.99413e-17
-1.58383e-16
-2.69942e-16
1.97725e-16
1.08361e-15
6.84004e-16
-2.52736e-15
-5.32946e-15
8.01018e-16
1.73244e-14
2.13572e-14
-2.20868e-14
-9.55953e-14
-7.51152e-14
1.68908e-13
4.79531e-13
2.60378e-13
-9.70262e-13
-2.33137e-12
-1.10582e-12
4.7442e-12
1.13037e-11
6.54268e-12
-1.98242e-11
-5.41471e-11
-4.53765e-11
6.31913e-11
2.44113e-10
3.01436e-10
-6.53425e-11
-9.38377e-10
-1.72502e-09
-1.05187e-09
2.36366e-09
7.75059e-09
1.03974e-08
2.36711e-09
-2.17278e-08
-5.44013e-08
-6.66806e-08
-1.29089e-08
1.39914e-07
3.5917e-07
4.94622e-07
2.77752e-07
-5.68561e-07
-2.08143e-06
-3.72262e-06
-4.12564e-06
-1.20029e-06
7.10814e-06
2.12428e-05
3.7811e-05
4.7374e-05
3.34543e-05
-2.56351e-05
-0.000150479
-0.000348556
-0.000596316
-0.000816536
-0.000853709
-0.000451544
0.000762578
0.00328153
0.00770721
0.0147226
0.0250481
0.0393858
0.0583573
0.0824421
0.111925
0.146855
0.187029
0.231993
0.281061
0.333362
0.38789
0.443566
0.499307
0.554077
0.606941
0.657106
0.703941
0.746989
0.785968
0.820758
0.85138
0.877976
0.900778
0.920084
0.936235
0.949588
0.960505
0.969331
0.976392
0.981982
0.986363
0.989764
0.992378
0.99437
0.995873
0.996998
0.997832
0.998446
0.998894
0.999219
0.999452
0.999618
0.999735
0.999818
0.999876
0.999915
0.999943
0.999962
0.999974
0.999983
0.999989
0.999993
0.999995
0.999997
0.999998
0.999999
0.999999
0.999999
1
1
1
1
1
1
1
1
1
1
1
1
1
1
1
1
1
1
1
1
1
1
1
1
1
1
0.999993
0.999979
0.999962
0.999953
0.999967
1.00003
1.00015
1.00035
1.0006
1.00082
1.00085
1.00045
0.999237
0.996718
0.992293
0.985277
0.974952
0.960614
0.941643
0.917558
0.888075
0.853145
0.812971
0.768007
0.718939
0.666638
0.61211
0.556434
0.500693
0.445923
0.393059
0.342894
0.296059
0.253011
0.214032
0.179242
0.14862
0.122024
0.0992225
0.0799159
0.0637652
0.0504117
0.0394954
0.0306691
0.0236083
0.0180182
0.0136367
0.0102361
0.00762161
0.00563017
0.00412691
0.00300209
0.00216761
0.00155368
0.00110567
0.000781338
0.000548349
0.000382244
0.000264694
0.000182107
0.000124491
8.45736e-05
5.71041e-05
3.83253e-05
2.55705e-05
1.69619e-05
1.11877e-05
7.33809e-06
4.78679e-06
3.10576e-06
2.00446e-06
1.28698e-06
8.22118e-07
5.22542e-07
3.305e-07
2.08028e-07
1.3032e-07
8.12587e-08
5.04356e-08
3.11634e-08
1.91701e-08
1.17412e-08
7.16033e-09
4.34833e-09
2.62972e-09
1.58388e-09
9.50142e-10
5.67724e-10
3.37906e-10
2.0035e-10
1.18344e-10
6.96446e-11
4.08358e-11
2.38578e-11
1.38892e-11
8.05766e-12
4.65848e-12
2.68415e-12
1.5414e-12
8.82258e-13
5.03344e-13
2.8625e-13
1.62276e-13
9.17092e-14
5.16702e-14
2.90237e-14
1.62544e-14
9.07636e-15
5.05349e-15
2.80562e-15
1.55324e-15
8.5751e-16
4.72112e-16
2.59222e-16
1.4195e-16
7.75269e-17
4.22313e-17
2.29455e-17
1.24353e-17
6.72241e-18
3.62506e-18
1.95003e-18
1.04645e-18
5.60217e-19
2.99205e-19
1.59429e-19
8.47554e-20
4.4955e-20
2.37909e-20
1.25626e-20
6.61899e-21
3.47986e-21
1.82557e-21
9.55687e-22
4.99253e-22
2.6027e-22
1.35406e-22
7.03025e-23
3.64277e-23
1.88379e-23
9.72257e-24
5.00826e-24
2.5749e-24
1.32132e-24
6.76768e-25
3.45991e-25
1.7656e-25
8.99351e-26
4.57282e-26
2.32095e-26
1.17593e-26
5.94756e-27
3.00294e-27
1.5136e-27
7.61627e-28
3.826e-28
1.91879e-28
9.60718e-29
4.8024e-29
2.39675e-29
1.19424e-29
5.94126e-30
2.9511e-30
1.46359e-30
7.24745e-31
3.58338e-31
1.76907e-31
8.72071e-32
4.29256e-32
2.10982e-32
1.03549e-32
5.07481e-33
2.48357e-33
1.21373e-33
5.92322e-34
2.88664e-34
1.40486e-34
6.82779e-35
3.31392e-35
1.60629e-35
7.77553e-36
3.75894e-36
1.81483e-36
8.75073e-37
4.21403e-37
2.02675e-37
9.73543e-38
4.67055e-38
2.23792e-38
1.071e-38
5.11921e-39
2.44396e-39
1.16537e-39
5.55034e-40
2.64036e-40
1.25459e-40
5.95435e-41
2.82273e-41
1.33662e-41
6.32205e-42
2.98689e-42
1.40961e-42
6.64502e-43
3.1291e-43
1.47187e-43
6.91595e-44
3.24615e-44
1.52204e-44
7.12892e-45
3.33555e-45
1.55905e-45
7.27957e-46
3.39553e-46
1.58222e-46
7.36531e-47
3.42515e-47
1.59125e-47
7.38529e-48
3.4243e-48
1.58619e-48
7.3404e-49
3.39366e-49
1.56749e-49
7.23321e-50
3.33465e-50
1.53591e-50
7.06773e-51
3.24935e-51
1.49251e-51
6.84927e-52
3.14038e-52
1.43858e-52
6.58413e-53
3.0108e-53
1.37558e-53
6.27933e-54
2.86395e-54
1.30511e-54
5.94236e-55
2.70336e-55
1.22881e-55
5.58088e-56
2.53257e-56
1.14832e-56
5.20247e-57
2.35507e-57
1.06524e-57
4.8144e-58
2.17416e-58
9.81066e-59
4.42347e-59
1.99291e-59
8.97174e-60
4.0358e-60
1.81406e-60
8.1478e-61
3.6568e-61
1.63997e-61
7.34929e-62
3.29104e-62
1.47265e-62
6.58486e-63
2.94224e-63
1.31369e-63
5.86135e-64
2.6133e-64
1.16432e-64
5.1838e-65
2.30632e-65
1.02538e-65
4.55565e-66
2.02262e-66
8.97391e-67
3.9788e-67
1.7629e-67
7.80564e-68
3.45382e-68
1.52721e-68
6.74858e-69
2.98016e-69
1.31517e-69
5.80015e-70
2.55632e-70
1.12593e-70
4.956e-71
2.18008e-71
9.58384e-72
4.21049e-72
1.84864e-72
8.11153e-73
3.557e-73
1.55882e-73
6.82721e-74
2.98831e-74
1.30721e-74
5.71479e-75
2.49687e-75
1.09027e-75
4.75787e-76
2.07509e-76
9.0449e-77
3.9402e-77
1.71546e-77
7.46435e-78
3.24604e-78
1.4108e-78
6.12821e-79
2.66044e-79
1.15433e-79
5.00568e-80
2.16948e-80
9.39735e-81
4.06833e-81
1.76031e-81
7.61247e-82
3.29023e-82
1.42132e-82
6.13654e-83
2.64804e-83
1.14207e-83
4.92303e-84
2.12101e-84
9.13325e-85
3.93081e-85
1.69088e-85
7.26975e-86
3.12395e-86
1.34173e-86
5.75978e-87
2.47131e-87
1.05981e-87
4.54269e-88
1.94617e-88
8.33359e-89
3.56672e-89
1.52578e-89
6.52386e-90
2.78807e-90
1.19095e-90
5.08478e-91
2.16992e-91
9.25565e-92
3.94606e-92
1.68157e-92
7.16244e-93
3.04932e-93
1.29761e-93
5.51927e-94
2.34649e-94
9.97138e-95
4.23539e-95
1.79818e-95
7.6309e-96
3.23684e-96
1.37237e-96
5.81606e-97
2.46372e-97
1.04318e-97
4.41507e-98
1.86777e-98
7.89805e-99
3.33831e-99
1.41041e-99
5.95628e-100
2.51431e-100
1.0609e-100
4.47453e-101
1.8864e-101
7.94948e-102
3.34857e-102
1.40993e-102
5.93411e-103
2.49651e-103
1.04986e-103
4.41284e-104
1.85951e-104
6.89579e-105
)
;

boundaryField
{
    sides
    {
        type            zeroGradient;
    }
    empty
    {
        type            empty;
    }
}


// ************************************************************************* //
