/*--------------------------------*- C++ -*----------------------------------*\
  =========                 |
  \\      /  F ield         | OpenFOAM: The Open Source CFD Toolbox
   \\    /   O peration     | Website:  https://openfoam.org
    \\  /    A nd           | Version:  7
     \\/     M anipulation  |
\*---------------------------------------------------------------------------*/
FoamFile
{
    version     2.0;
    format      ascii;
    class       volScalarField;
    location    "4.27";
    object      T;
}
// * * * * * * * * * * * * * * * * * * * * * * * * * * * * * * * * * * * * * //

dimensions      [0 0 0 1 0 0 0];

internalField   nonuniform List<scalar> 
1000
(
0
0
0
0
0
0
0
0
0
0
0
0
0
0
0
0
0
0
0
0
0
0
0
0
0
0
0
0
0
0
0
0
0
0
0
0
0
0
0
0
0
0
0
0
0
0
0
0
0
0
0
0
0
0
0
0
0
0
0
0
0
0
0
0
0
0
0
0
0
0
0
0
0
0
0
0
0
0
0
0
0
0
0
0
0
0
0
0
0
0
0
0
0
0
0
0
0
0
0
0
0
0
0
0
0
0
0
0
0
0
0
0
0
0
0
0
0
0
0
0
0
0
0
0
0
0
0
0
0
0
0
0
0
0
0
0
0
0
0
0
0
0
0
0
0
0
0
0
0
0
0
0
0
0
0
0
0
0
0
0
0
0
0
0
0
0
0
0
0
0
0
0
0
0
0
0
0
0
0
0
0
0
0
0
0
0
0
0
0
0
0
0
0
0
0
0
0
0
0
0
0
0
0
0
0
0
0
0
0
0
0
0
0
0
0
0
0
0
0
0
0
0
0
0
0
0
0
0
0
0
0
0
0
0
0
0
0
0
0
0
0
0
0
0
0
0
0
0
0
0
0
0
0
0
0
0
0
0
0
0
0
0
0
0
0
0
0
0
0
0
0
0
0
0
0
0
0
0
0
0
0
0
0
0
0
0
0
0
0
0
0
0
0
0
0
0
0
0
0
0
0
0
0
0
0
0
0
0
0
0
0
0
0
0
0
0
0
0
0
0
0
0
0
0
0
0
0
0
0
0
0
0
0
0
0
0
0
0
0
0
0
1.10819e-320
2.26698e-317
4.58584e-314
9.20797e-311
1.83505e-307
3.62936e-304
7.12322e-301
1.38722e-297
2.68041e-294
5.13808e-291
9.77021e-288
1.84276e-284
3.44709e-281
6.39457e-278
1.17625e-274
2.14524e-271
3.87873e-268
6.95174e-265
1.23493e-261
2.17411e-258
3.79283e-255
6.55594e-252
1.12265e-248
1.9043e-245
3.19929e-242
5.3228e-239
8.76878e-236
1.43017e-232
2.30903e-229
3.68974e-226
5.83479e-223
9.12958e-220
1.4132e-216
2.1638e-213
3.27655e-210
4.90604e-207
7.26245e-204
1.06266e-200
1.5367e-197
2.19575e-194
3.09948e-191
4.3214e-188
5.94973e-185
8.08753e-182
1.08514e-178
1.43684e-175
1.87709e-172
2.41884e-169
3.07377e-166
3.85092e-163
4.75523e-160
5.78594e-157
6.93504e-154
8.18596e-151
9.51269e-148
1.08796e-144
1.22422e-141
1.35486e-138
1.47422e-135
1.57656e-132
1.65641e-129
1.70909e-126
1.7311e-123
1.7205e-120
1.67713e-117
1.6027e-114
1.50074e-111
1.37625e-108
1.23537e-105
1.08483e-102
9.314e-100
7.81352e-97
6.40048e-94
5.11604e-91
3.98745e-88
3.02806e-85
2.23866e-82
1.60988e-79
1.12508e-76
7.63371e-74
5.02342e-71
3.20255e-68
1.97564e-65
1.17784e-62
6.77697e-60
3.75764e-57
2.00463e-54
1.02716e-51
5.04553e-49
2.37108e-46
1.06359e-43
4.54262e-41
1.84221e-38
7.07187e-36
2.56088e-33
8.71385e-31
2.77373e-28
8.21743e-26
2.25244e-23
5.67281e-21
1.30189e-18
2.69544e-16
4.97263e-14
8.0469e-12
1.11904e-09
1.30038e-07
1.21259e-05
0.000851296
0.0400846
0.959915
0.999149
0.999988
1
1
1
1
1
1
1
1
1
1
1
1
1
1
1
1
1
1
1
1
1
1
1
1
1
1
1
1
1
1
1
1
1
1
1
1
1
1
1
1
1
1
1
1
1
1
1
1
1
1
1
1
1
1
1
1
1
1
1
1
1
1
1
1
1
1
1
1
1
1
1
1
1
1
1
1
1
1
1
1
1
1
1
1
1
1
1
1
1
1
1
1
1
1
0.999988
0.999149
0.959915
0.0400846
0.000851296
1.21259e-05
1.30038e-07
1.11904e-09
8.0469e-12
4.97263e-14
2.69544e-16
1.30189e-18
5.67281e-21
2.25244e-23
8.21743e-26
2.77373e-28
8.71385e-31
2.56088e-33
7.07187e-36
1.84221e-38
4.54262e-41
1.06359e-43
2.37108e-46
5.04553e-49
1.02716e-51
2.00463e-54
3.75764e-57
6.77697e-60
1.17784e-62
1.97564e-65
3.20255e-68
5.02342e-71
7.63371e-74
1.12508e-76
1.60988e-79
2.23866e-82
3.02806e-85
3.98745e-88
5.11604e-91
6.40048e-94
7.81352e-97
9.314e-100
1.08483e-102
1.23537e-105
1.37625e-108
1.50074e-111
1.6027e-114
1.67713e-117
1.7205e-120
1.7311e-123
1.70909e-126
1.65641e-129
1.57656e-132
1.47422e-135
1.35486e-138
1.22422e-141
1.08796e-144
9.51269e-148
8.18596e-151
6.93504e-154
5.78594e-157
4.75523e-160
3.85092e-163
3.07377e-166
2.41884e-169
1.87709e-172
1.43684e-175
1.08514e-178
8.08753e-182
5.94973e-185
4.3214e-188
3.09948e-191
2.19575e-194
1.5367e-197
1.06266e-200
7.26245e-204
4.90604e-207
3.27655e-210
2.1638e-213
1.4132e-216
9.12958e-220
5.83479e-223
3.68974e-226
2.30903e-229
1.43017e-232
8.76878e-236
5.3228e-239
3.19929e-242
1.9043e-245
1.12265e-248
6.55594e-252
3.79283e-255
2.17411e-258
1.23493e-261
6.95174e-265
3.87873e-268
2.14524e-271
1.17625e-274
6.39457e-278
3.44709e-281
1.84276e-284
9.77021e-288
5.13808e-291
2.68041e-294
1.38722e-297
7.12322e-301
3.62936e-304
1.83505e-307
9.20797e-311
4.58584e-314
2.26698e-317
1.10819e-320
0
0
0
0
0
0
0
0
0
0
0
0
0
0
0
0
0
0
0
0
0
0
0
0
0
0
0
0
0
0
0
0
0
0
0
0
0
0
0
0
0
0
0
0
0
0
0
0
0
0
0
0
0
0
0
0
0
0
0
0
0
0
0
0
0
0
0
0
0
0
0
0
0
0
0
0
0
0
0
0
0
0
0
0
0
0
0
0
0
0
0
0
0
0
0
0
0
0
0
0
0
0
0
0
0
0
0
0
0
0
0
0
0
0
0
0
0
0
0
0
0
0
0
0
0
0
0
0
0
0
0
0
0
0
0
0
0
0
0
0
0
0
0
0
0
0
0
0
0
0
0
0
0
0
0
0
0
0
0
0
0
0
0
0
0
0
0
0
0
0
0
0
0
0
0
0
0
0
0
0
0
0
0
0
0
0
0
0
0
0
0
0
0
0
0
0
0
0
0
0
0
0
0
0
0
0
0
0
0
0
0
0
0
0
0
0
0
0
0
0
0
0
0
0
0
0
0
0
0
0
0
0
0
0
0
0
0
0
0
0
0
0
0
0
0
0
0
0
0
0
0
0
0
0
0
0
0
0
0
0
0
0
0
0
0
0
0
0
0
0
0
0
0
0
0
0
0
0
0
0
0
0
0
0
0
0
0
0
0
0
0
0
0
0
0
0
0
0
0
0
0
0
0
0
0
0
0
0
0
0
0
0
0
0
0
0
0
0
0
0
0
0
0
0
0
0
0
0
0
0
0
0
0
0
0
0
0
0
0
0
0
)
;

boundaryField
{
    sides
    {
        type            zeroGradient;
    }
    empty
    {
        type            empty;
    }
}


// ************************************************************************* //
