/*--------------------------------*- C++ -*----------------------------------*\
  =========                 |
  \\      /  F ield         | OpenFOAM: The Open Source CFD Toolbox
   \\    /   O peration     | Website:  https://openfoam.org
    \\  /    A nd           | Version:  7
     \\/     M anipulation  |
\*---------------------------------------------------------------------------*/
FoamFile
{
    version     2.0;
    format      ascii;
    class       volScalarField;
    location    "3.2";
    object      T;
}
// * * * * * * * * * * * * * * * * * * * * * * * * * * * * * * * * * * * * * //

dimensions      [0 0 0 1 0 0 0];

internalField   nonuniform List<scalar> 
1000
(
0
0
0
0
0
0
0
0
0
0
0
0
0
0
0
0
0
0
0
0
0
0
0
0
0
0
0
0
0
0
0
0
0
0
0
0
0
0
0
0
0
0
0
0
0
0
0
0
0
0
0
0
0
0
0
0
0
0
0
0
0
0
0
0
0
0
0
0
0
0
0
0
0
0
0
0
0
0
0
0
0
0
0
0
0
0
0
0
0
0
0
0
0
0
0
0
0
0
0
0
0
0
0
0
0
0
0
0
0
0
0
0
0
0
0
0
0
0
0
0
0
0
0
0
0
0
0
0
0
0
9.80844e-250
-7.31383e-247
2.71028e-244
-6.65456e-242
1.21783e-239
-1.77181e-237
2.13458e-235
-2.19015e-233
1.95357e-231
-1.53881e-229
1.08369e-227
-6.89166e-226
3.99033e-224
-2.11814e-222
1.03681e-220
-4.70362e-219
1.98631e-217
-7.83801e-216
2.89984e-214
-1.00891e-212
3.30979e-211
-1.02628e-209
3.01429e-208
-8.40252e-207
2.22696e-205
-5.62082e-204
1.35304e-202
-3.11053e-201
6.83772e-200
-1.43892e-198
2.90176e-197
-5.61318e-196
1.04247e-194
-1.86027e-193
3.1921e-192
-5.27061e-191
8.37925e-190
-1.28339e-188
1.89475e-187
-2.69768e-186
3.70562e-185
-4.91283e-184
6.28853e-183
-7.77399e-182
9.28378e-181
-1.07123e-179
1.19452e-178
-1.28737e-177
1.34107e-176
-1.35035e-175
1.31426e-174
-1.23628e-173
1.12382e-172
-9.87033e-172
8.37343e-171
-6.85894e-170
5.42246e-169
-4.13505e-168
3.03956e-167
-2.15191e-166
1.46579e-165
-9.59412e-165
6.02485e-164
-3.62279e-163
2.08071e-162
-1.13773e-161
5.89711e-161
-2.87987e-160
1.31332e-159
-5.51455e-159
2.07953e-158
-6.68236e-158
1.56721e-157
-5.15052e-158
-2.23879e-156
1.7186e-155
-8.68131e-155
3.36108e-154
-9.55225e-154
1.26592e-153
6.18052e-153
-5.96341e-152
2.9224e-151
-9.75265e-151
1.83943e-150
2.67467e-150
-4.20222e-149
2.11459e-148
-6.53737e-148
8.76773e-148
3.80689e-147
-3.26584e-146
1.28302e-145
-2.67333e-145
-2.2113e-145
4.50469e-144
-2.02667e-143
4.6684e-143
1.43769e-143
-6.2853e-142
2.84367e-141
-6.07905e-141
-4.58987e-141
9.04004e-140
-3.555e-139
5.68548e-139
1.43805e-138
-1.239e-137
3.69891e-137
-2.21761e-137
-2.9921e-136
1.44307e-135
-2.6659e-135
-4.26907e-135
4.34728e-134
-1.23072e-133
3.20732e-134
1.08675e-132
-4.27391e-132
4.92936e-132
2.31371e-131
-1.27047e-130
2.21368e-130
4.20746e-130
-3.42347e-129
7.45903e-129
6.44268e-129
-8.66328e-128
2.16154e-127
8.20499e-128
-2.11026e-126
5.65735e-126
1.01671e-126
-5.02728e-125
1.36518e-124
2.4614e-125
-1.17871e-123
3.05442e-123
1.10046e-123
-2.71036e-122
6.29619e-122
4.65999e-122
-6.04092e-121
1.17155e-120
1.64851e-120
-1.2825e-119
1.87786e-119
4.96605e-119
-2.53689e-118
2.27833e-118
1.30007e-117
-4.54131e-117
8.87821e-118
2.98096e-116
-7.02148e-116
-5.6224e-116
5.95813e-115
-8.44255e-115
-2.28451e-114
1.01667e-113
-4.90691e-114
-5.69794e-113
1.4038e-112
1.03082e-112
-1.08611e-111
1.32413e-111
4.44542e-111
-1.60898e-110
4.89725e-112
9.77741e-110
-1.67618e-109
-3.11974e-109
1.51227e-108
-5.7609e-109
-8.00009e-108
1.58126e-107
2.22071e-107
-1.24477e-106
5.75987e-107
6.21681e-106
-1.21559e-105
-1.75624e-105
9.17193e-105
-2.8554e-105
-4.62289e-104
7.64431e-104
1.49436e-103
-5.98428e-103
-4.19161e-104
3.19821e-102
-3.65011e-102
-1.22323e-101
3.3055e-101
2.45503e-101
-1.95195e-100
9.23067e-101
8.74932e-100
-1.39018e-99
-2.85443e-99
9.72592e-99
4.06342e-99
-5.08883e-98
2.98425e-98
2.13463e-97
-3.39531e-97
-6.90272e-97
2.19673e-96
1.26472e-96
-1.11625e-95
3.61502e-96
4.75273e-95
-5.44898e-95
-1.69157e-94
3.71728e-94
4.64506e-94
-1.96665e-93
-6.01785e-94
8.90196e-93
-3.53102e-93
-3.54972e-92
3.81156e-92
1.24654e-91
-2.36332e-91
-3.72937e-91
1.1919e-90
8.38856e-91
-5.30534e-90
-4.97417e-91
2.15066e-89
-9.06091e-90
-8.04705e-89
7.44777e-89
2.78916e-88
-4.15231e-88
-8.91033e-88
1.96681e-87
2.57694e-87
-8.44661e-87
-6.43127e-87
3.38443e-86
1.17969e-86
-1.28514e-85
-1.02424e-87
4.67003e-85
-1.36638e-85
-1.63507e-84
9.34557e-85
5.54429e-84
-4.66011e-84
-1.82853e-83
2.02399e-83
5.88813e-83
-8.09695e-83
-1.85821e-82
3.06016e-82
5.76928e-82
-1.10791e-81
-1.76949e-81
3.87521e-81
5.38512e-81
-1.31687e-80
-1.63374e-80
4.36406e-80
4.9637e-80
-1.41402e-79
-1.51642e-79
4.4869e-79
4.67193e-79
-1.39552e-78
-1.45344e-78
4.25491e-78
4.56306e-78
-1.27109e-77
-1.44229e-77
3.71566e-77
4.57292e-77
-1.06055e-76
-1.44803e-76
2.94604e-76
4.55839e-76
-7.926e-76
-1.4203e-75
2.05017e-75
4.36203e-75
-5.03911e-75
-1.31546e-74
1.15286e-74
3.88113e-74
-2.35266e-74
-1.11616e-73
3.80881e-74
3.11625e-73
-2.36521e-74
-8.40664e-73
-1.6677e-73
2.17794e-72
1.07723e-72
-5.37252e-72
-4.48273e-72
1.24521e-71
1.56664e-71
-2.64904e-71
-4.91501e-71
4.92372e-71
1.41827e-70
-6.91916e-71
-3.79558e-70
1.96093e-71
9.41113e-70
3.45219e-70
-2.14051e-69
-1.76865e-69
4.35818e-69
6.21108e-69
-7.48096e-69
-1.82277e-68
8.80294e-69
4.69608e-68
3.02327e-69
-1.07112e-67
-6.24934e-68
2.12192e-67
2.56087e-67
-3.4081e-67
-7.65644e-67
3.32351e-67
1.89619e-66
3.64575e-67
-3.96593e-66
-3.17261e-66
6.72698e-66
1.10288e-65
-7.63717e-66
-2.85267e-65
-1.99061e-66
5.93548e-65
4.33368e-65
-9.59706e-65
-1.55656e-64
9.33129e-65
3.87373e-64
7.95179e-65
-7.385e-64
-6.93502e-64
9.96101e-64
2.13575e-63
-4.14157e-64
-4.58922e-63
-2.66973e-63
7.04738e-63
1.0757e-62
-5.38244e-63
-2.53188e-62
-9.87296e-63
4.10408e-62
5.27204e-62
-3.50956e-62
-1.30156e-61
-4.32989e-62
2.09583e-61
2.62428e-61
-1.65019e-61
-6.35749e-61
-2.57066e-61
9.48228e-61
1.33202e-60
-5.27493e-61
-2.9244e-60
-1.75596e-60
3.66403e-60
6.64227e-60
-2.62017e-61
-1.21724e-59
-1.13514e-59
1.05609e-59
3.05714e-59
1.17819e-59
-4.20113e-59
-6.32223e-59
8.91493e-60
1.19353e-58
1.08373e-58
-9.3223e-59
-2.85251e-58
-1.42841e-58
3.35945e-58
6.06679e-58
8.76307e-59
-9.34267e-58
-1.18014e-57
2.64277e-58
2.28313e-57
2.13465e-57
-1.39445e-57
-5.16272e-57
-3.63626e-57
4.35055e-57
1.11204e-56
5.91854e-57
-1.13171e-56
-2.32725e-56
-9.43143e-57
2.67071e-56
4.80173e-56
1.54036e-56
-5.91704e-56
-9.87147e-56
-2.7673e-56
1.25036e-55
2.03502e-55
5.80864e-56
-2.53446e-55
-4.21461e-55
-1.4127e-55
4.91609e-55
8.74528e-55
3.7246e-55
-9.01963e-55
-1.80568e-54
-9.98253e-55
1.52344e-54
3.6711e-54
2.6189e-54
-2.21913e-54
-7.24466e-54
-6.59971e-54
2.22133e-54
1.36027e-53
1.58031e-53
1.02634e-54
-2.35422e-53
-3.56062e-53
-1.44319e-53
3.52437e-53
7.44804e-53
5.40665e-53
-3.75787e-53
-1.41321e-52
-1.52051e-52
-5.43273e-54
2.31832e-52
3.60429e-52
1.83682e-52
-2.87516e-52
-7.3252e-52
-6.78877e-52
1.0188e-52
1.23092e-51
1.76859e-51
8.40402e-52
-1.46497e-51
-3.65476e-51
-3.51443e-51
1.48015e-52
5.79585e-51
9.12884e-51
5.63697e-51
-5.26913e-51
-1.75438e-50
-2.04602e-50
-5.92618e-51
2.26311e-50
4.70026e-50
4.24861e-50
-3.48614e-51
-7.33449e-50
-1.18197e-49
-8.35272e-50
4.60714e-50
2.11539e-49
2.88776e-49
1.59072e-49
-1.86141e-49
-5.7584e-49
-7.02715e-49
-3.04629e-49
5.90463e-49
1.52292e-48
1.73567e-48
6.26703e-49
-1.67041e-48
-3.97395e-48
-4.40709e-48
-1.50519e-48
4.37782e-48
1.03011e-47
1.15622e-47
4.36561e-48
-1.06898e-47
-2.65202e-47
-3.1242e-47
-1.44828e-47
2.38248e-47
6.73515e-47
8.60547e-47
5.06355e-47
-4.51745e-47
-1.66356e-46
-2.37979e-46
-1.76482e-46
5.45169e-47
3.89716e-46
6.48546e-46
5.95775e-46
7.66095e-47
-8.25132e-46
-1.70258e-45
-1.91667e-45
-9.02064e-46
1.39548e-45
4.17158e-45
5.79395e-45
4.4137e-45
-9.09885e-46
-9.01767e-45
-1.61434e-44
-1.68329e-44
-6.53531e-45
1.48265e-44
4.00413e-44
5.48224e-44
4.273e-44
-5.50837e-45
-8.15545e-44
-1.53821e-43
-1.73098e-43
-9.27606e-44
1.00159e-43
3.55655e-43
5.52338e-43
5.27861e-43
1.53475e-43
-5.6544e-43
-1.4075e-42
-1.93281e-42
-1.61033e-42
-7.99029e-44
2.52231e-42
5.32704e-42
6.7774e-42
5.10638e-42
-7.59776e-43
-1.01261e-41
-1.97888e-41
-2.4265e-41
-1.74703e-41
4.18456e-42
3.81216e-41
7.30324e-41
8.95526e-41
6.58602e-41
-1.17426e-41
-1.35872e-40
-2.68265e-40
-3.40468e-40
-2.71374e-40
-3.04784e-42
4.52496e-40
9.73308e-40
1.31981e-39
1.18434e-39
3.09235e-40
-1.34355e-39
-3.42519e-39
-5.1231e-39
-5.27239e-39
-2.72252e-39
3.05968e-39
1.12993e-38
1.94241e-38
2.31529e-38
1.75005e-38
-1.19366e-39
-3.25311e-38
-6.9484e-38
-9.73491e-38
-9.57461e-38
-4.47272e-38
6.51874e-38
2.21207e-37
3.79121e-37
4.62895e-37
3.7908e-37
4.92782e-38
-5.42292e-37
-1.2979e-36
-1.9733e-36
-2.18977e-36
-1.51633e-36
3.67499e-37
3.44712e-36
7.14496e-36
1.01888e-35
1.07005e-35
6.61686e-36
-3.51518e-36
-1.94599e-35
-3.82048e-35
-5.33289e-35
-5.54124e-35
-3.40324e-35
1.84123e-35
1.01402e-34
2.00736e-34
2.84873e-34
3.06006e-34
2.08733e-34
-5.19716e-35
-4.84393e-34
-1.03024e-33
-1.54104e-33
-1.77472e-33
-1.42791e-33
-2.16022e-34
1.99707e-33
5.03634e-33
8.26095e-33
1.04838e-32
1.00491e-32
5.15061e-33
-5.56372e-33
-2.2128e-32
-4.22829e-32
-6.06802e-32
-6.86962e-32
-5.53588e-32
-9.8372e-33
7.43189e-32
1.93506e-31
3.28027e-31
4.37637e-31
4.61435e-31
3.25279e-31
-4.0553e-32
-6.72392e-31
-1.5351e-30
-2.48182e-30
-3.22426e-30
-3.33145e-30
-2.27833e-30
4.369e-31
5.09698e-30
1.15019e-29
1.8678e-29
2.46389e-29
2.63178e-29
1.98185e-29
1.13398e-30
-3.25632e-29
-8.10679e-29
-1.38925e-28
-1.93308e-28
-2.22748e-28
-1.97772e-28
-8.46224e-29
1.46833e-28
5.10446e-28
9.86892e-28
1.50471e-27
1.92375e-27
2.02786e-27
1.53617e-27
1.43013e-28
-2.4042e-27
-6.18481e-27
-1.09473e-26
-1.59339e-26
-1.97271e-26
-2.01794e-26
-1.45108e-26
3.30895e-28
2.69532e-26
6.63898e-26
1.16575e-25
1.70564e-25
2.14822e-25
2.28113e-25
1.81767e-25
4.22859e-26
-2.22684e-25
-6.34113e-25
-1.18672e-24
-1.83001e-24
-2.44743e-24
-2.83768e-24
-2.70515e-24
-1.66871e-24
6.99253e-25
4.79121e-24
1.08291e-23
1.86699e-23
2.7558e-23
3.58482e-23
4.07473e-23
3.81563e-23
2.27304e-23
-1.16931e-23
-7.11226e-23
-1.59723e-22
-2.77276e-22
-4.15772e-22
-5.55293e-22
-6.59652e-22
-6.72663e-22
-5.16432e-22
-9.36159e-23
7.03788e-22
1.97618e-21
3.78561e-21
6.10998e-21
8.78136e-21
1.14101e-20
1.33015e-20
1.33777e-20
1.01271e-20
1.61416e-21
-1.44066e-20
-4.02151e-20
-7.76252e-20
-1.27192e-19
-1.87073e-19
-2.51518e-19
-3.09026e-19
-3.40295e-19
-3.16247e-19
-1.96592e-19
7.03298e-20
5.45409e-19
1.29297e-18
2.36959e-18
3.80573e-18
5.57795e-18
7.57025e-18
9.52346e-18
1.09733e-17
1.11803e-17
9.05945e-18
3.1221e-18
-8.54876e-18
-2.8258e-17
-5.855e-17
-1.01894e-16
-1.6013e-16
-2.33595e-16
-3.19822e-16
-4.11731e-16
-4.95225e-16
-5.46155e-16
-5.26694e-16
-3.81308e-16
-3.26932e-17
6.21622e-16
1.7109e-15
3.38932e-15
5.82823e-15
9.19904e-15
1.36423e-14
1.92168e-14
2.58221e-14
3.30845e-14
4.0197e-14
4.57028e-14
4.72098e-14
4.1029e-14
2.17308e-14
-1.83751e-14
-8.98195e-14
-2.06569e-13
-3.86558e-13
-6.52035e-13
-1.0295e-12
-1.54897e-12
-2.242e-12
-3.13804e-12
-4.25788e-12
-5.6033e-12
-7.14084e-12
-8.77767e-12
-1.03263e-11
-1.14542e-11
-1.16128e-11
-9.93971e-12
-5.12416e-12
4.77398e-12
2.2567e-11
5.2261e-11
9.94785e-11
1.7201e-10
2.80529e-10
4.39507e-10
6.6839e-10
9.93086e-10
1.44785e-09
2.07762e-09
2.94102e-09
4.11396e-09
5.69422e-09
7.80698e-09
1.06117e-08
1.43104e-08
1.91578e-08
2.54737e-08
3.36575e-08
4.42062e-08
5.77352e-08
7.5004e-08
9.69459e-08
1.24703e-07
1.5967e-07
2.0354e-07
2.58365e-07
3.2662e-07
4.11285e-07
5.15932e-07
6.44832e-07
8.03073e-07
9.96702e-07
1.23288e-06
1.52007e-06
1.86823e-06
2.28907e-06
2.79629e-06
3.4059e-06
4.13657e-06
5.00997e-06
6.05123e-06
7.28941e-06
8.758e-06
1.04956e-05
1.25463e-05
1.4961e-05
1.77974e-05
2.11214e-05
2.50082e-05
2.95427e-05
3.48214e-05
4.09529e-05
4.80599e-05
5.62804e-05
6.5769e-05
7.66991e-05
8.92645e-05
0.000103681
0.000120189
0.000139056
0.000160578
0.000185082
0.00021293
0.000244521
0.000280292
0.000320725
0.000366347
0.000417735
0.000475517
0.000540379
0.000613067
0.000694389
0.000785221
0.000886512
0.000999284
0.00112464
0.00126377
0.0014179
0.0015886
0.00177655
0.00198612
0.00220895
0.00248217
0.00268379
0.00324667
)
;

boundaryField
{
    sides
    {
        type            zeroGradient;
    }
    empty
    {
        type            empty;
    }
}


// ************************************************************************* //
