/*--------------------------------*- C++ -*----------------------------------*\
  =========                 |
  \\      /  F ield         | OpenFOAM: The Open Source CFD Toolbox
   \\    /   O peration     | Website:  https://openfoam.org
    \\  /    A nd           | Version:  7
     \\/     M anipulation  |
\*---------------------------------------------------------------------------*/
FoamFile
{
    version     2.0;
    format      ascii;
    class       volScalarField;
    location    "3.54";
    object      T;
}
// * * * * * * * * * * * * * * * * * * * * * * * * * * * * * * * * * * * * * //

dimensions      [0 0 0 1 0 0 0];

internalField   nonuniform List<scalar> 
1000
(
0
0
0
0
0
0
0
0
0
0
0
0
0
0
0
0
0
0
0
0
0
0
0
0
0
0
0
0
0
0
0
0
0
0
0
0
0
0
0
0
0
0
0
0
0
0
0
0
0
0
0
0
0
0
0
0
0
0
0
0
0
0
0
0
0
0
0
0
0
0
0
0
0
0
0
0
0
0
0
0
0
0
0
0
0
0
0
0
0
0
0
0
0
0
0
0
3.4234e-276
-2.8243e-273
1.15863e-270
-3.1512e-268
6.39195e-266
-1.03139e-263
1.37897e-261
-1.57121e-259
1.55739e-257
-1.36412e-255
1.06899e-253
-7.57e-252
4.88428e-250
-2.89124e-248
1.57942e-246
-8.00264e-245
3.77742e-243
-1.66745e-241
6.90686e-240
-2.6927e-238
9.90715e-237
-3.44837e-235
1.13798e-233
-3.56757e-232
1.06442e-230
-3.02742e-229
8.22065e-228
-2.1341e-226
5.3034e-225
-1.26309e-223
2.88619e-222
-6.3338e-221
1.33615e-219
-2.71187e-218
5.29974e-217
-9.98004e-216
1.81218e-214
-3.17495e-213
5.37025e-212
-8.77427e-211
1.3855e-209
-2.11534e-208
3.12404e-207
-4.46466e-206
6.17655e-205
-8.2743e-204
1.07366e-202
-1.34979e-201
1.64447e-200
-1.9419e-199
2.223e-198
-2.46727e-197
2.65521e-196
-2.77084e-195
2.80391e-194
-2.75137e-193
2.61782e-192
-2.41488e-191
2.15948e-190
-1.87161e-189
1.57174e-188
-1.27852e-187
1.00699e-186
-7.67571e-186
5.65902e-185
-4.03265e-184
2.77523e-183
-1.8426e-182
1.17882e-181
-7.25597e-181
4.28907e-180
-2.42897e-179
1.31386e-178
-6.76061e-178
3.29085e-177
-1.50315e-176
6.36216e-176
-2.4419e-175
8.13682e-175
-2.09465e-174
2.09498e-174
1.96538e-173
-1.80668e-172
9.93802e-172
-4.19383e-171
1.36674e-170
-2.85702e-170
-1.81249e-170
5.62017e-169
-3.44357e-168
1.39923e-167
-3.86682e-167
3.9243e-167
3.1529e-166
-2.49069e-165
1.05655e-164
-2.80032e-164
1.81999e-164
2.76432e-163
-1.81376e-162
6.46485e-162
-1.17695e-161
-2.01374e-161
2.58973e-160
-1.1094e-159
2.51014e-159
9.31411e-160
-3.55526e-158
1.65584e-157
-3.84687e-157
-1.09641e-157
5.05078e-156
-2.24666e-155
4.593e-155
4.62943e-155
-7.27071e-154
2.71456e-153
-3.85974e-153
-1.30263e-152
9.73677e-152
-2.69758e-151
8.48662e-152
2.48976e-150
-1.09337e-149
1.78602e-149
4.15127e-149
-3.41536e-148
8.89851e-148
3.29446e-149
-8.87038e-147
3.22494e-146
-3.12532e-146
-1.96546e-145
9.8924e-145
-1.59846e-144
-3.70947e-144
2.73005e-143
-5.74183e-143
-5.76116e-143
7.0266e-142
-1.74578e-141
-6.56141e-142
1.73041e-140
-4.77598e-140
-2.99015e-141
4.15478e-139
-1.20806e-138
6.2878e-140
9.83956e-138
-2.85904e-137
2.45022e-139
2.3057e-136
-6.34263e-136
-1.17639e-136
5.31821e-135
-1.30971e-134
-7.20793e-135
1.19327e-133
-2.4724e-133
-2.85798e-133
2.56283e-132
-4.10858e-132
-9.08269e-132
5.16747e-131
-5.47612e-131
-2.46807e-130
9.54531e-130
-3.90206e-130
-5.86941e-129
1.5573e-128
7.16261e-129
-1.22623e-127
2.08637e-127
4.00178e-127
-2.2244e-126
1.81075e-126
1.11635e-125
-3.38459e-125
-7.47584e-126
2.34005e-124
-3.92643e-124
-7.67404e-124
3.89954e-123
-2.20912e-123
-2.04675e-122
4.96927e-122
4.01428e-122
-3.72905e-121
3.84092e-121
1.61332e-120
-4.94371e-120
-1.62287e-120
3.1798e-119
-4.03405e-119
-1.22942e-118
4.20696e-118
7.49547e-119
-2.51153e-117
3.23568e-117
9.4884e-117
-3.15082e-116
-8.76083e-117
1.85737e-115
-2.03151e-115
-7.39641e-115
2.06725e-114
1.29938e-114
-1.2669e-113
8.97664e-114
5.55599e-113
-1.14258e-112
-1.51933e-112
7.6735e-112
-1.08705e-112
-3.77969e-111
4.77603e-111
1.37218e-110
-3.86635e-110
-2.6867e-110
2.18434e-109
-9.31556e-110
-9.6735e-109
1.41041e-108
3.26437e-108
-9.85219e-108
-6.183e-108
5.20822e-107
-1.83841e-107
-2.25608e-106
2.82313e-106
7.9264e-106
-1.95503e-105
-1.97508e-105
1.04033e-104
5.66988e-106
-4.6698e-104
3.316e-104
1.80252e-103
-2.76851e-103
-5.83063e-103
1.6032e-102
1.39511e-102
-7.76538e-102
-7.91561e-103
3.31721e-101
-1.75656e-101
-1.27037e-100
1.48851e-100
4.3421e-100
-8.5592e-100
-1.28312e-99
4.14947e-99
2.93929e-99
-1.80495e-98
-2.54867e-99
7.22958e-98
-2.44975e-98
-2.69851e-97
2.16248e-97
9.42719e-97
-1.22628e-96
-3.07678e-96
5.85725e-96
9.29195e-96
-2.53294e-95
-2.53472e-95
1.02268e-94
5.86369e-95
-3.91887e-94
-9.06509e-95
1.43967e-93
-8.81947e-95
-5.10557e-93
1.65521e-93
1.75684e-92
-1.00027e-92
-5.8902e-92
4.7361e-92
1.93104e-91
-1.99407e-91
-6.21098e-91
7.80694e-91
1.96623e-90
-2.90334e-90
-6.14653e-90
1.03796e-89
1.90366e-89
-3.5938e-89
-5.8611e-89
1.21094e-88
1.79981e-88
-3.98395e-88
-5.5288e-88
1.28253e-87
1.70311e-87
-4.04541e-87
-5.26908e-87
1.25102e-86
1.63801e-86
-3.7928e-86
-5.1133e-86
1.12653e-85
1.60012e-85
-3.27334e-85
-5.00711e-85
9.28317e-85
1.56206e-84
-2.56052e-84
-4.84254e-84
6.83274e-84
1.48691e-83
-1.74963e-83
-4.50741e-83
4.2415e-83
1.3447e-82
-9.49508e-83
-3.93552e-82
1.8574e-82
1.12625e-81
-2.66277e-82
-3.14011e-81
-1.47242e-83
8.49348e-81
2.19367e-81
-2.2167e-80
-1.18661e-80
5.5409e-80
4.73286e-80
-1.31175e-79
-1.63798e-79
2.88641e-79
5.16748e-79
-5.68908e-79
-1.51542e-78
9.14032e-79
4.16204e-78
-7.66037e-79
-1.07091e-77
-2.22306e-78
2.56632e-77
1.5819e-77
-5.6452e-77
-6.23083e-77
1.10422e-76
1.98771e-76
-1.77051e-76
-5.55784e-76
1.64914e-76
1.39393e-75
2.7781e-76
-3.13395e-75
-2.19833e-75
6.17239e-75
8.23364e-75
-9.91957e-75
-2.40706e-74
9.70384e-75
5.98199e-74
1.11017e-74
-1.28044e-73
-9.74553e-74
2.28539e-73
3.48927e-73
-2.96827e-73
-9.42475e-73
7.50538e-74
2.09192e-72
1.14112e-72
-3.7784e-72
-4.85568e-72
4.90991e-72
1.35094e-71
-1.41794e-72
-2.93341e-71
-1.69154e-71
4.94765e-71
6.93572e-71
-5.34594e-71
-1.80341e-70
-1.98923e-71
3.52703e-70
2.98433e-70
-4.90955e-70
-9.66345e-70
2.52518e-70
2.11696e-69
1.12967e-69
-3.30099e-69
-4.81354e-69
2.64475e-69
1.15009e-68
4.16181e-69
-1.88376e-68
-2.35245e-68
1.65668e-68
5.88132e-68
1.82637e-68
-9.5806e-68
-1.16982e-67
7.838e-68
2.87666e-67
1.08183e-67
-4.37824e-67
-5.93859e-67
2.68513e-67
1.33601e-66
7.40395e-67
-1.74707e-66
-2.9816e-66
3.45247e-67
5.70485e-66
4.85415e-66
-5.51966e-66
-1.40413e-65
-3.97693e-66
2.09482e-65
2.79171e-65
-8.82694e-66
-5.7927e-65
-4.36432e-65
5.61653e-65
1.34e-64
4.23728e-65
-1.87025e-64
-2.70805e-64
3.27738e-65
4.98966e-64
4.83054e-64
-3.24325e-64
-1.17572e-63
-7.47295e-64
1.15657e-63
2.55229e-63
9.28453e-64
-3.22765e-63
-5.23422e-63
-6.22881e-64
7.99463e-63
1.03328e-62
-1.15577e-63
-1.84508e-62
-1.99665e-62
6.56883e-63
4.07055e-62
3.83938e-62
-1.99891e-62
-8.71964e-62
-7.46649e-62
4.96026e-62
1.83166e-61
1.48905e-61
-1.0926e-61
-3.79446e-61
-3.07124e-61
2.18543e-61
7.76707e-61
6.55475e-61
-3.93631e-61
-1.56845e-60
-1.43701e-60
6.06856e-61
3.10818e-60
3.19607e-60
-6.56214e-61
-5.98765e-60
-7.10859e-60
-1.96295e-61
1.10416e-59
1.55854e-59
4.12404e-60
-1.89852e-59
-3.32071e-59
-1.67584e-59
2.88672e-59
6.76955e-59
5.12436e-59
-3.34067e-59
-1.29387e-58
-1.35142e-58
7.31846e-60
2.24352e-58
3.18955e-58
1.17578e-58
-3.29033e-58
-6.77055e-58
-4.95971e-58
3.2184e-58
1.27007e-57
1.42205e-57
1.65277e-58
-1.99176e-57
-3.32669e-57
-1.99711e-57
2.15328e-57
6.5095e-57
6.78499e-57
3.77329e-58
-1.01241e-56
-1.66288e-56
-1.04357e-56
9.63198e-57
3.1933e-56
3.61228e-56
7.79507e-57
-4.45343e-56
-8.47728e-56
-6.78652e-56
2.30961e-56
1.45521e-55
2.03535e-55
1.06305e-55
-1.46227e-55
-4.12596e-55
-4.5833e-55
-1.14278e-55
5.35813e-55
1.08761e-54
9.92722e-55
-4.12055e-56
-1.65097e-54
-2.7628e-54
-2.11726e-54
7.54864e-55
4.68367e-54
6.92211e-54
4.56835e-54
-3.08508e-54
-1.27074e-53
-1.7388e-53
-1.02981e-53
9.64815e-54
3.36048e-53
4.42728e-53
2.50245e-53
-2.63232e-53
-8.74023e-53
-1.14881e-52
-6.66325e-53
6.43521e-53
2.24001e-52
3.03701e-52
1.9272e-52
-1.37506e-52
-5.63205e-52
-8.1333e-52
-5.88993e-52
2.26755e-52
1.37332e-51
2.18423e-51
1.8432e-51
-9.9451e-53
-3.17659e-51
-5.80047e-51
-5.75337e-51
-1.42297e-51
6.66788e-51
1.49547e-50
1.75544e-50
9.06123e-51
-1.13294e-50
-3.64681e-50
-5.14518e-50
-3.93335e-50
8.33019e-51
8.0448e-50
1.42107e-49
1.43936e-49
4.69434e-50
-1.44632e-49
-3.59589e-49
-4.66393e-49
-3.23993e-49
1.30076e-49
7.8958e-49
1.34499e-48
1.36038e-48
4.79734e-49
-1.29155e-48
-3.36424e-48
-4.57942e-48
-3.59471e-48
3.73901e-49
6.70217e-48
1.28645e-47
1.48228e-47
8.6007e-48
-7.1976e-48
-2.88814e-47
-4.67191e-47
-4.70756e-47
-1.82694e-47
4.1058e-47
1.14507e-46
1.66431e-46
1.50995e-46
3.30378e-47
-1.84097e-46
-4.35682e-46
-5.94089e-46
-5.03002e-46
-5.01988e-47
7.3846e-46
1.6241e-45
2.15366e-45
1.78009e-45
1.13441e-46
-2.75424e-45
-5.98469e-45
-7.9753e-45
-6.75509e-45
-8.42824e-46
9.60577e-45
2.18009e-44
3.01107e-44
2.72635e-44
7.22991e-45
-3.06732e-44
-7.78473e-44
-1.14845e-43
-1.14544e-43
-5.14839e-44
8.34857e-44
2.67404e-43
4.35681e-43
4.8791e-43
3.16098e-43
-1.44344e-43
-8.51805e-43
-1.6079e-42
-2.05271e-42
-1.73867e-42
-2.9821e-43
2.31572e-42
5.58709e-42
8.31033e-42
8.71964e-42
4.98198e-42
-3.94265e-42
-1.72437e-41
-3.13825e-41
-3.99376e-41
-3.4732e-41
-8.57384e-42
4.06e-41
1.05177e-40
1.64782e-40
1.87077e-40
1.34721e-40
-2.05433e-41
-2.78301e-40
-5.89617e-40
-8.45779e-40
-8.86661e-40
-5.38319e-40
3.1702e-40
1.6477e-39
3.18168e-39
4.35991e-39
4.38507e-39
2.41022e-39
-2.11862e-39
-9.0087e-39
-1.68754e-38
-2.29039e-38
-2.30638e-38
-1.30001e-38
1.03079e-38
4.62878e-38
8.84488e-38
1.22922e-37
1.2908e-37
8.34385e-38
-3.24769e-38
-2.20752e-37
-4.544e-37
-6.67624e-37
-7.55086e-37
-5.86804e-37
-4.3755e-38
9.25458e-37
2.23458e-36
3.59462e-36
4.48308e-36
4.18383e-36
1.93241e-36
-2.81468e-36
-1.0003e-35
-1.85643e-35
-2.6093e-35
-2.88067e-35
-2.20075e-35
-1.22992e-36
3.58658e-35
8.70287e-35
1.42892e-34
1.85284e-34
1.87602e-34
1.18605e-34
-4.93015e-35
-3.27045e-34
-6.92459e-34
-1.07389e-33
-1.33979e-33
-1.30236e-33
-7.44137e-34
5.2506e-34
2.57903e-33
5.26158e-33
8.0703e-33
1.00764e-32
9.93448e-33
6.04531e-33
-3.07267e-33
-1.81761e-32
-3.84873e-32
-6.08068e-32
-7.87909e-32
-8.27557e-32
-6.04627e-32
6.49155e-34
1.09453e-31
2.65345e-31
4.51257e-31
6.26842e-31
7.24185e-31
6.49286e-31
2.93125e-31
-4.44059e-31
-1.61318e-30
-3.16243e-30
-4.87548e-30
-6.31508e-30
-6.79362e-30
-5.40014e-30
-1.11744e-30
6.93867e-30
1.91397e-29
3.48336e-29
5.17593e-29
6.55048e-29
6.92053e-29
5.37517e-29
8.83135e-30
-7.48745e-29
-2.02108e-28
-3.68062e-28
-5.5241e-28
-7.13296e-28
-7.82997e-28
-6.67744e-28
-2.54927e-28
5.6874e-28
1.88488e-27
3.69514e-27
5.85832e-27
8.01894e-27
9.54082e-27
9.46724e-27
6.53922e-27
-6.8882e-28
-1.35925e-26
-3.30407e-26
-5.87578e-26
-8.8498e-26
-1.17108e-25
-1.35636e-25
-1.30755e-25
-8.48977e-26
2.23918e-26
2.11296e-25
4.96157e-25
8.77073e-25
1.32858e-24
1.78603e-24
2.13127e-24
2.1806e-24
1.67996e-24
3.13733e-25
-2.26391e-24
-6.36572e-24
-1.21663e-23
-1.95483e-23
-2.78981e-23
-3.58619e-23
-4.10865e-23
-3.99962e-23
-2.76851e-23
1.96042e-24
5.57561e-23
1.4015e-22
2.59388e-22
4.12741e-22
5.90672e-22
7.69983e-22
9.08235e-22
9.38078e-22
7.62711e-22
2.54331e-22
-7.41737e-22
-2.39364e-21
-4.85595e-21
-8.22396e-21
-1.24644e-20
-1.73188e-20
-2.21776e-20
-2.59295e-20
-2.67964e-20
-2.21777e-20
-8.54255e-21
1.85686e-20
6.43493e-20
1.34223e-19
2.32886e-19
3.62731e-19
5.21468e-19
6.98774e-19
8.71857e-19
9.99932e-19
1.01781e-18
8.29105e-19
3.00109e-19
-7.44077e-19
-2.51852e-18
-5.26889e-18
-9.24833e-18
-1.46741e-17
-2.1656e-17
-3.00867e-17
-3.94836e-17
-4.87718e-17
-5.60001e-17
-5.79852e-17
-4.98922e-17
-2.47699e-17
2.69118e-17
1.17642e-16
2.63035e-16
4.81585e-16
7.93713e-16
1.21971e-15
1.776e-15
2.46906e-15
3.28603e-15
4.18084e-15
5.05473e-15
5.72942e-15
5.91154e-15
5.14682e-15
2.76296e-15
-2.19911e-15
-1.10642e-14
-2.56081e-14
-4.81418e-14
-8.15802e-14
-1.29473e-13
-1.95964e-13
-2.8562e-13
-4.03065e-13
-5.52291e-13
-7.35509e-13
-9.51308e-13
-1.19185e-12
-1.43866e-12
-1.65658e-12
-1.78504e-12
-1.72584e-12
-1.32627e-12
-3.55888e-13
1.52491e-12
4.80705e-12
1.01889e-11
1.86506e-11
3.15509e-11
5.07536e-11
7.87915e-11
1.19076e-10
1.76166e-10
2.56108e-10
3.66871e-10
5.18885e-10
7.25722e-10
1.00494e-09
1.37916e-09
1.8773e-09
2.53625e-09
3.40278e-09
4.53595e-09
6.01002e-09
7.91792e-09
1.03756e-08
1.35271e-08
1.75508e-08
2.26657e-08
2.91445e-08
3.73099e-08
4.75903e-08
6.04028e-08
7.65639e-08
9.61412e-08
1.21915e-07
1.49375e-07
1.95763e-07
2.16948e-07
3.43687e-07
)
;

boundaryField
{
    sides
    {
        type            zeroGradient;
    }
    empty
    {
        type            empty;
    }
}


// ************************************************************************* //
