/*--------------------------------*- C++ -*----------------------------------*\
  =========                 |
  \\      /  F ield         | OpenFOAM: The Open Source CFD Toolbox
   \\    /   O peration     | Website:  https://openfoam.org
    \\  /    A nd           | Version:  7
     \\/     M anipulation  |
\*---------------------------------------------------------------------------*/
FoamFile
{
    version     2.0;
    format      ascii;
    class       volScalarField;
    location    "4.07";
    object      T;
}
// * * * * * * * * * * * * * * * * * * * * * * * * * * * * * * * * * * * * * //

dimensions      [0 0 0 1 0 0 0];

internalField   nonuniform List<scalar> 
1000
(
0
0
0
0
0
0
0
0
0
0
0
0
0
0
0
0
0
0
0
0
0
0
0
0
0
0
0
0
0
0
0
0
0
0
0
0
0
0
0
0
0
0
0
0
0
0
0
0
0
0
0
0
0
0
0
0
0
0
0
0
0
0
0
0
0
0
0
0
0
0
0
0
0
0
0
-4.44659e-323
2.0899e-321
2.87003e-320
-2.07562e-318
-8.85393e-318
1.91826e-315
-9.75907e-315
-1.60356e-312
2.5236e-311
1.14086e-309
-3.54423e-308
-5.75731e-307
3.85505e-305
-7.95478e-306
-3.37644e-302
4.98744e-301
2.20293e-299
-7.84722e-298
-6.38109e-297
7.94208e-295
-8.46963e-294
-5.3696e-292
1.75413e-290
1.23187e-289
-1.77166e-287
2.62983e-286
9.67697e-285
-4.41944e-283
1.73674e-282
3.40211e-280
-9.71495e-279
-5.12612e-278
9.64744e-276
-2.08631e-274
-2.65385e-273
2.51422e-271
-4.83422e-270
-7.43915e-269
6.31684e-267
-1.2838e-265
-1.37336e-264
1.52299e-262
-3.7821e-261
-3.06459e-261
3.29047e-258
-1.11352e-256
1.17398e-255
5.09643e-254
-2.85934e-252
6.48763e-251
-1.026e-250
-4.99764e-248
2.07613e-246
-4.2861e-245
5.53071e-245
3.30624e-242
-1.46455e-240
3.68083e-239
-4.35447e-238
-1.04313e-236
8.36532e-235
-3.07076e-233
7.83547e-232
-1.30662e-230
9.57661e-231
1.00811e-227
-5.21506e-226
1.89031e-224
-5.76465e-223
1.56964e-221
-3.9243e-220
9.15319e-219
-2.01208e-217
4.19791e-216
-8.35549e-215
1.59282e-213
-2.91718e-212
5.14576e-211
-8.76044e-210
1.44194e-208
-2.29804e-207
3.55067e-206
-5.32464e-205
7.75745e-204
-1.09893e-202
1.51488e-201
-2.03348e-200
2.65962e-199
-3.39123e-198
4.21764e-197
-5.1186e-196
6.06427e-195
-7.01635e-194
7.93038e-193
-8.75908e-192
9.45631e-191
-9.98139e-190
1.0303e-188
-1.0402e-187
1.0274e-186
-9.92855e-186
9.38901e-185
-8.68939e-184
7.87109e-183
-6.97895e-182
6.05729e-181
-5.14657e-180
4.28073e-179
-3.48561e-178
2.77839e-177
-2.16794e-176
1.65583e-175
-1.23784e-174
9.05639e-174
-6.48383e-173
4.54185e-172
-3.11231e-171
2.08592e-170
-1.36701e-169
8.75779e-169
-5.48316e-168
3.35374e-167
-2.00317e-166
1.16788e-165
-6.64269e-165
3.68381e-164
-1.99048e-163
1.04709e-162
-5.3575e-162
2.66332e-161
-1.28469e-160
6.00348e-160
-2.71268e-159
1.18232e-158
-4.95528e-158
1.98891e-157
-7.60186e-157
2.74418e-156
-9.23645e-156
2.8345e-155
-7.57496e-155
1.55191e-154
-1.0219e-154
-1.17319e-153
8.57128e-153
-3.97263e-152
1.45826e-151
-4.3389e-151
9.60151e-151
-8.46329e-151
-5.66923e-150
4.20771e-149
-1.78822e-148
5.56039e-148
-1.19007e-147
6.62722e-148
8.91803e-147
-5.49796e-146
2.00412e-145
-4.89797e-145
5.04412e-145
2.36234e-144
-1.70732e-143
6.22509e-143
-1.40391e-142
7.8516e-143
9.85848e-142
-5.48813e-141
1.65718e-140
-2.54477e-140
-3.86382e-140
4.1566e-139
-1.52274e-138
2.97614e-138
7.97695e-139
-3.05959e-137
1.25125e-136
-2.60362e-136
-1.47103e-137
2.36578e-135
-9.6444e-135
1.87443e-134
7.89313e-135
-1.92804e-133
6.9332e-133
-1.06813e-132
-1.72503e-132
1.55177e-131
-4.41343e-131
3.62586e-131
2.28509e-130
-1.12728e-129
2.20701e-129
1.21287e-129
-2.18921e-128
6.6466e-128
-5.57814e-128
-3.31081e-127
1.54529e-126
-2.56745e-126
-3.4492e-126
3.07711e-125
-7.24143e-125
-2.57935e-126
5.5019e-124
-1.68208e-123
1.07295e-123
9.11656e-123
-3.50389e-122
3.71876e-122
1.44268e-121
-6.81872e-121
9.12528e-121
2.26116e-120
-1.26996e-119
1.90371e-119
3.6653e-119
-2.29669e-118
3.55946e-118
6.37325e-118
-4.06026e-117
6.05499e-117
1.19716e-116
-7.01346e-116
9.29795e-116
2.36378e-115
-1.17518e-114
1.24144e-114
4.70612e-114
-1.88435e-113
1.28032e-113
9.10798e-113
-2.83126e-112
4.75532e-113
1.66747e-111
-3.85494e-111
-2.18727e-111
2.82448e-110
-4.45788e-110
-8.14359e-110
4.32127e-109
-3.62119e-109
-1.879e-108
5.75629e-108
2.18398e-109
-3.42493e-107
6.17455e-107
8.71138e-107
-5.12954e-106
4.03851e-106
2.23203e-105
-6.12436e-105
-2.28191e-105
3.82718e-104
-5.00376e-104
-1.32196e-103
4.87783e-103
-3.73337e-104
-2.61543e-102
4.18634e-102
7.90418e-102
-3.4253e-101
7.38552e-102
1.72263e-100
-2.81871e-100
-5.19195e-100
2.18943e-99
-2.24064e-100
-1.10909e-98
1.55598e-98
3.72234e-98
-1.26414e-97
-3.36496e-98
6.81617e-97
-6.4273e-97
-2.66756e-96
6.2774e-96
6.15879e-96
-3.78572e-95
1.09393e-95
1.73544e-94
-2.35264e-94
-5.98673e-94
1.73815e-93
1.15186e-93
-9.41302e-93
3.47583e-93
4.12495e-92
-5.3965e-92
-1.44855e-91
3.77922e-91
3.48114e-91
-2.03415e-90
6.61111e-92
9.23796e-90
-7.51663e-90
-3.60543e-89
6.06918e-89
1.17428e-88
-3.53866e-88
-2.76575e-88
1.74917e-87
6.8672e-89
-7.69654e-87
4.48005e-87
3.0652e-86
-3.73023e-86
-1.10362e-85
2.20376e-85
3.51403e-85
-1.11532e-84
-9.20862e-85
5.12544e-84
1.44101e-84
-2.1954e-83
3.61687e-84
8.88888e-83
-5.07323e-83
-3.43039e-82
3.33668e-82
1.2683e-81
-1.77473e-81
-4.50618e-81
8.47198e-81
1.54086e-80
-3.77772e-80
-5.07207e-80
1.60566e-79
1.60565e-79
-6.58406e-79
-4.87754e-79
2.62558e-78
1.41704e-78
-1.02407e-77
-3.92177e-78
3.92329e-77
1.0317e-77
-1.48113e-76
-2.59963e-77
5.52324e-76
6.53533e-77
-2.03792e-75
-1.83746e-76
7.44746e-75
6.72792e-76
-2.69658e-74
-3.19244e-75
9.67113e-74
1.68275e-74
-3.43233e-73
-8.82393e-74
1.20352e-72
4.42983e-73
-4.15978e-72
-2.11478e-72
1.41282e-71
9.62438e-72
-4.69591e-71
-4.19253e-71
1.51902e-70
1.75417e-70
-4.74517e-70
-7.06575e-70
1.41483e-69
2.74298e-69
-3.94837e-69
-1.02621e-68
9.92429e-69
3.69515e-68
-2.03536e-68
-1.27707e-67
2.09004e-68
4.21644e-67
9.25787e-68
-1.31977e-66
-8.29766e-67
3.86611e-66
4.29291e-66
-1.03514e-65
-1.82207e-65
2.40671e-65
6.84832e-65
-4.16328e-65
-2.33507e-64
9.4292e-66
7.24711e-64
3.58484e-64
-2.02131e-63
-2.21999e-63
4.87395e-63
9.54623e-63
-9.03752e-63
-3.412e-62
6.06132e-63
1.05502e-61
4.92377e-62
-2.80269e-61
-3.30065e-61
6.0198e-61
1.37667e-60
-8.01968e-61
-4.56572e-60
-9.41208e-61
1.24931e-59
1.19096e-59
-2.68992e-59
-5.44071e-59
3.47083e-59
1.81359e-58
4.52611e-59
-4.74542e-58
-5.12228e-58
9.06288e-58
2.18283e-57
-6.77389e-58
-6.6232e-57
-3.8542e-57
1.48491e-56
2.37087e-56
-1.93544e-56
-8.21091e-56
-2.26498e-56
2.01243e-55
2.49521e-55
-3.05004e-55
-9.60612e-55
-1.13588e-55
2.44785e-54
2.71706e-54
-3.77159e-54
-1.09673e-53
-1.22746e-54
2.75061e-53
3.17187e-53
-3.85231e-53
-1.23131e-52
-3.14125e-53
2.84372e-52
3.89587e-52
-3.03864e-52
-1.33359e-51
-7.10097e-52
2.59813e-51
4.7486e-51
-1.15096e-51
-1.33183e-50
-1.25802e-50
1.8707e-50
5.36025e-50
1.70921e-50
-1.13013e-49
-1.79129e-49
6.1719e-50
5.18455e-49
4.89335e-49
-6.64605e-49
-2.03446e-48
-9.47978e-49
3.75556e-48
7.12645e-48
9.36271e-50
-1.71353e-47
-2.26838e-47
1.13581e-47
6.96249e-47
6.58961e-47
-7.7853e-47
-2.62845e-46
-1.7325e-46
3.86629e-46
9.45211e-46
4.00393e-46
-1.67044e-45
-3.2964e-45
-7.4749e-46
6.66385e-45
1.13127e-44
7.73041e-46
-2.52386e-44
-3.86765e-44
1.72361e-45
9.21261e-44
1.33013e-43
-1.35898e-44
-3.26699e-43
-4.62969e-43
4.50714e-44
1.12886e-42
1.63335e-42
-4.88147e-44
-3.79481e-42
-5.82171e-42
-5.40446e-43
1.23314e-41
2.08089e-41
5.39091e-42
-3.82385e-41
-7.38135e-41
-3.37969e-41
1.10446e-40
2.56554e-40
1.7538e-40
-2.8253e-40
-8.60464e-40
-8.0849e-40
5.55046e-40
2.72987e-39
3.39565e-39
-2.5923e-40
-7.9459e-39
-1.30813e-38
-5.07237e-39
1.99905e-38
4.59709e-38
3.65641e-38
-3.65081e-38
-1.4451e-37
-1.76419e-37
1.42885e-39
3.87437e-37
6.92914e-37
4.06834e-37
-7.69423e-37
-2.28355e-36
-2.50308e-36
3.56472e-37
6.07584e-36
1.04686e-35
6.3168e-36
-1.08162e-35
-3.38741e-35
-4.03766e-35
-3.29199e-36
8.05915e-35
1.60369e-34
1.3322e-34
-8.86086e-35
-4.56002e-34
-6.91024e-34
-3.64064e-34
7.68902e-34
2.27964e-33
2.82782e-33
7.01378e-34
-4.64279e-33
-1.06961e-32
-1.13926e-32
1.12532e-35
2.42422e-32
4.87116e-32
4.67987e-32
-8.6237e-33
-1.16764e-31
-2.19729e-31
-2.02073e-31
5.04938e-32
5.3156e-31
9.91412e-31
9.31422e-31
-1.5759e-31
-2.29578e-30
-4.47306e-30
-4.54987e-30
-1.52195e-31
9.26964e-30
1.99743e-29
2.2958e-29
6.92559e-30
-3.34984e-29
-8.6485e-29
-1.15779e-28
-6.82404e-29
9.55065e-29
3.5092e-28
5.6422e-28
4.9648e-28
-9.59663e-29
-1.253e-27
-2.56189e-27
-3.03774e-27
-1.36523e-27
3.33231e-27
1.02954e-26
1.60476e-26
1.4428e-26
-1.16152e-27
-3.28407e-26
-7.18562e-26
-9.42269e-26
-6.3883e-26
5.15454e-26
2.51578e-25
4.68976e-25
5.51769e-25
2.90685e-25
-4.8248e-25
-1.72605e-24
-3.00083e-24
-3.37962e-24
-1.61645e-24
3.283e-24
1.10856e-23
1.922e-23
2.21599e-23
1.22187e-23
-1.73642e-23
-6.68116e-23
-1.22864e-22
-1.53735e-22
-1.11162e-22
5.46576e-23
3.63881e-22
7.63097e-22
1.08349e-21
1.02928e-21
2.33785e-22
-1.58326e-21
-4.35123e-21
-7.32824e-21
-8.85925e-21
-6.43359e-21
2.69225e-21
2.01009e-20
4.40752e-20
6.71812e-20
7.46477e-20
4.52409e-20
-4.33573e-20
-2.03095e-19
-4.18127e-19
-6.24749e-19
-6.96663e-19
-4.48571e-19
3.25454e-19
1.76379e-18
3.7943e-18
5.95357e-18
7.22057e-18
5.96048e-18
1.16074e-19
-1.21988e-17
-3.15855e-17
-5.57315e-17
-7.75124e-17
-8.34287e-17
-5.34241e-17
3.64597e-17
2.06948e-16
4.62604e-16
7.72963e-16
1.04994e-15
1.12744e-15
7.53818e-16
-3.86668e-16
-2.60373e-15
-6.06204e-15
-1.05608e-14
-1.52381e-14
-1.82415e-14
-1.64571e-14
-5.46136e-15
2.00695e-14
6.51862e-14
1.32407e-13
2.18108e-13
3.07526e-13
3.68752e-13
3.46803e-13
1.59914e-13
-2.98542e-13
-1.14754e-12
-2.48898e-12
-4.35413e-12
-6.61931e-12
-8.88701e-12
-1.03352e-11
-9.54944e-12
-4.37236e-12
8.16973e-12
3.17632e-11
7.0384e-11
1.27359e-10
2.03667e-10
2.952e-10
3.88691e-10
4.56096e-10
4.47349e-10
2.8178e-10
-1.61003e-10
-1.04901e-09
-2.60144e-09
-5.08297e-09
-8.78078e-09
-1.39531e-08
-2.07325e-08
-2.8962e-08
-3.79328e-08
-4.59827e-08
-4.99051e-08
-4.40997e-08
-1.93831e-08
3.86422e-08
1.51784e-07
3.52171e-07
6.86041e-07
1.21862e-06
2.0403e-06
3.2744e-06
5.08672e-06
7.69731e-06
1.13946e-05
1.65525e-05
2.36505e-05
3.32969e-05
4.62571e-05
6.3484e-05
8.61548e-05
0.000115711
0.000153903
0.000202841
0.000265049
0.000343522
0.000441793
0.000563994
0.000714932
0.000900154
0.00112603
0.0013998
0.0017297
0.00212495
0.00259591
0.00315404
0.00381205
0.00458385
0.00548464
0.00653088
0.00774033
0.009132
0.0107261
0.012544
0.0146082
0.0169422
0.0195701
0.0225171
0.0258086
0.0294705
0.0335288
0.0380095
0.0429381
0.0483395
0.0542379
0.0606563
0.0676161
0.0751373
0.0832377
0.0919331
0.101236
0.111158
0.121706
0.132885
0.144694
0.157134
0.170196
0.183872
0.198149
0.213011
0.228436
0.244402
0.260881
0.277843
0.295255
0.313081
0.331282
0.349818
0.368645
0.38772
0.406997
0.426429
0.445968
0.465568
0.485181
0.504759
0.524257
0.54363
0.562832
0.581823
0.600561
0.619008
0.637128
0.654888
0.672257
0.689206
0.70571
0.721747
0.737296
0.752342
0.76687
0.78087
0.794333
0.807254
0.819629
0.831459
0.842746
0.853492
0.863705
0.873392
0.882562
0.891227
0.8994
0.907093
0.914321
0.921099
0.927443
0.93337
0.938896
0.944037
0.94881
0.953231
0.957317
0.961083
0.964542
0.96771
0.9706
0.973223
0.97559
0.97771
0.979592
0.981242
0.982666
0.983866
0.984845
0.985601
0.986134
0.986439
0.98651
0.98634
0.985919
0.985237
0.984279
0.983031
0.981477
0.979599
0.977377
0.974793
0.971824
0.968448
0.964644
0.960388
0.955659
0.950433
0.94469
0.938408
0.931569
0.924153
0.916145
0.907531
0.898299
0.888439
0.877946
0.866815
0.855046
0.842643
0.829611
0.815962
0.801708
0.786867
0.771459
0.755508
0.739042
0.722091
0.704689
0.686871
0.668677
0.650148
0.631325
0.612255
0.592982
0.573554
0.554017
0.534419
0.514808
0.495232
0.475735
0.456364
0.437162
0.418173
0.399436
0.380989
0.362869
0.34511
0.327741
0.310793
0.294289
0.278252
0.262703
0.247657
0.233129
0.219129
0.205667
0.192746
0.18037
0.16854
0.157254
0.146507
0.136294
0.126607
0.117436
0.108769
0.100595
0.0928996
0.0856679
0.0788844
0.0725329
0.0665965
0.061058
0.0558996
0.0511038
0.0466528
0.0425289
0.0387149
0.0351913
0.031953
0.0289217
0.0264052
0.0226952
)
;

boundaryField
{
    sides
    {
        type            zeroGradient;
    }
    empty
    {
        type            empty;
    }
}


// ************************************************************************* //
