/*--------------------------------*- C++ -*----------------------------------*\
  =========                 |
  \\      /  F ield         | OpenFOAM: The Open Source CFD Toolbox
   \\    /   O peration     | Website:  https://openfoam.org
    \\  /    A nd           | Version:  7
     \\/     M anipulation  |
\*---------------------------------------------------------------------------*/
FoamFile
{
    version     2.0;
    format      ascii;
    class       volScalarField;
    location    "3.26";
    object      T;
}
// * * * * * * * * * * * * * * * * * * * * * * * * * * * * * * * * * * * * * //

dimensions      [0 0 0 1 0 0 0];

internalField   nonuniform List<scalar> 
1000
(
0.0035846
0.00358474
0.00358502
0.00358545
0.00358602
0.00358673
0.00358759
0.00358861
0.00358977
0.00359108
0.00359255
0.00359417
0.00359595
0.00359788
0.00359998
0.00360224
0.00360465
0.00360724
0.00360998
0.0036129
0.00361598
0.00361924
0.00362266
0.00362626
0.00363004
0.00363399
0.00363812
0.00364242
0.00364691
0.00365159
0.00365645
0.00366149
0.00366672
0.00367215
0.00367776
0.00368357
0.00368958
0.00369578
0.00370218
0.00370878
0.00371558
0.00372258
0.00372979
0.00373721
0.00374484
0.00375268
0.00376074
0.003769
0.00377749
0.00378619
0.00379512
0.00380426
0.00381364
0.00382323
0.00383306
0.00384312
0.0038534
0.00386393
0.00387468
0.00388568
0.00389692
0.00390839
0.00392012
0.00393209
0.0039443
0.00395677
0.00396949
0.00398246
0.00399569
0.00400918
0.00402293
0.00403694
0.00405122
0.00406576
0.00408057
0.00409566
0.00411101
0.00412665
0.00414256
0.00415875
0.00417522
0.00419198
0.00420902
0.00422636
0.00424398
0.0042619
0.00428011
0.00429863
0.00431744
0.00433655
0.00435598
0.0043757
0.00439574
0.00441609
0.00443676
0.00445774
0.00447904
0.00450066
0.00452261
0.00454488
0.00456749
0.00459042
0.00461369
0.00463729
0.00466124
0.00468552
0.00471015
0.00473513
0.00476045
0.00478613
0.00481216
0.00483855
0.00486529
0.0048924
0.00491988
0.00494772
0.00497593
0.00500451
0.00503347
0.00506281
0.00509252
0.00512262
0.00515311
0.00518398
0.00521525
0.00524691
0.00527896
0.00531142
0.00534428
0.00537754
0.00541121
0.00544529
0.00547979
0.0055147
0.00555003
0.00558578
0.00562196
0.00565857
0.0056956
0.00573307
0.00577098
0.00580932
0.00584811
0.00588734
0.00592702
0.00596715
0.00600773
0.00604877
0.00609028
0.00613224
0.00617467
0.00621757
0.00626094
0.00630478
0.00634911
0.00639391
0.0064392
0.00648497
0.00653124
0.006578
0.00662525
0.006673
0.00672126
0.00677002
0.00681929
0.00686907
0.00691937
0.00697019
0.00702152
0.00707338
0.00712577
0.00717869
0.00723214
0.00728613
0.00734067
0.00739574
0.00745136
0.00750753
0.00756426
0.00762154
0.00767938
0.00773778
0.00779675
0.00785629
0.0079164
0.00797709
0.00803836
0.00810021
0.00816264
0.00822567
0.00828929
0.0083535
0.00841831
0.00848373
0.00854975
0.00861638
0.00868362
0.00875148
0.00881996
0.00888906
0.00895879
0.00902914
0.00910013
0.00917176
0.00924402
0.00931693
0.00939048
0.00946469
0.00953954
0.00961505
0.00969123
0.00976806
0.00984556
0.00992374
0.0100026
0.0100821
0.0101623
0.0102432
0.0103248
0.010407
0.01049
0.0105736
0.010658
0.0107431
0.0108288
0.0109153
0.0110025
0.0110904
0.011179
0.0112684
0.0113585
0.0114493
0.0115408
0.0116331
0.0117261
0.0118199
0.0119144
0.0120097
0.0121057
0.0122025
0.0123001
0.0123984
0.0124975
0.0125973
0.012698
0.0127994
0.0129016
0.0130046
0.0131083
0.0132129
0.0133182
0.0134244
0.0135314
0.0136391
0.0137477
0.0138571
0.0139673
0.0140783
0.0141901
0.0143028
0.0144163
0.0145306
0.0146458
0.0147618
0.0148786
0.0149963
0.0151148
0.0152342
0.0153545
0.0154756
0.0155975
0.0157203
0.015844
0.0159686
0.016094
0.0162203
0.0163475
0.0164756
0.0166045
0.0167344
0.0168651
0.0169968
0.0171293
0.0172627
0.0173971
0.0175323
0.0176685
0.0178055
0.0179435
0.0180824
0.0182222
0.018363
0.0185046
0.0186473
0.0187908
0.0189353
0.0190807
0.019227
0.0193743
0.0195226
0.0196718
0.0198219
0.019973
0.0201251
0.0202781
0.0204321
0.020587
0.0207429
0.0208998
0.0210577
0.0212165
0.0213763
0.0215371
0.0216989
0.0218616
0.0220254
0.0221901
0.0223558
0.0225225
0.0226902
0.022859
0.0230287
0.0231994
0.0233711
0.0235439
0.0237176
0.0238924
0.0240681
0.0242449
0.0244227
0.0246015
0.0247814
0.0249622
0.0251441
0.025327
0.025511
0.025696
0.025882
0.026069
0.0262571
0.0264462
0.0266364
0.0268275
0.0270198
0.0272131
0.0274074
0.0276028
0.0277992
0.0279966
0.0281952
0.0283947
0.0285954
0.028797
0.0289998
0.0292035
0.0294084
0.0296143
0.0298213
0.0300293
0.0302384
0.0304485
0.0306597
0.030872
0.0310853
0.0312997
0.0315152
0.0317317
0.0319493
0.032168
0.0323877
0.0326085
0.0328304
0.0330533
0.0332774
0.0335024
0.0337286
0.0339558
0.0341841
0.0344135
0.0346439
0.0348754
0.035108
0.0353416
0.0355763
0.0358121
0.036049
0.0362869
0.0365259
0.0367659
0.0370071
0.0372493
0.0374925
0.0377369
0.0379822
0.0382287
0.0384762
0.0387248
0.0389745
0.0392252
0.039477
0.0397298
0.0399837
0.0402386
0.0404946
0.0407517
0.0410098
0.041269
0.0415292
0.0417905
0.0420528
0.0423161
0.0425805
0.042846
0.0431125
0.04338
0.0436486
0.0439182
0.0441888
0.0444605
0.0447332
0.0450069
0.0452817
0.0455574
0.0458342
0.0461121
0.0463909
0.0466707
0.0469516
0.0472334
0.0475163
0.0478002
0.0480851
0.0483709
0.0486578
0.0489456
0.0492345
0.0495243
0.0498151
0.0501069
0.0503997
0.0506934
0.0509881
0.0512838
0.0515804
0.051878
0.0521765
0.052476
0.0527765
0.0530778
0.0533802
0.0536834
0.0539876
0.0542927
0.0545988
0.0549057
0.0552136
0.0555223
0.055832
0.0561426
0.0564541
0.0567665
0.0570797
0.0573939
0.0577089
0.0580248
0.0583415
0.0586591
0.0589776
0.0592969
0.0596171
0.0599381
0.0602599
0.0605826
0.0609061
0.0612305
0.0615556
0.0618815
0.0622083
0.0625358
0.0628642
0.0631933
0.0635232
0.0638539
0.0641853
0.0645175
0.0648504
0.0651841
0.0655186
0.0658538
0.0661897
0.0665263
0.0668636
0.0672017
0.0675404
0.0678799
0.06822
0.0685608
0.0689023
0.0692445
0.0695873
0.0699308
0.0702749
0.0706196
0.070965
0.071311
0.0716576
0.0720049
0.0723527
0.0727011
0.0730501
0.0733997
0.0737498
0.0741006
0.0744518
0.0748036
0.075156
0.0755088
0.0758622
0.0762161
0.0765705
0.0769254
0.0772808
0.0776367
0.077993
0.0783498
0.0787071
0.0790648
0.0794229
0.0797814
0.0801404
0.0804998
0.0808595
0.0812197
0.0815802
0.0819411
0.0823024
0.082664
0.083026
0.0833883
0.0837509
0.0841138
0.0844771
0.0848406
0.0852044
0.0855685
0.0859329
0.0862975
0.0866623
0.0870274
0.0873928
0.0877583
0.088124
0.08849
0.0888561
0.0892224
0.0895888
0.0899554
0.0903222
0.0906891
0.0910561
0.0914232
0.0917904
0.0921578
0.0925251
0.0928926
0.0932601
0.0936277
0.0939953
0.0943629
0.0947306
0.0950982
0.0954659
0.0958335
0.0962011
0.0965687
0.0969362
0.0973037
0.097671
0.0980383
0.0984055
0.0987726
0.0991396
0.0995064
0.0998731
0.10024
0.100606
0.100972
0.101338
0.101704
0.10207
0.102435
0.1028
0.103165
0.10353
0.103894
0.104258
0.104622
0.104986
0.105349
0.105712
0.106074
0.106437
0.106799
0.10716
0.107521
0.107882
0.108242
0.108602
0.108961
0.10932
0.109679
0.110037
0.110395
0.110752
0.111108
0.111464
0.11182
0.112175
0.112529
0.112883
0.113237
0.113589
0.113941
0.114293
0.114644
0.114994
0.115344
0.115693
0.116041
0.116389
0.116736
0.117082
0.117427
0.117772
0.118116
0.118459
0.118802
0.119144
0.119485
0.119825
0.120164
0.120503
0.12084
0.121177
0.121513
0.121848
0.122182
0.122516
0.122848
0.12318
0.12351
0.12384
0.124169
0.124496
0.124823
0.125149
0.125474
0.125797
0.12612
0.126442
0.126763
0.127082
0.127401
0.127718
0.128035
0.12835
0.128664
0.128977
0.129289
0.1296
0.12991
0.130218
0.130526
0.130832
0.131137
0.13144
0.131743
0.132044
0.132344
0.132643
0.132941
0.133237
0.133532
0.133826
0.134118
0.134409
0.134699
0.134988
0.135275
0.135561
0.135845
0.136128
0.13641
0.13669
0.136969
0.137247
0.137523
0.137798
0.138071
0.138343
0.138613
0.138882
0.139149
0.139415
0.13968
0.139943
0.140205
0.140465
0.140723
0.14098
0.141236
0.141489
0.141742
0.141993
0.142242
0.142489
0.142736
0.14298
0.143223
0.143464
0.143704
0.143942
0.144179
0.144413
0.144647
0.144878
0.145108
0.145336
0.145563
0.145788
0.146011
0.146233
0.146453
0.146671
0.146887
0.147102
0.147315
0.147526
0.147736
0.147944
0.14815
0.148355
0.148557
0.148758
0.148958
0.149155
0.149351
0.149545
0.149737
0.149927
0.150116
0.150303
0.150488
0.150671
0.150853
0.151033
0.151211
0.151387
0.151561
0.151734
0.151904
0.152073
0.152241
0.152406
0.152569
0.152731
0.152891
0.153049
0.153205
0.15336
0.153512
0.153663
0.153812
0.153959
0.154104
0.154248
0.15439
0.154529
0.154667
0.154804
0.154938
0.15507
0.155201
0.15533
0.155457
0.155582
0.155706
0.155827
0.155947
0.156065
0.156181
0.156296
0.156408
0.156519
0.156628
0.156735
0.15684
0.156944
0.157045
0.157145
0.157244
0.15734
0.157434
0.157527
0.157618
0.157708
0.157795
0.157881
0.157965
0.158047
0.158127
0.158206
0.158283
0.158359
0.158432
0.158504
0.158574
0.158642
0.158709
0.158774
0.158838
0.158899
0.158959
0.159017
0.159074
0.159129
0.159183
0.159234
0.159284
0.159333
0.15938
0.159425
0.159469
0.159511
0.159551
0.15959
0.159627
0.159663
0.159698
0.15973
0.159762
0.159791
0.159819
0.159846
0.159871
0.159895
0.159918
0.159938
0.159958
0.159976
0.159992
0.160008
0.160021
0.160034
0.160045
0.160055
0.160063
0.16007
0.160076
0.16008
0.160083
0.160085
0.160086
0.160085
0.160083
0.16008
0.160075
0.16007
0.160063
0.160055
0.160046
0.160036
0.160025
0.160012
0.159999
0.159984
0.159969
0.159952
0.159934
0.159915
0.159896
0.159875
0.159853
0.159831
0.159807
0.159783
0.159757
0.159731
0.159704
0.159676
0.159647
0.159618
0.159587
0.159556
0.159524
0.159491
0.159458
0.159424
0.159389
0.159353
0.159317
0.159281
0.159243
0.159205
0.159167
0.159128
0.159088
0.159048
0.159007
0.158966
0.158924
0.158882
0.15884
0.158797
0.158754
0.15871
0.158666
0.158622
0.158577
0.158533
0.158487
0.158442
0.158397
0.158351
0.158305
0.158259
0.158213
0.158166
0.15812
0.158073
0.158027
0.15798
0.157933
0.157887
0.15784
0.157794
0.157747
0.157701
0.157655
0.157609
0.157563
0.157517
0.157471
0.157426
0.157381
0.157336
0.157291
0.157247
0.157203
0.15716
0.157116
0.157074
0.157031
0.156989
0.156948
0.156906
0.156866
0.156826
0.156786
0.156747
0.156709
0.156671
0.156634
0.156597
0.156561
0.156526
0.156492
0.156458
0.156425
0.156393
0.156361
0.15633
0.1563
0.156271
0.156243
0.156216
0.156189
0.156164
0.156139
0.156115
0.156093
0.156071
0.15605
0.15603
0.156012
0.155994
0.155977
0.155962
0.155947
0.155934
0.155922
0.155911
0.155901
0.155893
0.155885
0.155879
0.155874
0.15587
0.155867
0.155866
)
;

boundaryField
{
    sides
    {
        type            zeroGradient;
    }
    empty
    {
        type            empty;
    }
}


// ************************************************************************* //
