/*--------------------------------*- C++ -*----------------------------------*\
  =========                 |
  \\      /  F ield         | OpenFOAM: The Open Source CFD Toolbox
   \\    /   O peration     | Website:  https://openfoam.org
    \\  /    A nd           | Version:  7
     \\/     M anipulation  |
\*---------------------------------------------------------------------------*/
FoamFile
{
    version     2.0;
    format      ascii;
    class       volScalarField;
    location    "0.09";
    object      T;
}
// * * * * * * * * * * * * * * * * * * * * * * * * * * * * * * * * * * * * * //

dimensions      [0 0 0 1 0 0 0];

internalField   nonuniform List<scalar> 
1000
(
6.14705e-175
1.20559e-174
2.95525e-174
7.5451e-174
1.93856e-173
4.98536e-173
1.28221e-172
3.29774e-172
8.48119e-172
2.18112e-171
5.609e-171
1.44236e-170
3.7089e-170
9.53671e-170
2.45208e-169
6.30453e-169
1.62089e-168
4.16711e-168
1.07127e-167
2.75389e-167
7.07904e-167
1.81964e-166
4.67709e-166
1.20212e-165
3.08961e-165
7.94037e-165
2.0406e-164
5.24393e-164
1.34753e-163
3.46257e-163
8.89694e-163
2.28594e-162
5.87311e-162
1.50887e-161
3.87631e-161
9.95781e-161
2.55794e-160
6.57048e-160
1.68766e-159
4.33462e-159
1.11326e-158
2.85908e-158
7.34231e-158
1.88547e-157
4.84157e-157
1.24318e-156
3.19197e-156
8.19528e-156
2.10401e-155
5.40147e-155
1.38661e-154
3.5594e-154
9.13645e-154
2.34508e-153
6.01887e-153
1.54473e-152
3.9643e-152
1.01733e-151
2.61055e-151
6.69857e-151
1.71874e-150
4.40977e-150
1.13136e-149
2.90243e-149
7.44561e-149
1.90993e-148
4.89903e-148
1.25656e-147
3.22277e-147
8.26523e-147
2.11962e-146
5.43545e-146
1.39377e-145
3.57374e-145
9.16288e-145
2.34918e-144
6.02251e-144
1.54388e-143
3.95756e-143
1.01442e-142
2.60004e-142
6.66376e-142
1.70779e-141
4.37648e-141
1.12148e-140
2.87363e-140
7.36286e-140
1.88641e-139
4.83283e-139
1.23806e-138
3.17142e-138
8.12346e-138
2.08067e-137
5.32891e-137
1.36473e-136
3.49486e-136
8.94925e-136
2.29148e-135
5.86704e-135
1.50208e-134
3.84541e-134
9.84383e-134
2.51975e-133
6.44947e-133
1.65068e-132
4.22448e-132
1.08107e-131
2.76637e-131
7.0784e-131
1.81106e-130
4.63341e-130
1.18533e-129
3.03215e-129
7.7559e-129
1.98374e-128
5.07348e-128
1.29747e-127
3.31788e-127
8.48386e-127
2.16918e-126
5.54584e-126
1.41778e-125
3.62425e-125
9.26398e-125
2.3678e-124
6.05149e-124
1.54649e-123
3.95185e-123
1.00977e-122
2.57995e-122
6.59126e-122
1.68381e-121
4.30114e-121
1.09861e-120
2.80587e-120
7.16572e-120
1.82986e-119
4.67244e-119
1.19298e-118
3.04572e-118
7.77522e-118
1.98472e-117
5.06586e-117
1.29292e-116
3.29953e-116
8.41975e-116
2.14838e-115
5.48132e-115
1.39838e-114
3.56719e-114
9.09897e-114
2.32071e-113
5.91851e-113
1.50927e-112
3.84842e-112
9.81209e-112
2.50151e-111
6.37681e-111
1.62543e-110
4.14278e-110
1.05579e-109
2.69043e-109
6.85533e-109
1.7466e-108
4.44959e-108
1.13346e-107
2.88702e-107
7.3528e-107
1.87247e-106
4.76798e-106
1.21398e-105
3.09064e-105
7.8676e-105
2.00259e-104
5.09683e-104
1.29707e-103
3.30053e-103
8.3977e-103
2.13645e-102
5.43474e-102
1.38236e-101
3.51574e-101
8.94063e-101
2.27339e-100
5.78005e-100
1.46941e-99
3.73515e-99
9.49347e-99
2.41265e-98
6.13078e-98
1.55772e-97
3.95743e-97
1.00528e-96
2.55337e-96
6.48468e-96
1.6467e-95
4.18108e-95
1.06148e-94
2.69453e-94
6.83916e-94
1.73568e-93
4.40439e-93
1.1175e-92
2.83501e-92
7.19134e-92
1.82394e-91
4.62545e-91
1.17285e-90
2.97357e-90
7.538e-90
1.91063e-89
4.84219e-89
1.22701e-88
3.10883e-88
7.87566e-88
1.99489e-87
5.05231e-87
1.27939e-86
3.23932e-86
8.20057e-86
2.07574e-85
5.25339e-85
1.32937e-84
3.36346e-84
8.50871e-84
2.15217e-83
5.44285e-83
1.37629e-82
3.47959e-82
8.79589e-82
2.22313e-81
5.61799e-81
1.41948e-80
3.586e-80
9.05776e-80
2.2875e-79
5.77606e-79
1.45824e-78
3.68092e-78
9.2899e-78
2.34418e-77
5.91424e-77
1.49187e-76
3.7626e-76
9.48787e-76
2.39207e-75
6.02976e-75
1.51967e-74
3.82929e-74
9.64734e-74
2.43006e-73
6.11991e-73
1.54096e-72
3.87931e-72
9.76413e-72
2.45713e-71
6.18213e-71
1.55511e-70
3.91109e-70
9.83436e-70
2.47233e-69
6.21406e-69
1.56155e-68
3.92322e-68
9.85456e-68
2.47479e-67
6.21364e-67
1.55976e-66
3.91447e-66
9.82178e-66
2.46382e-65
6.17915e-65
1.54934e-64
3.88387e-64
9.73372e-64
2.43887e-63
6.10934e-63
1.53001e-62
3.83075e-62
9.58886e-62
2.3996e-61
6.00345e-61
1.50158e-60
3.75479e-60
9.38654e-60
2.3459e-59
5.86132e-59
1.46407e-58
3.65602e-58
9.12712e-58
2.2779e-57
5.68344e-57
1.41762e-56
3.53495e-56
8.81201e-56
2.19602e-55
5.47098e-55
1.36257e-54
3.39248e-54
8.4438e-54
2.10096e-53
5.22586e-53
1.29943e-52
3.23002e-52
8.02621e-52
1.99373e-51
4.95075e-51
1.22892e-50
3.04944e-50
7.56417e-50
1.87561e-49
4.64904e-49
1.15191e-48
2.85306e-48
7.06373e-48
1.74818e-47
4.32481e-47
1.06948e-46
2.64362e-46
6.53199e-46
1.61328e-45
3.98279e-45
9.82829e-45
2.42425e-44
5.97698e-44
1.47296e-43
3.62825e-43
8.93311e-43
2.19837e-42
5.40743e-42
1.32944e-41
3.26685e-41
8.02363e-41
1.96965e-40
4.83261e-40
1.18507e-39
2.9045e-39
7.11478e-39
1.74184e-38
4.26198e-38
1.04223e-37
2.54719e-37
6.22156e-37
1.51871e-36
3.70495e-36
9.03268e-36
2.20076e-35
5.35856e-35
1.30387e-34
3.1705e-34
7.7041e-34
1.87074e-33
4.53934e-33
1.10067e-32
2.66686e-32
6.45676e-32
1.56205e-31
3.776e-31
9.12058e-31
2.20119e-30
5.30799e-30
1.27889e-29
3.07862e-29
7.40449e-29
1.77926e-28
4.27152e-28
1.0245e-27
2.45484e-27
5.87631e-27
1.40523e-26
3.3569e-26
8.0107e-26
1.90956e-25
4.54687e-25
1.08143e-24
2.5691e-24
6.09602e-24
1.44471e-23
3.41957e-23
8.08361e-23
1.90839e-22
4.49928e-22
1.05929e-21
2.49042e-21
5.84646e-21
1.37045e-20
3.20745e-20
7.49496e-20
1.74851e-19
4.0723e-19
9.46802e-19
2.19738e-18
5.09043e-18
1.17701e-17
2.7162e-17
6.25559e-17
1.43771e-16
3.29719e-16
7.54491e-16
1.72253e-15
3.92331e-15
8.91396e-15
2.02016e-14
4.56621e-14
1.0293e-13
2.31364e-13
5.18528e-13
1.15857e-12
2.58041e-12
5.72824e-12
1.26724e-11
2.79341e-11
6.1346e-11
1.34196e-10
2.92361e-10
6.34224e-10
1.36969e-09
2.9442e-09
6.29761e-09
1.34011e-08
2.83625e-08
5.96849e-08
1.24843e-07
2.59478e-07
5.35689e-07
1.09807e-06
2.23393e-06
4.50841e-06
9.02137e-06
1.78884e-05
3.51283e-05
6.82708e-05
0.000131215
0.000249197
0.000467221
0.000863942
0.00157378
0.00282073
0.00496748
0.00858224
0.0145216
0.0240188
0.0387532
0.0608549
0.0927795
0.136983
0.195354
0.268459
0.354805
0.450476
0.549524
0.645195
0.731541
0.804646
0.863017
0.907221
0.939145
0.961247
0.975981
0.985478
0.991418
0.995033
0.997179
0.998426
0.999136
0.999533
0.999751
0.999869
0.999932
0.999965
0.999982
0.999991
0.999995
0.999998
0.999999
0.999999
1
1
1
1
1
1
1
1
1
1
1
1
1
1
1
1
1
1
1
1
1
1
1
1
1
1
1
1
1
1
1
1
1
1
1
1
1
1
1
1
1
1
1
1
1
1
1
1
0.999999
0.999999
0.999998
0.999995
0.999991
0.999982
0.999965
0.999932
0.999869
0.999751
0.999533
0.999136
0.998426
0.997179
0.995033
0.991418
0.985478
0.975981
0.961247
0.939145
0.907221
0.863017
0.804646
0.731541
0.645195
0.549524
0.450476
0.354805
0.268459
0.195354
0.136983
0.0927795
0.0608549
0.0387532
0.0240188
0.0145216
0.00858224
0.00496748
0.00282073
0.00157378
0.000863942
0.000467221
0.000249197
0.000131215
6.82708e-05
3.51283e-05
1.78884e-05
9.02137e-06
4.50841e-06
2.23393e-06
1.09807e-06
5.35689e-07
2.59478e-07
1.24843e-07
5.96849e-08
2.83625e-08
1.34011e-08
6.29761e-09
2.9442e-09
1.36969e-09
6.34224e-10
2.92361e-10
1.34196e-10
6.1346e-11
2.79341e-11
1.26724e-11
5.72824e-12
2.58041e-12
1.15857e-12
5.18528e-13
2.31364e-13
1.0293e-13
4.56621e-14
2.02016e-14
8.91396e-15
3.92331e-15
1.72253e-15
7.54491e-16
3.29719e-16
1.43771e-16
6.25559e-17
2.7162e-17
1.17701e-17
5.09043e-18
2.19738e-18
9.46802e-19
4.0723e-19
1.74851e-19
7.49496e-20
3.20745e-20
1.37045e-20
5.84646e-21
2.49042e-21
1.05929e-21
4.49928e-22
1.90839e-22
8.08361e-23
3.41957e-23
1.44471e-23
6.09602e-24
2.5691e-24
1.08143e-24
4.54687e-25
1.90956e-25
8.0107e-26
3.3569e-26
1.40523e-26
5.87631e-27
2.45484e-27
1.0245e-27
4.27152e-28
1.77926e-28
7.40449e-29
3.07862e-29
1.27889e-29
5.30799e-30
2.20119e-30
9.12058e-31
3.776e-31
1.56205e-31
6.45676e-32
2.66686e-32
1.10067e-32
4.53934e-33
1.87074e-33
7.7041e-34
3.1705e-34
1.30387e-34
5.35856e-35
2.20076e-35
9.03268e-36
3.70495e-36
1.51871e-36
6.22156e-37
2.54719e-37
1.04223e-37
4.26198e-38
1.74184e-38
7.11478e-39
2.9045e-39
1.18507e-39
4.83261e-40
1.96965e-40
8.02363e-41
3.26685e-41
1.32944e-41
5.40743e-42
2.19837e-42
8.93311e-43
3.62825e-43
1.47296e-43
5.97698e-44
2.42425e-44
9.82829e-45
3.98279e-45
1.61328e-45
6.53199e-46
2.64362e-46
1.06948e-46
4.32481e-47
1.74818e-47
7.06373e-48
2.85306e-48
1.15191e-48
4.64904e-49
1.87561e-49
7.56417e-50
3.04944e-50
1.22892e-50
4.95075e-51
1.99373e-51
8.02621e-52
3.23002e-52
1.29943e-52
5.22586e-53
2.10096e-53
8.4438e-54
3.39248e-54
1.36257e-54
5.47098e-55
2.19602e-55
8.81201e-56
3.53495e-56
1.41762e-56
5.68344e-57
2.2779e-57
9.12712e-58
3.65602e-58
1.46407e-58
5.86132e-59
2.3459e-59
9.38654e-60
3.75479e-60
1.50158e-60
6.00345e-61
2.3996e-61
9.58886e-62
3.83075e-62
1.53001e-62
6.10934e-63
2.43887e-63
9.73372e-64
3.88387e-64
1.54934e-64
6.17915e-65
2.46382e-65
9.82178e-66
3.91447e-66
1.55976e-66
6.21364e-67
2.47479e-67
9.85456e-68
3.92322e-68
1.56155e-68
6.21406e-69
2.47233e-69
9.83436e-70
3.91109e-70
1.55511e-70
6.18213e-71
2.45713e-71
9.76413e-72
3.87931e-72
1.54096e-72
6.11991e-73
2.43006e-73
9.64734e-74
3.82929e-74
1.51967e-74
6.02976e-75
2.39207e-75
9.48787e-76
3.7626e-76
1.49187e-76
5.91424e-77
2.34418e-77
9.2899e-78
3.68092e-78
1.45824e-78
5.77606e-79
2.2875e-79
9.05776e-80
3.586e-80
1.41948e-80
5.61799e-81
2.22313e-81
8.79589e-82
3.47959e-82
1.37629e-82
5.44285e-83
2.15217e-83
8.50871e-84
3.36346e-84
1.32937e-84
5.25339e-85
2.07574e-85
8.20057e-86
3.23932e-86
1.27939e-86
5.05231e-87
1.99489e-87
7.87566e-88
3.10883e-88
1.22701e-88
4.84219e-89
1.91063e-89
7.538e-90
2.97357e-90
1.17285e-90
4.62545e-91
1.82394e-91
7.19134e-92
2.83501e-92
1.1175e-92
4.40439e-93
1.73568e-93
6.83916e-94
2.69453e-94
1.06148e-94
4.18108e-95
1.6467e-95
6.48468e-96
2.55337e-96
1.00528e-96
3.95743e-97
1.55772e-97
6.13078e-98
2.41265e-98
9.49347e-99
3.73515e-99
1.46941e-99
5.78005e-100
2.27339e-100
8.94063e-101
3.51574e-101
1.38236e-101
5.43474e-102
2.13645e-102
8.3977e-103
3.30053e-103
1.29707e-103
5.09683e-104
2.00259e-104
7.8676e-105
3.09064e-105
1.21398e-105
4.76798e-106
1.87247e-106
7.3528e-107
2.88702e-107
1.13346e-107
4.44959e-108
1.7466e-108
6.85533e-109
2.69043e-109
1.05579e-109
4.14278e-110
1.62543e-110
6.37681e-111
2.50151e-111
9.81209e-112
3.84842e-112
1.50927e-112
5.91851e-113
2.32071e-113
9.09897e-114
3.56719e-114
1.39838e-114
5.48132e-115
2.14838e-115
8.41975e-116
3.29953e-116
1.29292e-116
5.06586e-117
1.98472e-117
7.77522e-118
3.04572e-118
1.19298e-118
4.67244e-119
1.82986e-119
7.16572e-120
2.80587e-120
1.09861e-120
4.30114e-121
1.68381e-121
6.59126e-122
2.57995e-122
1.00977e-122
3.95185e-123
1.54649e-123
6.05149e-124
2.3678e-124
9.26398e-125
3.62425e-125
1.41778e-125
5.54584e-126
2.16918e-126
8.48386e-127
3.31788e-127
1.29747e-127
5.07348e-128
1.98374e-128
7.7559e-129
3.03215e-129
1.18533e-129
4.63341e-130
1.81106e-130
7.0784e-131
2.76637e-131
1.08107e-131
4.22448e-132
1.65068e-132
6.44947e-133
2.51975e-133
9.84383e-134
3.84541e-134
1.50208e-134
5.86704e-135
2.29148e-135
8.94925e-136
3.49486e-136
1.36473e-136
5.32891e-137
2.08067e-137
8.12346e-138
3.17142e-138
1.23806e-138
4.83283e-139
1.88641e-139
7.36286e-140
2.87363e-140
1.12148e-140
4.37648e-141
1.70779e-141
6.66376e-142
2.60004e-142
1.01442e-142
3.95756e-143
1.54388e-143
6.02251e-144
2.34918e-144
9.16288e-145
3.57374e-145
1.39377e-145
5.43545e-146
2.11962e-146
8.26523e-147
3.22277e-147
1.25656e-147
4.89903e-148
1.90993e-148
7.44561e-149
2.90243e-149
1.13136e-149
4.40977e-150
1.71874e-150
6.69857e-151
2.61055e-151
1.01733e-151
3.9643e-152
1.54473e-152
6.01887e-153
2.34508e-153
9.13645e-154
3.5594e-154
1.38661e-154
5.40147e-155
2.10401e-155
8.19528e-156
3.19197e-156
1.24318e-156
4.84157e-157
1.88547e-157
7.34231e-158
2.85908e-158
1.11326e-158
4.33462e-159
1.68766e-159
6.57048e-160
2.55794e-160
9.95781e-161
3.87631e-161
1.50887e-161
5.87311e-162
2.28594e-162
8.89694e-163
3.46257e-163
1.34753e-163
5.24393e-164
2.0406e-164
7.94037e-165
3.08961e-165
1.20212e-165
4.67709e-166
1.81964e-166
7.07904e-167
2.75389e-167
1.07127e-167
4.16711e-168
1.62089e-168
6.30453e-169
2.45208e-169
9.53671e-170
3.7089e-170
1.44236e-170
5.609e-171
2.18112e-171
8.48119e-172
3.29774e-172
1.28221e-172
4.98536e-173
1.93856e-173
7.5451e-174
2.95525e-174
1.20559e-174
6.14705e-175
)
;

boundaryField
{
    sides
    {
        type            zeroGradient;
    }
    empty
    {
        type            empty;
    }
}


// ************************************************************************* //
