/*--------------------------------*- C++ -*----------------------------------*\
  =========                 |
  \\      /  F ield         | OpenFOAM: The Open Source CFD Toolbox
   \\    /   O peration     | Website:  https://openfoam.org
    \\  /    A nd           | Version:  7
     \\/     M anipulation  |
\*---------------------------------------------------------------------------*/
FoamFile
{
    version     2.0;
    format      ascii;
    class       volScalarField;
    location    "0.11";
    object      T;
}
// * * * * * * * * * * * * * * * * * * * * * * * * * * * * * * * * * * * * * //

dimensions      [0 0 0 1 0 0 0];

internalField   nonuniform List<scalar> 
1000
(
2.93759e-172
5.73375e-172
1.39869e-171
3.55503e-171
9.09402e-171
2.32851e-170
5.96272e-170
1.52686e-169
3.90963e-169
1.00104e-168
2.56297e-168
6.56167e-168
1.67983e-167
4.30023e-167
1.10077e-166
2.81761e-166
7.21179e-166
1.84579e-165
4.72389e-165
1.20891e-164
3.09362e-164
7.91619e-164
2.02555e-163
5.18259e-163
1.32595e-162
3.39224e-162
8.67803e-162
2.2199e-161
5.67833e-161
1.4524e-160
3.71473e-160
9.50045e-160
2.42962e-159
6.21309e-159
1.58874e-158
4.06232e-158
1.03866e-157
2.65549e-157
6.7888e-157
1.73547e-156
4.43625e-156
1.13394e-155
2.89827e-155
7.40736e-155
1.89305e-154
4.83767e-154
1.23619e-153
3.15869e-153
8.07056e-153
2.06193e-152
5.26768e-152
1.34567e-151
3.43741e-151
8.78007e-151
2.24253e-150
5.72732e-150
1.46264e-149
3.73506e-149
9.53742e-149
2.43521e-148
6.21749e-148
1.58732e-147
4.05219e-147
1.03439e-146
2.6403e-146
6.73896e-146
1.71991e-145
4.38923e-145
1.12007e-144
2.85805e-144
7.29236e-144
1.86053e-143
4.74655e-143
1.21085e-142
3.08866e-142
7.87812e-142
2.0093e-141
5.12435e-141
1.30678e-140
3.33223e-140
8.49645e-140
2.16626e-139
5.5227e-139
1.40787e-138
3.58875e-138
9.14729e-138
2.33136e-137
5.94151e-137
1.51409e-136
3.85812e-136
9.83031e-136
2.50453e-135
6.38049e-135
1.62536e-134
4.1401e-134
1.05448e-133
2.68557e-133
6.83912e-133
1.74153e-132
4.43432e-132
1.12899e-131
2.87421e-131
7.31668e-131
1.86241e-130
4.74025e-130
1.2064e-129
3.07008e-129
7.81217e-129
1.98773e-128
5.05719e-128
1.28654e-127
3.27269e-127
8.32431e-127
2.11717e-126
5.38426e-126
1.36918e-125
3.48143e-125
8.85152e-125
2.2503e-124
5.7204e-124
1.45403e-123
3.69559e-123
9.39193e-123
2.38664e-122
6.06432e-122
1.54077e-121
3.91429e-121
9.94329e-121
2.52562e-120
6.41453e-120
1.629e-119
4.13655e-119
1.0503e-118
2.66655e-118
6.76931e-118
1.71829e-117
4.36123e-117
1.10682e-116
2.8087e-116
7.12674e-116
1.80815e-115
4.58704e-115
1.16356e-114
2.95122e-114
7.48464e-114
1.898e-113
4.81257e-113
1.22015e-112
3.09317e-112
7.84062e-112
1.98724e-111
5.03623e-111
1.27619e-110
3.23353e-110
8.19206e-110
2.07521e-109
5.25634e-109
1.33124e-108
3.37119e-108
8.53614e-108
2.16118e-107
5.47106e-107
1.38485e-106
3.50497e-106
8.86985e-106
2.24439e-105
5.67844e-105
1.43651e-104
3.63361e-104
9.19e-104
2.32403e-103
5.87644e-103
1.48571e-102
3.75579e-102
9.49327e-102
2.39925e-101
6.06292e-101
1.53191e-100
3.87017e-100
9.77621e-100
2.4692e-99
6.2357e-99
1.57455e-98
3.97533e-98
1.00353e-97
2.53298e-97
6.39255e-97
1.61309e-96
4.06989e-96
1.02671e-95
2.58972e-95
6.53126e-95
1.64695e-94
4.15244e-94
1.0468e-93
2.63853e-93
6.64963e-93
1.6756e-92
4.22162e-92
1.06347e-91
2.67857e-91
6.74556e-91
1.69851e-90
4.27612e-90
1.07638e-89
2.70903e-89
6.81703e-89
1.71517e-88
4.31471e-88
1.08524e-87
2.72917e-87
6.86222e-87
1.72515e-86
4.33629e-86
1.08978e-85
2.73832e-85
6.87948e-85
1.72804e-84
4.33988e-84
1.08975e-83
2.73589e-83
6.86744e-83
1.72351e-82
4.32468e-82
1.08497e-81
2.72144e-81
6.82499e-81
1.71129e-80
4.29009e-80
1.07529e-79
2.69465e-79
6.75141e-79
1.69123e-78
4.23572e-78
1.06063e-77
2.65532e-77
6.64633e-77
1.66325e-76
4.16147e-76
1.04098e-75
2.60347e-75
6.50981e-75
1.6274e-74
4.06747e-74
1.01639e-73
2.53925e-73
6.34238e-73
1.58381e-72
3.95418e-72
9.86987e-72
2.46301e-71
6.14501e-71
1.53277e-70
3.82234e-70
9.52967e-70
2.37532e-69
5.91919e-69
1.47467e-68
3.673e-68
9.14616e-68
2.27692e-67
5.66688e-67
1.41004e-66
3.50754e-66
8.72292e-66
2.16873e-65
5.39054e-65
1.3395e-64
3.32761e-64
8.26425e-64
2.05189e-63
5.09307e-63
1.26381e-62
3.13516e-62
7.77518e-62
1.92767e-61
4.77779e-61
1.18383e-60
2.93237e-60
7.26132e-60
1.79753e-59
4.44837e-59
1.10049e-58
2.72165e-58
6.7288e-58
1.66303e-57
4.1088e-57
1.01481e-56
2.50558e-56
6.18414e-56
1.52581e-55
3.76328e-55
9.2785e-55
2.28682e-54
5.63413e-54
1.38759e-53
3.41611e-53
8.40693e-53
2.06812e-52
5.08564e-52
1.2501e-51
3.07163e-51
7.54427e-51
1.8522e-50
4.54547e-50
1.11503e-49
2.73407e-49
6.70109e-49
1.64169e-48
4.02017e-48
9.84016e-48
2.40748e-47
5.88739e-47
1.43906e-46
3.51585e-46
8.58564e-46
2.09558e-45
5.11233e-45
1.24657e-44
3.03805e-44
7.40028e-44
1.80166e-43
4.38399e-43
1.06618e-42
2.59152e-42
6.29561e-42
1.52854e-41
3.70908e-41
8.99507e-41
2.18015e-40
5.28091e-40
1.2784e-39
3.09284e-39
7.47782e-39
1.80682e-38
4.3629e-38
1.05281e-37
2.53882e-37
6.11815e-37
1.47336e-36
3.54561e-36
8.52635e-36
2.04889e-35
4.91988e-35
1.18049e-34
2.83035e-34
6.78074e-34
1.6232e-33
3.88252e-33
9.27897e-33
2.21576e-32
5.28658e-32
1.26023e-31
3.00152e-31
7.14234e-31
1.69801e-30
4.03306e-30
9.57004e-30
2.26866e-29
5.37273e-29
1.2711e-28
3.00411e-28
7.0924e-28
1.67264e-27
3.94036e-27
9.27214e-27
2.17935e-26
5.11639e-26
1.19972e-25
2.80975e-25
6.57218e-25
1.53531e-24
3.58191e-24
8.34547e-24
1.94174e-23
4.51152e-23
1.04672e-22
2.42493e-22
5.60935e-22
1.29555e-21
2.98751e-21
6.87793e-21
1.58082e-20
3.62714e-20
8.30777e-20
1.89942e-19
4.33465e-19
9.87327e-19
2.24449e-18
5.09216e-18
1.15289e-17
2.60464e-17
5.87161e-17
1.32064e-16
2.96349e-16
6.63406e-16
1.48143e-15
3.29971e-15
7.33035e-15
1.62402e-14
3.58789e-14
7.90355e-14
1.7358e-13
3.80036e-13
8.29372e-13
1.80394e-12
3.91013e-12
8.44496e-12
1.81712e-11
3.89479e-11
8.31444e-11
1.7675e-10
3.741e-10
7.88204e-10
1.65282e-09
3.44873e-09
7.15886e-09
1.478e-08
3.03419e-08
6.19199e-08
1.25577e-07
2.53017e-07
5.06294e-07
1.0058e-06
1.98295e-06
3.8781e-06
7.52037e-06
1.4453e-05
2.75138e-05
5.18518e-05
9.66786e-05
0.000178219
0.000324577
0.000583542
0.00103475
0.001808
0.00310959
0.00525851
0.00873256
0.014222
0.0226828
0.0353741
0.0538544
0.0799048
0.115346
0.16173
0.219928
0.28969
0.369325
0.455651
0.544349
0.630675
0.71031
0.780072
0.83827
0.884654
0.920095
0.946146
0.964626
0.977317
0.985778
0.991267
0.994741
0.99689
0.998192
0.998965
0.999416
0.999675
0.999822
0.999903
0.999948
0.999972
0.999986
0.999992
0.999996
0.999998
0.999999
0.999999
1
1
1
1
1
1
1
1
1
1
1
1
1
1
1
1
1
1
1
1
1
1
1
1
1
1
1
1
1
1
1
1
1
1
1
1
1
1
1
1
1
1
1
1
0.999999
0.999999
0.999998
0.999996
0.999992
0.999986
0.999972
0.999948
0.999903
0.999822
0.999675
0.999416
0.998965
0.998192
0.99689
0.994741
0.991267
0.985778
0.977317
0.964626
0.946146
0.920095
0.884654
0.83827
0.780072
0.71031
0.630675
0.544349
0.455651
0.369325
0.28969
0.219928
0.16173
0.115346
0.0799048
0.0538544
0.0353741
0.0226828
0.014222
0.00873256
0.00525851
0.00310959
0.001808
0.00103475
0.000583542
0.000324577
0.000178219
9.66786e-05
5.18518e-05
2.75138e-05
1.4453e-05
7.52037e-06
3.8781e-06
1.98295e-06
1.0058e-06
5.06294e-07
2.53017e-07
1.25577e-07
6.19199e-08
3.03419e-08
1.478e-08
7.15886e-09
3.44873e-09
1.65282e-09
7.88204e-10
3.741e-10
1.7675e-10
8.31444e-11
3.89479e-11
1.81712e-11
8.44496e-12
3.91013e-12
1.80394e-12
8.29372e-13
3.80036e-13
1.7358e-13
7.90355e-14
3.58789e-14
1.62402e-14
7.33035e-15
3.29971e-15
1.48143e-15
6.63406e-16
2.96349e-16
1.32064e-16
5.87161e-17
2.60464e-17
1.15289e-17
5.09216e-18
2.24449e-18
9.87327e-19
4.33465e-19
1.89942e-19
8.30777e-20
3.62714e-20
1.58082e-20
6.87793e-21
2.98751e-21
1.29555e-21
5.60935e-22
2.42493e-22
1.04672e-22
4.51152e-23
1.94174e-23
8.34547e-24
3.58191e-24
1.53531e-24
6.57218e-25
2.80975e-25
1.19972e-25
5.11639e-26
2.17935e-26
9.27214e-27
3.94036e-27
1.67264e-27
7.0924e-28
3.00411e-28
1.2711e-28
5.37273e-29
2.26866e-29
9.57004e-30
4.03306e-30
1.69801e-30
7.14234e-31
3.00152e-31
1.26023e-31
5.28658e-32
2.21576e-32
9.27897e-33
3.88252e-33
1.6232e-33
6.78074e-34
2.83035e-34
1.18049e-34
4.91988e-35
2.04889e-35
8.52635e-36
3.54561e-36
1.47336e-36
6.11815e-37
2.53882e-37
1.05281e-37
4.3629e-38
1.80682e-38
7.47782e-39
3.09284e-39
1.2784e-39
5.28091e-40
2.18015e-40
8.99507e-41
3.70908e-41
1.52854e-41
6.29561e-42
2.59152e-42
1.06618e-42
4.38399e-43
1.80166e-43
7.40028e-44
3.03805e-44
1.24657e-44
5.11233e-45
2.09558e-45
8.58564e-46
3.51585e-46
1.43906e-46
5.88739e-47
2.40748e-47
9.84016e-48
4.02017e-48
1.64169e-48
6.70109e-49
2.73407e-49
1.11503e-49
4.54547e-50
1.8522e-50
7.54427e-51
3.07163e-51
1.2501e-51
5.08564e-52
2.06812e-52
8.40693e-53
3.41611e-53
1.38759e-53
5.63413e-54
2.28682e-54
9.2785e-55
3.76328e-55
1.52581e-55
6.18414e-56
2.50558e-56
1.01481e-56
4.1088e-57
1.66303e-57
6.7288e-58
2.72165e-58
1.10049e-58
4.44837e-59
1.79753e-59
7.26132e-60
2.93237e-60
1.18383e-60
4.77779e-61
1.92767e-61
7.77518e-62
3.13516e-62
1.26381e-62
5.09307e-63
2.05189e-63
8.26425e-64
3.32761e-64
1.3395e-64
5.39054e-65
2.16873e-65
8.72292e-66
3.50754e-66
1.41004e-66
5.66688e-67
2.27692e-67
9.14616e-68
3.673e-68
1.47467e-68
5.91919e-69
2.37532e-69
9.52967e-70
3.82234e-70
1.53277e-70
6.14501e-71
2.46301e-71
9.86987e-72
3.95418e-72
1.58381e-72
6.34238e-73
2.53925e-73
1.01639e-73
4.06747e-74
1.6274e-74
6.50981e-75
2.60347e-75
1.04098e-75
4.16147e-76
1.66325e-76
6.64633e-77
2.65532e-77
1.06063e-77
4.23572e-78
1.69123e-78
6.75141e-79
2.69465e-79
1.07529e-79
4.29009e-80
1.71129e-80
6.82499e-81
2.72144e-81
1.08497e-81
4.32468e-82
1.72351e-82
6.86744e-83
2.73589e-83
1.08975e-83
4.33988e-84
1.72804e-84
6.87948e-85
2.73832e-85
1.08978e-85
4.33629e-86
1.72515e-86
6.86222e-87
2.72917e-87
1.08524e-87
4.31471e-88
1.71517e-88
6.81703e-89
2.70903e-89
1.07638e-89
4.27612e-90
1.69851e-90
6.74556e-91
2.67857e-91
1.06347e-91
4.22162e-92
1.6756e-92
6.64963e-93
2.63853e-93
1.0468e-93
4.15244e-94
1.64695e-94
6.53126e-95
2.58972e-95
1.02671e-95
4.06989e-96
1.61309e-96
6.39255e-97
2.53298e-97
1.00353e-97
3.97533e-98
1.57455e-98
6.2357e-99
2.4692e-99
9.77621e-100
3.87017e-100
1.53191e-100
6.06292e-101
2.39925e-101
9.49327e-102
3.75579e-102
1.48571e-102
5.87644e-103
2.32403e-103
9.19e-104
3.63361e-104
1.43651e-104
5.67844e-105
2.24439e-105
8.86985e-106
3.50497e-106
1.38485e-106
5.47106e-107
2.16118e-107
8.53614e-108
3.37119e-108
1.33124e-108
5.25634e-109
2.07521e-109
8.19206e-110
3.23353e-110
1.27619e-110
5.03623e-111
1.98724e-111
7.84062e-112
3.09317e-112
1.22015e-112
4.81257e-113
1.898e-113
7.48464e-114
2.95122e-114
1.16356e-114
4.58704e-115
1.80815e-115
7.12674e-116
2.8087e-116
1.10682e-116
4.36123e-117
1.71829e-117
6.76931e-118
2.66655e-118
1.0503e-118
4.13655e-119
1.629e-119
6.41453e-120
2.52562e-120
9.94329e-121
3.91429e-121
1.54077e-121
6.06432e-122
2.38664e-122
9.39193e-123
3.69559e-123
1.45403e-123
5.7204e-124
2.2503e-124
8.85152e-125
3.48143e-125
1.36918e-125
5.38426e-126
2.11717e-126
8.32431e-127
3.27269e-127
1.28654e-127
5.05719e-128
1.98773e-128
7.81217e-129
3.07008e-129
1.2064e-129
4.74025e-130
1.86241e-130
7.31668e-131
2.87421e-131
1.12899e-131
4.43432e-132
1.74153e-132
6.83912e-133
2.68557e-133
1.05448e-133
4.1401e-134
1.62536e-134
6.38049e-135
2.50453e-135
9.83031e-136
3.85812e-136
1.51409e-136
5.94151e-137
2.33136e-137
9.14729e-138
3.58875e-138
1.40787e-138
5.5227e-139
2.16626e-139
8.49645e-140
3.33223e-140
1.30678e-140
5.12435e-141
2.0093e-141
7.87812e-142
3.08866e-142
1.21085e-142
4.74655e-143
1.86053e-143
7.29236e-144
2.85805e-144
1.12007e-144
4.38923e-145
1.71991e-145
6.73896e-146
2.6403e-146
1.03439e-146
4.05219e-147
1.58732e-147
6.21749e-148
2.43521e-148
9.53742e-149
3.73506e-149
1.46264e-149
5.72732e-150
2.24253e-150
8.78007e-151
3.43741e-151
1.34567e-151
5.26768e-152
2.06193e-152
8.07056e-153
3.15869e-153
1.23619e-153
4.83767e-154
1.89305e-154
7.40736e-155
2.89827e-155
1.13394e-155
4.43625e-156
1.73547e-156
6.7888e-157
2.65549e-157
1.03866e-157
4.06232e-158
1.58874e-158
6.21309e-159
2.42962e-159
9.50045e-160
3.71473e-160
1.4524e-160
5.67833e-161
2.2199e-161
8.67803e-162
3.39224e-162
1.32595e-162
5.18259e-163
2.02555e-163
7.91619e-164
3.09362e-164
1.20891e-164
4.72389e-165
1.84579e-165
7.21179e-166
2.81761e-166
1.10077e-166
4.30023e-167
1.67983e-167
6.56167e-168
2.56297e-168
1.00104e-168
3.90963e-169
1.52686e-169
5.96272e-170
2.32851e-170
9.09402e-171
3.55503e-171
1.39869e-171
5.73375e-172
2.93759e-172
)
;

boundaryField
{
    sides
    {
        type            zeroGradient;
    }
    empty
    {
        type            empty;
    }
}


// ************************************************************************* //
