/*--------------------------------*- C++ -*----------------------------------*\
  =========                 |
  \\      /  F ield         | OpenFOAM: The Open Source CFD Toolbox
   \\    /   O peration     | Website:  https://openfoam.org
    \\  /    A nd           | Version:  7
     \\/     M anipulation  |
\*---------------------------------------------------------------------------*/
FoamFile
{
    version     2.0;
    format      ascii;
    class       volScalarField;
    location    "1.95";
    object      T;
}
// * * * * * * * * * * * * * * * * * * * * * * * * * * * * * * * * * * * * * //

dimensions      [0 0 0 1 0 0 0];

internalField   nonuniform List<scalar> 
1000
(
2.06284e-185
2.37049e-185
3.51239e-185
6.86941e-185
1.61461e-184
4.12839e-184
1.0895e-183
2.90647e-183
7.7803e-183
2.08462e-182
5.58591e-182
1.49648e-181
4.00793e-181
1.07306e-180
2.87198e-180
7.68402e-180
2.05515e-179
5.49474e-179
1.46858e-178
3.9237e-178
1.04795e-177
2.7979e-177
7.46739e-177
1.99228e-176
5.31345e-176
1.4166e-175
3.77539e-175
1.00582e-174
2.67868e-174
7.13121e-174
1.89779e-173
5.04863e-173
1.34258e-172
3.569e-172
9.48405e-172
2.5193e-171
6.68966e-171
1.77569e-170
4.71159e-170
1.2497e-169
3.31344e-169
8.78193e-169
2.32668e-168
6.16194e-168
1.6313e-167
4.31701e-167
1.142e-166
3.01983e-166
7.98235e-166
2.10917e-165
5.57087e-165
1.47084e-164
3.88184e-164
1.02409e-163
2.70067e-163
7.1192e-163
1.87594e-162
4.94122e-162
1.301e-161
3.42408e-161
9.00821e-161
2.36896e-160
6.22731e-160
1.63632e-159
4.29792e-159
1.12842e-158
2.96147e-158
7.76899e-158
2.03724e-157
5.33999e-157
1.39913e-156
3.66434e-156
9.59293e-156
2.51029e-155
6.56622e-155
1.71681e-154
4.48689e-154
1.17215e-153
3.06082e-153
7.98924e-153
2.08443e-152
5.43601e-152
1.41705e-151
3.69235e-151
9.61682e-151
2.50363e-150
6.51505e-150
1.69463e-149
4.40595e-149
1.14502e-148
2.97435e-148
7.72284e-148
2.00433e-147
5.19953e-147
1.34823e-146
3.49436e-146
9.0526e-146
2.34413e-145
6.06723e-145
1.56964e-144
4.05892e-144
1.04911e-143
2.71036e-143
6.99893e-143
1.80648e-142
4.6605e-142
1.20178e-141
3.09752e-141
7.9799e-141
2.05482e-140
5.28861e-140
1.36051e-139
3.49827e-139
8.99071e-139
2.30954e-138
5.92986e-138
1.52178e-137
3.90343e-137
1.00075e-136
2.56444e-136
6.56816e-136
1.68143e-135
4.30226e-135
1.10026e-134
2.81241e-134
7.18523e-134
1.83478e-133
4.68278e-133
1.19455e-132
3.04565e-132
7.76127e-132
1.97679e-131
5.03228e-131
1.28039e-130
3.25606e-130
8.2759e-130
2.10237e-129
5.33793e-129
1.35459e-128
3.43565e-128
8.70921e-128
2.20656e-127
5.58751e-127
1.41412e-126
3.57699e-126
9.04299e-126
2.28491e-125
5.77015e-125
1.45635e-124
3.6737e-124
9.2619e-124
2.33375e-123
5.87712e-123
1.47921e-122
3.72092e-122
9.35459e-122
2.35045e-121
5.90241e-121
1.48135e-120
3.71566e-120
9.31457e-120
2.33366e-119
5.8433e-119
1.46226e-118
3.65709e-118
9.14091e-118
2.28342e-117
5.70064e-117
1.42233e-116
3.54665e-116
8.8384e-116
2.20123e-115
5.4789e-115
1.36288e-114
3.38807e-114
8.41748e-114
2.08998e-113
5.186e-113
1.28603e-112
3.18714e-112
7.89361e-112
1.95378e-111
4.83282e-111
1.19467e-110
2.95134e-110
7.28637e-110
1.79772e-109
4.43254e-109
1.0922e-108
2.68945e-108
6.61824e-108
1.62755e-107
3.99981e-107
9.82325e-107
2.41091e-106
5.91311e-106
1.4493e-105
3.54982e-105
8.68878e-105
2.12528e-104
5.19486e-104
1.26892e-103
3.09737e-103
7.55527e-103
1.84164e-102
4.48595e-102
1.09194e-101
2.65604e-101
6.45599e-101
1.56813e-100
3.80617e-100
9.23171e-100
2.23749e-99
5.41908e-99
1.31151e-98
3.17177e-98
7.66496e-98
1.85096e-97
4.46643e-97
1.07696e-96
2.59486e-96
6.24741e-96
1.50299e-95
3.61313e-95
8.67916e-95
2.08324e-94
4.99648e-94
1.19744e-93
2.8675e-93
6.86142e-93
1.64053e-92
3.9193e-92
9.35599e-92
2.23164e-91
5.31876e-91
1.26662e-90
3.01392e-90
7.16578e-90
1.70232e-89
4.04074e-89
9.58347e-89
2.27104e-88
5.3773e-88
1.27216e-87
3.00713e-87
7.10225e-87
1.67599e-86
3.95162e-86
9.30907e-86
2.1911e-85
5.1528e-85
1.21073e-84
2.84229e-84
6.66666e-84
1.5623e-83
3.65793e-83
8.55692e-83
1.99991e-82
4.66994e-82
1.08948e-81
2.5394e-81
5.9135e-81
1.37581e-80
3.19795e-80
7.42642e-80
1.72299e-79
3.99371e-79
9.24827e-79
2.1396e-78
4.94527e-78
1.14191e-77
2.63423e-77
6.07091e-77
1.39776e-76
3.21503e-76
7.3877e-76
1.69592e-75
3.88926e-75
8.91036e-75
2.03933e-74
4.66272e-74
1.065e-73
2.43006e-73
5.53909e-73
1.26128e-72
2.86901e-72
6.51928e-72
1.47983e-71
3.35556e-71
7.60076e-71
1.71983e-70
3.88731e-70
8.77696e-70
1.97955e-69
4.45982e-69
1.00367e-68
2.25624e-68
5.06639e-68
1.13639e-67
2.54606e-67
5.69798e-67
1.27374e-66
2.8441e-66
6.34324e-66
1.41311e-65
3.14441e-65
6.98866e-65
1.55146e-64
3.44013e-64
7.61891e-64
1.68536e-63
3.72369e-63
8.2173e-63
1.81116e-62
3.98709e-62
8.7664e-62
1.92509e-61
4.22221e-61
9.24883e-61
2.02343e-60
4.42121e-60
9.64809e-60
2.10275e-59
4.57692e-59
9.94944e-59
2.16002e-58
4.68328e-58
1.01407e-57
2.19287e-57
4.73565e-57
1.02132e-56
2.19969e-56
4.73118e-56
1.01622e-55
2.17975e-55
4.66903e-55
9.9872e-55
2.13331e-54
4.55044e-54
9.69256e-54
2.06161e-53
4.37876e-53
9.28689e-53
1.9668e-52
4.15927e-52
8.78289e-52
1.85189e-51
3.89897e-51
8.19661e-51
1.72055e-50
3.60613e-50
7.54667e-50
1.5769e-49
3.28991e-49
6.85314e-49
1.42534e-48
2.95982e-48
6.13657e-48
1.27027e-47
2.62526e-47
5.41688e-47
1.11589e-46
2.29503e-46
4.7124e-46
9.66005e-46
1.97695e-45
4.03911e-45
8.23845e-45
1.67753e-44
3.41001e-44
6.91987e-44
1.40181e-43
2.83485e-43
5.72282e-43
1.15326e-42
2.31994e-42
4.65859e-42
9.33798e-42
1.8684e-41
3.73163e-41
7.43934e-41
1.48038e-40
2.94041e-40
5.82956e-40
1.15359e-39
2.27849e-39
4.4918e-39
8.83824e-39
1.73571e-38
3.40211e-38
6.65543e-38
1.29943e-37
2.53208e-37
4.92424e-37
9.5573e-37
1.85123e-36
3.57855e-36
6.90356e-36
1.32908e-35
2.55349e-35
4.89574e-35
9.36694e-35
1.78841e-34
3.40737e-34
6.47813e-34
1.229e-33
2.3266e-33
4.39494e-33
8.28396e-33
1.55802e-32
2.92381e-32
5.47475e-32
1.02285e-31
1.9067e-31
3.54628e-31
6.58079e-31
1.2184e-30
2.25063e-30
4.14777e-30
7.6263e-30
1.39893e-29
2.5601e-29
4.67401e-29
8.51308e-29
1.54683e-28
2.80384e-28
5.07004e-28
9.14555e-28
1.64567e-27
2.95397e-27
5.28922e-27
9.447e-27
1.68309e-26
2.99106e-26
5.30202e-26
9.37455e-26
1.65328e-25
2.90819e-25
5.10238e-25
8.92878e-25
1.55838e-24
2.71277e-24
4.70979e-24
8.15522e-24
1.40834e-23
2.42557e-23
4.16627e-23
7.13677e-23
1.21919e-22
2.07707e-22
3.52888e-22
5.97888e-22
1.01017e-21
1.702e-21
2.85961e-21
4.79104e-21
8.00432e-21
1.33347e-20
2.21516e-20
3.6693e-20
6.06053e-20
9.98121e-20
1.63907e-19
2.68377e-19
4.38152e-19
7.13232e-19
1.1576e-18
1.87328e-18
3.02244e-18
4.86208e-18
7.79812e-18
1.24697e-17
1.98801e-17
3.15989e-17
5.00741e-17
7.9111e-17
1.24607e-16
1.95669e-16
3.06319e-16
4.78075e-16
7.43848e-16
1.15381e-15
1.78421e-15
2.75052e-15
4.22705e-15
6.47607e-15
9.89088e-15
1.50593e-14
2.2857e-14
3.45841e-14
5.21644e-14
7.8435e-14
1.17566e-13
1.75667e-13
2.61657e-13
3.88515e-13
5.75061e-13
8.48497e-13
1.24801e-12
1.82984e-12
2.67446e-12
3.89661e-12
5.65934e-12
8.19357e-12
1.18252e-11
1.70125e-11
2.43983e-11
3.48801e-11
4.9708e-11
7.06161e-11
1.00003e-10
1.41174e-10
1.98668e-10
2.78699e-10
3.89744e-10
5.43326e-10
7.5506e-10
1.04603e-09
1.4446e-09
1.98884e-09
2.72959e-09
3.73463e-09
5.09388e-09
6.92637e-09
9.38905e-09
1.26882e-08
1.70939e-08
2.29588e-08
3.07419e-08
4.10379e-08
5.46159e-08
7.2466e-08
9.58596e-08
1.26423e-07
1.66231e-07
2.17918e-07
2.84825e-07
3.71168e-07
4.82251e-07
6.24729e-07
8.0692e-07
1.03919e-06
1.33441e-06
1.70851e-06
2.18116e-06
2.77653e-06
3.52426e-06
4.46056e-06
5.62953e-06
7.08469e-06
8.89084e-06
1.11261e-05
1.38843e-05
1.72782e-05
2.1442e-05
2.6536e-05
3.275e-05
4.03089e-05
4.94777e-05
6.0568e-05
7.39451e-05
9.00354e-05
0.000109336
0.000132422
0.000159962
0.000192724
0.000231593
0.000277582
0.000331849
0.000395713
0.00047067
0.000558413
0.000660853
0.000780138
0.000918675
0.00107915
0.00126456
0.00147824
0.00172385
0.00200545
0.0023275
0.00269489
0.00311295
0.00358749
0.0041248
0.00473169
0.0054155
0.00618409
0.0070459
0.00800991
0.00908566
0.0102832
0.0116133
0.0130871
0.0147162
0.0165129
0.0184898
0.0206601
0.0230372
0.0256349
0.0284673
0.0315486
0.0348933
0.0385159
0.0424308
0.0466523
0.0511945
0.0560712
0.0612959
0.0668813
0.0728398
0.0791828
0.0859209
0.0930639
0.10062
0.108598
0.117002
0.125839
0.135111
0.14482
0.154967
0.16555
0.176567
0.188012
0.199879
0.212159
0.224843
0.237919
0.251373
0.26519
0.279354
0.293844
0.308643
0.323728
0.339076
0.354664
0.370467
0.386459
0.402613
0.418902
0.435298
0.451772
0.468297
0.484842
0.501381
0.517883
0.534322
0.55067
0.566899
0.582984
0.5989
0.614621
0.630125
0.645389
0.660393
0.675117
0.689543
0.703654
0.717435
0.730871
0.743951
0.756663
0.768998
0.780947
0.792505
0.803666
0.814425
0.824781
0.834731
0.844276
0.853415
0.86215
0.870484
0.878419
0.88596
0.89311
0.899875
0.90626
0.912269
0.917908
0.923183
0.9281
0.932663
0.936878
0.94075
0.944282
0.94748
0.950345
0.952882
0.955091
0.956975
0.958534
0.959769
0.960677
0.961258
0.96151
0.961428
0.96101
0.96025
0.959143
0.957683
0.955864
0.953679
0.951121
0.948181
0.944851
0.941125
0.936992
0.932447
0.927479
0.922083
0.916252
0.909977
0.903255
0.896079
0.888447
0.880353
0.871797
0.862779
0.853297
0.843355
0.832956
0.822105
0.810808
0.799074
0.786912
0.774334
0.761353
0.747983
0.734241
0.720145
0.705713
0.690968
0.67593
0.660623
0.645071
0.6293
0.613337
0.597208
0.580941
0.564565
0.548108
0.531598
0.515066
0.498538
0.482045
0.465615
0.449274
0.43305
0.41697
0.401058
0.385339
0.369836
0.354572
0.339567
0.32484
0.31041
0.296294
0.282506
0.26906
0.255968
0.243241
0.230888
0.218916
0.207331
0.196138
0.18534
0.174939
0.164934
0.155327
0.146113
0.13729
0.128854
0.1208
0.11312
0.10581
0.0988596
0.0922618
0.0860071
0.0800861
0.0744888
0.0692048
0.0642235
0.0595339
0.0551251
0.0509857
0.0471046
0.0434705
0.0400723
0.0368988
0.0339391
0.0311823
0.028618
0.0262357
0.0240255
0.0219774
0.020082
0.0183302
0.0167131
0.0152222
0.0138494
0.0125869
0.0114273
0.0103634
0.00938858
0.00849646
0.00768099
0.00693649
0.00625759
0.00563923
0.00507669
0.00456552
0.00410158
0.00368099
0.00330014
0.00295566
0.00264445
0.0023636
0.00211044
0.0018825
0.0016775
0.00149332
0.00132804
0.00117988
0.00104722
0.000928554
0.000822529
0.000727899
0.000643529
0.000568386
0.000501534
0.000442119
0.000389369
0.000342586
0.000301138
0.000264454
0.000232019
0.000203372
0.000178096
0.000155815
0.000136196
0.000118937
0.00010377
9.04538e-05
7.87746e-05
6.85412e-05
5.95832e-05
5.17494e-05
4.49052e-05
3.89314e-05
3.37223e-05
2.91844e-05
2.52348e-05
2.18005e-05
1.88172e-05
1.6228e-05
1.39829e-05
1.2038e-05
1.03547e-05
8.89919e-06
7.64173e-06
6.55638e-06
5.62043e-06
4.81403e-06
4.11987e-06
3.52286e-06
3.00986e-06
2.56943e-06
2.19165e-06
1.86787e-06
1.59062e-06
1.35343e-06
1.15067e-06
9.77494e-07
8.29715e-07
7.03714e-07
5.96371e-07
5.05001e-07
4.27292e-07
3.61256e-07
3.05186e-07
2.57617e-07
2.17294e-07
1.8314e-07
1.54236e-07
1.29793e-07
1.09141e-07
9.1705e-08
7.6996e-08
6.45975e-08
5.41547e-08
4.53661e-08
3.79754e-08
3.17652e-08
2.65508e-08
2.21761e-08
1.85086e-08
1.54364e-08
1.28647e-08
1.07137e-08
8.91594e-09
7.4145e-09
6.16149e-09
5.11658e-09
4.24586e-09
3.52082e-09
2.91754e-09
2.41593e-09
1.99917e-09
1.65315e-09
1.36607e-09
1.12807e-09
9.30892e-10
7.67654e-10
6.3261e-10
5.20968e-10
4.28739e-10
3.52599e-10
2.89787e-10
2.38005e-10
1.95346e-10
1.60227e-10
1.31335e-10
1.07582e-10
8.80668e-11
7.20448e-11
5.88994e-11
4.81214e-11
3.92903e-11
3.20593e-11
2.61424e-11
2.13039e-11
1.73499e-11
1.41209e-11
1.14856e-11
9.33621e-12
7.58434e-12
6.15736e-12
4.99577e-12
4.05081e-12
3.28257e-12
2.6584e-12
2.1516e-12
1.74036e-12
1.40687e-12
1.1366e-12
9.17695e-13
7.40508e-13
5.97176e-13
4.81302e-13
3.87682e-13
3.12088e-13
2.51087e-13
2.01891e-13
1.62239e-13
1.303e-13
1.04588e-13
8.39009e-14
6.72672e-14
5.39004e-14
4.31652e-14
3.45484e-14
2.76361e-14
2.20944e-14
1.7654e-14
1.40981e-14
1.12522e-14
8.97579e-15
7.15596e-15
5.70196e-15
4.5409e-15
3.61428e-15
2.87518e-15
2.28598e-15
1.81655e-15
1.44273e-15
1.14523e-15
9.08585e-16
7.20457e-16
5.70978e-16
4.52274e-16
3.58059e-16
2.83322e-16
2.24067e-16
1.77113e-16
1.39925e-16
1.10488e-16
8.71995e-17
6.87841e-17
5.423e-17
4.27337e-17
3.36574e-17
2.64955e-17
2.08475e-17
1.63963e-17
1.28922e-17
1.01414e-17
8.00089e-18
6.38886e-18
5.33061e-18
)
;

boundaryField
{
    sides
    {
        type            zeroGradient;
    }
    empty
    {
        type            empty;
    }
}


// ************************************************************************* //
