/*--------------------------------*- C++ -*----------------------------------*\
  =========                 |
  \\      /  F ield         | OpenFOAM: The Open Source CFD Toolbox
   \\    /   O peration     | Website:  https://openfoam.org
    \\  /    A nd           | Version:  7
     \\/     M anipulation  |
\*---------------------------------------------------------------------------*/
FoamFile
{
    version     2.0;
    format      ascii;
    class       volScalarField;
    location    "0.56";
    object      T;
}
// * * * * * * * * * * * * * * * * * * * * * * * * * * * * * * * * * * * * * //

dimensions      [0 0 0 1 0 0 0];

internalField   nonuniform List<scalar> 
1000
(
3.57334e-05
3.57811e-05
3.58765e-05
3.60198e-05
3.6211e-05
3.64505e-05
3.67385e-05
3.70752e-05
3.74611e-05
3.78966e-05
3.83821e-05
3.89182e-05
3.95054e-05
4.01444e-05
4.08359e-05
4.15806e-05
4.23793e-05
4.32329e-05
4.41423e-05
4.51085e-05
4.61325e-05
4.72155e-05
4.83584e-05
4.95627e-05
5.08295e-05
5.21602e-05
5.35563e-05
5.50191e-05
5.65502e-05
5.81513e-05
5.9824e-05
6.157e-05
6.33913e-05
6.52896e-05
6.72669e-05
6.93253e-05
7.14669e-05
7.3694e-05
7.60087e-05
7.84134e-05
8.09107e-05
8.35029e-05
8.61928e-05
8.89831e-05
9.18765e-05
9.4876e-05
9.79845e-05
0.000101205
0.000104541
0.000107996
0.000111572
0.000115274
0.000119105
0.000123069
0.00012717
0.000131411
0.000135797
0.000140331
0.000145019
0.000149865
0.000154872
0.000160047
0.000165393
0.000170916
0.00017662
0.000182512
0.000188596
0.000194879
0.000201365
0.000208061
0.000214972
0.000222105
0.000229467
0.000237064
0.000244902
0.000252988
0.00026133
0.000269935
0.00027881
0.000287963
0.000297402
0.000307135
0.00031717
0.000327516
0.000338182
0.000349175
0.000360507
0.000372185
0.00038422
0.000396621
0.0004094
0.000422565
0.000436128
0.000450099
0.00046449
0.000479313
0.000494579
0.000510299
0.000526487
0.000543155
0.000560315
0.000577982
0.000596169
0.000614888
0.000634156
0.000653986
0.000674392
0.000695391
0.000716998
0.000739228
0.000762099
0.000785626
0.000809826
0.000834718
0.000860318
0.000886646
0.000913719
0.000941557
0.000970179
0.000999604
0.00102985
0.00106095
0.00109291
0.00112576
0.00115952
0.00119421
0.00122986
0.00126648
0.00130411
0.00134277
0.00138248
0.00142326
0.00146516
0.00150818
0.00155236
0.00159772
0.0016443
0.00169213
0.00174122
0.00179162
0.00184335
0.00189644
0.00195093
0.00200684
0.00206422
0.00212309
0.00218349
0.00224545
0.00230902
0.00237421
0.00244108
0.00250966
0.00257998
0.0026521
0.00272603
0.00280184
0.00287955
0.00295921
0.00304086
0.00312455
0.00321031
0.0032982
0.00338825
0.00348052
0.00357505
0.00367189
0.00377108
0.00387269
0.00397675
0.00408331
0.00419244
0.00430417
0.00441858
0.0045357
0.00465559
0.00477831
0.00490392
0.00503247
0.00516402
0.00529863
0.00543636
0.00557728
0.00572143
0.00586889
0.00601972
0.00617398
0.00633173
0.00649305
0.006658
0.00682665
0.00699906
0.00717531
0.00735547
0.0075396
0.00772778
0.00792008
0.00811657
0.00831734
0.00852245
0.00873198
0.00894601
0.00916462
0.00938788
0.00961588
0.0098487
0.0100864
0.0103291
0.0105768
0.0108297
0.0110879
0.0113513
0.0116202
0.0118945
0.0121744
0.01246
0.0127513
0.0130485
0.0133516
0.0136608
0.013976
0.0142975
0.0146253
0.0149595
0.0153001
0.0156474
0.0160013
0.0163621
0.0167297
0.0171043
0.0174859
0.0178748
0.0182709
0.0186744
0.0190853
0.0195039
0.0199301
0.0203641
0.020806
0.0212558
0.0217137
0.0221799
0.0226543
0.0231371
0.0236284
0.0241283
0.0246369
0.0251543
0.0256806
0.026216
0.0267604
0.0273141
0.0278771
0.0284495
0.0290315
0.0296231
0.0302244
0.0308356
0.0314567
0.0320879
0.0327292
0.0333808
0.0340427
0.034715
0.0353979
0.0360915
0.0367958
0.0375109
0.038237
0.0389741
0.0397224
0.0404818
0.0412526
0.0420348
0.0428285
0.0436338
0.0444508
0.0452795
0.0461201
0.0469727
0.0478372
0.0487139
0.0496027
0.0505039
0.0514173
0.0523432
0.0532816
0.0542325
0.0551961
0.0561723
0.0571614
0.0581633
0.059178
0.0602058
0.0612465
0.0623003
0.0633673
0.0644474
0.0655408
0.0666474
0.0677674
0.0689007
0.0700474
0.0712075
0.0723811
0.0735682
0.0747688
0.075983
0.0772107
0.078452
0.0797069
0.0809755
0.0822576
0.0835534
0.0848628
0.0861858
0.0875225
0.0888728
0.0902366
0.0916141
0.0930051
0.0944096
0.0958277
0.0972593
0.0987043
0.100163
0.101634
0.10312
0.104618
0.106129
0.107654
0.109192
0.110743
0.112307
0.113883
0.115473
0.117075
0.118689
0.120317
0.121956
0.123608
0.125272
0.126949
0.128637
0.130337
0.132049
0.133772
0.135507
0.137253
0.139011
0.140779
0.142558
0.144348
0.146149
0.147959
0.14978
0.151611
0.153452
0.155303
0.157162
0.159031
0.16091
0.162797
0.164692
0.166596
0.168508
0.170428
0.172356
0.174291
0.176233
0.178183
0.180139
0.182101
0.18407
0.186045
0.188025
0.190011
0.192002
0.193998
0.195998
0.198002
0.200011
0.202023
0.204038
0.206056
0.208078
0.210101
0.212127
0.214154
0.216183
0.218213
0.220244
0.222275
0.224306
0.226337
0.228367
0.230397
0.232425
0.234451
0.236475
0.238497
0.240516
0.242533
0.244545
0.246554
0.248558
0.250558
0.252553
0.254542
0.256526
0.258503
0.260474
0.262438
0.264395
0.266344
0.268285
0.270217
0.272141
0.274055
0.27596
0.277854
0.279738
0.281611
0.283473
0.285324
0.287162
0.288988
0.290801
0.292601
0.294387
0.296159
0.297917
0.29966
0.301388
0.303101
0.304797
0.306478
0.308141
0.309788
0.311417
0.313028
0.314621
0.316195
0.317751
0.319287
0.320804
0.322301
0.323777
0.325233
0.326668
0.328081
0.329473
0.330842
0.332189
0.333514
0.334816
0.336094
0.337348
0.338579
0.339786
0.340967
0.342125
0.343257
0.344363
0.345444
0.346499
0.347528
0.348531
0.349507
0.350455
0.351377
0.352271
0.353138
0.353977
0.354788
0.35557
0.356324
0.35705
0.357747
0.358414
0.359053
0.359662
0.360241
0.360791
0.361312
0.361802
0.362262
0.362692
0.363092
0.363462
0.363801
0.364109
0.364387
0.364634
0.364851
0.365037
0.365191
0.365315
0.365408
0.36547
0.365501
0.365501
0.36547
0.365408
0.365315
0.365191
0.365037
0.364851
0.364634
0.364387
0.364109
0.363801
0.363462
0.363092
0.362692
0.362262
0.361802
0.361312
0.360791
0.360241
0.359662
0.359053
0.358414
0.357747
0.35705
0.356324
0.35557
0.354788
0.353977
0.353138
0.352271
0.351377
0.350455
0.349507
0.348531
0.347528
0.346499
0.345444
0.344363
0.343257
0.342125
0.340967
0.339786
0.338579
0.337348
0.336094
0.334816
0.333514
0.332189
0.330842
0.329473
0.328081
0.326668
0.325233
0.323777
0.322301
0.320804
0.319287
0.317751
0.316195
0.314621
0.313028
0.311417
0.309788
0.308141
0.306478
0.304797
0.303101
0.301388
0.29966
0.297917
0.296159
0.294387
0.292601
0.290801
0.288988
0.287162
0.285324
0.283473
0.281611
0.279738
0.277854
0.27596
0.274055
0.272141
0.270217
0.268285
0.266344
0.264395
0.262438
0.260474
0.258503
0.256526
0.254542
0.252553
0.250558
0.248558
0.246554
0.244545
0.242533
0.240516
0.238497
0.236475
0.234451
0.232425
0.230397
0.228367
0.226337
0.224306
0.222275
0.220244
0.218213
0.216183
0.214154
0.212127
0.210101
0.208078
0.206056
0.204038
0.202023
0.200011
0.198002
0.195998
0.193998
0.192002
0.190011
0.188025
0.186045
0.18407
0.182101
0.180139
0.178183
0.176233
0.174291
0.172356
0.170428
0.168508
0.166596
0.164692
0.162797
0.16091
0.159031
0.157162
0.155303
0.153452
0.151611
0.14978
0.147959
0.146149
0.144348
0.142558
0.140779
0.139011
0.137253
0.135507
0.133772
0.132049
0.130337
0.128637
0.126949
0.125272
0.123608
0.121956
0.120317
0.118689
0.117075
0.115473
0.113883
0.112307
0.110743
0.109192
0.107654
0.106129
0.104618
0.10312
0.101634
0.100163
0.0987043
0.0972593
0.0958277
0.0944096
0.0930051
0.0916141
0.0902366
0.0888728
0.0875225
0.0861858
0.0848628
0.0835534
0.0822576
0.0809755
0.0797069
0.078452
0.0772107
0.075983
0.0747688
0.0735682
0.0723811
0.0712075
0.0700474
0.0689007
0.0677674
0.0666474
0.0655408
0.0644474
0.0633673
0.0623003
0.0612465
0.0602058
0.059178
0.0581633
0.0571614
0.0561723
0.0551961
0.0542325
0.0532816
0.0523432
0.0514173
0.0505039
0.0496027
0.0487139
0.0478372
0.0469727
0.0461201
0.0452795
0.0444508
0.0436338
0.0428285
0.0420348
0.0412526
0.0404818
0.0397224
0.0389741
0.038237
0.0375109
0.0367958
0.0360915
0.0353979
0.034715
0.0340427
0.0333808
0.0327292
0.0320879
0.0314567
0.0308356
0.0302244
0.0296231
0.0290315
0.0284495
0.0278771
0.0273141
0.0267604
0.026216
0.0256806
0.0251543
0.0246369
0.0241283
0.0236284
0.0231371
0.0226543
0.0221799
0.0217137
0.0212558
0.020806
0.0203641
0.0199301
0.0195039
0.0190853
0.0186744
0.0182709
0.0178748
0.0174859
0.0171043
0.0167297
0.0163621
0.0160013
0.0156474
0.0153001
0.0149595
0.0146253
0.0142975
0.013976
0.0136608
0.0133516
0.0130485
0.0127513
0.01246
0.0121744
0.0118945
0.0116202
0.0113513
0.0110879
0.0108297
0.0105768
0.0103291
0.0100864
0.0098487
0.00961588
0.00938788
0.00916462
0.00894601
0.00873198
0.00852245
0.00831734
0.00811657
0.00792008
0.00772778
0.0075396
0.00735547
0.00717531
0.00699906
0.00682665
0.006658
0.00649305
0.00633173
0.00617398
0.00601972
0.00586889
0.00572143
0.00557728
0.00543636
0.00529863
0.00516402
0.00503247
0.00490392
0.00477831
0.00465559
0.0045357
0.00441858
0.00430417
0.00419244
0.00408331
0.00397675
0.00387269
0.00377108
0.00367189
0.00357505
0.00348052
0.00338825
0.0032982
0.00321031
0.00312455
0.00304086
0.00295921
0.00287955
0.00280184
0.00272603
0.0026521
0.00257998
0.00250966
0.00244108
0.00237421
0.00230902
0.00224545
0.00218349
0.00212309
0.00206422
0.00200684
0.00195093
0.00189644
0.00184335
0.00179162
0.00174122
0.00169213
0.0016443
0.00159772
0.00155236
0.00150818
0.00146516
0.00142326
0.00138248
0.00134277
0.00130411
0.00126648
0.00122986
0.00119421
0.00115952
0.00112576
0.00109291
0.00106095
0.00102985
0.000999604
0.000970179
0.000941557
0.000913719
0.000886646
0.000860318
0.000834718
0.000809826
0.000785626
0.000762099
0.000739228
0.000716998
0.000695391
0.000674392
0.000653986
0.000634156
0.000614888
0.000596169
0.000577982
0.000560315
0.000543155
0.000526487
0.000510299
0.000494579
0.000479313
0.00046449
0.000450099
0.000436128
0.000422565
0.0004094
0.000396621
0.00038422
0.000372185
0.000360507
0.000349175
0.000338182
0.000327516
0.00031717
0.000307135
0.000297402
0.000287963
0.00027881
0.000269935
0.00026133
0.000252988
0.000244902
0.000237064
0.000229467
0.000222105
0.000214972
0.000208061
0.000201365
0.000194879
0.000188596
0.000182512
0.00017662
0.000170916
0.000165393
0.000160047
0.000154872
0.000149865
0.000145019
0.000140331
0.000135797
0.000131411
0.00012717
0.000123069
0.000119105
0.000115274
0.000111572
0.000107996
0.000104541
0.000101205
9.79845e-05
9.4876e-05
9.18765e-05
8.89831e-05
8.61928e-05
8.35029e-05
8.09107e-05
7.84134e-05
7.60087e-05
7.3694e-05
7.14669e-05
6.93253e-05
6.72669e-05
6.52896e-05
6.33913e-05
6.157e-05
5.9824e-05
5.81513e-05
5.65502e-05
5.50191e-05
5.35563e-05
5.21602e-05
5.08295e-05
4.95627e-05
4.83584e-05
4.72155e-05
4.61325e-05
4.51085e-05
4.41423e-05
4.32329e-05
4.23793e-05
4.15806e-05
4.08359e-05
4.01444e-05
3.95054e-05
3.89182e-05
3.83821e-05
3.78966e-05
3.74611e-05
3.70752e-05
3.67385e-05
3.64505e-05
3.6211e-05
3.60198e-05
3.58765e-05
3.57811e-05
3.57334e-05
)
;

boundaryField
{
    sides
    {
        type            zeroGradient;
    }
    empty
    {
        type            empty;
    }
}


// ************************************************************************* //
