/*--------------------------------*- C++ -*----------------------------------*\
  =========                 |
  \\      /  F ield         | OpenFOAM: The Open Source CFD Toolbox
   \\    /   O peration     | Website:  https://openfoam.org
    \\  /    A nd           | Version:  7
     \\/     M anipulation  |
\*---------------------------------------------------------------------------*/
FoamFile
{
    version     2.0;
    format      ascii;
    class       volScalarField;
    location    "0.76";
    object      T;
}
// * * * * * * * * * * * * * * * * * * * * * * * * * * * * * * * * * * * * * //

dimensions      [0 0 0 1 0 0 0];

internalField   nonuniform List<scalar> 
1000
(
0
0
0
0
0
0
0
0
0
0
0
0
0
0
0
0
0
0
0
0
0
0
0
0
0
0
0
0
0
0
0
0
0
0
0
0
0
0
0
0
0
0
0
0
0
0
0
0
0
0
0
0
0
0
0
0
0
0
0
0
0
0
0
0
0
0
0
0
0
0
0
0
0
0
0
0
0
0
0
0
0
0
0
0
0
0
0
0
0
0
0
0
0
0
0
0
0
0
0
0
0
0
0
0
0
0
0
0
0
0
0
0
0
0
0
0
0
0
0
0
0
0
0
0
0
0
0
0
0
0
0
0
0
0
0
0
0
0
0
0
0
0
0
0
0
0
0
0
0
0
0
0
0
0
0
0
0
0
0
0
0
0
0
0
0
0
0
0
0
0
0
0
0
0
0
0
0
0
0
0
0
0
0
0
0
0
0
0
0
0
0
0
0
0
0
0
0
0
0
0
0
0
0
0
0
0
0
0
0
0
0
0
0
0
0
0
0
0
0
0
0
0
0
0
0
0
0
0
0
0
0
0
0
0
0
0
0
0
0
9.88131e-324
1.51678e-321
1.94153e-319
2.48249e-317
3.16512e-315
4.02384e-313
5.10061e-311
6.44641e-309
8.12291e-307
1.02044e-304
1.27797e-302
1.59552e-300
1.98568e-298
2.46333e-296
3.04596e-294
3.75399e-292
4.61117e-290
5.6449e-288
6.88664e-286
8.37228e-284
1.01425e-281
1.22429e-279
1.47245e-277
1.76438e-275
2.10627e-273
2.50484e-271
2.96734e-269
3.50146e-267
4.11527e-265
4.81714e-263
5.61555e-261
6.51899e-259
7.53571e-257
8.67348e-255
9.93934e-253
1.13393e-250
1.28779e-248
1.4558e-246
1.63803e-244
1.83431e-242
2.04416e-240
2.26681e-238
2.50112e-236
2.74556e-234
2.99825e-232
3.25689e-230
3.5188e-228
3.78091e-226
4.03985e-224
4.29196e-222
4.53333e-220
4.75995e-218
4.96775e-216
5.15273e-214
5.31105e-212
5.43917e-210
5.53396e-208
5.59284e-206
5.61381e-204
5.59563e-202
5.53783e-200
5.44079e-198
5.3057e-196
5.13464e-194
4.93044e-192
4.69668e-190
4.43755e-188
4.15772e-186
3.86224e-184
3.55632e-182
3.24521e-180
2.93403e-178
2.62761e-176
2.33034e-174
2.0461e-172
1.77812e-170
1.52895e-168
1.30045e-166
1.09376e-164
9.09352e-163
7.47081e-161
6.0627e-159
4.85798e-157
3.84197e-155
2.99757e-153
2.3062e-151
1.74871e-149
1.30618e-147
9.60514e-146
6.94951e-144
4.94392e-142
3.4558e-140
2.37169e-138
1.59675e-136
1.05366e-134
6.80802e-133
4.3026e-131
2.65654e-129
1.60031e-127
9.39194e-126
5.361e-124
2.97067e-122
1.59454e-120
8.26965e-119
4.13146e-117
1.98111e-115
9.0772e-114
3.95141e-112
1.62188e-110
6.21092e-109
2.18408e-107
6.86795e-106
1.83219e-104
3.59159e-103
1.72197e-102
-2.60946e-100
-1.52075e-98
-5.07124e-97
-9.70838e-96
4.12663e-95
1.1321e-92
4.48988e-91
7.57974e-90
-1.35882e-88
-1.24387e-86
-3.1177e-85
1.50666e-84
3.47165e-82
8.77384e-81
-9.27364e-80
-1.0694e-77
-1.5554e-76
6.96104e-75
2.73007e-73
-2.29384e-72
-2.86684e-70
-8.76582e-70
2.60595e-67
2.16618e-66
-2.36102e-64
-1.88337e-63
2.23179e-61
2.74985e-61
-2.05499e-58
2.38764e-57
1.46195e-55
-4.9947e-54
-1.44481e-53
4.79112e-51
-1.33448e-49
4.25126e-49
9.86285e-47
-4.55672e-45
1.29918e-43
-2.84623e-42
5.15069e-41
-7.97278e-40
1.07695e-38
-1.2855e-37
1.36703e-36
-1.30187e-35
1.11362e-34
-8.5653e-34
5.91887e-33
-3.66394e-32
2.02018e-31
-9.82353e-31
4.14128e-30
-1.46568e-29
4.05222e-29
-6.85041e-29
-5.80598e-29
9.62182e-28
-3.90623e-27
8.24299e-27
5.32598e-28
-7.1916e-26
2.5674e-25
-3.08648e-25
-9.68929e-25
5.19924e-24
-7.79029e-24
-1.52975e-23
9.0243e-23
-1.10378e-22
-3.29306e-22
1.34214e-21
-5.71281e-22
-6.7492e-21
1.41303e-20
1.57132e-20
-9.65751e-20
4.03363e-20
4.39292e-19
-6.53719e-19
-1.48439e-18
4.27637e-18
3.57666e-18
-2.11936e-17
-3.74219e-18
9.08752e-17
-1.88335e-17
-3.58792e-16
1.49693e-16
1.35268e-15
-6.35384e-16
-4.95596e-15
1.81674e-15
1.76238e-14
-2.12627e-15
-5.96597e-14
-1.4854e-14
1.85239e-13
1.38207e-13
-4.9469e-13
-7.22929e-13
9.79599e-13
2.82412e-12
-5.66953e-13
-8.41037e-12
-6.02247e-12
1.70539e-11
3.32804e-11
-9.43542e-12
-9.6519e-11
-8.83126e-11
1.35009e-10
3.89053e-10
1.8052e-10
-6.92673e-10
-1.40405e-09
-4.08445e-10
2.65867e-09
5.0456e-09
1.94063e-09
-8.25447e-09
-1.81851e-08
-1.28501e-08
1.7617e-08
5.99849e-08
7.20068e-08
5.13504e-09
-1.45962e-07
-2.97331e-07
-2.81114e-07
6.37405e-08
7.32414e-07
1.41055e-06
1.47153e-06
2.17079e-07
-2.63948e-06
-6.4035e-06
-9.04386e-06
-7.40719e-06
1.7397e-06
1.98392e-05
4.42145e-05
6.60376e-05
6.96124e-05
3.40435e-05
-6.18797e-05
-0.000231253
-0.00046744
-0.000730366
-0.000932448
-0.00092628
-0.000496255
0.000644016
0.00284723
0.00652041
0.012106
0.0200575
0.030811
0.0447567
0.0622106
0.0833918
0.108404
0.137226
0.169708
0.205577
0.244452
0.285857
0.329248
0.374032
0.4196
0.465344
0.510681
0.555076
0.598049
0.639193
0.678175
0.71474
0.748711
0.779982
0.808515
0.834328
0.85749
0.87811
0.896328
0.912306
0.926219
0.938251
0.948587
0.95741
0.964893
0.971202
0.97649
0.980896
0.984548
0.987557
0.990025
0.992037
0.99367
0.994989
0.99605
0.996898
0.997574
0.998109
0.998532
0.998865
0.999125
0.999328
0.999486
0.999608
0.999702
0.999774
0.99983
0.999872
0.999904
0.999928
0.999946
0.99996
0.99997
0.999978
0.999984
0.999988
0.999991
0.999994
0.999995
0.999997
0.999997
0.999998
0.999999
0.999999
1
0.999999
0.999999
0.999998
0.999998
1
1
1.00001
1.00001
1.00001
0.999998
0.99998
0.999956
0.999934
0.99993
0.999966
1.00006
1.00023
1.00047
1.00073
1.00093
1.00093
1.0005
0.999356
0.997153
0.99348
0.987894
0.979942
0.969189
0.955243
0.937789
0.916608
0.891596
0.862774
0.830292
0.794423
0.755548
0.714143
0.670752
0.625968
0.5804
0.534656
0.489319
0.444924
0.401951
0.360807
0.321825
0.28526
0.251289
0.220018
0.191485
0.165672
0.14251
0.12189
0.103672
0.0876944
0.0737814
0.0617492
0.0514127
0.04259
0.0351066
0.0287975
0.0235099
0.0191036
0.0154522
0.0124428
0.00997547
0.007963
0.00632971
0.00501063
0.00395036
0.00310206
0.00242643
0.0018907
0.00146772
0.00113518
0.000874806
0.000671766
0.000514057
0.000392029
0.000297966
0.000225726
0.000170448
0.000128297
9.62689e-05
7.20146e-05
5.37086e-05
3.99373e-05
2.96105e-05
2.18911e-05
1.61386e-05
1.18647e-05
8.69893e-06
6.36075e-06
4.63878e-06
3.37419e-06
2.44808e-06
1.77169e-06
1.27901e-06
9.21087e-07
6.61733e-07
4.74283e-07
3.39141e-07
2.4195e-07
1.72222e-07
1.22316e-07
8.66808e-08
6.12947e-08
4.3251e-08
3.04548e-08
2.14e-08
1.50066e-08
1.05021e-08
7.33511e-09
5.1131e-09
3.5573e-09
2.47018e-09
1.71205e-09
1.1844e-09
8.17864e-10
5.63739e-10
3.87881e-10
2.66411e-10
1.82662e-10
1.25025e-10
8.54298e-11
5.82763e-11
3.96875e-11
2.6984e-11
1.8317e-11
1.24139e-11
8.4e-12
5.67507e-12
3.8282e-12
2.57843e-12
1.73405e-12
1.16446e-12
7.8081e-13
5.228e-13
3.49544e-13
2.33373e-13
1.55593e-13
1.03591e-13
6.88749e-14
4.57307e-14
3.03229e-14
2.00796e-14
1.32791e-14
8.77038e-15
5.78506e-15
3.81104e-15
2.50744e-15
1.6477e-15
1.0814e-15
7.0887e-16
4.64109e-16
3.03496e-16
1.98231e-16
1.29325e-16
8.42727e-17
5.4852e-17
3.56618e-17
2.31592e-17
1.50231e-17
9.73457e-18
6.30082e-18
4.07387e-18
2.63118e-18
1.69758e-18
1.09409e-18
7.04408e-19
4.53049e-19
2.91085e-19
1.86834e-19
1.19799e-19
7.67393e-20
4.91082e-20
3.13953e-20
2.00519e-20
1.27946e-20
8.15615e-21
5.19438e-21
3.30503e-21
2.10094e-21
1.3343e-21
8.46636e-22
5.36719e-22
3.39945e-22
2.15122e-22
1.36012e-22
8.59193e-23
5.42285e-23
3.41973e-23
2.1547e-23
1.35648e-23
8.53251e-24
5.36264e-24
3.36762e-24
2.11306e-24
1.3248e-24
8.29923e-25
5.19492e-25
3.2492e-25
2.03064e-25
1.26809e-25
7.91284e-26
4.9338e-26
3.07397e-26
1.91377e-26
1.19057e-26
7.40111e-27
4.59747e-27
2.85379e-27
1.77015e-27
1.0972e-27
6.79592e-28
4.20633e-28
2.60167e-28
1.60804e-28
9.93206e-29
6.13031e-29
3.78119e-29
2.33066e-29
1.43561e-29
8.83697e-30
5.43602e-30
3.34173e-30
2.05295e-30
1.26038e-30
7.73293e-31
4.74141e-31
2.90533e-31
1.77913e-31
1.08879e-31
6.65907e-32
4.07017e-32
2.48624e-32
1.51778e-32
9.26001e-33
5.64614e-33
3.44058e-33
2.09533e-33
1.27532e-33
7.7576e-34
4.71611e-34
2.86542e-34
1.73998e-34
1.05596e-34
6.40485e-35
3.88261e-35
2.35231e-35
1.42437e-35
8.62011e-36
5.2139e-36
3.15192e-36
1.90438e-36
1.14999e-36
6.94073e-37
4.18681e-37
2.52425e-37
1.52108e-37
9.16106e-38
5.51459e-38
3.31785e-38
1.99516e-38
1.19916e-38
7.20369e-39
4.32529e-39
2.59572e-39
1.55698e-39
9.33461e-40
5.59364e-40
3.35028e-40
2.00565e-40
1.20011e-40
7.17758e-41
4.29069e-41
2.56372e-41
1.53112e-41
9.13998e-42
5.45353e-42
3.25244e-42
1.93883e-42
1.15524e-42
6.88031e-43
4.09587e-43
2.43719e-43
1.44956e-43
8.61771e-44
5.12099e-44
3.04177e-44
1.80596e-44
1.07177e-44
6.35776e-45
3.76983e-45
2.23436e-45
1.32373e-45
7.83905e-46
4.64028e-46
2.74563e-46
1.6239e-46
9.60059e-47
5.67358e-47
3.35149e-47
1.97899e-47
1.16808e-47
6.89167e-48
4.06446e-48
2.39612e-48
1.41203e-48
8.31775e-49
4.89776e-49
2.88284e-49
1.69619e-49
9.97609e-50
5.86515e-50
3.44693e-50
2.02498e-50
1.18917e-50
6.98079e-51
4.0964e-51
2.40291e-51
1.40901e-51
8.25901e-52
4.83931e-52
2.83453e-52
1.65966e-52
9.71409e-53
5.68366e-53
3.32429e-53
1.94364e-53
1.136e-53
6.63723e-54
3.87654e-54
2.26334e-54
1.32101e-54
7.70742e-55
4.49536e-55
2.62103e-55
1.52767e-55
8.90106e-56
5.1845e-56
3.01875e-56
1.75712e-56
1.02242e-56
5.94727e-57
3.45829e-57
2.01031e-57
1.16821e-57
6.78642e-58
3.94112e-58
2.28801e-58
1.32788e-58
7.70406e-59
4.46831e-59
2.59078e-59
1.50169e-59
8.70152e-60
5.04051e-60
2.9189e-60
1.68978e-60
9.77932e-61
5.65788e-61
3.2724e-61
1.89212e-61
1.0937e-61
6.32004e-62
3.65099e-62
2.10849e-62
1.21732e-62
7.02604e-63
4.05405e-63
2.33851e-63
1.34854e-63
7.77434e-64
4.48061e-64
2.58159e-64
1.487e-64
8.56276e-65
4.92939e-65
2.83693e-65
1.63224e-65
9.38852e-66
5.3987e-66
3.10357e-66
1.78367e-66
1.02482e-66
5.88656e-67
3.38032e-67
1.9406e-67
1.11377e-67
6.39059e-68
3.6658e-68
2.10223e-68
1.20525e-68
6.90813e-69
3.95848e-69
2.26768e-69
1.29874e-69
7.4362e-70
4.25663e-70
2.43596e-70
1.39368e-70
7.97155e-71
4.55841e-71
2.60599e-71
1.48944e-71
8.5107e-72
4.86181e-72
2.77666e-72
1.5854e-72
9.04999e-73
5.16476e-73
2.94677e-73
1.68083e-73
9.5973e-74
5.17382e-74
)
;

boundaryField
{
    sides
    {
        type            zeroGradient;
    }
    empty
    {
        type            empty;
    }
}


// ************************************************************************* //
