/*--------------------------------*- C++ -*----------------------------------*\
  =========                 |
  \\      /  F ield         | OpenFOAM: The Open Source CFD Toolbox
   \\    /   O peration     | Website:  https://openfoam.org
    \\  /    A nd           | Version:  7
     \\/     M anipulation  |
\*---------------------------------------------------------------------------*/
FoamFile
{
    version     2.0;
    format      ascii;
    class       volScalarField;
    location    "4.65";
    object      T;
}
// * * * * * * * * * * * * * * * * * * * * * * * * * * * * * * * * * * * * * //

dimensions      [0 0 0 1 0 0 0];

internalField   nonuniform List<scalar> 
1000
(
0.0686378
0.068639
0.0686414
0.0686451
0.06865
0.0686561
0.0686635
0.068672
0.0686818
0.0686928
0.068705
0.0687185
0.0687331
0.068749
0.0687661
0.0687844
0.068804
0.0688247
0.0688467
0.0688699
0.0688943
0.0689199
0.0689467
0.0689747
0.069004
0.0690344
0.0690661
0.069099
0.069133
0.0691683
0.0692048
0.0692425
0.0692814
0.0693215
0.0693627
0.0694052
0.0694489
0.0694937
0.0695398
0.069587
0.0696355
0.0696851
0.0697359
0.0697879
0.069841
0.0698954
0.0699509
0.0700076
0.0700654
0.0701244
0.0701846
0.070246
0.0703085
0.0703722
0.0704371
0.070503
0.0705702
0.0706385
0.0707079
0.0707785
0.0708503
0.0709231
0.0709972
0.0710723
0.0711486
0.071226
0.0713045
0.0713842
0.0714649
0.0715468
0.0716298
0.071714
0.0717992
0.0718855
0.0719729
0.0720614
0.0721511
0.0722418
0.0723336
0.0724264
0.0725204
0.0726154
0.0727116
0.0728087
0.072907
0.0730063
0.0731067
0.0732081
0.0733105
0.0734141
0.0735186
0.0736242
0.0737309
0.0738385
0.0739472
0.0740569
0.0741677
0.0742794
0.0743922
0.0745059
0.0746207
0.0747365
0.0748532
0.074971
0.0750897
0.0752094
0.0753301
0.0754518
0.0755744
0.075698
0.0758225
0.075948
0.0760744
0.0762018
0.0763301
0.0764594
0.0765896
0.0767207
0.0768527
0.0769856
0.0771194
0.0772542
0.0773898
0.0775263
0.0776638
0.0778021
0.0779412
0.0780813
0.0782222
0.078364
0.0785066
0.0786501
0.0787944
0.0789395
0.0790855
0.0792323
0.07938
0.0795284
0.0796777
0.0798278
0.0799787
0.0801303
0.0802828
0.080436
0.08059
0.0807448
0.0809003
0.0810566
0.0812137
0.0813715
0.08153
0.0816893
0.0818493
0.08201
0.0821715
0.0823336
0.0824965
0.08266
0.0828243
0.0829892
0.0831548
0.0833211
0.083488
0.0836556
0.0838239
0.0839927
0.0841623
0.0843324
0.0845032
0.0846747
0.0848467
0.0850193
0.0851925
0.0853664
0.0855408
0.0857158
0.0858913
0.0860675
0.0862442
0.0864214
0.0865992
0.0867775
0.0869564
0.0871358
0.0873157
0.0874961
0.087677
0.0878584
0.0880403
0.0882227
0.0884056
0.0885889
0.0887727
0.0889569
0.0891416
0.0893268
0.0895123
0.0896983
0.0898847
0.0900716
0.0902588
0.0904464
0.0906344
0.0908228
0.0910116
0.0912008
0.0913903
0.0915801
0.0917703
0.0919609
0.0921517
0.0923429
0.0925344
0.0927262
0.0929183
0.0931108
0.0933035
0.0934964
0.0936897
0.0938832
0.0940769
0.094271
0.0944652
0.0946597
0.0948544
0.0950493
0.0952445
0.0954398
0.0956353
0.0958311
0.096027
0.096223
0.0964193
0.0966156
0.0968122
0.0970089
0.0972057
0.0974026
0.0975997
0.0977968
0.0979941
0.0981915
0.0983889
0.0985865
0.0987841
0.0989817
0.0991794
0.0993772
0.099575
0.0997728
0.0999707
0.100169
0.100366
0.100564
0.100762
0.10096
0.101158
0.101356
0.101554
0.101751
0.101949
0.102147
0.102344
0.102542
0.102739
0.102936
0.103133
0.10333
0.103527
0.103724
0.103921
0.104117
0.104314
0.10451
0.104706
0.104902
0.105098
0.105293
0.105489
0.105684
0.105879
0.106074
0.106268
0.106462
0.106656
0.10685
0.107044
0.107237
0.10743
0.107623
0.107815
0.108007
0.108199
0.108391
0.108582
0.108773
0.108963
0.109153
0.109343
0.109533
0.109722
0.109911
0.110099
0.110287
0.110475
0.110662
0.110849
0.111035
0.111221
0.111406
0.111591
0.111776
0.11196
0.112144
0.112327
0.11251
0.112692
0.112874
0.113055
0.113236
0.113416
0.113596
0.113775
0.113954
0.114132
0.11431
0.114487
0.114663
0.114839
0.115015
0.115189
0.115363
0.115537
0.11571
0.115882
0.116054
0.116225
0.116396
0.116565
0.116735
0.116903
0.117071
0.117238
0.117405
0.11757
0.117736
0.1179
0.118064
0.118227
0.118389
0.118551
0.118712
0.118872
0.119031
0.11919
0.119348
0.119505
0.119661
0.119817
0.119972
0.120126
0.120279
0.120431
0.120583
0.120734
0.120884
0.121033
0.121181
0.121329
0.121476
0.121622
0.121767
0.121911
0.122054
0.122196
0.122338
0.122478
0.122618
0.122757
0.122895
0.123032
0.123168
0.123303
0.123438
0.123571
0.123704
0.123835
0.123966
0.124095
0.124224
0.124352
0.124478
0.124604
0.124729
0.124853
0.124976
0.125097
0.125218
0.125338
0.125457
0.125575
0.125692
0.125807
0.125922
0.126036
0.126149
0.12626
0.126371
0.126481
0.126589
0.126697
0.126803
0.126908
0.127013
0.127116
0.127218
0.127319
0.127419
0.127518
0.127616
0.127712
0.127808
0.127902
0.127996
0.128088
0.128179
0.128269
0.128358
0.128446
0.128532
0.128618
0.128702
0.128785
0.128867
0.128948
0.129028
0.129107
0.129184
0.12926
0.129336
0.12941
0.129482
0.129554
0.129624
0.129694
0.129762
0.129828
0.129894
0.129959
0.130022
0.130084
0.130145
0.130205
0.130263
0.13032
0.130376
0.130431
0.130485
0.130537
0.130589
0.130638
0.130687
0.130735
0.130781
0.130826
0.13087
0.130913
0.130954
0.130994
0.131033
0.131071
0.131107
0.131142
0.131176
0.131209
0.13124
0.131271
0.1313
0.131327
0.131354
0.131379
0.131403
0.131426
0.131447
0.131467
0.131486
0.131504
0.13152
0.131535
0.131549
0.131562
0.131573
0.131583
0.131592
0.1316
0.131606
0.131611
0.131615
0.131617
0.131619
0.131619
0.131617
0.131615
0.131611
0.131606
0.1316
0.131592
0.131583
0.131573
0.131562
0.131549
0.131535
0.13152
0.131504
0.131486
0.131467
0.131447
0.131426
0.131403
0.131379
0.131354
0.131327
0.1313
0.131271
0.13124
0.131209
0.131176
0.131142
0.131107
0.131071
0.131033
0.130994
0.130954
0.130913
0.13087
0.130826
0.130781
0.130735
0.130687
0.130638
0.130589
0.130537
0.130485
0.130431
0.130376
0.13032
0.130263
0.130205
0.130145
0.130084
0.130022
0.129959
0.129894
0.129828
0.129762
0.129694
0.129624
0.129554
0.129482
0.12941
0.129336
0.12926
0.129184
0.129107
0.129028
0.128948
0.128867
0.128785
0.128702
0.128618
0.128532
0.128446
0.128358
0.128269
0.128179
0.128088
0.127996
0.127902
0.127808
0.127712
0.127616
0.127518
0.127419
0.127319
0.127218
0.127116
0.127013
0.126908
0.126803
0.126697
0.126589
0.126481
0.126371
0.12626
0.126149
0.126036
0.125922
0.125807
0.125692
0.125575
0.125457
0.125338
0.125218
0.125097
0.124976
0.124853
0.124729
0.124604
0.124478
0.124352
0.124224
0.124095
0.123966
0.123835
0.123704
0.123571
0.123438
0.123303
0.123168
0.123032
0.122895
0.122757
0.122618
0.122478
0.122338
0.122196
0.122054
0.121911
0.121767
0.121622
0.121476
0.121329
0.121181
0.121033
0.120884
0.120734
0.120583
0.120431
0.120279
0.120126
0.119972
0.119817
0.119661
0.119505
0.119348
0.11919
0.119031
0.118872
0.118712
0.118551
0.118389
0.118227
0.118064
0.1179
0.117736
0.11757
0.117405
0.117238
0.117071
0.116903
0.116735
0.116565
0.116396
0.116225
0.116054
0.115882
0.11571
0.115537
0.115363
0.115189
0.115015
0.114839
0.114663
0.114487
0.11431
0.114132
0.113954
0.113775
0.113596
0.113416
0.113236
0.113055
0.112874
0.112692
0.11251
0.112327
0.112144
0.11196
0.111776
0.111591
0.111406
0.111221
0.111035
0.110849
0.110662
0.110475
0.110287
0.110099
0.109911
0.109722
0.109533
0.109343
0.109153
0.108963
0.108773
0.108582
0.108391
0.108199
0.108007
0.107815
0.107623
0.10743
0.107237
0.107044
0.10685
0.106656
0.106462
0.106268
0.106074
0.105879
0.105684
0.105489
0.105293
0.105098
0.104902
0.104706
0.10451
0.104314
0.104117
0.103921
0.103724
0.103527
0.10333
0.103133
0.102936
0.102739
0.102542
0.102344
0.102147
0.101949
0.101751
0.101554
0.101356
0.101158
0.10096
0.100762
0.100564
0.100366
0.100169
0.0999707
0.0997728
0.099575
0.0993772
0.0991794
0.0989817
0.0987841
0.0985865
0.0983889
0.0981915
0.0979941
0.0977968
0.0975997
0.0974026
0.0972057
0.0970089
0.0968122
0.0966156
0.0964193
0.096223
0.096027
0.0958311
0.0956353
0.0954398
0.0952445
0.0950493
0.0948544
0.0946597
0.0944652
0.094271
0.0940769
0.0938832
0.0936897
0.0934964
0.0933035
0.0931108
0.0929183
0.0927262
0.0925344
0.0923429
0.0921517
0.0919609
0.0917703
0.0915801
0.0913903
0.0912008
0.0910116
0.0908228
0.0906344
0.0904464
0.0902588
0.0900716
0.0898847
0.0896983
0.0895123
0.0893268
0.0891416
0.0889569
0.0887727
0.0885889
0.0884056
0.0882227
0.0880403
0.0878584
0.087677
0.0874961
0.0873157
0.0871358
0.0869564
0.0867775
0.0865992
0.0864214
0.0862442
0.0860675
0.0858913
0.0857158
0.0855408
0.0853664
0.0851925
0.0850193
0.0848467
0.0846747
0.0845032
0.0843324
0.0841623
0.0839927
0.0838239
0.0836556
0.083488
0.0833211
0.0831548
0.0829892
0.0828243
0.08266
0.0824965
0.0823336
0.0821715
0.08201
0.0818493
0.0816893
0.08153
0.0813715
0.0812137
0.0810566
0.0809003
0.0807448
0.08059
0.080436
0.0802828
0.0801303
0.0799787
0.0798278
0.0796777
0.0795284
0.07938
0.0792323
0.0790855
0.0789395
0.0787944
0.0786501
0.0785066
0.078364
0.0782222
0.0780813
0.0779412
0.0778021
0.0776638
0.0775263
0.0773898
0.0772542
0.0771194
0.0769856
0.0768527
0.0767207
0.0765896
0.0764594
0.0763301
0.0762018
0.0760744
0.075948
0.0758225
0.075698
0.0755744
0.0754518
0.0753301
0.0752094
0.0750897
0.074971
0.0748532
0.0747365
0.0746207
0.0745059
0.0743922
0.0742794
0.0741677
0.0740569
0.0739472
0.0738385
0.0737309
0.0736242
0.0735186
0.0734141
0.0733105
0.0732081
0.0731067
0.0730063
0.072907
0.0728087
0.0727116
0.0726154
0.0725204
0.0724264
0.0723336
0.0722418
0.0721511
0.0720614
0.0719729
0.0718855
0.0717992
0.071714
0.0716298
0.0715468
0.0714649
0.0713842
0.0713045
0.071226
0.0711486
0.0710723
0.0709972
0.0709231
0.0708503
0.0707785
0.0707079
0.0706385
0.0705702
0.070503
0.0704371
0.0703722
0.0703085
0.070246
0.0701846
0.0701244
0.0700654
0.0700076
0.0699509
0.0698954
0.069841
0.0697879
0.0697359
0.0696851
0.0696355
0.069587
0.0695398
0.0694937
0.0694489
0.0694052
0.0693627
0.0693215
0.0692814
0.0692425
0.0692048
0.0691683
0.069133
0.069099
0.0690661
0.0690344
0.069004
0.0689747
0.0689467
0.0689199
0.0688943
0.0688699
0.0688467
0.0688247
0.068804
0.0687844
0.0687661
0.068749
0.0687331
0.0687185
0.068705
0.0686928
0.0686818
0.068672
0.0686635
0.0686561
0.06865
0.0686451
0.0686414
0.068639
0.0686378
)
;

boundaryField
{
    sides
    {
        type            zeroGradient;
    }
    empty
    {
        type            empty;
    }
}


// ************************************************************************* //
