/*--------------------------------*- C++ -*----------------------------------*\
  =========                 |
  \\      /  F ield         | OpenFOAM: The Open Source CFD Toolbox
   \\    /   O peration     | Website:  https://openfoam.org
    \\  /    A nd           | Version:  7
     \\/     M anipulation  |
\*---------------------------------------------------------------------------*/
FoamFile
{
    version     2.0;
    format      ascii;
    class       volScalarField;
    location    "5";
    object      p;
}
// * * * * * * * * * * * * * * * * * * * * * * * * * * * * * * * * * * * * * //

dimensions      [0 2 -2 0 0 0 0];

internalField   nonuniform List<scalar> 
8800
(
0.5307
0.483269
0.445172
0.416886
0.396804
0.382798
0.373001
0.366213
0.361863
0.359938
0.360817
0.364279
0.37001
0.378329
0.390119
0.406935
0.430903
0.464134
0.506058
0.564669
0.360925
0.36897
0.377664
0.381873
0.381395
0.377425
0.371926
0.366578
0.362243
0.359401
0.35889
0.36108
0.364971
0.370066
0.375753
0.380813
0.383269
0.381581
0.37494
0.365333
0.339347
0.346085
0.351595
0.35549
0.357978
0.359074
0.358633
0.357233
0.355769
0.355077
0.355545
0.357035
0.358867
0.36009
0.359927
0.358163
0.355059
0.350384
0.344361
0.340698
0.340471
0.342817
0.346396
0.349494
0.351804
0.35285
0.353255
0.353067
0.352547
0.352218
0.352658
0.353537
0.354195
0.354278
0.353731
0.352165
0.349521
0.346084
0.342942
0.342008
0.341084
0.341539
0.342512
0.343666
0.344898
0.346194
0.3471
0.347558
0.347727
0.347866
0.348194
0.34853
0.348579
0.348153
0.347162
0.345968
0.344858
0.343776
0.343087
0.342904
0.33864
0.338873
0.33941
0.340074
0.340753
0.341387
0.341944
0.342399
0.342745
0.343056
0.343394
0.343628
0.343639
0.343415
0.34301
0.342474
0.341871
0.341287
0.340913
0.340826
0.335286
0.335382
0.335607
0.33595
0.33639
0.336908
0.337456
0.337985
0.338475
0.338944
0.339335
0.339541
0.339531
0.33934
0.339037
0.338706
0.338406
0.338166
0.338033
0.337994
0.331235
0.331293
0.331427
0.331631
0.331904
0.332252
0.332673
0.333157
0.333687
0.334252
0.334746
0.335052
0.33517
0.335155
0.335065
0.334944
0.334822
0.334717
0.334654
0.334631
0.32691
0.326947
0.327039
0.327188
0.327405
0.327704
0.328097
0.32859
0.329185
0.329868
0.3305
0.330935
0.331179
0.331286
0.331311
0.331292
0.331257
0.331219
0.331192
0.331179
0.322339
0.322362
0.322434
0.322558
0.322748
0.323028
0.323421
0.323953
0.324635
0.325466
0.326278
0.32688
0.327269
0.327504
0.327633
0.327698
0.327724
0.32773
0.327727
0.327718
0.317532
0.317554
0.31762
0.31774
0.317934
0.31823
0.318662
0.31927
0.320083
0.32111
0.322149
0.322949
0.323502
0.323863
0.324088
0.324222
0.324296
0.324332
0.324345
0.324339
0.312476
0.312495
0.312568
0.312701
0.312919
0.313259
0.313767
0.314494
0.315489
0.316772
0.318095
0.319143
0.319886
0.320383
0.320706
0.320906
0.321023
0.321086
0.321112
0.321108
0.307141
0.307161
0.307244
0.3074
0.30766
0.30807
0.308689
0.309586
0.310826
0.312442
0.314129
0.31548
0.316443
0.317102
0.317534
0.317806
0.317968
0.318058
0.318096
0.318093
0.301456
0.301479
0.301581
0.301772
0.302094
0.302604
0.303377
0.304501
0.306063
0.308108
0.310253
0.311978
0.313216
0.314066
0.314627
0.314982
0.315197
0.315317
0.315369
0.315365
0.295336
0.295364
0.295493
0.295734
0.29614
0.296784
0.297762
0.299187
0.301167
0.303763
0.306488
0.308682
0.31026
0.311344
0.312061
0.312517
0.312793
0.312947
0.313015
0.31301
0.288665
0.288701
0.288864
0.289173
0.289692
0.290515
0.291763
0.293579
0.296101
0.299402
0.30286
0.30564
0.30764
0.309015
0.309925
0.310504
0.310854
0.311051
0.311137
0.311132
0.281283
0.28133
0.281541
0.28194
0.282609
0.283668
0.285271
0.287598
0.290818
0.295018
0.299403
0.30292
0.305446
0.307181
0.308329
0.309059
0.309501
0.30975
0.309858
0.309852
0.272981
0.273042
0.273319
0.273839
0.274707
0.27608
0.278151
0.281144
0.285267
0.290613
0.296165
0.300603
0.303783
0.305966
0.30741
0.308328
0.308885
0.309197
0.309333
0.309324
0.263473
0.263556
0.263921
0.264606
0.265745
0.267537
0.270229
0.274096
0.279385
0.286191
0.29321
0.298793
0.302787
0.305526
0.307337
0.308489
0.309187
0.309578
0.309748
0.309737
0.252369
0.252483
0.252973
0.253886
0.255397
0.257761
0.261286
0.266307
0.273108
0.281767
0.290615
0.297617
0.302616
0.306045
0.308312
0.309755
0.31063
0.311121
0.311333
0.311319
0.239123
0.239285
0.239954
0.241192
0.243229
0.246388
0.25105
0.257611
0.266373
0.27737
0.288481
0.297222
0.303457
0.307739
0.310577
0.312387
0.313486
0.314103
0.314369
0.31435
0.222955
0.223193
0.224126
0.225847
0.228656
0.232955
0.239201
0.247834
0.259139
0.273061
0.286928
0.297775
0.305519
0.310859
0.314416
0.316696
0.318084
0.318863
0.319199
0.319176
0.202695
0.203053
0.204399
0.206891
0.210899
0.2169
0.225402
0.236843
0.251423
0.268942
0.286101
0.299452
0.309016
0.315669
0.320148
0.323047
0.324823
0.325817
0.326243
0.326217
0.17642
0.176967
0.179061
0.182928
0.188937
0.197581
0.209359
0.224604
0.243336
0.265174
0.286157
0.302403
0.314125
0.322402
0.328087
0.331844
0.334182
0.335494
0.336051
0.336018
0.140663
0.141626
0.145415
0.152024
0.16155
0.1744
0.190933
0.211236
0.235086
0.261939
0.287208
0.306694
0.320903
0.331163
0.338442
0.343455
0.346722
0.348633
0.349456
0.349405
0.0886203
0.0914988
0.0998581
0.112175
0.127903
0.147307
0.170462
0.19716
0.227008
0.259414
0.289273
0.312227
0.329181
0.341763
0.351087
0.357926
0.36282
0.366059
0.367691
0.367655
0.00831879
0.0225352
0.0420678
0.0646752
0.0898672
0.11807
0.149231
0.183144
0.219482
0.257788
0.292537
0.319295
0.339423
0.35487
0.366937
0.376511
0.384198
0.390276
0.394737
0.396043
-0.0767876
-0.0466947
-0.0152601
0.0178219
0.0527438
0.0896221
0.128566
0.169531
0.212359
0.256846
0.297092
0.328386
0.352382
0.371333
0.38669
0.399457
0.410248
0.419768
0.429054
0.430966
-0.136647
-0.104325
-0.0650068
-0.0237575
0.0191418
0.0636517
0.109668
0.157082
0.205797
0.255762
0.300664
0.335526
0.362285
0.383403
0.400409
0.414326
0.425874
0.435554
0.443519
0.445369
-0.181023
-0.146614
-0.103277
-0.0570477
-0.00865968
0.041475
0.0929942
0.145625
0.199192
0.253665
0.302319
0.339895
0.368506
0.390807
0.408493
0.422717
0.434334
0.443937
0.451777
0.453707
-0.213414
-0.178619
-0.132654
-0.0831424
-0.0310762
0.0230735
0.0787649
0.135497
0.19295
0.25107
0.302743
0.342433
0.37241
0.395536
0.413653
0.428043
0.439626
0.449071
0.456562
0.458487
-0.23838
-0.203386
-0.155957
-0.104119
-0.0492672
0.00793615
0.0667663
0.126584
0.186964
0.247865
0.301954
0.343438
0.374623
0.398486
0.416995
0.431535
0.443127
0.452478
0.459734
0.461665
-0.258746
-0.223459
-0.174824
-0.121305
-0.0643974
-0.00488467
0.0563339
0.118444
0.180953
0.243934
0.300032
0.343222
0.375667
0.400365
0.419365
0.434142
0.445804
0.4551
0.46218
0.464129
-0.27598
-0.240203
-0.1905
-0.135569
-0.0770292
-0.0157553
0.0472183
0.110922
0.174819
0.239202
0.296989
0.341951
0.37589
0.401669
0.421361
0.436525
0.44836
0.457672
0.464649
0.466628
-0.290673
-0.254433
-0.203768
-0.147658
-0.0877434
-0.0250743
0.039168
0.103852
0.168425
0.233519
0.29271
0.339648
0.375492
0.402757
0.423455
0.439228
0.45137
0.460793
0.467708
0.469699
-0.303622
-0.266779
-0.215143
-0.157967
-0.0969025
-0.033119
0.0320046
0.0971367
0.161674
0.226731
0.286993
0.336214
0.374557
0.403891
0.426052
0.442742
0.455384
0.465037
0.471971
0.473993
-0.314944
-0.277537
-0.225113
-0.16686
-0.104758
-0.0400529
0.025637
0.0907356
0.154522
0.218678
0.279549
0.331415
0.37305
0.405262
0.429519
0.447561
0.460979
0.471029
0.478044
0.480099
-0.325191
-0.287116
-0.233809
-0.17457
-0.111503
-0.0460136
0.0200156
0.084665
0.146986
0.209207
0.27002
0.324883
0.370821
0.406989
0.43421
0.454191
0.468744
0.479409
0.48661
0.488726
-0.334491
-0.295759
-0.24149
-0.181298
-0.117279
-0.0510848
0.0151282
0.0789806
0.139123
0.198233
0.257994
0.316125
0.367589
0.409117
0.440449
0.463166
0.479332
0.490717
0.498395
0.500584
-0.343017
-0.303583
-0.24837
-0.187197
-0.122228
-0.0553298
0.0109793
0.0737807
0.131079
0.185723
0.243034
0.304496
0.362917
0.411611
0.448567
0.475042
0.493463
0.506094
0.514
0.516456
-0.350976
-0.310816
-0.254597
-0.192396
-0.126463
-0.0588296
0.00757696
0.06917
0.123035
0.171741
0.224725
0.289224
0.356245
0.414377
0.458801
0.490308
0.511749
0.525944
0.53448
0.537021
-0.358586
-0.317473
-0.260281
-0.197019
-0.130071
-0.0616577
0.00491239
0.0652677
0.11523
0.156426
0.20269
0.269389
0.346858
0.417155
0.471338
0.509423
0.534873
0.551235
0.560672
0.563095
-0.365828
-0.323752
-0.265538
-0.201189
-0.133164
-0.0638723
0.00296265
0.0621525
0.107931
0.140061
0.176627
0.243953
0.333909
0.419448
0.486245
0.532837
0.563349
0.582388
0.592805
0.594885
-0.372777
-0.32975
-0.270461
-0.204985
-0.135841
-0.0655793
0.00169899
0.0598909
0.10139
0.123018
0.146369
0.211783
0.316036
0.42083
0.503429
0.560921
0.59785
0.619798
0.630847
0.632292
-0.379665
-0.335535
-0.275137
-0.208503
-0.138181
-0.0668595
0.00105405
0.0585384
0.0958517
0.105757
0.111801
0.171676
0.291848
0.420473
0.522572
0.593733
0.639089
0.66458
0.674571
0.673863
-0.386355
-0.341152
-0.279589
-0.211793
-0.140284
-0.06779
0.00095219
0.0580693
0.0915315
0.0888201
0.0730118
0.12274
0.259225
0.418104
0.54442
0.629365
0.684747
0.717299
0.724958
0.716745
-0.393119
-0.346668
-0.283849
-0.214914
-0.14222
-0.0684665
0.00132383
0.0584541
0.0885435
0.0725048
0.0291983
0.0605222
0.214477
0.41213
0.566771
0.665999
0.730957
0.77801
0.794052
0.768153
-0.39988
-0.352026
-0.287935
-0.217984
-0.144126
-0.0689884
0.00206105
0.0596774
0.0869776
0.0567108
-0.0219854
-0.0236325
0.146852
0.402912
0.592102
0.700106
0.758543
0.794856
0.803984
0.762175
-0.406396
-0.357001
-0.291683
-0.220988
-0.145937
-0.0693233
0.0030876
0.0617421
0.0871334
0.0426709
-0.0799238
-0.13739
0.0454046
0.381641
0.604912
0.706285
0.736936
0.736158
0.660141
0.603953
-0.411794
-0.361048
-0.294642
-0.223373
-0.147165
-0.0691831
0.00449067
0.0647158
0.0892678
0.0310957
-0.144865
-0.296251
-0.119979
0.352587
0.617595
0.689552
0.688788
0.614943
0.503281
0.432592
-0.480697
-0.361646
-0.29815
-0.226087
-0.149027
-0.0697218
0.00630664
0.0689101
0.0944732
0.0240356
-0.217324
-0.537061
-0.417522
0.205622
0.593431
0.617088
0.528888
0.417585
0.292457
0.223315
-0.382049
-0.36356
-0.303241
-0.2303
-0.151741
-0.0699692
0.00852076
0.0744419
0.102209
0.0219218
-0.320351
-1.07787
-1.19936
-0.200137
0.245151
0.142847
0.0247721
-0.0561169
-0.156554
-0.0600252
-0.414335
-0.372279
-0.308571
-0.235228
-0.155167
-0.071658
0.00990904
0.0794553
0.112466
0.0348032
-0.372744
-1.4935
-1.91653
-0.776319
-0.249598
-0.299281
-0.386869
-0.459549
-0.577592
-0.427619
-0.432183
-0.384158
-0.31698
-0.241862
-0.159922
-0.0742879
0.0103305
0.0839619
0.12347
0.0515983
-0.41351
-1.82483
-2.49836
-1.32829
-0.82942
-0.772721
-0.846818
-0.924223
-1.08679
-0.891084
-0.44965
-0.396522
-0.326298
-0.248652
-0.164643
-0.0766892
0.0108086
0.0888932
0.135838
0.076021
-0.410648
-1.95313
-2.70416
-1.66343
-1.24787
-1.19767
-1.31915
-1.4494
-1.68591
-1.55431
-0.465391
-0.409159
-0.336189
-0.256069
-0.169822
-0.0794828
0.0110602
0.0939028
0.149288
0.108242
-0.33921
-1.79496
-2.48971
-1.74114
-1.47208
-1.50783
-1.70667
-1.95475
-2.30128
-2.61946
-0.480242
-0.42226
-0.347071
-0.264632
-0.176041
-0.083224
0.0105702
0.0981331
0.162672
0.144705
-0.220599
-1.4013
-1.97985
-1.57646
-1.55228
-1.69411
-1.92043
-2.17413
-2.30543
-2.65755
-0.495547
-0.43625
-0.35924
-0.274588
-0.183698
-0.0882444
0.00880641
0.101303
0.175519
0.183177
-0.0744653
-0.889955
-1.34762
-1.29497
-1.49105
-1.8085
-2.03618
-2.06942
-2.12125
-2.2061
-0.511862
-0.451517
-0.372858
-0.286143
-0.192977
-0.0948698
0.00541387
0.102969
0.186464
0.221549
0.0766389
-0.387093
-0.75005
-0.963234
-1.38731
-1.91398
-2.31796
-2.07827
-2.0571
-2.1813
-0.529872
-0.46848
-0.388185
-0.299486
-0.204035
-0.103371
0.000197666
0.102385
0.194966
0.254768
0.207499
-9.74108e-05
-0.271471
-0.636334
-1.23227
-2.04424
-3.01621
-3.18652
-2.85873
-2.75849
-0.550286
-0.487596
-0.405586
-0.314846
-0.217176
-0.113912
-0.00730343
0.0991795
0.199753
0.281151
0.304271
0.241162
0.0404733
-0.34138
-0.990224
-2.02421
-3.37053
-3.85838
-3.45926
-3.16374
-0.573463
-0.509265
-0.425359
-0.33251
-0.232544
-0.126836
-0.0173082
0.0933829
0.201127
0.298974
0.365637
0.37317
0.245642
-0.0497971
-0.548298
-1.28296
-2.03143
-2.31958
-2.17741
-2.0158
-0.599432
-0.533721
-0.447709
-0.352626
-0.250321
-0.142054
-0.0295982
0.0846202
0.198374
0.308999
0.401507
0.447409
0.394532
0.23784
-0.000484687
-0.283091
-0.481607
-0.557133
-0.517032
-0.48999
-0.628498
-0.561085
-0.472654
-0.375123
-0.270351
-0.159655
-0.0445354
0.0733789
0.19271
0.313187
0.42184
0.494227
0.504465
0.466611
0.405336
0.347776
0.341396
0.377061
0.406602
0.41389
-0.660292
-0.591037
-0.499976
-0.399945
-0.292628
-0.179234
-0.0611952
0.060205
0.184211
0.313004
0.434084
0.526872
0.581374
0.611625
0.637498
0.673744
0.72328
0.773721
0.804525
0.81115
-0.694144
-0.622897
-0.529219
-0.426396
-0.316327
-0.200221
-0.0793327
0.0454328
0.173956
0.310062
0.441033
0.549016
0.631207
0.69726
0.757972
0.818471
0.877069
0.92617
0.955181
0.961439
-0.728693
-0.65591
-0.559522
-0.453815
-0.340908
-0.221938
-0.0980819
0.029921
0.162919
0.305037
0.444066
0.562083
0.658319
0.739085
0.809442
0.871764
0.925629
0.968645
0.995814
1.00228
-0.763168
-0.688563
-0.58949
-0.480874
-0.365049
-0.243292
-0.116621
0.0146063
0.151871
0.298945
0.443916
0.56729
0.669195
0.753869
0.824459
0.883119
0.931184
0.969369
0.99513
1.00175
-0.794993
-0.718776
-0.617428
-0.505917
-0.387396
-0.263095
-0.133761
0.000493344
0.141218
0.29264
0.440864
0.566471
0.669354
0.753462
0.821972
0.877518
0.922271
0.9579
0.981003
0.988123
-0.820642
-0.744265
-0.640725
-0.526827
-0.406144
-0.279732
-0.148244
-0.0117307
0.131435
0.285143
0.434558
0.559985
0.661599
0.743756
0.809989
0.863286
0.906119
0.940267
0.962492
0.969609
-0.836806
-0.761145
-0.65654
-0.541089
-0.418957
-0.291438
-0.158946
-0.0214946
0.122444
0.276448
0.424611
0.548082
0.64712
0.726808
0.790854
0.842324
0.883716
0.916703
0.938299
0.945551
-0.839347
-0.764805
-0.661198
-0.545503
-0.423495
-0.296322
-0.164624
-0.0282779
0.114244
0.266004
0.410722
0.530556
0.626067
0.702888
0.764736
0.81458
0.854834
0.886722
0.908066
0.915579
-0.822315
-0.751541
-0.65013
-0.536102
-0.416674
-0.292649
-0.164343
-0.0316656
0.1067
0.25339
0.392342
0.506607
0.597577
0.670926
0.730315
0.778452
0.817597
0.848512
0.86977
0.877517
-0.777527
-0.712822
-0.617272
-0.508884
-0.39551
-0.278024
-0.156649
-0.0310502
0.0999135
0.238341
0.368679
0.475126
0.559948
0.628679
0.684843
0.730778
0.768349
0.798635
0.82041
0.82814
-0.698978
-0.64357
-0.556958
-0.459518
-0.357116
-0.250811
-0.14048
-0.0257723
0.0941731
0.22083
0.339346
0.435307
0.511464
0.573232
0.624169
0.666353
0.700924
0.728996
0.750671
0.758514
-0.580021
-0.539066
-0.466557
-0.385354
-0.299947
-0.209891
-0.115073
-0.0152604
0.0899978
0.201374
0.304889
0.387443
0.451774
0.502874
0.544273
0.57859
0.606787
0.628676
0.644006
0.649378
-0.399982
-0.38024
-0.337402
-0.284222
-0.223954
-0.156338
-0.0816424
0.000219316
0.0891599
0.185011
0.274653
0.345683
0.400071
0.442145
0.474609
0.499258
0.518334
0.534114
0.546274
0.549828
-0.223206
-0.217685
-0.200213
-0.174463
-0.139944
-0.0962546
-0.042948
0.0198575
0.0918185
0.172148
0.248412
0.308574
0.353672
0.387129
0.411781
0.429932
0.442794
0.450852
0.455203
0.456265
-0.101973
-0.100607
-0.0949382
-0.0835906
-0.0658237
-0.039798
-0.0042259
0.0415739
0.0974859
0.1626
0.225811
0.275693
0.312468
0.339071
0.357674
0.369885
0.377387
0.381825
0.384011
0.38433
-0.0284911
-0.0291104
-0.0282358
-0.0234035
-0.0132555
0.00333246
0.0276447
0.0608902
0.103656
0.155441
0.206769
0.247311
0.276724
0.297278
0.311096
0.320076
0.325535
0.328345
0.329316
0.3294
0.0133226
0.0130057
0.0133849
0.0159881
0.022086
0.0330832
0.0503255
0.07494
0.10768
0.148438
0.18952
0.222071
0.245553
0.261878
0.272761
0.279579
0.283496
0.285484
0.286254
0.286361
0.0400694
0.0400506
0.0405692
0.0425772
0.0469195
0.0546368
0.0669884
0.0852333
0.11027
0.1422
0.174857
0.200821
0.219452
0.232221
0.240573
0.245773
0.2488
0.250363
0.25099
0.251086
0.0577625
0.0578298
0.0583304
0.0598853
0.0631277
0.0688727
0.0780962
0.0918504
0.111031
0.135922
0.161685
0.182238
0.196951
0.207006
0.213581
0.217663
0.220023
0.221242
0.221737
0.221812
0.0692671
0.0693748
0.0698601
0.0711238
0.0736196
0.0779634
0.0849381
0.0954208
0.110194
0.129589
0.149848
0.166067
0.177672
0.185584
0.190735
0.193927
0.195777
0.196738
0.197131
0.19719
0.0764126
0.0765172
0.076935
0.0779475
0.0798938
0.0832387
0.0885824
0.0966271
0.108037
0.123141
0.139025
0.15178
0.160909
0.167125
0.171171
0.173676
0.175126
0.175878
0.176185
0.17623
0.0802705
0.0803611
0.080705
0.0815072
0.0830235
0.0856095
0.0897311
0.0959405
0.104779
0.116544
0.128979
0.13899
0.146158
0.151038
0.154211
0.156175
0.15731
0.157896
0.158138
0.158171
0.0816174
0.0816918
0.0819673
0.0825978
0.0837802
0.0857869
0.0889777
0.093787
0.100647
0.109812
0.119536
0.12738
0.133002
0.136829
0.139315
0.140852
0.141738
0.142196
0.14238
0.142405
0.0810266
0.0810864
0.0813044
0.0817985
0.0827195
0.084279
0.0867557
0.0904875
0.0958192
0.102961
0.110559
0.116698
0.1211
0.124095
0.126041
0.127243
0.127936
0.128291
0.128432
0.12845
0.0789365
0.0789838
0.0791548
0.0795404
0.0802577
0.08147
0.083394
0.0862948
0.0904423
0.0960073
0.10194
0.106739
0.110181
0.112524
0.114046
0.114984
0.115524
0.115801
0.115909
0.115923
0.0756835
0.0757208
0.0758548
0.0761555
0.0767138
0.0776567
0.0791529
0.0814078
0.0846343
0.0889699
0.0935981
0.0973465
0.100037
0.101867
0.103054
0.103787
0.104207
0.104421
0.104504
0.104515
0.0715282
0.0715572
0.0716613
0.0718952
0.0723295
0.0730628
0.074226
0.0759797
0.0784904
0.0818668
0.0854752
0.0883989
0.0904972
0.0919253
0.0928516
0.093421
0.0937474
0.0939136
0.0939783
0.0939859
0.0666714
0.0666939
0.0667749
0.0669567
0.0672943
0.0678639
0.0687671
0.0701294
0.0720813
0.0747082
0.0775177
0.0797955
0.08143
0.0825415
0.0832621
0.0837062
0.0839607
0.0840895
0.084139
0.0841446
0.0612698
0.0612871
0.0613498
0.0614907
0.061752
0.0621935
0.0628947
0.0639527
0.0654681
0.0675081
0.0696919
0.0714623
0.0727325
0.0735969
0.0741573
0.0745013
0.0746976
0.0747966
0.0748344
0.0748386
0.0554457
0.0554589
0.0555071
0.0556158
0.0558182
0.05616
0.056702
0.0575198
0.0586929
0.0602737
0.061966
0.063339
0.0643251
0.0649956
0.0654286
0.0656938
0.0658452
0.0659213
0.0659502
0.0659531
0.0492939
0.0493041
0.0493411
0.0494245
0.0495795
0.0498419
0.0502595
0.05089
0.0517943
0.0530134
0.0543188
0.055378
0.0561381
0.0566537
0.0569876
0.0571927
0.0573091
0.0573672
0.057389
0.0573914
0.042891
0.0428985
0.0429261
0.042989
0.0431068
0.0433071
0.0436264
0.044109
0.0448012
0.0457342
0.0467334
0.0475431
0.0481232
0.0485175
0.0487725
0.0489289
0.049018
0.0490625
0.0490791
0.0490808
0.0362944
0.0362999
0.0363198
0.0363668
0.0364557
0.0366067
0.0368469
0.0372104
0.0377323
0.0384367
0.0391917
0.0398045
0.0402443
0.0405432
0.040736
0.0408529
0.0409186
0.040951
0.0409626
0.0409635
0.0295507
0.0295546
0.029569
0.029603
0.029668
0.0297794
0.0299571
0.0302259
0.0306118
0.0311327
0.0316911
0.0321436
0.0324674
0.0326857
0.0328256
0.0329116
0.0329601
0.0329837
0.0329922
0.0329929
0.0226971
0.0226997
0.022709
0.0227327
0.0227788
0.0228575
0.0229828
0.0231728
0.0234468
0.0238161
0.024211
0.0245305
0.024759
0.024914
0.0250139
0.0250738
0.0251072
0.0251232
0.0251282
0.0251285
0.0157651
0.0157664
0.0157731
0.0157887
0.0158182
0.0158684
0.0159495
0.016073
0.0162508
0.0164906
0.0167487
0.0169584
0.0171092
0.0172113
0.017276
0.0173142
0.0173344
0.0173428
0.017345
0.0173451
0.00878093
0.00878172
0.00878498
0.00879281
0.00880802
0.0088353
0.00887922
0.00894539
0.00904019
0.00916818
0.00930516
0.00941632
0.00949384
0.009545
0.00957847
0.009599
0.00961011
0.00961516
0.00961674
0.00961696
0.00175745
0.00175603
0.00175419
0.00175425
0.00175663
0.00176098
0.00176766
0.00177837
0.00179443
0.00181652
0.00184715
0.00187207
0.00189134
0.0019057
0.00191511
0.00192046
0.00192341
0.00192473
0.00192423
0.00192243
-1.09347
-0.750761
-0.381156
-0.0814446
0.157717
0.351481
0.514485
0.655067
0.733541
0.700989
-0.455813
-0.239076
-0.020546
0.166526
0.32448
0.457384
0.566215
0.646246
0.684922
0.684533
-0.058314
0.075651
0.212451
0.334365
0.438963
0.526206
0.594411
0.641699
0.668958
0.675222
0.192934
0.280252
0.370495
0.449848
0.518277
0.575149
0.619721
0.651172
0.671694
0.67914
0.363354
0.419631
0.478173
0.532001
0.579835
0.620838
0.653265
0.676142
0.690313
0.698226
0.484896
0.523025
0.565866
0.607253
0.643816
0.674115
0.697451
0.713704
0.725819
0.735992
0.576032
0.606744
0.642102
0.674934
0.704131
0.729699
0.751428
0.768508
0.780072
0.792523
0.650505
0.680815
0.715699
0.748359
0.779162
0.806389
0.828563
0.844824
0.85495
0.869153
0.735399
0.771854
0.811212
0.847238
0.878137
0.903667
0.924451
0.940317
0.950229
0.966135
0.848681
0.889401
0.930599
0.96532
0.995131
1.02002
1.03996
1.05474
1.06497
1.08218
0.994222
1.03383
1.07094
1.10265
1.12847
1.15039
1.16909
1.1843
1.19651
1.21427
1.16954
1.20217
1.22875
1.25123
1.27144
1.29037
1.30815
1.32446
1.3396
1.35759
1.35877
1.37617
1.3915
1.40789
1.42376
1.43822
1.45146
1.4655
1.48323
1.50328
1.54104
1.5505
1.56202
1.57287
1.58236
1.59204
1.60276
1.6141
1.62544
1.64082
1.74773
1.75153
1.73677
1.72225
1.71601
1.72167
1.74028
1.77058
1.80262
1.82922
2.05475
1.91997
1.84321
1.80039
1.78289
1.78704
1.81422
1.87066
1.97353
2.19798
0.420984
0.419185
0.415282
0.407522
0.396146
0.384908
0.375532
0.368366
0.363251
0.360186
0.359647
0.361909
0.366259
0.372567
0.380959
0.391468
0.403133
0.413271
0.41855
0.421135
0.344186
0.350226
0.357683
0.363305
0.366759
0.367453
0.365741
0.362773
0.359808
0.357782
0.357453
0.359081
0.361951
0.365243
0.367874
0.36856
0.366529
0.361917
0.355517
0.348006
0.339014
0.340985
0.345737
0.350079
0.352832
0.354317
0.355078
0.354899
0.354116
0.353345
0.353319
0.354172
0.355347
0.356113
0.356009
0.354968
0.352985
0.349504
0.344699
0.341051
0.341514
0.341912
0.343522
0.345699
0.347727
0.34949
0.350521
0.350953
0.350917
0.350729
0.350847
0.351404
0.351901
0.351967
0.351407
0.350137
0.348287
0.346232
0.344235
0.343223
0.339936
0.340044
0.340508
0.34125
0.342018
0.342802
0.343558
0.344159
0.344553
0.34481
0.345095
0.345414
0.345539
0.345354
0.344878
0.34423
0.343535
0.342829
0.342212
0.341961
0.337108
0.337167
0.337427
0.337882
0.338442
0.339058
0.339665
0.340208
0.340666
0.341071
0.341459
0.341753
0.341852
0.34173
0.341412
0.340967
0.340482
0.340028
0.339685
0.339548
0.333299
0.333326
0.333436
0.333642
0.333927
0.334293
0.334734
0.335225
0.335736
0.33625
0.33674
0.337097
0.337242
0.33721
0.337064
0.336872
0.33668
0.336512
0.336391
0.336342
0.329106
0.329124
0.329201
0.329344
0.329552
0.329832
0.330194
0.330638
0.331161
0.331755
0.332364
0.332836
0.333103
0.33321
0.333212
0.333157
0.333082
0.333007
0.332948
0.33292
0.324653
0.324661
0.324716
0.324821
0.324984
0.325223
0.325557
0.326004
0.326576
0.327272
0.328031
0.32866
0.32907
0.329305
0.329424
0.329473
0.329483
0.329474
0.329459
0.329449
0.319967
0.319973
0.320016
0.320108
0.320259
0.320492
0.320835
0.321317
0.321969
0.322804
0.323755
0.324585
0.325158
0.325535
0.325766
0.325901
0.325973
0.326008
0.32602
0.326019
0.315035
0.315037
0.315084
0.31518
0.31534
0.315595
0.315979
0.316538
0.317314
0.318337
0.319536
0.32061
0.32138
0.321909
0.322253
0.322467
0.322595
0.322666
0.322699
0.322706
0.309848
0.309849
0.309898
0.310006
0.310191
0.310489
0.310947
0.311622
0.312573
0.313848
0.315364
0.316744
0.317759
0.318457
0.318924
0.319222
0.319404
0.319509
0.319562
0.319575
0.304347
0.304346
0.304405
0.304533
0.304758
0.305123
0.305687
0.306523
0.307712
0.309316
0.311238
0.313
0.314301
0.315212
0.315823
0.316217
0.316461
0.316603
0.316676
0.316695
0.298457
0.298455
0.298528
0.298688
0.298969
0.299426
0.300135
0.301188
0.302689
0.304719
0.307159
0.309403
0.311063
0.312228
0.313013
0.313522
0.313838
0.314022
0.314118
0.314144
0.292078
0.292076
0.292168
0.292372
0.292728
0.293309
0.29421
0.29555
0.297457
0.300038
0.303136
0.305985
0.308093
0.309574
0.310572
0.31122
0.311623
0.311859
0.311981
0.312016
0.285075
0.285072
0.28519
0.285452
0.28591
0.286655
0.28781
0.289523
0.291959
0.295246
0.299182
0.302791
0.305459
0.307332
0.308595
0.309415
0.309925
0.310224
0.310379
0.310422
0.277263
0.27726
0.277414
0.277753
0.278347
0.279311
0.2808
0.283004
0.286125
0.290318
0.295315
0.299882
0.303248
0.305609
0.3072
0.308232
0.308874
0.309252
0.309447
0.309501
0.2684
0.268396
0.2686
0.269045
0.269821
0.271076
0.273009
0.275858
0.27987
0.285226
0.291568
0.297332
0.301569
0.304536
0.306534
0.30783
0.308637
0.30911
0.309355
0.309422
0.258153
0.25815
0.258423
0.259014
0.26004
0.261691
0.264219
0.267922
0.273097
0.279945
0.287981
0.295237
0.300554
0.304272
0.306775
0.3084
0.30941
0.310004
0.31031
0.310394
0.246063
0.246062
0.246435
0.247235
0.248609
0.250807
0.254147
0.258995
0.265695
0.274454
0.284613
0.293713
0.300358
0.305004
0.308135
0.310169
0.311436
0.31218
0.312565
0.31267
0.231466
0.231471
0.231999
0.233112
0.234991
0.237965
0.242437
0.248841
0.257555
0.268754
0.281545
0.292896
0.301164
0.306952
0.310863
0.313412
0.315006
0.315946
0.316433
0.316565
0.213372
0.213394
0.214181
0.215786
0.218429
0.222548
0.228644
0.237201
0.24858
0.262871
0.27888
0.292936
0.303159
0.310348
0.315239
0.31845
0.320471
0.321675
0.322306
0.322478
0.190239
0.190317
0.191581
0.194004
0.197863
0.203755
0.212262
0.223837
0.238735
0.256884
0.276742
0.293975
0.306516
0.315412
0.321544
0.32563
0.328242
0.329831
0.330687
0.330927
0.15954
0.159801
0.162018
0.165911
0.171884
0.180709
0.192891
0.208689
0.228142
0.250976
0.275291
0.296137
0.311349
0.322294
0.33001
0.335296
0.33878
0.340974
0.342214
0.342583
0.116533
0.117307
0.121828
0.128847
0.138962
0.152841
0.170567
0.192087
0.217205
0.24548
0.274735
0.299515
0.317681
0.330998
0.340691
0.347631
0.352469
0.355713
0.357696
0.358285
0.0526345
0.0552101
0.0659082
0.0802218
0.0984539
0.120474
0.145965
0.174735
0.206482
0.240739
0.275184
0.30402
0.325278
0.341185
0.353192
0.362277
0.369127
0.374285
0.377858
0.37852
-0.0255634
-0.0195367
0.000537281
0.0268509
0.0556176
0.0869157
0.120763
0.157104
0.195729
0.23635
0.276616
0.310372
0.335693
0.355231
0.370635
0.38299
0.393059
0.401393
0.40676
0.408854
-0.104053
-0.0898924
-0.0591242
-0.0228443
0.0154526
0.0555433
0.0973541
0.140849
0.185975
0.232618
0.278451
0.316875
0.345876
0.36851
0.386638
0.401415
0.413561
0.423604
0.430948
0.434815
-0.156636
-0.141583
-0.10626
-0.0636982
-0.0186798
0.0281231
0.0764348
0.126047
0.176799
0.228597
0.279031
0.321092
0.352729
0.377258
0.396666
0.412211
0.424731
0.434852
0.442204
0.445955
-0.195365
-0.180156
-0.141436
-0.0951191
-0.0459176
0.00549802
0.0585908
0.112924
0.168175
0.224201
0.278428
0.323412
0.356994
0.382759
0.402897
0.418834
0.43152
0.441647
0.449058
0.452873
-0.223982
-0.208982
-0.168655
-0.119868
-0.0676467
-0.0128895
0.0437726
0.101729
0.160473
0.219782
0.276975
0.324283
0.359428
0.386177
0.406875
0.423079
0.435857
0.445955
0.453422
0.457273
-0.246811
-0.231778
-0.190428
-0.139884
-0.0854599
-0.0281412
0.0312531
0.0919237
0.153259
0.215014
0.274538
0.323854
0.360457
0.388184
0.409469
0.425983
0.438892
0.449012
0.456552
0.460422
-0.265728
-0.250671
-0.208275
-0.156306
-0.100195
-0.0409524
0.0204956
0.08318
0.146359
0.20982
0.271128
0.322278
0.360433
0.389307
0.411338
0.428288
0.441423
0.451625
0.459256
0.463147
-0.281864
-0.266609
-0.22329
-0.170084
-0.112569
-0.0517785
0.011219
0.0753102
0.139626
0.204063
0.266634
0.31957
0.359539
0.389891
0.412965
0.43057
0.444077
0.454471
0.462186
0.466155
-0.295798
-0.280397
-0.236094
-0.181825
-0.123089
-0.061041
0.00313278
0.0681281
0.132945
0.197623
0.260894
0.315616
0.357818
0.390164
0.41472
0.433298
0.44738
0.458076
0.46594
0.469976
-0.308087
-0.292403
-0.247199
-0.191937
-0.132097
-0.0689838
-0.0039222
0.0615532
0.126258
0.190383
0.253684
0.310195
0.355193
0.39026
0.41692
0.436917
0.451864
0.46304
0.471156
0.475321
-0.319011
-0.303035
-0.256967
-0.200703
-0.139868
-0.0757952
-0.0100553
0.055547
0.119563
0.182276
0.244759
0.302963
0.351469
0.390209
0.419827
0.441866
0.458081
0.469963
0.478438
0.482732
-0.328953
-0.312553
-0.265656
-0.208379
-0.146576
-0.0816289
-0.01534
0.0501222
0.112918
0.173291
0.233852
0.293463
0.346294
0.389947
0.423657
0.448585
0.466605
0.479505
0.488509
0.492998
-0.338006
-0.321224
-0.273368
-0.215158
-0.152377
-0.0865812
-0.0198225
0.0453192
0.106428
0.163477
0.220738
0.281153
0.339174
0.389295
0.428598
0.457509
0.478047
0.492395
0.502082
0.506807
-0.346435
-0.329255
-0.280405
-0.221192
-0.157406
-0.090749
-0.0235353
0.0411788
0.100241
0.152966
0.205214
0.265397
0.329466
0.387959
0.43476
0.469058
0.49302
0.509349
0.520003
0.524977
-0.354259
-0.336642
-0.286838
-0.226611
-0.161791
-0.094221
-0.0265039
0.0377566
0.0945154
0.141985
0.187195
0.245489
0.316354
0.385535
0.44219
0.483698
0.512174
0.531046
0.542942
0.548327
-0.361757
-0.343613
-0.292811
-0.231526
-0.16564
-0.0970991
-0.0287851
0.0351085
0.0894304
0.130794
0.166687
0.220678
0.298871
0.381508
0.450838
0.501581
0.53598
0.558117
0.571576
0.577419
-0.368848
-0.350265
-0.298432
-0.236051
-0.169046
-0.0994633
-0.0304525
0.0332419
0.0851682
0.119739
0.143815
0.190197
0.275789
0.375002
0.460343
0.522987
0.565117
0.591406
0.606744
0.612899
-0.375808
-0.356693
-0.303779
-0.240271
-0.172117
-0.10142
-0.0315615
0.0321262
0.0818666
0.109204
0.118816
0.153226
0.245864
0.3649
0.470548
0.548033
0.59954
0.631188
0.647964
0.653564
-0.382591
-0.362909
-0.308925
-0.24425
-0.174913
-0.103053
-0.0321989
0.0317477
0.0796138
0.099593
0.0920365
0.108889
0.206904
0.35018
0.481325
0.576629
0.639364
0.678115
0.696055
0.69739
-0.389378
-0.369093
-0.313875
-0.24802
-0.177521
-0.104446
-0.0324603
0.0320308
0.0784666
0.0912497
0.0640238
0.0571619
0.156318
0.32963
0.491269
0.605789
0.680528
0.729906
0.755777
0.745971
-0.396164
-0.375269
-0.318656
-0.251635
-0.180031
-0.105689
-0.0324032
0.032929
0.0784577
0.0841839
0.033908
-0.00717795
0.086791
0.297645
0.50228
0.638892
0.719817
0.776708
0.814427
0.819294
-0.402891
-0.381318
-0.323148
-0.255124
-0.182531
-0.106882
-0.0321326
0.0343548
0.0796245
0.0788908
0.00251058
-0.0884367
-0.0118637
0.247351
0.511837
0.661279
0.732189
0.767418
0.766791
0.696005
-0.409105
-0.386863
-0.327157
-0.258682
-0.185142
-0.108253
-0.0318328
0.0362283
0.0819718
0.075917
-0.0291916
-0.190117
-0.154514
0.161772
0.513237
0.671202
0.714291
0.707983
0.637152
0.541205
-0.415287
-0.391796
-0.329981
-0.262289
-0.187744
-0.109556
-0.0318537
0.0384426
0.0854488
0.0753517
-0.0607819
-0.317017
-0.375568
0.00483082
0.493787
0.680266
0.65415
0.581729
0.466471
0.352699
-0.374568
-0.359638
-0.302808
-0.230475
-0.152824
-0.0724998
0.00605708
0.0695699
0.0950058
0.0181659
-0.256324
-0.669332
-0.581173
0.0812652
0.54827
0.529102
0.420918
0.312468
0.199065
0.125181
-0.394369
-0.376958
-0.336695
-0.268741
-0.193316
-0.113066
-0.0321666
0.041713
0.0929105
0.0838295
-0.0929444
-0.557039
-1.00693
-0.521988
0.23952
0.438786
0.303562
0.178831
0.088543
-0.0339903
-0.405816
-0.385124
-0.339313
-0.27012
-0.19423
-0.112826
-0.0307804
0.045159
0.0991204
0.0901958
-0.114031
-0.783573
-1.64385
-1.00776
-0.159146
0.00809704
-0.12894
-0.214711
-0.296341
-0.416344
-0.419757
-0.400775
-0.346672
-0.27621
-0.198524
-0.115211
-0.0307341
0.0484737
0.106907
0.103324
-0.111671
-0.975689
-2.329
-1.66529
-0.703278
-0.516447
-0.570042
-0.642701
-0.735792
-0.889886
-0.437425
-0.416493
-0.357072
-0.284103
-0.204259
-0.118919
-0.0317956
0.050962
0.114778
0.120154
-0.0899619
-1.07622
-2.67438
-2.07805
-1.20833
-1.0068
-1.04203
-1.1311
-1.24571
-1.52392
-0.453466
-0.431237
-0.36807
-0.292343
-0.210172
-0.122704
-0.0329494
0.0533562
0.123078
0.139986
-0.0497102
-1.03417
-2.63063
-2.16974
-1.50176
-1.33938
-1.44204
-1.63027
-1.81712
-2.38044
-0.468412
-0.445681
-0.379682
-0.301488
-0.216988
-0.127185
-0.0346908
0.0552862
0.131522
0.161802
0.00786333
-0.858827
-2.21753
-1.93848
-1.55417
-1.55114
-1.71709
-1.97487
-2.26754
-2.96924
-0.483285
-0.460329
-0.392237
-0.311865
-0.225063
-0.13281
-0.0375362
0.0563539
0.139168
0.183663
0.0760007
-0.589116
-1.58581
-1.52188
-1.47186
-1.63804
-1.87803
-2.06191
-2.1722
-2.23387
-0.499035
-0.475861
-0.406057
-0.323708
-0.234675
-0.139992
-0.0418156
0.0560724
0.145353
0.205172
0.150605
-0.278822
-0.920391
-1.05498
-1.2793
-1.64174
-2.04409
-2.10478
-1.99899
-2.09878
-0.516023
-0.492679
-0.421398
-0.337177
-0.245979
-0.148888
-0.0477768
0.0538252
0.149839
0.224376
0.22057
0.00272383
-0.342403
-0.621273
-1.03965
-1.62458
-2.34244
-2.59539
-2.31407
-2.34188
-0.535139
-0.511468
-0.438632
-0.352537
-0.259206
-0.159697
-0.0558538
0.0496163
0.151433
0.238884
0.279294
0.210396
0.0380865
-0.276952
-0.770666
-1.5673
-2.7289
-3.75694
-3.61104
-3.19998
-0.556962
-0.532706
-0.458147
-0.370088
-0.274589
-0.172713
-0.0661136
0.042644
0.150026
0.249245
0.32209
0.338239
0.259309
-0.00352753
-0.456126
-1.24221
-2.30327
-3.20108
-3.16619
-2.82799
-0.581667
-0.556678
-0.480248
-0.390055
-0.292348
-0.188101
-0.0788358
0.0334065
0.145564
0.253819
0.349047
0.4099
0.388522
0.224205
-0.0664042
-0.50544
-0.979056
-1.29618
-1.31523
-1.23429
-0.609505
-0.583531
-0.505078
-0.41258
-0.312486
-0.205727
-0.0938473
0.0213011
0.137811
0.254214
0.364596
0.450461
0.47408
0.415176
0.300958
0.152574
0.0352749
-0.000575369
0.0263055
0.0470811
-0.640184
-0.61324
-0.532549
-0.437493
-0.334928
-0.225729
-0.111209
0.00714637
0.127857
0.25077
0.372491
0.475546
0.534952
0.549407
0.543287
0.536804
0.553323
0.597833
0.640413
0.655281
-0.673153
-0.645878
-0.562296
-0.464601
-0.35932
-0.247394
-0.130125
-0.00878422
0.115813
0.244524
0.375897
0.492577
0.577661
0.636419
0.684999
0.735218
0.791091
0.84738
0.889683
0.905867
-0.707565
-0.680154
-0.593585
-0.49303
-0.384934
-0.270289
-0.150198
-0.0257766
0.10265
0.236768
0.375994
0.50302
0.604455
0.686312
0.75718
0.822182
0.882547
0.93545
0.973657
0.990305
-0.742535
-0.714325
-0.625469
-0.521944
-0.410935
-0.293389
-0.170428
-0.0429901
0.0891894
0.228321
0.374263
0.508011
0.617884
0.709084
0.78609
0.851806
0.907492
0.953569
0.988146
1.00507
-0.776237
-0.747615
-0.656089
-0.549644
-0.435763
-0.315493
-0.189829
-0.0594515
0.0761978
0.219664
0.370258
0.508401
0.621617
0.714897
0.7917
0.85478
0.906306
0.948202
0.980519
0.996791
-0.806277
-0.777556
-0.683409
-0.574253
-0.457796
-0.335115
-0.207042
-0.0740815
0.0644471
0.211168
0.364369
0.504318
0.617882
0.710243
0.785149
0.845732
0.894676
0.934162
0.965297
0.982478
-0.828723
-0.800923
-0.704439
-0.593172
-0.474832
-0.350304
-0.2206
-0.0859637
0.054239
0.202576
0.356442
0.49574
0.607643
0.697885
0.770562
0.829055
0.876196
0.914203
0.944726
0.961485
-0.839865
-0.813391
-0.715717
-0.603518
-0.484141
-0.35901
-0.229005
-0.0942811
0.045836
0.193659
0.345963
0.482637
0.591385
0.678737
0.74902
0.805645
0.851406
0.888358
0.918641
0.935152
-0.834418
-0.809898
-0.712889
-0.601078
-0.482743
-0.359096
-0.230838
-0.0982271
0.0394122
0.184195
0.332358
0.464306
0.568706
0.652441
0.720031
0.774807
0.819358
0.855584
0.885803
0.901971
-0.806318
-0.784917
-0.690404
-0.581573
-0.467026
-0.347833
-0.224511
-0.0971391
0.0350315
0.17376
0.315114
0.439938
0.538431
0.617522
0.681737
0.734326
0.777643
0.813412
0.843506
0.859733
-0.748027
-0.729579
-0.641465
-0.539624
-0.43327
-0.322668
-0.208214
-0.0897914
0.0332892
0.162469
0.293607
0.408586
0.499013
0.571701
0.631033
0.680195
0.721657
0.756877
0.786771
0.803211
-0.648793
-0.630853
-0.558181
-0.471092
-0.37864
-0.281891
-0.180911
-0.0755168
0.0347554
0.150769
0.268129
0.370091
0.449497
0.512871
0.56436
0.606848
0.642974
0.675211
0.703575
0.721636
-0.498183
-0.486581
-0.438817
-0.373215
-0.301871
-0.225034
-0.142532
-0.0542373
0.04001
0.140381
0.242145
0.329655
0.396429
0.448345
0.489349
0.521943
0.547534
0.567573
0.584619
0.596943
-0.306233
-0.303525
-0.282639
-0.248686
-0.206334
-0.155226
-0.0956484
-0.0275764
0.0488196
0.133184
0.220604
0.296183
0.353332
0.396672
0.429316
0.453632
0.471995
0.486076
0.495697
0.500264
-0.155346
-0.154856
-0.148099
-0.134587
-0.113945
-0.0848828
-0.0461685
0.00265033
0.0615215
0.129841
0.202667
0.266049
0.313373
0.348305
0.373783
0.392023
0.404263
0.411713
0.415913
0.417825
-0.0596952
-0.0602781
-0.0593841
-0.0545041
-0.0442401
-0.0275262
-0.00287052
0.0310992
0.0750616
0.128813
0.188076
0.240304
0.279005
0.306906
0.32626
0.339029
0.347116
0.351981
0.354418
0.355091
-0.00473782
-0.00512923
-0.00556252
-0.00396869
0.0013991
0.0118946
0.0287541
0.0531685
0.0861328
0.127966
0.175298
0.217398
0.248419
0.27042
0.285495
0.295447
0.301576
0.304907
0.306364
0.306744
0.0281052
0.0279643
0.0279922
0.0292481
0.0327729
0.0396737
0.0513072
0.0690272
0.0938893
0.126365
0.163904
0.197619
0.222446
0.239947
0.251748
0.259296
0.263834
0.266346
0.267524
0.267882
0.0498926
0.0498545
0.0500254
0.0510686
0.0537157
0.0587908
0.0672947
0.0803808
0.0991524
0.12426
0.153808
0.180558
0.20023
0.21399
0.223195
0.229081
0.232632
0.234591
0.235507
0.23579
0.0641671
0.0641673
0.0644057
0.0652947
0.0673321
0.0711365
0.0775123
0.0874001
0.101736
0.121167
0.144333
0.165456
0.181005
0.191867
0.199116
0.203731
0.206504
0.208036
0.208762
0.208989
0.0733231
0.0733375
0.0735807
0.0743317
0.0759434
0.0788738
0.0837328
0.0912702
0.102273
0.117333
0.135461
0.15208
0.164328
0.172872
0.178561
0.182178
0.184353
0.185556
0.186126
0.186304
0.0787075
0.0787242
0.0789355
0.0795448
0.0808107
0.0830807
0.0868227
0.0926205
0.10111
0.112797
0.12696
0.140003
0.149629
0.156343
0.160811
0.16365
0.165355
0.166297
0.166744
0.166881
0.0812253
0.0812409
0.0814155
0.0819012
0.0828935
0.0846569
0.0875508
0.0920316
0.0986032
0.107685
0.118744
0.128964
0.136516
0.141784
0.145289
0.147513
0.148847
0.149583
0.149929
0.150035
0.0815388
0.0815521
0.0816926
0.0820761
0.0828514
0.0842229
0.0864683
0.0899415
0.0950409
0.102105
0.110736
0.118733
0.124649
0.128777
0.131522
0.133264
0.134307
0.134881
0.135148
0.135229
0.0801498
0.0801606
0.0802716
0.0805721
0.081177
0.0822441
0.0839884
0.0866854
0.0906475
0.0961461
0.10288
0.109132
0.113761
0.116992
0.119139
0.1205
0.121314
0.121761
0.121969
0.122031
0.0774401
0.0774488
0.0775364
0.0777715
0.0782429
0.0790728
0.0804287
0.0825254
0.0856066
0.0898869
0.0951385
0.100021
0.103638
0.106164
0.107843
0.108907
0.109542
0.109889
0.110049
0.110096
0.0737071
0.073714
0.0737822
0.0739652
0.0743321
0.0749782
0.0760328
0.0776627
0.0800589
0.083391
0.0874844
0.0912944
0.0941195
0.0960912
0.0974007
0.0982295
0.0987242
0.0989946
0.099119
0.0991558
0.0691783
0.0691835
0.0692368
0.0693794
0.0696647
0.0701666
0.070986
0.0722529
0.0741164
0.0767094
0.0798976
0.0828669
0.085069
0.0866062
0.0876271
0.0882724
0.0886571
0.0888668
0.0889623
0.0889902
0.0640318
0.0640359
0.064077
0.0641874
0.0644086
0.0647982
0.0654344
0.0664181
0.0678658
0.0698806
0.0723599
0.0746708
0.0763839
0.0775793
0.0783738
0.0788767
0.079176
0.0793383
0.0794121
0.0794335
0.0584051
0.0584082
0.0584399
0.0585252
0.0586966
0.0589983
0.0594912
0.0602539
0.0613762
0.0629391
0.0648633
0.0666576
0.0679884
0.0689173
0.0695335
0.069922
0.070153
0.0702783
0.0703349
0.0703511
0.0524075
0.05241
0.0524341
0.0524995
0.0526313
0.0528641
0.0532446
0.053833
0.0546996
0.0559078
0.0573957
0.0587833
0.0598133
0.0605322
0.0610084
0.0613085
0.0614862
0.0615819
0.0616247
0.0616369
0.0461212
0.0461229
0.0461411
0.0461909
0.0462917
0.0464701
0.0467622
0.0472147
0.047881
0.0488098
0.049954
0.0510211
0.0518117
0.0523621
0.0527269
0.0529574
0.0530943
0.0531683
0.0532015
0.0532108
0.039613
0.039614
0.0396278
0.0396658
0.0397425
0.0398778
0.040099
0.0404424
0.040949
0.0416553
0.0425256
0.0433371
0.043939
0.0443588
0.0446372
0.0448126
0.0449155
0.0449703
0.0449945
0.0450012
0.0329376
0.0329383
0.0329481
0.0329758
0.0330324
0.0331329
0.0332976
0.0335536
0.0339317
0.0344594
0.0351108
0.0357193
0.0361712
0.0364866
0.0366944
0.0368238
0.0368999
0.0369401
0.0369569
0.0369621
0.0261352
0.0261358
0.0261426
0.0261621
0.0262021
0.0262739
0.0263934
0.0265798
0.0268549
0.0272384
0.0277114
0.0281522
0.0284779
0.0287041
0.0288537
0.0289484
0.0290043
0.0290339
0.0290467
0.0290506
0.0192407
0.019241
0.0192448
0.0192574
0.0192847
0.0193343
0.0194164
0.0195437
0.0197319
0.0199952
0.0203196
0.0206218
0.0208451
0.0210005
0.0211031
0.0211659
0.021202
0.0212206
0.0212277
0.0212292
0.0122787
0.0122791
0.0122815
0.0122888
0.0123051
0.012335
0.0123846
0.0124614
0.012575
0.012734
0.0129302
0.0131132
0.0132488
0.0133416
0.0134016
0.0134395
0.0134612
0.0134713
0.0134745
0.013475
0.001757
0.00175496
0.00175391
0.00175516
0.00175857
0.00176391
0.00177242
0.00178567
0.00180467
0.00183069
0.00186029
0.00188243
0.00189908
0.001911
0.00191817
0.00192214
0.00192429
0.00192469
0.00192346
0.00576533
-2.8051
-1.53955
-0.869252
-0.429805
-0.0909949
0.173443
0.380072
0.555589
0.721684
0.859487
-1.02516
-0.636785
-0.318501
-0.0577029
0.156046
0.33299
0.480258
0.602558
0.686858
0.703604
-0.367716
-0.15973
0.0233099
0.185484
0.325186
0.443753
0.541209
0.615465
0.661198
0.679976
0.00358019
0.128029
0.24358
0.349588
0.441399
0.518779
0.581074
0.627584
0.658035
0.67387
0.237552
0.317208
0.393176
0.461842
0.522755
0.574893
0.617857
0.650261
0.670719
0.682404
0.397105
0.448715
0.498104
0.546546
0.590807
0.629604
0.661307
0.684845
0.699895
0.707442
0.511397
0.544824
0.586542
0.624624
0.659077
0.688221
0.712184
0.730772
0.745021
0.751294
0.598339
0.625989
0.660777
0.693164
0.723312
0.751406
0.776097
0.796259
0.810573
0.81587
0.673313
0.704967
0.742072
0.777952
0.811391
0.840746
0.864552
0.882858
0.895763
0.901203
0.768636
0.806363
0.848523
0.886677
0.91945
0.94698
0.970125
0.988532
1.0014
1.00796
0.893803
0.937651
0.978408
1.01571
1.04669
1.07294
1.09427
1.11097
1.12345
1.13286
1.05621
1.09826
1.13289
1.16304
1.18779
1.20912
1.22874
1.24625
1.2609
1.2731
1.247
1.27831
1.29981
1.31911
1.33739
1.35481
1.37103
1.3868
1.40333
1.42029
1.44545
1.45694
1.46831
1.48252
1.49678
1.50966
1.52115
1.53205
1.54487
1.56145
1.6312
1.64103
1.64974
1.65254
1.65379
1.65819
1.66879
1.6847
1.70226
1.70681
1.93233
1.87688
1.82608
1.78602
1.76384
1.75964
1.77334
1.80724
1.86356
1.93903
0.563497
0.504889
0.462984
0.429782
0.405858
0.389112
0.377424
0.36925
0.363726
0.360552
0.360027
0.362283
0.366878
0.37384
0.383759
0.397849
0.417988
0.44631
0.484429
0.531871
0.364108
0.373731
0.380398
0.382123
0.379722
0.374745
0.369181
0.364263
0.36062
0.358788
0.359696
0.362837
0.367381
0.372879
0.378478
0.382516
0.383041
0.378862
0.370188
0.362152
0.340768
0.343013
0.349054
0.35376
0.356907
0.358744
0.35903
0.358
0.356442
0.355283
0.355161
0.356197
0.357973
0.359606
0.360202
0.3592
0.35677
0.352912
0.347425
0.34212
0.340646
0.341407
0.34457
0.348053
0.350778
0.352448
0.35313
0.353228
0.352822
0.35231
0.352337
0.353094
0.35392
0.354319
0.354067
0.353145
0.350927
0.347891
0.344344
0.342185
0.341123
0.341263
0.34197
0.343092
0.344271
0.345565
0.346717
0.347382
0.347667
0.34778
0.348003
0.348381
0.348601
0.348427
0.347723
0.346548
0.3454
0.344301
0.343357
0.342948
0.338659
0.338724
0.339113
0.339738
0.340416
0.341079
0.341677
0.342187
0.342583
0.342897
0.343222
0.343536
0.343665
0.343552
0.343231
0.342754
0.342174
0.341567
0.341057
0.340848
0.335298
0.335325
0.335477
0.335766
0.336159
0.336643
0.337183
0.337726
0.338236
0.338711
0.339155
0.339464
0.33956
0.339453
0.339196
0.33887
0.33855
0.338275
0.338083
0.338009
0.33124
0.331257
0.33135
0.331521
0.331759
0.332069
0.332454
0.332909
0.333418
0.333968
0.334513
0.334924
0.33513
0.335175
0.335116
0.335006
0.334882
0.334766
0.334679
0.33464
0.326912
0.326923
0.326986
0.327106
0.327287
0.327543
0.327888
0.328331
0.328876
0.329518
0.330198
0.330744
0.331077
0.331246
0.331306
0.331305
0.331275
0.331237
0.331203
0.331185
0.322339
0.322345
0.322393
0.322489
0.322643
0.322875
0.323209
0.323668
0.324275
0.325035
0.325884
0.326607
0.327099
0.327402
0.327578
0.327672
0.327715
0.327729
0.327729
0.327724
0.317529
0.317536
0.317582
0.317673
0.317826
0.318067
0.318426
0.318942
0.31965
0.320572
0.32164
0.322587
0.323249
0.323703
0.323989
0.324164
0.324265
0.324317
0.32434
0.324344
0.312472
0.312477
0.312525
0.312625
0.312797
0.313071
0.313488
0.3141
0.314956
0.316096
0.317444
0.318661
0.319553
0.32016
0.320563
0.320818
0.320973
0.32106
0.321103
0.321114
0.307135
0.307141
0.307195
0.307311
0.307514
0.307843
0.308349
0.309099
0.31016
0.311588
0.313295
0.314856
0.316005
0.316806
0.317341
0.317686
0.317898
0.318021
0.318083
0.318099
0.301448
0.301455
0.30152
0.301663
0.301914
0.302321
0.302952
0.303889
0.305223
0.307027
0.309192
0.311181
0.312652
0.313683
0.314377
0.314826
0.315104
0.315267
0.31535
0.315373
0.295326
0.295334
0.295416
0.295596
0.295912
0.296427
0.297225
0.298412
0.300103
0.302391
0.30514
0.307669
0.309541
0.310855
0.311741
0.312316
0.312673
0.312882
0.31299
0.31302
0.288652
0.288662
0.288767
0.288997
0.289401
0.290058
0.291077
0.292591
0.294746
0.297657
0.301149
0.304356
0.306729
0.308395
0.309519
0.310248
0.310702
0.310968
0.311106
0.311144
0.281266
0.28128
0.281415
0.281713
0.282234
0.28308
0.28439
0.286333
0.289089
0.2928
0.297236
0.301297
0.304295
0.306399
0.307816
0.308737
0.309309
0.309645
0.309819
0.309868
0.272959
0.272977
0.273154
0.273542
0.27422
0.275319
0.277014
0.279518
0.283055
0.287794
0.293424
0.298556
0.302335
0.304982
0.306765
0.307923
0.308643
0.309065
0.309284
0.309345
0.263444
0.263469
0.263704
0.264216
0.265107
0.266545
0.268753
0.271999
0.276553
0.28261
0.28975
0.29622
0.300969
0.304292
0.306529
0.30798
0.308883
0.309413
0.309687
0.309762
0.252331
0.252366
0.252682
0.253367
0.254551
0.256454
0.259357
0.26359
0.269477
0.277222
0.286262
0.294393
0.300341
0.304499
0.3073
0.309118
0.31025
0.310914
0.311257
0.311351
0.239073
0.239123
0.239557
0.240489
0.242091
0.244645
0.248506
0.254072
0.261711
0.271618
0.283027
0.2932
0.300619
0.305807
0.309309
0.311587
0.313008
0.313843
0.314274
0.314391
0.222891
0.222965
0.223572
0.224872
0.22709
0.230591
0.235806
0.243199
0.253153
0.265812
0.280139
0.292786
0.301991
0.308447
0.312825
0.315688
0.31748
0.318535
0.319078
0.319226
0.202613
0.202724
0.203597
0.205482
0.208675
0.213619
0.220809
0.230742
0.243755
0.25987
0.277724
0.293312
0.304651
0.312656
0.318138
0.321762
0.32405
0.325399
0.32609
0.326279
0.176303
0.176471
0.177807
0.180754
0.185634
0.192899
0.203057
0.216551
0.233567
0.25394
0.275944
0.294927
0.308758
0.318636
0.325522
0.33017
0.333162
0.334945
0.335851
0.336099
0.140457
0.140747
0.143149
0.148381
0.156402
0.167539
0.182206
0.200642
0.222775
0.248228
0.274948
0.297717
0.314369
0.326461
0.335126
0.341194
0.345278
0.347826
0.349158
0.349527
0.0882749
0.0892269
0.0950622
0.105627
0.119604
0.137152
0.158451
0.183424
0.211767
0.242993
0.274832
0.301637
0.321343
0.335944
0.34678
0.354782
0.360589
0.364644
0.367066
0.367863
0.0101738
0.0151819
0.0317531
0.0531323
0.0769449
0.103634
0.133345
0.165925
0.201107
0.238502
0.275758
0.306911
0.330054
0.347647
0.36127
0.371999
0.380575
0.387433
0.392734
0.396011
-0.0729844
-0.0617261
-0.0311537
0.00111538
0.0351144
0.0709979
0.108911
0.148883
0.190811
0.234504
0.277637
0.313844
0.341145
0.362398
0.379403
0.393363
0.405091
0.415063
0.424701
0.430867
-0.133583
-0.122341
-0.0848322
-0.0445243
-0.00242517
0.0412897
0.0865727
0.133307
0.181388
0.230733
0.27898
0.319326
0.349748
0.373452
0.392361
0.407717
0.420375
0.430858
0.440106
0.445097
-0.178013
-0.165969
-0.125309
-0.0803652
-0.0330046
0.0163167
0.0671894
0.119298
0.172416
0.226429
0.278853
0.32246
0.355139
0.380337
0.400158
0.415989
0.428823
0.439325
0.448291
0.453447
-0.210623
-0.198411
-0.156189
-0.108118
-0.0573032
-0.0041189
0.0508784
0.107151
0.164271
0.222051
0.27785
0.32405
0.358438
0.384709
0.405142
0.421259
0.434146
0.444568
0.453251
0.458199
-0.235658
-0.22331
-0.18044
-0.130345
-0.0769253
-0.020799
0.0373156
0.0967175
0.156852
0.217474
0.2759
0.324238
0.360112
0.387341
0.408322
0.424702
0.437659
0.448048
0.456505
0.461371
-0.256056
-0.243638
-0.199985
-0.148431
-0.0931242
-0.0347915
0.0256952
0.0874569
0.1498
0.212499
0.272978
0.323224
0.360581
0.388851
0.410485
0.427213
0.440316
0.450719
0.459017
0.463826
-0.273263
-0.260616
-0.216261
-0.163435
-0.106592
-0.0465479
0.0157212
0.0791692
0.142999
0.207036
0.269042
0.321085
0.360106
0.389667
0.412177
0.429436
0.442804
0.45331
0.461519
0.466317
-0.287936
-0.275135
-0.230051
-0.176147
-0.118001
-0.0565553
0.00706476
0.0716572
0.136298
0.200951
0.263943
0.317773
0.358799
0.390073
0.413825
0.431876
0.445691
0.456395
0.464622
0.469386
-0.300814
-0.287738
-0.241961
-0.187027
-0.127733
-0.0651374
-0.000492451
0.0647846
0.129613
0.194114
0.257498
0.313119
0.35664
0.390246
0.415764
0.434992
0.449499
0.460547
0.46889
0.473681
-0.312153
-0.298807
-0.252294
-0.196449
-0.136109
-0.0725013
-0.00707891
0.0584997
0.122919
0.186444
0.249454
0.306836
0.353499
0.390268
0.418286
0.439215
0.454764
0.466375
0.474946
0.479794
-0.322348
-0.308721
-0.26147
-0.204628
-0.143324
-0.0788172
-0.0127907
0.0527718
0.116242
0.177894
0.239568
0.298531
0.349097
0.390124
0.421626
0.444991
0.462047
0.474472
0.483447
0.488434
-0.33163
-0.317639
-0.269619
-0.211844
-0.149553
-0.0841893
-0.0176745
0.0476476
0.109653
0.168489
0.227579
0.287696
0.343017
0.389691
0.42599
0.452757
0.471946
0.485541
0.495178
0.500319
-0.340296
-0.325774
-0.276965
-0.21824
-0.154959
-0.0887366
-0.0217589
0.0431653
0.103295
0.158303
0.213284
0.273743
0.334688
0.388738
0.431534
0.462969
0.485104
0.500386
0.510653
0.516001
-0.348097
-0.333382
-0.283689
-0.223954
-0.159656
-0.0925508
-0.0250892
0.039386
0.0973025
0.147521
0.196522
0.255996
0.323392
0.386921
0.438343
0.476003
0.502096
0.519595
0.53091
0.536583
-0.355529
-0.340484
-0.289875
-0.229106
-0.16376
-0.0957142
-0.0277172
0.0363515
0.0918836
0.136384
0.17725
0.233735
0.308201
0.383797
0.446388
0.492196
0.52349
0.543988
0.556778
0.562765
-0.362612
-0.347232
-0.295661
-0.23382
-0.167378
-0.0983246
-0.0296799
0.0340885
0.0872023
0.125219
0.155525
0.206193
0.288115
0.378622
0.455467
0.511846
0.549772
0.574048
0.58858
0.594869
-0.369452
-0.35372
-0.301134
-0.238183
-0.170605
-0.100479
-0.0310531
0.0325999
0.0834048
0.11439
0.131541
0.1725
0.261842
0.370484
0.465441
0.535095
0.581551
0.610338
0.626519
0.632717
-0.37614
-0.360018
-0.306381
-0.242278
-0.173531
-0.102255
-0.0319202
0.0318695
0.0806159
0.104279
0.105601
0.131883
0.227696
0.358278
0.475755
0.561759
0.619205
0.653962
0.67122
0.675198
-0.38269
-0.366149
-0.311433
-0.246149
-0.176227
-0.103757
-0.0323584
0.0318263
0.0789225
0.095257
0.0780937
0.0839921
0.18306
0.340847
0.486643
0.59127
0.660205
0.703746
0.724462
0.720261
-0.389288
-0.372308
-0.316303
-0.249825
-0.178762
-0.105052
-0.0324379
0.0324392
0.0783536
0.0875553
0.0492508
0.0270528
0.124575
0.315442
0.49654
0.622171
0.701477
0.756458
0.792522
0.779104
-0.395986
-0.378412
-0.320972
-0.253383
-0.181266
-0.106261
-0.0322613
0.033624
0.0789315
0.0812902
0.0182333
-0.0455515
0.0417549
0.275112
0.507677
0.655069
0.732229
0.777933
0.813194
0.765057
-0.403459
-0.384268
-0.325271
-0.256854
-0.18377
-0.107496
-0.0319247
0.0353004
0.0807013
0.0770733
-0.0134665
-0.136502
-0.076866
0.208495
0.512515
0.666149
0.726818
0.745707
0.704791
0.620262
-0.413418
-0.389266
-0.328916
-0.260592
-0.186535
-0.108996
-0.0317534
0.0373547
0.0835907
0.0753746
-0.0449996
-0.250196
-0.254704
0.085559
0.508996
0.664365
0.696444
0.659845
0.559471
0.452866
-0.423639
-0.403954
-0.32984
-0.262422
-0.187468
-0.1087
-0.031636
0.0398984
0.0879622
0.0769441
-0.0753035
-0.397193
-0.546404
-0.0876024
0.477212
0.607434
0.575579
0.474605
0.355583
0.238973
-0.357753
-0.362842
-0.304101
-0.231428
-0.153348
-0.072229
0.00573718
0.0707022
0.0977756
0.0200812
-0.288732
-0.866536
-0.875231
-0.0457797
0.411962
0.341845
0.230206
0.135185
0.0298269
-0.206712
-0.403861
-0.367173
-0.305237
-0.232233
-0.152976
-0.0703771
0.00955718
0.0771715
0.107242
0.0277442
-0.345289
-1.28458
-1.56352
-0.461274
0.0179585
-0.0692213
-0.175926
-0.251991
-0.357894
-0.614795
-0.423505
-0.378167
-0.312587
-0.238516
-0.157543
-0.0730231
0.0101153
0.0816719
0.117844
0.0425789
-0.396991
-1.66923
-2.23887
-1.07771
-0.540055
-0.537857
-0.609482
-0.68038
-0.817368
-1.15083
-0.441497
-0.390372
-0.321598
-0.245232
-0.162276
-0.075494
0.0105746
0.0863763
0.129481
0.0627452
-0.418693
-1.92396
-2.65945
-1.52689
-1.06838
-0.998466
-1.09025
-1.17552
-1.37048
-1.9443
-0.458083
-0.402883
-0.331155
-0.252234
-0.167134
-0.0779893
0.0109933
0.0914437
0.142496
0.0913034
-0.383853
-1.91053
-2.64224
-1.73516
-1.38334
-1.364
-1.52962
-1.72491
-2.00017
-3.30127
-0.47315
-0.415738
-0.341505
-0.260197
-0.17278
-0.0812196
0.0109371
0.0961525
0.156042
0.126283
-0.283594
-1.61889
-2.26112
-1.68001
-1.53129
-1.61787
-1.8349
-2.11993
-2.44778
-4.19974
-0.488235
-0.429242
-0.353003
-0.269423
-0.179671
-0.0855524
0.0098817
0.0998598
0.169273
0.16377
-0.149943
-1.15215
-1.66555
-1.44677
-1.53196
-1.75578
-1.97727
-2.12939
-2.19929
-2.286
-0.503988
-0.443869
-0.365879
-0.280156
-0.188128
-0.0913314
0.00731707
0.102403
0.181247
0.202699
0.00237379
-0.630067
-1.04252
-1.13102
-1.44504
-1.85427
-2.13381
-2.03738
-2.03655
-2.12013
-0.521174
-0.459972
-0.380313
-0.292589
-0.198268
-0.0988786
0.00306923
0.102962
0.191155
0.239043
0.145864
-0.174254
-0.488199
-0.79469
-1.3179
-1.97658
-2.59768
-2.41956
-2.30683
-2.37717
-0.54047
-0.478012
-0.396647
-0.306897
-0.210336
-0.108377
-0.00323909
0.101149
0.197779
0.268892
0.260738
0.137713
-0.0991098
-0.487091
-1.126
-2.09615
-3.36922
-3.79918
-3.38279
-3.11836
-0.562355
-0.49842
-0.415198
-0.323392
-0.224569
-0.120057
-0.0120295
0.0965807
0.200956
0.291238
0.338956
0.317491
0.153482
-0.195726
-0.800929
-1.74613
-2.87202
-3.26823
-2.99647
-2.74173
-0.587032
-0.521522
-0.436255
-0.342262
-0.24115
-0.134194
-0.0231215
0.089411
0.200182
0.304786
0.386146
0.415166
0.325254
0.0966929
-0.267403
-0.754668
-1.17104
-1.34019
-1.27482
-1.20581
-0.614887
-0.547453
-0.459947
-0.363604
-0.260045
-0.150542
-0.0368117
0.0792149
0.195903
0.311773
0.413054
0.473175
0.454238
0.364134
0.228534
0.0832794
0.00609247
0.00997941
0.0394783
0.049424
-0.64572
-0.576216
-0.486126
-0.387276
-0.281279
-0.16928
-0.0526757
0.0670354
0.18875
0.313532
0.428739
0.511945
0.546717
0.547907
0.538747
0.540856
0.573382
0.621417
0.651683
0.656575
-0.679159
-0.607343
-0.51455
-0.413044
-0.304336
-0.189582
-0.0701475
0.052942
0.179221
0.3118
0.438114
0.53922
0.609515
0.661214
0.7093
0.762617
0.81978
0.871282
0.901199
0.906894
-0.713938
-0.639757
-0.54445
-0.44006
-0.328602
-0.211088
-0.0887073
0.037693
0.168453
0.307748
0.443014
0.556612
0.647268
0.722588
0.79003
0.85299
0.910256
0.956848
0.985008
0.991399
-0.749135
-0.673217
-0.574844
-0.467542
-0.353133
-0.232749
-0.107477
0.0221384
0.157365
0.301975
0.444302
0.565535
0.665402
0.749042
0.820122
0.880804
0.93176
0.972514
0.999466
1.00596
-0.782617
-0.705172
-0.604056
-0.493784
-0.376562
-0.253515
-0.125481
0.00731241
0.146395
0.295918
0.442735
0.567581
0.670387
0.755075
0.824757
0.881813
0.928349
0.965617
0.991338
0.997954
-0.812275
-0.733849
-0.630032
-0.517081
-0.397388
-0.271949
-0.14143
-0.00592613
0.136183
0.288922
0.438168
0.563891
0.666346
0.749603
0.817005
0.871465
0.915479
0.950738
0.976792
0.983414
-0.834443
-0.756223
-0.650049
-0.535014
-0.413506
-0.286348
-0.154157
-0.0169691
0.12681
0.280934
0.429976
0.554654
0.655131
0.736128
0.801347
0.853848
0.896219
0.930291
0.955912
0.962513
-0.845377
-0.768166
-0.660752
-0.544853
-0.422484
-0.294886
-0.16251
-0.0253004
0.118246
0.271456
0.418164
0.540004
0.637378
0.71573
0.778803
0.829695
0.870859
0.904199
0.929653
0.936272
-0.839638
-0.765374
-0.658024
-0.542873
-0.42178
-0.295796
-0.165359
-0.0304332
0.110424
0.260015
0.402076
0.519408
0.61278
0.687978
0.7488
0.798187
0.838353
0.87137
0.896553
0.903237
-0.811055
-0.742039
-0.636916
-0.52516
-0.408202
-0.286924
-0.161624
-0.0320129
0.103139
0.246192
0.381274
0.491921
0.580021
0.651214
0.70927
0.75699
0.796318
0.829155
0.854202
0.86112
-0.751941
-0.690163
-0.591188
-0.487233
-0.378693
-0.266153
-0.149771
-0.0291563
0.0967386
0.229759
0.354677
0.456313
0.537204
0.602771
0.656664
0.701733
0.739906
0.772601
0.79739
0.804818
-0.653233
-0.597711
-0.51567
-0.425617
-0.330961
-0.232142
-0.128996
-0.0212582
0.0917355
0.21109
0.322441
0.412091
0.482842
0.539858
0.586532
0.625487
0.659434
0.690007
0.714791
0.724055
-0.496103
-0.466213
-0.407192
-0.338232
-0.264313
-0.184623
-0.099273
-0.00802332
0.0892508
0.192747
0.288925
0.365167
0.423922
0.469994
0.506564
0.535531
0.558094
0.576349
0.591959
0.5991
-0.306528
-0.295077
-0.266771
-0.228627
-0.181873
-0.126592
-0.0627533
0.00948289
0.0899048
0.178019
0.261036
0.326699
0.376488
0.414162
0.442359
0.463406
0.479541
0.49148
0.498693
0.500558
-0.15583
-0.152311
-0.142159
-0.125249
-0.100564
-0.0667889
-0.0230809
0.0307881
0.0944719
0.167029
0.236604
0.29145
0.332182
0.362055
0.383711
0.398842
0.408497
0.414134
0.417192
0.417919
-0.0600779
-0.0601696
-0.0575383
-0.0500859
-0.0367809
-0.0162849
0.0128751
0.0517888
0.10071
0.158897
0.216035
0.261154
0.294146
0.317532
0.333353
0.343556
0.349892
0.35347
0.354912
0.355034
-0.00490199
-0.00545965
-0.00512669
-0.00182526
0.00593671
0.0194571
0.0399437
0.0685225
0.105926
0.151888
0.197833
0.234164
0.260412
0.278703
0.291024
0.298928
0.303537
0.305822
0.306637
0.306732
0.0280274
0.0279067
0.0284007
0.0306746
0.03573
0.044817
0.0593321
0.0805091
0.109154
0.145261
0.181936
0.211051
0.232007
0.246469
0.255975
0.261877
0.265299
0.267068
0.267776
0.267882
0.0498559
0.0498869
0.0503895
0.0521494
0.0558977
0.062549
0.0731927
0.0889943
0.110888
0.139085
0.168106
0.191215
0.207766
0.219082
0.226488
0.231101
0.233776
0.235153
0.235706
0.235791
0.0641453
0.0642396
0.0647399
0.0661394
0.0689715
0.0739499
0.081958
0.0939579
0.110786
0.132759
0.155614
0.173881
0.186956
0.195881
0.201701
0.205308
0.207397
0.20848
0.208922
0.208989
0.0733091
0.0734182
0.0738733
0.0750073
0.0772122
0.0810208
0.087118
0.0962921
0.109269
0.126386
0.14433
0.158716
0.169011
0.176023
0.180588
0.183415
0.185054
0.185904
0.186252
0.186303
0.078698
0.0787961
0.0791767
0.0800786
0.0817959
0.0847357
0.0894263
0.0964905
0.10653
0.11986
0.133916
0.145218
0.15331
0.158818
0.162402
0.16462
0.165904
0.166569
0.166841
0.166879
0.0812185
0.081301
0.0816093
0.082321
0.0836603
0.0859376
0.0895625
0.0950252
0.10281
0.113193
0.124192
0.133055
0.139404
0.143726
0.146536
0.148273
0.149276
0.149795
0.150004
0.150033
0.0815339
0.0816008
0.0818463
0.0824048
0.0834483
0.0852171
0.0880278
0.0922634
0.0983105
0.106401
0.114996
0.121937
0.126912
0.130298
0.132499
0.133858
0.134642
0.135045
0.135206
0.135227
0.0801461
0.0801992
0.0803923
0.0808287
0.0816417
0.0830167
0.0851993
0.0884889
0.0931909
0.0994956
0.10621
0.111639
0.115533
0.118182
0.119902
0.120964
0.121576
0.121889
0.122013
0.122029
0.0774372
0.0774793
0.077631
0.0779717
0.0786044
0.0796733
0.08137
0.0839277
0.0875861
0.0924982
0.0977384
0.10198
0.105023
0.107094
0.10844
0.109269
0.109745
0.109988
0.110083
0.110095
0.073705
0.0737378
0.0738558
0.074121
0.0746136
0.0754454
0.0767646
0.078753
0.081599
0.0854252
0.0895126
0.092824
0.0952006
0.0968173
0.0978657
0.0985115
0.0988823
0.0990714
0.0991454
0.0991543
0.0691765
0.0692022
0.0692942
0.0695006
0.0698834
0.0705296
0.0715547
0.0731007
0.0753149
0.0782938
0.0814782
0.0840591
0.0859118
0.0871723
0.0879893
0.0884917
0.0887798
0.088926
0.0889823
0.088989
0.0640305
0.0640502
0.0641215
0.0642814
0.0645783
0.06508
0.065876
0.0670767
0.068797
0.0711124
0.0735901
0.0755984
0.0770393
0.0780196
0.0786559
0.0790476
0.0792711
0.0793841
0.0794275
0.0794324
0.058404
0.0584193
0.0584742
0.0585979
0.058828
0.0592167
0.0598335
0.0607644
0.0620984
0.0638948
0.0658182
0.0673781
0.0684977
0.0692593
0.0697518
0.0700538
0.0702265
0.0703134
0.0703466
0.0703502
0.0524068
0.0524184
0.0524604
0.0525554
0.0527327
0.0530326
0.0535087
0.0542271
0.0552577
0.0566469
0.0581341
0.0593408
0.0602076
0.0607964
0.0611769
0.06141
0.0615424
0.0616086
0.0616335
0.0616361
0.0461205
0.0461292
0.046161
0.0462337
0.0463693
0.0465994
0.0469653
0.0475178
0.0483101
0.0493782
0.050522
0.0514494
0.0521137
0.0525644
0.0528563
0.0530356
0.0531378
0.0531889
0.0532082
0.0532101
0.0396124
0.0396187
0.039643
0.0396983
0.0398015
0.0399757
0.040253
0.0406726
0.0412752
0.0420876
0.0429574
0.0436629
0.0441692
0.0445133
0.0447359
0.0448715
0.0449477
0.0449854
0.0449994
0.0450008
0.0329372
0.0329416
0.0329592
0.0329997
0.0330761
0.0332057
0.0334124
0.0337255
0.0341754
0.0347828
0.0354346
0.035964
0.0363443
0.036602
0.0367671
0.0368674
0.0369237
0.0369508
0.0369605
0.0369617
0.026135
0.0261381
0.0261504
0.026179
0.0262332
0.0263266
0.026477
0.0267048
0.027032
0.0274734
0.0279461
0.0283287
0.0286021
0.0287871
0.0289069
0.0289804
0.0290218
0.029042
0.0290495
0.0290502
0.0192406
0.0192422
0.0192497
0.0192688
0.0193061
0.0193706
0.0194735
0.0196292
0.0198534
0.0201563
0.0204806
0.0207429
0.0209303
0.0210576
0.0211386
0.0211866
0.0212131
0.0212252
0.0212288
0.021229
0.0122787
0.0122799
0.0122844
0.0122955
0.0123181
0.0123569
0.012419
0.012513
0.0126484
0.0128316
0.0130275
0.0131867
0.0133
0.013375
0.0134229
0.0134521
0.0134674
0.0134735
0.0134747
0.0134752
0.00527316
0.00527338
0.00527352
0.00527623
0.00528296
0.005295
0.0053149
0.00534658
0.00539351
0.00545814
0.00553994
0.00561528
0.00567039
0.00570896
0.00573474
0.00575013
0.0057588
0.00576333
0.0057649
0.00576557
-1.97153
-1.14843
-0.634087
-0.252627
0.0478564
0.280967
0.471429
0.636948
0.807047
0.811756
-0.752839
-0.466582
-0.181609
0.0546534
0.248738
0.409916
0.544581
0.651983
0.703629
0.695499
-0.234453
-0.0657411
0.107375
0.258092
0.387182
0.495181
0.581471
0.642199
0.673945
0.678588
0.0817196
0.1865
0.298376
0.397304
0.481989
0.551886
0.606252
0.644802
0.668279
0.675844
0.286238
0.356055
0.428552
0.49329
0.54999
0.597613
0.635415
0.662004
0.678785
0.686637
0.429783
0.473806
0.522763
0.569173
0.611132
0.646316
0.674277
0.693138
0.705915
0.714909
0.533072
0.567338
0.605747
0.642544
0.674276
0.700875
0.722109
0.73835
0.750453
0.76186
0.615162
0.6436
0.677304
0.708463
0.737676
0.764247
0.786859
0.804148
0.815174
0.828445
0.689806
0.723499
0.760214
0.795083
0.826686
0.853362
0.874402
0.889949
0.89984
0.915137
0.78838
0.827367
0.868355
0.903695
0.933819
0.959129
0.979936
0.995685
1.00557
1.02198
0.917283
0.957994
0.99789
1.03184
1.06043
1.08419
1.1032
1.11762
1.12852
1.1464
1.07878
1.11607
1.14867
1.17603
1.19871
1.21914
1.23782
1.2539
1.26729
1.28481
1.26419
1.28956
1.30968
1.32831
1.34626
1.36306
1.37892
1.39487
1.41206
1.43112
1.4511
1.46228
1.4752
1.48982
1.50339
1.51559
1.52659
1.53793
1.55314
1.57252
1.63291
1.64637
1.65164
1.65304
1.65535
1.66263
1.67621
1.69376
1.70743
1.71876
1.90197
1.85131
1.80397
1.77264
1.75957
1.76413
1.78758
1.83262
1.89917
1.99324
0.419942
0.417371
0.412115
0.402013
0.390403
0.379976
0.371708
0.365581
0.361471
0.359553
0.360466
0.363818
0.369143
0.376458
0.385936
0.397241
0.408662
0.416452
0.420371
0.422179
0.346734
0.354257
0.360681
0.365331
0.367425
0.366827
0.364329
0.361235
0.358644
0.35736
0.358056
0.360396
0.363597
0.366728
0.368548
0.36793
0.364525
0.358932
0.351495
0.345459
0.339607
0.343267
0.348105
0.351629
0.35367
0.354823
0.355089
0.354551
0.35368
0.353219
0.353648
0.354768
0.355819
0.35619
0.355562
0.354164
0.351458
0.347155
0.342426
0.340457
0.341561
0.342581
0.344609
0.346723
0.348666
0.350077
0.350805
0.350974
0.350816
0.350721
0.351101
0.35169
0.352008
0.351773
0.350896
0.34925
0.347297
0.345163
0.343573
0.343178
0.339963
0.340221
0.340867
0.341626
0.342409
0.34319
0.34388
0.34438
0.34469
0.344943
0.345265
0.345511
0.345489
0.34515
0.344563
0.343888
0.343189
0.342488
0.342041
0.341929
0.337123
0.337266
0.337636
0.338152
0.338746
0.339366
0.339945
0.340446
0.340871
0.341272
0.341628
0.341829
0.341819
0.341594
0.341202
0.340725
0.340249
0.339836
0.339592
0.339529
0.333307
0.333368
0.333529
0.333775
0.3341
0.334505
0.334975
0.335479
0.335992
0.336507
0.336945
0.337196
0.337245
0.337147
0.336971
0.336774
0.336592
0.336444
0.336359
0.336332
0.32911
0.329153
0.329265
0.329439
0.329682
0.330002
0.330405
0.330889
0.331449
0.33207
0.332629
0.332994
0.333174
0.333221
0.333189
0.333121
0.333043
0.332974
0.33293
0.332912
0.324654
0.324682
0.324762
0.324894
0.325093
0.325377
0.325765
0.326274
0.326908
0.327659
0.328376
0.32889
0.329205
0.329376
0.329455
0.329482
0.32948
0.329467
0.329454
0.329443
0.319965
0.319989
0.320055
0.320175
0.320364
0.320648
0.321057
0.321621
0.322363
0.323285
0.324205
0.324904
0.325368
0.325666
0.325844
0.325943
0.325994
0.326016
0.326021
0.326014
0.315032
0.315055
0.315126
0.31525
0.315454
0.315768
0.316234
0.316896
0.317793
0.318939
0.320111
0.321025
0.321673
0.3221
0.322374
0.32254
0.322636
0.322686
0.322706
0.322701
0.309843
0.309867
0.309944
0.310087
0.310324
0.310695
0.311254
0.312059
0.313168
0.314607
0.316102
0.317296
0.318141
0.318715
0.31909
0.319325
0.319465
0.319541
0.319573
0.319569
0.30434
0.304368
0.304459
0.304632
0.30492
0.305376
0.306066
0.307069
0.308459
0.310276
0.312179
0.313705
0.3148
0.315549
0.316043
0.316355
0.316542
0.316647
0.316692
0.316688
0.298448
0.298482
0.298596
0.298811
0.299172
0.299744
0.300612
0.301877
0.303634
0.305937
0.308355
0.310301
0.3117
0.312661
0.313296
0.3137
0.313943
0.31408
0.314139
0.314135
0.292067
0.29211
0.292255
0.292527
0.292986
0.293713
0.294817
0.296424
0.298658
0.301585
0.304655
0.307125
0.308903
0.310125
0.310933
0.311447
0.311758
0.311933
0.312009
0.312004
0.28506
0.285115
0.285301
0.285652
0.28624
0.287173
0.288586
0.290641
0.29349
0.297213
0.301107
0.304235
0.306484
0.308029
0.309052
0.309702
0.310096
0.310317
0.310414
0.310408
0.277244
0.277317
0.277558
0.278013
0.278774
0.279979
0.281799
0.284437
0.28808
0.292818
0.297753
0.301705
0.30454
0.306487
0.307775
0.308594
0.30909
0.309369
0.309491
0.309483
0.268375
0.268472
0.268789
0.269385
0.270378
0.271944
0.274303
0.277703
0.282372
0.288404
0.294648
0.299627
0.303193
0.305639
0.307256
0.308285
0.308908
0.309257
0.30941
0.3094
0.258121
0.258251
0.258674
0.259464
0.260773
0.262828
0.265904
0.270307
0.276303
0.28398
0.291863
0.298118
0.302588
0.305654
0.30768
0.308969
0.30975
0.310188
0.310378
0.310365
0.24602
0.246201
0.246776
0.247838
0.249588
0.252313
0.256359
0.262093
0.269809
0.279568
0.289488
0.297316
0.3029
0.306731
0.309267
0.310882
0.311862
0.312412
0.312651
0.312634
0.231409
0.231669
0.232476
0.233939
0.236319
0.239987
0.24537
0.252887
0.262837
0.275214
0.287634
0.297378
0.304329
0.309108
0.312281
0.314309
0.315543
0.316239
0.316541
0.316519
0.213294
0.213693
0.214875
0.216955
0.220275
0.225317
0.232585
0.242517
0.255358
0.270987
0.28643
0.298475
0.307084
0.31304
0.317022
0.319585
0.321158
0.322054
0.322447
0.322418
0.190135
0.19081
0.192642
0.195721
0.200518
0.207649
0.217639
0.230854
0.247404
0.266998
0.286009
0.30076
0.311359
0.318776
0.323806
0.327091
0.329143
0.330342
0.330882
0.330849
0.159419
0.160703
0.163746
0.168589
0.175901
0.186354
0.200318
0.217947
0.239138
0.263421
0.286511
0.30435
0.317281
0.326501
0.332915
0.33723
0.340014
0.341705
0.342507
0.342485
0.116425
0.119209
0.12502
0.133461
0.14541
0.161209
0.180836
0.204184
0.230943
0.26053
0.288082
0.309293
0.324854
0.336235
0.34446
0.350278
0.354265
0.35686
0.358165
0.358158
0.0524544
0.0600535
0.0726163
0.0888186
0.10899
0.132763
0.159912
0.190211
0.223273
0.258547
0.290724
0.315426
0.333788
0.3476
0.358046
0.365946
0.37188
0.376348
0.378542
0.378298
-0.0241609
-0.0110283
0.0133797
0.0408652
0.0708952
0.103458
0.138565
0.176072
0.21573
0.257201
0.294769
0.323881
0.346054
0.363362
0.377131
0.38826
0.397437
0.404703
0.407929
0.409271
-0.10058
-0.075913
-0.0412924
-0.00401034
0.0352028
0.0761525
0.118804
0.163122
0.209013
0.256372
0.299097
0.332315
0.357839
0.378038
0.394381
0.407772
0.418801
0.427802
0.433305
0.435097
-0.153065
-0.12556
-0.0854252
-0.0415252
0.0044231
0.0520045
0.100984
0.151177
0.202453
0.254781
0.301649
0.337953
0.365722
0.387497
0.40485
0.418799
0.430052
0.439021
0.444519
0.446321
-0.192024
-0.16249
-0.118801
-0.0709231
-0.0205539
0.0317534
0.0855069
0.140327
0.195968
0.25239
0.302652
0.341349
0.37068
0.393417
0.411312
0.425527
0.436863
0.445814
0.451439
0.453216
-0.220775
-0.190729
-0.144869
-0.0942181
-0.0406522
0.0151244
0.0724999
0.130894
0.189923
0.249532
0.302474
0.343084
0.373671
0.39716
0.415453
0.429836
0.441198
0.450116
0.455845
0.457623
-0.24373
-0.213121
-0.16582
-0.113185
-0.0572261
0.00122569
0.0613408
0.122396
0.183939
0.24597
0.301111
0.343448
0.375246
0.399504
0.418229
0.432823
0.444255
0.453186
0.459004
0.460781
-0.262778
-0.231544
-0.182986
-0.128799
-0.0710258
-0.0105701
0.0516009
0.114595
0.177894
0.241659
0.298638
0.342697
0.375847
0.401043
0.420352
0.435262
0.446843
0.455832
0.461737
0.463508
-0.278879
-0.247069
-0.197406
-0.141902
-0.0826364
-0.020616
0.0430501
0.107324
0.171644
0.236474
0.295
0.340917
0.375745
0.402204
0.422347
0.43776
0.44961
0.458709
0.464735
0.466527
-0.2929
-0.26039
-0.209683
-0.153047
-0.0925339
-0.029272
0.0354597
0.100439
0.165087
0.230263
0.290038
0.338071
0.375076
0.403288
0.424648
0.440816
0.453092
0.462388
0.468546
0.470363
-0.305199
-0.271992
-0.220325
-0.162598
-0.101002
-0.036739
0.0287027
0.0938821
0.158143
0.222866
0.283501
0.333995
0.373867
0.404523
0.427635
0.444928
0.457855
0.467488
0.473853
0.475713
-0.316086
-0.28214
-0.229631
-0.170872
-0.108275
-0.0431657
0.0227187
0.0876394
0.150791
0.214128
0.275069
0.328384
0.37203
0.406064
0.431677
0.450596
0.464482
0.474615
0.481241
0.483121
-0.325972
-0.291321
-0.23779
-0.178077
-0.114522
-0.0486644
0.0174715
0.0817582
0.143076
0.203914
0.264349
0.320817
0.369346
0.407993
0.437102
0.458336
0.473597
0.484471
0.491458
0.493352
-0.335087
-0.299539
-0.245039
-0.184366
-0.119874
-0.0533221
0.0129565
0.0763102
0.135105
0.192165
0.250914
0.31072
0.365463
0.410319
0.444242
0.468681
0.485877
0.497782
0.505215
0.507019
-0.343445
-0.307108
-0.251578
-0.189892
-0.124446
-0.0571888
0.00917275
0.0713982
0.127041
0.178897
0.234329
0.297372
0.359873
0.412957
0.453368
0.482162
0.501989
0.515333
0.523354
0.525128
-0.351139
-0.314058
-0.257516
-0.194792
-0.12835
-0.0603379
0.00613286
0.0671185
0.119097
0.164232
0.214194
0.279946
0.351954
0.415723
0.464759
0.49937
0.522618
0.537787
0.546573
0.54842
-0.358503
-0.320549
-0.26297
-0.199171
-0.131693
-0.0628469
0.00383876
0.0635876
0.111505
0.148368
0.190172
0.257448
0.34084
0.418413
0.47846
0.520608
0.548334
0.565808
0.575499
0.577451
-0.365533
-0.326701
-0.268047
-0.203144
-0.134563
-0.0648014
0.00223936
0.0608982
0.104534
0.131618
0.162051
0.228803
0.325683
0.420314
0.494465
0.546361
0.579913
0.600248
0.61104
0.612579
-0.37239
-0.3326
-0.272836
-0.206791
-0.137058
-0.0662797
0.00128636
0.0590935
0.0984641
0.114384
0.129747
0.192793
0.304835
0.4209
0.512987
0.576668
0.617555
0.641185
0.652098
0.652685
-0.379006
-0.338306
-0.277396
-0.210185
-0.139272
-0.0673765
0.000920663
0.0581733
0.0935186
0.0971948
0.092972
0.148524
0.276578
0.419594
0.533572
0.611494
0.661428
0.689714
0.698246
0.695115
-0.385654
-0.343879
-0.281741
-0.213379
-0.141275
-0.0681718
0.00105807
0.0581282
0.0898579
0.0806415
0.0521173
0.0938749
0.239019
0.415734
0.55442
0.647323
0.707811
0.746613
0.755575
0.725205
-0.392306
-0.34934
-0.28592
-0.216465
-0.143195
-0.0687643
0.0016221
0.0589283
0.0875422
0.064494
0.0045065
0.0212375
0.18426
0.40711
0.57942
0.683954
0.749803
0.799526
0.818627
0.818542
-0.399256
-0.354527
-0.289873
-0.219527
-0.145085
-0.0692251
0.00249853
0.0605613
0.086812
0.0494324
-0.0500241
-0.0762127
0.103035
0.395848
0.598555
0.70482
0.751025
0.780523
0.731941
0.685689
-0.407695
-0.359135
-0.293283
-0.222334
-0.146682
-0.0693627
0.0036673
0.0630671
0.0879262
0.0365605
-0.11128
-0.209478
-0.021988
0.369252
0.612042
0.701958
0.71745
0.681345
0.586686
0.523072
-0.418576
-0.362061
-0.295944
-0.22436
-0.147713
-0.069131
0.00523532
0.0664214
0.0909884
0.026334
-0.180546
-0.401239
-0.245843
0.289348
0.621269
0.679811
0.62518
0.52568
0.405458
0.332666
-0.0304196
0.0420661
0.0908734
0.0788418
-0.0896795
-0.48091
-0.764171
0.091762
-0.401447
-0.379099
-0.337842
-0.269124
-0.193681
-0.112964
-0.0316181
0.0431654
0.0956622
0.0864786
-0.104829
-0.668728
-1.29762
-0.755213
0.0633988
0.241101
0.0817406
-0.0155514
-0.102327
-0.411433
-0.392606
-0.342316
-0.272667
-0.195959
-0.11364
-0.0304826
0.0469789
0.102971
0.0960155
-0.115825
-0.88731
-2.00567
-1.32938
-0.415929
-0.249842
-0.344662
-0.423574
-0.511592
-0.428443
-0.408656
-0.351719
-0.280117
-0.201371
-0.117057
-0.0312424
0.0497513
0.110811
0.111388
-0.103061
-1.04187
-2.54532
-1.91748
-0.979872
-0.773964
-0.805381
-0.882379
-0.990291
-0.445428
-0.423804
-0.362501
-0.288152
-0.207152
-0.120772
-0.0323447
0.0521812
0.11886
0.129685
-0.0721676
-1.07271
-2.70239
-2.1619
-1.38976
-1.19046
-1.25692
-1.38025
-1.54656
-0.460729
-0.438295
-0.373751
-0.296765
-0.213436
-0.124812
-0.0337018
0.054417
0.127354
0.150798
-0.0226465
-0.961975
-2.46404
-2.09141
-1.54614
-1.45994
-1.5975
-1.83346
-2.08225
-0.475304
-0.452699
-0.385787
-0.306498
-0.220845
-0.129818
-0.0359525
0.0559395
0.135455
0.172702
0.0405735
-0.733254
-1.91948
-1.74301
-1.53103
-1.60916
-1.80271
-2.05171
-2.25889
-2.37848
-0.490559
-0.467715
-0.398936
-0.317591
-0.229673
-0.136191
-0.0394894
0.0564189
0.142481
0.194492
0.113136
-0.434697
-1.24632
-1.28585
-1.38441
-1.64662
-1.95536
-2.06008
-2.0851
-2.18626
-0.506724
-0.483743
-0.413465
-0.330224
-0.240097
-0.144226
-0.0445507
0.0552062
0.147806
0.215301
0.186681
-0.130917
-0.613239
-0.832598
-1.16446
-1.63259
-2.18009
-2.24608
-2.02066
-2.13797
-0.524625
-0.501417
-0.429685
-0.344595
-0.252339
-0.15403
-0.0515498
0.0519864
0.151115
0.232127
0.251546
0.116706
-0.128769
-0.436785
-0.908457
-1.60491
-2.5529
-3.23601
-3.00852
-2.77663
-0.544924
-0.521315
-0.447998
-0.36101
-0.26661
-0.165918
-0.0606724
0.0464826
0.15099
0.244709
0.302838
0.283074
0.164486
-0.133571
-0.623089
-1.46329
-2.68683
-3.79351
-3.69038
-3.26251
-0.56796
-0.543814
-0.468757
-0.379746
-0.28315
-0.1801
-0.0722024
0.0383192
0.148304
0.252186
0.337216
0.379101
0.33119
0.114163
-0.266801
-0.898277
-1.67536
-2.25295
-2.27821
-2.08241
-0.593806
-0.569109
-0.492173
-0.40098
-0.302131
-0.196629
-0.085998
0.0277178
0.141969
0.254473
0.357994
0.432927
0.435127
0.325706
0.128126
-0.143831
-0.394179
-0.538984
-0.541161
-0.500973
-0.622538
-0.597331
-0.518308
-0.424708
-0.323391
-0.215438
-0.102303
0.014441
0.133152
0.252947
0.369235
0.464233
0.506947
0.489083
0.437818
0.373134
0.337375
0.356718
0.395151
0.410413
-0.654006
-0.628422
-0.546884
-0.450784
-0.346937
-0.236378
-0.120456
-0.000596629
0.122042
0.247917
0.374656
0.484904
0.558352
0.597815
0.623877
0.653753
0.697239
0.749915
0.79256
0.809471
-0.687522
-0.661628
-0.577419
-0.478639
-0.371973
-0.258712
-0.140064
-0.0171838
0.10934
0.240779
0.376321
0.498585
0.592886
0.665399
0.727935
0.788295
0.848343
0.903606
0.943645
0.960307
-0.721851
-0.695297
-0.609152
-0.507465
-0.397973
-0.28187
-0.160316
-0.0343794
0.0959321
0.232634
0.375324
0.506112
0.612607
0.700324
0.775507
0.841706
0.899846
0.948768
0.98463
1.00131
-0.756014
-0.728594
-0.640537
-0.535992
-0.423557
-0.304619
-0.180281
-0.0513509
0.0826278
0.224031
0.372578
0.508789
0.620758
0.713574
0.790855
0.855256
0.908432
0.951469
0.984389
1.00074
-0.787814
-0.759281
-0.669851
-0.562449
-0.447232
-0.3257
-0.198769
-0.0670251
0.0701808
0.215426
0.367495
0.50694
0.62063
0.71365
0.789547
0.851261
0.901162
0.941159
0.971436
0.986833
-0.813406
-0.784762
-0.694422
-0.584518
-0.467068
-0.343351
-0.214345
-0.0803957
0.0591638
0.206954
0.360807
0.500629
0.613563
0.704947
0.778725
0.838127
0.885906
0.924271
0.953028
0.968288
-0.829293
-0.802074
-0.711028
-0.599552
-0.480537
-0.355534
-0.225536
-0.0906091
0.0498111
0.198192
0.351594
0.489843
0.600327
0.689197
0.760629
0.81803
0.864177
0.901322
0.92892
0.944256
-0.832162
-0.805999
-0.715729
-0.604027
-0.484971
-0.360232
-0.230742
-0.0968096
0.0423644
0.189004
0.3396
0.474217
0.580971
0.666614
0.735531
0.791033
0.835796
0.871937
0.898564
0.914379
-0.815919
-0.790774
-0.703891
-0.593736
-0.476753
-0.354989
-0.228737
-0.098321
0.0369634
0.179072
0.324212
0.452924
0.554639
0.636248
0.702222
0.755683
0.799047
0.834259
0.860129
0.876323
-0.772084
-0.748651
-0.668373
-0.563624
-0.452499
-0.337022
-0.217571
-0.0941658
0.0339238
0.168289
0.304901
0.425116
0.51989
0.596126
0.65821
0.709007
0.750511
0.784598
0.810075
0.826681
-0.694501
-0.676005
-0.602632
-0.508841
-0.408611
-0.304234
-0.195938
-0.0834805
0.0337114
0.156798
0.281473
0.390286
0.475522
0.54394
0.599943
0.646307
0.684568
0.715666
0.740892
0.756565
-0.577776
-0.56551
-0.504832
-0.426264
-0.343036
-0.255352
-0.162895
-0.0656185
0.0368609
0.145092
0.25449
0.348881
0.421564
0.478774
0.524629
0.562247
0.593487
0.618529
0.637197
0.648198
-0.400114
-0.393948
-0.360741
-0.311615
-0.255015
-0.190902
-0.119779
-0.0414753
0.0439556
0.136391
0.23102
0.312627
0.374682
0.422468
0.459481
0.487805
0.509332
0.526572
0.540883
0.549155
-0.223186
-0.221793
-0.210168
-0.188362
-0.158298
-0.119267
-0.070739
-0.0126423
0.0548317
0.131136
0.211252
0.280666
0.332784
0.371682
0.400403
0.421569
0.436986
0.447374
0.453399
0.45611
-0.101453
-0.101741
-0.0984195
-0.089916
-0.0756261
-0.0539391
-0.0232522
0.0174249
0.0683576
0.129078
0.194926
0.252618
0.295531
0.326893
0.349263
0.364472
0.374102
0.379915
0.383188
0.384359
-0.0282466
-0.0287698
-0.029064
-0.0264468
-0.0190724
-0.00584444
0.0144385
0.0431067
0.0811172
0.128572
0.181624
0.228593
0.263268
0.287973
0.304895
0.316089
0.323181
0.327216
0.329002
0.329429
0.0134367
0.0131854
0.0129956
0.0143188
0.0185009
0.0268749
0.040844
0.061657
0.0902938
0.127164
0.169344
0.207052
0.234828
0.254493
0.267903
0.276597
0.281828
0.284677
0.285984
0.286365
0.0401214
0.0400472
0.0401754
0.0413313
0.0443899
0.0502746
0.0601463
0.0753064
0.0968841
0.125449
0.158784
0.188845
0.210963
0.226473
0.23686
0.243495
0.247504
0.249725
0.250765
0.251085
0.0577903
0.0577747
0.0579835
0.0589369
0.0612438
0.0656247
0.0729808
0.0843434
0.100731
0.122811
0.14898
0.17276
0.190254
0.202482
0.210659
0.215877
0.219014
0.220744
0.221558
0.221812
0.0692844
0.0692943
0.0695436
0.0703671
0.07218
0.0755118
0.0810649
0.0896863
0.102239
0.119344
0.139841
0.158586
0.172392
0.182027
0.188448
0.19253
0.194985
0.196344
0.196989
0.197191
0.076424
0.0764403
0.0766689
0.0773466
0.0787756
0.0813546
0.0856162
0.0922215
0.101881
0.115145
0.131169
0.145895
0.156756
0.164332
0.169375
0.17258
0.174506
0.17557
0.176075
0.176231
0.0802785
0.0802948
0.0804881
0.0810333
0.0821546
0.0841545
0.0874435
0.0925381
0.100005
0.110306
0.122822
0.13437
0.142897
0.148845
0.152803
0.155316
0.156825
0.157657
0.158053
0.158173
0.0816232
0.0816376
0.0817945
0.0822263
0.0831035
0.0846587
0.0872071
0.0911511
0.0969388
0.104947
0.114718
0.123759
0.130445
0.135109
0.138212
0.14018
0.14136
0.142009
0.142314
0.142407
0.0810308
0.0810429
0.0811681
0.0815079
0.0821929
0.0834026
0.0853816
0.0884416
0.0929355
0.0991678
0.106792
0.113863
0.119098
0.12275
0.125178
0.126717
0.12764
0.128146
0.128381
0.128452
0.0789397
0.0789495
0.079048
0.0793137
0.0798478
0.0807889
0.0823266
0.0847044
0.0881986
0.0930499
0.0989973
0.104523
0.108615
0.111472
0.113371
0.114575
0.115294
0.115688
0.11587
0.115925
0.075686
0.0756937
0.0757712
0.0759788
0.0763948
0.077127
0.0783228
0.0801714
0.0828884
0.086665
0.0913018
0.0956153
0.098813
0.101045
0.102528
0.103467
0.104028
0.104334
0.104475
0.104516
0.0715301
0.0715361
0.0715964
0.0717578
0.0720814
0.072651
0.0735807
0.075018
0.0771314
0.0800711
0.0836841
0.0870481
0.0895424
0.0912839
0.0924411
0.0931726
0.0936083
0.0938461
0.0939552
0.0939873
0.066673
0.0666776
0.0667244
0.0668499
0.0671014
0.0675439
0.068266
0.0693823
0.0710249
0.0733111
0.0761233
0.0787435
0.0806867
0.0820424
0.0829424
0.0835123
0.0838524
0.0840374
0.0841214
0.0841459
0.061271
0.0612745
0.0613107
0.0614079
0.0616027
0.0619454
0.0625056
0.0633724
0.0646478
0.0664229
0.0686077
0.0706445
0.0721545
0.0732086
0.073909
0.0743514
0.0746141
0.0747565
0.074821
0.0748396
0.0554467
0.0554493
0.0554769
0.0555518
0.0557025
0.0559681
0.0564013
0.0570712
0.0580577
0.0594326
0.0611256
0.0627047
0.0638766
0.0646947
0.0652368
0.0655782
0.0657807
0.0658905
0.06594
0.065954
0.0492947
0.0492966
0.049318
0.0493755
0.0494909
0.0496943
0.0500277
0.0505442
0.0513047
0.0523648
0.0536707
0.0548886
0.0557923
0.0564223
0.0568395
0.0571032
0.0572597
0.0573438
0.0573813
0.057392
0.0428915
0.0428931
0.0429088
0.0429519
0.0430394
0.0431945
0.0434492
0.0438442
0.0444263
0.0452377
0.0462373
0.0471693
0.0478595
0.0483406
0.0486596
0.0488608
0.0489801
0.0490446
0.0490733
0.0490813
0.0362948
0.0362959
0.0363072
0.036339
0.0364048
0.0365218
0.0367135
0.037011
0.0374497
0.0380618
0.0388167
0.0395213
0.0400442
0.0404089
0.0406507
0.0408021
0.0408908
0.0409381
0.0409587
0.040964
0.0295511
0.0295518
0.0295599
0.0295828
0.0296307
0.0297167
0.0298585
0.0300784
0.0304028
0.0308554
0.0314138
0.0319347
0.0323205
0.032588
0.0327637
0.0328741
0.0329396
0.0329742
0.0329894
0.0329931
0.0226975
0.0226979
0.0227029
0.0227185
0.0227523
0.0228132
0.0229132
0.0230685
0.0232984
0.0236197
0.0240149
0.0243831
0.024655
0.0248444
0.0249698
0.0250479
0.0250931
0.0251169
0.0251267
0.0251286
0.0157653
0.0157654
0.0157689
0.0157795
0.0158012
0.0158401
0.0159043
0.0160051
0.0161545
0.0163629
0.0166204
0.0168615
0.0170406
0.0171657
0.0172475
0.0172978
0.0173261
0.0173397
0.0173444
0.0173451
0.00878087
0.00878115
0.00878294
0.00878815
0.00879924
0.0088198
0.00885485
0.00890914
0.00898888
0.00910011
0.00923641
0.00936524
0.00945894
0.009522
0.00956359
0.00959008
0.00960551
0.00961321
0.00961624
0.00961692
0.00527325
0.00527329
0.00527443
0.00527906
0.0052882
0.00530375
0.00532904
0.00536794
0.00542346
0.00549775
0.00558022
0.0056453
0.00569147
0.00572334
0.00574351
0.0057551
0.00576151
0.00576441
0.00576503
0.00192279
-1.59537
-0.989037
-0.559005
-0.225011
0.0433873
0.25915
0.436108
0.58732
0.708328
0.725266
-0.657883
-0.363321
-0.125314
0.076808
0.249009
0.393865
0.514883
0.610583
0.670894
0.689208
-0.164231
0.00125172
0.14578
0.275549
0.388873
0.48483
0.562808
0.620627
0.65763
0.674848
0.13096
0.23132
0.326599
0.411498
0.485484
0.548286
0.598941
0.637196
0.662434
0.676307
0.32384
0.388333
0.449292
0.505757
0.55662
0.601488
0.638008
0.666188
0.683566
0.69247
0.458387
0.498953
0.543935
0.587094
0.626324
0.659731
0.686718
0.706339
0.720236
0.726879
0.557375
0.587587
0.624715
0.658898
0.690027
0.717318
0.74112
0.76063
0.775105
0.780725
0.634994
0.663069
0.69854
0.73232
0.763997
0.793399
0.818146
0.837474
0.850765
0.855816
0.717562
0.751982
0.791867
0.829741
0.863422
0.891507
0.914648
0.93304
0.946189
0.951954
0.826866
0.868198
0.910677
0.948709
0.980803
1.0082
1.0306
1.04803
1.06039
1.06833
0.970513
1.01452
1.05274
1.08769
1.11611
1.13987
1.16013
1.17717
1.19074
1.20158
1.14898
1.18705
1.21604
1.24035
1.26157
1.28101
1.29943
1.31652
1.33215
1.34655
1.34729
1.36849
1.3836
1.39969
1.41595
1.4312
1.44487
1.45819
1.47385
1.49237
1.53839
1.54563
1.55615
1.56764
1.57773
1.58708
1.59731
1.60836
1.61993
1.62883
1.75095
1.7528
1.74506
1.72879
1.71781
1.71721
1.72945
1.75413
1.78814
1.81255
2.17137
1.97755
1.87644
1.81829
1.78874
1.78234
1.79745
1.83816
1.91417
2.05729
-0.373663
-0.380211
-0.332563
-0.265256
-0.189876
-0.11027
-0.264363
0.381559
0.562971
0.461496
0.332184
0.219279
-0.195048
-0.617684
-1.1619
-1.84975
-2.7276
)
;

boundaryField
{
    wall-4
    {
        type            zeroGradient;
    }
    pressure-outlet-7
    {
        type            fixedValue;
        value           uniform 0;
    }
    velocity-inlet-6
    {
        type            zeroGradient;
    }
    velocity-inlet-5
    {
        type            zeroGradient;
    }
    frontAndBackPlanes
    {
        type            empty;
    }
}


// ************************************************************************* //
