/*--------------------------------*- C++ -*----------------------------------*\
  =========                 |
  \\      /  F ield         | OpenFOAM: The Open Source CFD Toolbox
   \\    /   O peration     | Website:  https://openfoam.org
    \\  /    A nd           | Version:  7
     \\/     M anipulation  |
\*---------------------------------------------------------------------------*/
FoamFile
{
    version     2.0;
    format      ascii;
    class       volScalarField;
    location    "1.62";
    object      T;
}
// * * * * * * * * * * * * * * * * * * * * * * * * * * * * * * * * * * * * * //

dimensions      [0 0 0 1 0 0 0];

internalField   nonuniform List<scalar> 
1000
(
0
0
0
0
0
0
0
0
0
0
0
0
0
0
0
0
0
0
0
0
0
0
0
0
0
0
0
0
0
0
0
0
0
0
0
0
0
0
0
0
0
0
0
0
0
0
0
0
0
0
0
0
0
0
0
0
0
0
0
0
0
0
0
0
0
0
0
0
0
0
0
0
0
0
0
0
0
0
0
0
0
0
0
0
0
0
0
0
0
0
0
0
0
0
0
0
0
0
0
0
0
0
0
0
0
0
0
0
0
0
0
0
0
0
0
0
0
0
0
0
0
0
0
0
0
0
0
0
0
0
0
0
0
0
0
0
0
0
0
0
0
0
0
0
0
0
0
0
0
0
0
0
0
0
0
0
0
0
0
0
0
0
0
0
0
0
0
0
0
0
0
0
0
0
0
0
0
0
0
0
0
0
0
0
0
0
0
0
0
0
0
0
0
0
0
0
0
0
0
0
0
0
0
0
0
0
0
0
0
0
0
0
0
0
0
0
0
0
0
0
0
0
0
0
0
0
0
0
0
0
0
0
0
0
0
0
1.55433e-320
7.57482e-317
3.63667e-313
1.71969e-309
8.00656e-306
3.66873e-302
1.65378e-298
7.33067e-295
3.19385e-291
1.36704e-287
5.74551e-284
2.36988e-280
9.58809e-277
3.80273e-273
1.47757e-269
5.62095e-266
2.0921e-262
7.61297e-259
2.70639e-255
9.39155e-252
3.17849e-248
1.04819e-244
3.36486e-241
1.05038e-237
3.18487e-234
9.36857e-231
2.67009e-227
7.36274e-224
1.96132e-220
5.03887e-217
1.24625e-213
2.96147e-210
6.7466e-207
1.46991e-203
3.05462e-200
6.03638e-197
1.13052e-193
1.99889e-190
3.32191e-187
5.16245e-184
7.45728e-181
9.94146e-178
1.21251e-174
1.3384e-171
1.31864e-168
1.13828e-165
8.38622e-163
5.06396e-160
2.33164e-157
6.89677e-155
4.57454e-153
-5.14138e-150
-1.10647e-147
4.57196e-145
4.83626e-143
-5.31861e-140
1.52505e-137
-2.79748e-135
3.86668e-133
-4.32118e-131
4.06323e-129
-3.29921e-127
2.35611e-125
-1.50037e-123
8.61139e-122
-4.49323e-120
2.14647e-118
-9.44369e-117
3.84583e-115
-1.45595e-113
5.14324e-112
-1.70095e-110
5.28159e-109
-1.54375e-107
4.25717e-106
-1.10993e-104
2.74095e-103
-6.42192e-102
1.4297e-100
-3.02857e-99
6.11199e-98
-1.17645e-96
2.16202e-95
-3.79707e-94
6.37835e-93
-1.0256e-91
1.57964e-90
-2.33198e-89
3.3016e-88
-4.48515e-87
5.84892e-86
-7.32468e-85
8.81172e-84
-1.01862e-82
1.13173e-81
-1.20872e-80
1.24111e-79
-1.22524e-78
1.16295e-77
-1.0612e-76
9.30845e-76
-7.84719e-75
6.35605e-74
-4.94469e-73
3.69292e-72
-2.64626e-71
1.81813e-70
-1.19668e-69
7.53781e-69
-4.53824e-68
2.60761e-67
-1.42725e-66
7.42418e-66
-3.65937e-65
1.70261e-64
-7.43975e-64
3.03146e-63
-1.13988e-62
3.88988e-62
-1.16914e-61
2.89759e-61
-4.76258e-61
-2.58236e-61
6.25169e-60
-3.13468e-59
1.04615e-58
-2.37741e-58
2.05328e-58
1.20206e-57
-7.59314e-57
2.44142e-56
-4.32274e-56
-2.1882e-56
4.63214e-55
-1.74923e-54
3.27522e-54
1.2928e-54
-3.12729e-53
1.07188e-52
-1.48366e-52
-2.93908e-52
2.13887e-51
-5.02443e-51
8.01974e-52
3.37491e-50
-1.10544e-49
9.70667e-50
4.79804e-49
-2.03308e-48
2.41877e-48
6.95787e-48
-3.40717e-47
4.19091e-47
1.13152e-46
-5.34879e-46
5.46033e-46
2.03356e-45
-7.7527e-45
4.38655e-45
3.64827e-44
-9.82494e-44
-1.8782e-44
5.89894e-43
-9.62692e-43
-1.5622e-42
7.87134e-42
-4.46612e-42
-3.46679e-41
7.60255e-41
6.78618e-41
-4.83661e-40
3.13697e-40
1.99977e-39
-4.04614e-39
-4.86205e-39
2.50243e-38
-4.48185e-39
-1.12619e-37
1.33891e-37
3.8755e-37
-9.58951e-37
-9.04234e-37
4.98157e-36
9.04193e-38
-2.15921e-35
1.44714e-35
8.18594e-35
-1.09826e-34
-2.76338e-34
5.92429e-34
8.31317e-34
-2.73241e-33
-2.18747e-33
1.14688e-32
4.73754e-33
-4.52031e-32
-6.67082e-33
1.70558e-31
-5.22377e-33
-6.24054e-31
8.37137e-32
2.23272e-30
-3.72788e-31
-7.84424e-30
1.02604e-30
2.70685e-29
-7.55626e-31
-9.13968e-29
-1.26976e-29
2.99628e-28
1.10607e-28
-9.42205e-28
-6.3107e-28
2.79068e-27
2.97537e-27
-7.55831e-27
-1.23217e-26
1.76581e-26
4.57072e-26
-3.0082e-26
-1.51994e-25
3.68922e-27
4.46364e-25
2.64067e-25
-1.1116e-24
-1.49702e-24
2.09125e-24
5.7031e-24
-1.51305e-24
-1.68614e-23
-9.43802e-24
3.77705e-23
5.76715e-23
-4.96574e-23
-1.97359e-22
-5.40077e-23
4.6139e-22
5.92845e-22
-5.84303e-22
-2.11023e-21
-7.5469e-22
4.47252e-21
6.81855e-21
-3.35829e-21
-2.06063e-20
-1.60373e-20
3.06906e-20
7.61138e-20
2.13635e-20
-1.53871e-19
-2.49109e-19
3.43458e-20
6.2784e-19
7.72879e-19
-3.83933e-19
-2.31475e-18
-2.41844e-18
1.76998e-18
8.07283e-18
8.02972e-18
-5.98392e-18
-2.70949e-17
-2.87488e-17
1.47798e-17
8.69655e-17
1.07916e-16
-1.39523e-17
-2.58476e-16
-4.02679e-16
-1.22649e-16
6.59294e-16
1.40789e-15
1.05472e-15
-1.14316e-15
-4.30222e-15
-5.36298e-15
-6.811e-16
1.01093e-14
2.03379e-14
1.70536e-14
-1.03436e-14
-5.57782e-14
-8.66576e-14
-5.30084e-14
7.64935e-14
2.63551e-13
3.71227e-13
2.04795e-13
-3.53503e-13
-1.15669e-12
-1.67542e-12
-1.11718e-12
1.11148e-12
4.68926e-12
7.78223e-12
7.1523e-12
-4.96076e-13
-1.5895e-11
-3.41943e-11
-4.34342e-11
-2.69037e-11
2.89228e-11
1.21531e-10
2.19011e-10
2.54519e-10
1.38815e-10
-2.01533e-10
-7.61593e-10
-1.38753e-09
-1.73199e-09
-1.28244e-09
4.91393e-10
3.84876e-09
8.37831e-09
1.25952e-08
1.37285e-08
7.95936e-09
-8.62497e-09
-3.81882e-08
-7.84717e-08
-1.19718e-07
-1.42098e-07
-1.15061e-07
-4.19784e-10
2.38885e-07
6.22786e-07
1.13035e-06
1.66965e-06
2.04548e-06
1.93253e-06
8.65954e-07
-1.73444e-06
-6.48628e-06
-1.389e-05
-2.40727e-05
-3.64081e-05
-4.89923e-05
-5.7963e-05
-5.66605e-05
-3.46394e-05
2.34433e-05
0.000139025
0.00034086
0.000666208
0.00116189
0.00188517
0.00290429
0.00429871
0.00615882
0.00858526
0.0116876
0.0155826
0.020392
0.0262395
0.033248
0.0415359
0.0512139
0.0623812
0.0751221
0.0895029
0.105569
0.123343
0.142824
0.163982
0.186764
0.211091
0.23686
0.263944
0.292196
0.321455
0.351542
0.382269
0.413442
0.444863
0.476337
0.507671
0.538679
0.569188
0.599036
0.628076
0.656178
0.68323
0.709135
0.73382
0.757224
0.779308
0.800048
0.819435
0.837477
0.854192
0.86961
0.883771
0.896724
0.908522
0.919226
0.928898
0.937604
0.94541
0.952384
0.95859
0.964094
0.968957
0.97324
0.976997
0.980283
0.983147
0.985635
0.987789
0.989649
0.991249
0.992621
0.993794
0.994795
0.995645
0.996366
0.996975
0.997488
0.99792
0.998281
0.998583
0.998835
0.999044
0.999218
0.999361
0.999479
0.999576
0.999656
0.999721
0.999774
0.999818
0.999854
0.999885
0.999913
0.999939
0.999965
0.999989
1.00001
1.00003
1.00003
1.00002
0.999962
0.999849
0.99965
0.999327
0.998833
0.998111
0.997092
0.995699
0.993839
0.991413
0.988311
0.984416
0.979607
0.97376
0.966752
0.958464
0.948786
0.937619
0.924878
0.910497
0.894431
0.876656
0.857176
0.836018
0.813236
0.788909
0.76314
0.736056
0.707804
0.678545
0.648458
0.617731
0.586558
0.555137
0.523663
0.492329
0.461321
0.430812
0.400964
0.371924
0.343822
0.31677
0.290865
0.26618
0.242776
0.220692
0.199952
0.180565
0.162523
0.145808
0.13039
0.116229
0.103276
0.0914778
0.0807741
0.0711021
0.0623961
0.0545897
0.0476162
0.0414097
0.0359058
0.0310425
0.0267603
0.0230028
0.0197168
0.0168529
0.0143649
0.0122107
0.0103513
0.00875145
0.0073792
0.00620574
0.00520531
0.00435491
0.00363416
0.00302505
0.00251176
0.00208041
0.00171893
0.00141683
0.00116504
0.000955725
0.000782184
0.000638673
0.000520298
0.000422903
0.000342969
0.000277526
0.000224077
0.000180528
0.000145131
0.000116425
9.32007e-05
7.44534e-05
5.93542e-05
4.72205e-05
3.74912e-05
2.9707e-05
2.34923e-05
1.85412e-05
1.46051e-05
1.14825e-05
9.01028e-06
7.057e-06
5.51682e-06
4.30481e-06
3.3529e-06
2.60675e-06
2.023e-06
1.56717e-06
1.21191e-06
9.35546e-07
7.20953e-07
5.54629e-07
4.2595e-07
3.26575e-07
2.49967e-07
1.91013e-07
1.45723e-07
1.10992e-07
8.44021e-08
6.40799e-08
4.85739e-08
3.67623e-08
2.77797e-08
2.09596e-08
1.57898e-08
1.18771e-08
8.92059e-09
6.69006e-09
5.00986e-09
3.74615e-09
2.79715e-09
2.08555e-09
1.55277e-09
1.15446e-09
8.57116e-10
6.35474e-10
4.70497e-10
3.47873e-10
2.5686e-10
1.89403e-10
1.39475e-10
1.02573e-10
7.53347e-11
5.52578e-11
4.0479e-11
2.96148e-11
2.16389e-11
1.57911e-11
1.15092e-11
8.37796e-12
6.09109e-12
4.42304e-12
3.20788e-12
2.32376e-12
1.6813e-12
1.21502e-12
8.7702e-13
6.32306e-13
4.55345e-13
3.27531e-13
2.35325e-13
1.68885e-13
1.21066e-13
8.66901e-14
6.20059e-14
4.43014e-14
3.16174e-14
2.25404e-14
1.6052e-14
1.14191e-14
8.11467e-15
5.76037e-15
4.08484e-15
2.89365e-15
2.04771e-15
1.44758e-15
1.02229e-15
7.21218e-16
5.083e-16
3.57882e-16
2.51726e-16
1.76884e-16
1.24171e-16
8.70829e-17
6.10132e-17
4.27068e-17
2.98646e-17
2.08643e-17
1.45627e-17
1.01549e-17
7.07462e-18
4.92414e-18
3.4242e-18
2.37898e-18
1.65132e-18
1.14519e-18
7.93485e-19
5.49304e-19
3.79929e-19
2.6255e-19
1.81277e-19
1.25054e-19
8.61938e-20
5.93586e-20
4.08435e-20
2.80798e-20
1.92886e-20
1.32387e-20
9.07877e-21
6.22088e-21
4.25913e-21
2.91364e-21
1.99158e-21
1.36023e-21
9.28274e-22
6.32988e-22
4.31292e-22
2.93633e-22
1.99756e-22
1.35787e-22
9.22312e-23
6.25987e-23
4.24542e-23
2.87704e-23
1.94825e-23
1.3183e-23
8.9138e-24
6.02265e-24
4.06623e-24
2.74333e-24
1.84946e-24
1.24595e-24
8.38762e-25
5.64244e-25
3.79302e-25
2.54797e-25
1.7104e-25
1.14735e-25
7.69113e-26
5.15209e-26
3.44887e-26
2.30713e-26
1.5423e-26
1.03032e-26
6.87832e-27
4.58881e-27
3.05934e-27
2.03829e-27
1.35711e-27
9.02987e-28
6.0043e-28
3.98988e-28
2.64958e-28
1.75838e-28
1.1662e-28
7.72952e-29
5.11986e-29
3.38914e-29
2.24206e-29
1.4823e-29
9.79383e-30
6.46698e-30
4.26759e-30
2.81448e-30
1.85502e-30
1.2219e-30
8.04384e-31
5.29211e-31
3.47964e-31
2.28656e-31
1.50167e-31
9.8562e-32
6.46533e-32
4.23857e-32
2.77713e-32
1.81854e-32
1.19014e-32
7.78446e-33
5.08874e-33
3.32466e-33
2.17089e-33
1.41673e-33
9.24045e-34
6.02363e-34
3.9245e-34
2.55547e-34
1.6631e-34
1.08176e-34
7.03248e-35
4.56932e-35
2.9673e-35
1.92592e-35
1.24935e-35
8.10029e-36
5.24914e-36
3.39976e-36
2.2008e-36
1.42393e-36
9.20809e-37
5.95152e-37
3.84471e-37
2.48243e-37
1.60203e-37
1.03334e-37
6.66192e-38
4.29276e-38
2.76476e-38
1.77976e-38
1.14512e-38
7.36423e-39
4.73358e-39
3.04117e-39
1.9529e-39
1.25346e-39
8.04138e-40
5.15635e-40
3.30481e-40
2.11712e-40
1.35564e-40
8.67408e-41
5.57421e-41
3.26611e-41
)
;

boundaryField
{
    sides
    {
        type            zeroGradient;
    }
    empty
    {
        type            empty;
    }
}


// ************************************************************************* //
