/*--------------------------------*- C++ -*----------------------------------*\
  =========                 |
  \\      /  F ield         | OpenFOAM: The Open Source CFD Toolbox
   \\    /   O peration     | Website:  https://openfoam.org
    \\  /    A nd           | Version:  7
     \\/     M anipulation  |
\*---------------------------------------------------------------------------*/
FoamFile
{
    version     2.0;
    format      ascii;
    class       volScalarField;
    location    "2.99";
    object      T;
}
// * * * * * * * * * * * * * * * * * * * * * * * * * * * * * * * * * * * * * //

dimensions      [0 0 0 1 0 0 0];

internalField   nonuniform List<scalar> 
1000
(
0
0
0
0
0
0
0
0
0
0
0
0
0
0
0
0
0
0
0
0
0
0
0
0
0
0
0
0
0
0
0
0
0
0
0
0
0
0
0
0
0
0
0
0
0
0
0
0
0
0
0
0
0
0
0
0
0
0
0
0
0
0
0
0
0
0
0
0
0
0
0
0
0
0
0
0
0
0
0
0
0
0
0
0
0
0
0
0
0
0
0
0
0
0
0
0
0
0
0
0
0
0
0
0
0
0
0
0
0
0
0
0
0
0
0
0
0
0
0
0
0
0
0
0
0
0
0
0
0
0
0
0
0
0
0
0
0
0
0
0
0
0
0
0
0
0
0
0
0
0
0
0
0
0
0
0
0
0
0
0
0
0
0
0
0
0
0
0
0
0
0
0
0
0
0
0
0
0
0
0
0
0
0
0
0
0
0
0
0
0
0
0
0
0
0
0
0
0
0
0
0
0
0
0
0
0
0
0
0
0
0
0
6.91692e-323
3.36459e-321
1.52533e-319
6.87737e-318
3.09324e-316
1.38793e-314
6.21268e-313
2.77423e-311
1.23581e-309
5.49158e-308
2.43431e-306
1.07641e-304
4.7479e-303
2.08898e-301
9.16796e-300
4.01336e-298
1.7524e-296
7.63209e-295
3.31535e-293
1.43643e-291
6.20726e-290
2.67528e-288
1.14997e-286
4.92996e-285
2.10781e-283
8.98756e-282
3.82181e-280
1.62071e-278
6.85393e-277
2.89046e-275
1.21556e-273
5.09759e-272
2.13166e-270
8.88856e-269
3.69568e-267
1.53214e-265
6.3334e-264
2.61035e-262
1.0727e-260
4.39502e-259
1.79532e-257
7.31158e-256
2.96865e-254
1.20165e-252
4.84902e-251
1.95066e-249
7.82258e-248
3.12715e-246
1.24615e-244
4.94994e-243
1.95989e-241
7.73485e-240
3.04266e-238
1.19295e-236
4.66178e-235
1.81564e-233
7.04762e-232
2.72635e-230
1.05108e-228
4.03824e-227
1.54611e-225
5.89889e-224
2.24268e-222
8.49614e-221
3.20716e-219
1.20629e-217
4.52065e-216
1.68795e-214
6.2793e-213
2.32726e-211
8.59307e-210
3.16087e-208
1.15827e-206
4.22803e-205
1.53738e-203
5.56837e-202
2.00891e-200
7.21883e-199
2.58363e-197
9.20956e-196
3.26946e-194
1.15592e-192
4.06982e-191
1.42695e-189
4.98204e-188
1.73204e-186
5.99577e-185
2.06657e-183
7.09183e-182
2.42299e-180
8.24164e-179
2.79079e-177
9.40748e-176
3.15672e-174
1.05438e-172
3.50538e-171
1.15994e-169
3.82011e-168
1.2521e-166
4.0842e-165
1.32574e-163
4.28223e-162
1.37634e-160
4.40152e-159
1.40049e-157
4.43341e-156
1.39622e-154
4.37424e-153
1.36322e-151
4.2259e-150
1.30298e-148
3.99578e-147
1.21866e-145
3.69625e-144
1.11483e-142
3.34349e-141
9.97038e-140
2.95608e-138
8.71336e-137
2.55326e-135
7.43732e-134
2.15339e-132
6.19701e-131
1.77243e-129
5.03793e-128
1.42299e-126
3.9938e-125
1.11372e-123
3.0856e-122
8.49263e-121
2.32194e-119
6.30573e-118
1.70082e-116
4.556e-115
1.21193e-113
3.20114e-112
8.3951e-111
2.18576e-109
5.64935e-108
1.44934e-106
3.69048e-105
9.3259e-104
2.33858e-102
5.81871e-101
1.43638e-99
3.51748e-98
8.54421e-97
2.05846e-95
4.91805e-94
1.16514e-92
2.7368e-91
6.37293e-90
1.471e-88
3.36521e-87
7.6292e-86
1.71379e-84
3.8141e-83
8.40854e-82
1.83604e-80
3.97024e-79
8.50075e-78
1.80194e-76
3.78091e-75
7.85158e-74
1.61343e-72
3.28024e-71
6.59699e-70
1.31218e-68
2.58089e-67
5.0187e-66
9.64664e-65
1.83247e-63
3.4394e-62
6.37709e-61
1.16778e-59
2.11156e-58
3.76917e-57
6.64023e-56
1.15428e-54
1.97931e-53
3.34719e-52
5.58071e-51
9.17105e-50
1.48505e-48
2.36878e-47
3.72077e-46
5.75336e-45
8.75477e-44
1.31054e-42
1.92919e-41
2.79164e-40
3.96942e-39
5.5437e-38
7.60134e-37
1.02283e-35
1.35001e-34
1.74692e-33
2.21511e-32
2.75085e-31
3.34382e-30
3.97621e-29
4.62247e-28
5.2502e-27
5.82204e-26
6.29881e-25
6.64345e-24
6.82542e-23
6.82487e-22
6.63585e-21
6.26782e-20
5.74528e-19
5.10512e-18
4.39235e-17
3.65462e-16
2.93674e-15
2.27584e-14
1.69826e-13
1.21824e-12
8.38573e-12
5.52824e-11
3.48297e-10
2.0923e-09
1.1954e-08
6.47761e-08
3.31896e-07
1.60257e-06
7.26507e-06
3.07951e-05
0.000121494
0.000443861
0.00149319
0.00459692
0.0128639
0.0324878
0.0735122
0.14804
0.264012
0.416408
0.583592
0.735988
0.85196
0.926488
0.967512
0.987136
0.995403
0.998507
0.999556
0.999879
0.999969
0.999993
0.999998
1
1
1
1
1
1
1
1
1
1
1
1
1
1
1
1
1
1
1
1
1
1
1
1
1
1
1
1
1
1
1
1
1
1
1
1
1
1
1
1
1
1
1
1
1
1
1
1
1
1
1
1
1
1
1
1
1
1
1
1
1
1
1
1
1
1
1
1
1
1
1
1
1
1
0.999998
0.999993
0.999969
0.999879
0.999556
0.998507
0.995403
0.987136
0.967512
0.926488
0.85196
0.735988
0.583592
0.416408
0.264012
0.14804
0.0735122
0.0324878
0.0128639
0.00459692
0.00149319
0.000443861
0.000121494
3.07951e-05
7.26507e-06
1.60257e-06
3.31896e-07
6.47761e-08
1.1954e-08
2.0923e-09
3.48297e-10
5.52824e-11
8.38573e-12
1.21824e-12
1.69826e-13
2.27584e-14
2.93674e-15
3.65462e-16
4.39235e-17
5.10512e-18
5.74528e-19
6.26782e-20
6.63585e-21
6.82487e-22
6.82542e-23
6.64345e-24
6.29881e-25
5.82204e-26
5.2502e-27
4.62247e-28
3.97621e-29
3.34382e-30
2.75085e-31
2.21511e-32
1.74692e-33
1.35001e-34
1.02283e-35
7.60134e-37
5.5437e-38
3.96942e-39
2.79164e-40
1.92919e-41
1.31054e-42
8.75477e-44
5.75336e-45
3.72077e-46
2.36878e-47
1.48505e-48
9.17105e-50
5.58071e-51
3.34719e-52
1.97931e-53
1.15428e-54
6.64023e-56
3.76917e-57
2.11156e-58
1.16778e-59
6.37709e-61
3.4394e-62
1.83247e-63
9.64664e-65
5.0187e-66
2.58089e-67
1.31218e-68
6.59699e-70
3.28024e-71
1.61343e-72
7.85158e-74
3.78091e-75
1.80194e-76
8.50075e-78
3.97024e-79
1.83604e-80
8.40854e-82
3.8141e-83
1.71379e-84
7.6292e-86
3.36521e-87
1.471e-88
6.37293e-90
2.7368e-91
1.16514e-92
4.91805e-94
2.05846e-95
8.54421e-97
3.51748e-98
1.43638e-99
5.81871e-101
2.33858e-102
9.3259e-104
3.69048e-105
1.44934e-106
5.64935e-108
2.18576e-109
8.3951e-111
3.20114e-112
1.21193e-113
4.556e-115
1.70082e-116
6.30573e-118
2.32194e-119
8.49263e-121
3.0856e-122
1.11372e-123
3.9938e-125
1.42299e-126
5.03793e-128
1.77243e-129
6.19701e-131
2.15339e-132
7.43732e-134
2.55326e-135
8.71336e-137
2.95608e-138
9.97038e-140
3.34349e-141
1.11483e-142
3.69625e-144
1.21866e-145
3.99578e-147
1.30298e-148
4.2259e-150
1.36322e-151
4.37424e-153
1.39622e-154
4.43341e-156
1.40049e-157
4.40152e-159
1.37634e-160
4.28223e-162
1.32574e-163
4.0842e-165
1.2521e-166
3.82011e-168
1.15994e-169
3.50538e-171
1.05438e-172
3.15672e-174
9.40748e-176
2.79079e-177
8.24164e-179
2.42299e-180
7.09183e-182
2.06657e-183
5.99577e-185
1.73204e-186
4.98204e-188
1.42695e-189
4.06982e-191
1.15592e-192
3.26946e-194
9.20956e-196
2.58363e-197
7.21883e-199
2.00891e-200
5.56837e-202
1.53738e-203
4.22803e-205
1.15827e-206
3.16087e-208
8.59307e-210
2.32726e-211
6.2793e-213
1.68795e-214
4.52065e-216
1.20629e-217
3.20716e-219
8.49614e-221
2.24268e-222
5.89889e-224
1.54611e-225
4.03824e-227
1.05108e-228
2.72635e-230
7.04762e-232
1.81564e-233
4.66178e-235
1.19295e-236
3.04266e-238
7.73485e-240
1.95989e-241
4.94994e-243
1.24615e-244
3.12715e-246
7.82258e-248
1.95066e-249
4.84902e-251
1.20165e-252
2.96865e-254
7.31158e-256
1.79532e-257
4.39502e-259
1.0727e-260
2.61035e-262
6.3334e-264
1.53214e-265
3.69568e-267
8.88856e-269
2.13166e-270
5.09759e-272
1.21556e-273
2.89046e-275
6.85393e-277
1.62071e-278
3.82181e-280
8.98756e-282
2.10781e-283
4.92996e-285
1.14997e-286
2.67528e-288
6.20726e-290
1.43643e-291
3.31535e-293
7.63209e-295
1.7524e-296
4.01336e-298
9.16796e-300
2.08898e-301
4.7479e-303
1.07641e-304
2.43431e-306
5.49158e-308
1.23581e-309
2.77423e-311
6.21268e-313
1.38793e-314
3.09324e-316
6.87737e-318
1.52533e-319
3.35965e-321
6.91692e-323
0
0
0
0
0
0
0
0
0
0
0
0
0
0
0
0
0
0
0
0
0
0
0
0
0
0
0
0
0
0
0
0
0
0
0
0
0
0
0
0
0
0
0
0
0
0
0
0
0
0
0
0
0
0
0
0
0
0
0
0
0
0
0
0
0
0
0
0
0
0
0
0
0
0
0
0
0
0
0
0
0
0
0
0
0
0
0
0
0
0
0
0
0
0
0
0
0
0
0
0
0
0
0
0
0
0
0
0
0
0
0
0
0
0
0
0
0
0
0
0
0
0
0
0
0
0
0
0
0
0
0
0
0
0
0
0
0
0
0
0
0
0
0
0
0
0
0
0
0
0
0
0
0
0
0
0
0
0
0
0
0
0
0
0
0
0
0
0
0
0
0
0
0
0
0
0
0
0
0
0
0
0
0
0
0
0
0
0
0
0
0
0
0
0
0
0
0
0
0
0
0
0
0
0
0
0
0
0
0
0
0
0
)
;

boundaryField
{
    sides
    {
        type            zeroGradient;
    }
    empty
    {
        type            empty;
    }
}


// ************************************************************************* //
