/*--------------------------------*- C++ -*----------------------------------*\
  =========                 |
  \\      /  F ield         | OpenFOAM: The Open Source CFD Toolbox
   \\    /   O peration     | Website:  https://openfoam.org
    \\  /    A nd           | Version:  7
     \\/     M anipulation  |
\*---------------------------------------------------------------------------*/
FoamFile
{
    version     2.0;
    format      ascii;
    class       volScalarField;
    location    "2.07";
    object      T;
}
// * * * * * * * * * * * * * * * * * * * * * * * * * * * * * * * * * * * * * //

dimensions      [0 0 0 1 0 0 0];

internalField   nonuniform List<scalar> 
1000
(
0
0
0
0
0
0
0
0
0
0
0
0
0
0
0
0
0
0
0
0
0
0
0
0
0
0
0
0
0
0
0
0
0
0
0
0
0
0
0
0
0
0
0
0
0
0
0
0
0
0
0
0
0
0
0
0
0
0
0
0
0
0
0
0
0
0
0
0
0
0
0
0
0
0
0
0
0
0
0
0
0
0
0
0
0
0
0
0
0
0
0
0
0
0
0
0
0
0
0
0
0
0
0
0
0
0
0
0
0
0
0
0
0
0
0
0
0
0
0
0
0
0
0
0
0
0
0
0
0
0
0
0
0
0
0
0
0
0
0
0
0
0
0
0
0
0
0
0
0
0
0
0
0
0
0
0
0
0
0
0
0
0
0
0
0
0
0
0
0
0
0
0
0
0
0
0
0
0
0
0
0
0
0
0
0
0
0
0
0
0
0
0
0
0
0
0
0
0
0
0
0
0
0
0
0
0
0
0
0
0
0
0
0
0
0
0
0
0
0
0
0
0
0
0
0
0
0
7.90505e-323
4.46635e-321
2.36618e-319
1.24918e-317
6.58038e-316
3.45876e-314
1.81395e-312
9.49204e-311
4.95583e-309
2.5816e-307
1.34174e-305
6.95749e-304
3.5994e-302
1.85778e-300
9.56619e-299
4.91424e-297
2.51849e-295
1.2876e-293
6.56707e-292
3.34122e-290
1.6958e-288
8.58558e-287
4.33595e-285
2.18429e-283
1.09759e-281
5.50127e-280
2.75026e-278
1.37139e-276
6.82055e-275
3.38328e-273
1.67382e-271
8.25891e-270
4.06417e-268
1.99455e-266
9.76195e-265
4.76468e-263
2.31915e-261
1.12567e-259
5.44848e-258
2.6297e-256
1.2656e-254
6.07346e-253
2.90613e-251
1.38651e-249
6.59549e-248
3.1281e-246
1.47915e-244
6.97317e-243
3.27736e-241
1.53561e-239
7.17289e-238
3.34001e-236
1.55036e-234
7.1736e-233
3.30864e-231
1.52109e-229
6.97022e-228
3.18352e-226
1.4492e-224
6.57497e-223
2.97299e-221
1.33972e-219
6.01645e-218
2.69253e-216
1.20078e-214
5.33618e-213
2.36293e-211
1.04258e-209
4.58346e-208
2.00765e-206
8.76146e-205
3.8093e-203
1.64998e-201
7.11972e-200
3.06042e-198
1.31044e-196
5.58927e-195
2.37454e-193
1.00478e-191
4.23466e-190
1.77746e-188
7.43017e-187
3.09313e-185
1.28227e-183
5.29329e-182
2.17579e-180
8.90505e-179
3.6288e-177
1.47224e-175
5.9465e-174
2.39108e-172
9.57094e-171
3.81349e-169
1.51244e-167
5.97031e-166
2.34563e-164
9.17159e-163
3.56884e-161
1.38193e-159
5.32471e-158
2.04143e-156
7.78714e-155
2.9553e-153
1.11578e-151
4.19069e-150
1.56565e-148
5.8181e-147
2.15039e-145
7.90451e-144
2.88953e-142
1.05038e-140
3.79664e-139
1.36446e-137
4.87526e-136
1.73173e-134
6.11476e-133
2.14615e-131
7.48668e-130
2.59559e-128
8.9426e-127
3.06154e-125
1.04142e-123
3.51957e-122
1.18166e-120
3.94089e-119
1.30545e-117
4.29483e-116
1.40319e-114
4.55225e-113
1.46634e-111
4.68923e-110
1.4886e-108
4.69053e-107
1.46685e-105
4.55221e-104
1.40179e-102
4.28273e-101
1.29802e-99
3.90224e-98
1.1635e-96
3.44017e-95
1.00857e-93
2.93142e-92
8.44586e-91
2.4118e-89
6.82505e-88
1.91371e-86
5.31602e-85
1.46274e-83
3.98614e-82
1.07564e-80
2.87371e-79
7.59976e-78
1.98913e-76
5.1517e-75
1.32002e-73
3.34558e-72
8.38554e-71
2.07813e-69
5.09098e-68
1.2326e-66
2.94873e-65
6.9685e-64
1.6264e-62
3.74792e-61
8.52538e-60
1.91374e-58
4.23812e-57
9.25681e-56
1.9935e-54
4.23156e-53
8.85064e-52
1.82345e-50
3.69917e-49
7.38665e-48
1.45131e-46
2.8046e-45
5.32845e-44
9.94861e-43
1.82457e-41
3.28543e-40
5.80556e-39
1.00622e-37
1.70963e-36
2.84596e-35
4.63888e-34
7.3992e-33
1.15413e-31
1.75924e-30
2.61864e-29
3.80337e-28
5.38576e-27
7.42905e-26
9.97298e-25
1.30165e-23
1.65e-22
2.02912e-21
2.41793e-20
2.78826e-19
3.10721e-18
3.34126e-17
3.46137e-16
3.44846e-15
3.29773e-14
3.02074e-13
2.64443e-12
2.20693e-11
1.75098e-10
1.31669e-09
9.35227e-09
6.25068e-08
3.91428e-07
2.28552e-06
1.23745e-05
6.17356e-05
0.00028174
0.00116631
0.00433702
0.0143247
0.041486
0.103864
0.221573
0.398198
0.601802
0.778427
0.896136
0.958514
0.985675
0.995663
0.998834
0.999718
0.999938
0.999988
0.999998
1
1
1
1
1
1
1
1
1
1
1
1
1
1
1
1
1
1
1
1
1
1
1
1
1
1
1
1
1
1
1
1
1
1
1
1
1
1
1
1
1
1
1
1
1
1
1
1
1
1
1
1
1
1
1
1
1
1
1
1
1
1
1
1
1
1
1
1
1
1
1
1
1
1
1
1
1
1
0.999998
0.999988
0.999938
0.999718
0.998834
0.995663
0.985675
0.958514
0.896136
0.778427
0.601802
0.398198
0.221573
0.103864
0.041486
0.0143247
0.00433702
0.00116631
0.00028174
6.17356e-05
1.23745e-05
2.28552e-06
3.91428e-07
6.25068e-08
9.35227e-09
1.31669e-09
1.75098e-10
2.20693e-11
2.64443e-12
3.02074e-13
3.29773e-14
3.44846e-15
3.46137e-16
3.34126e-17
3.10721e-18
2.78826e-19
2.41793e-20
2.02912e-21
1.65e-22
1.30165e-23
9.97298e-25
7.42905e-26
5.38576e-27
3.80337e-28
2.61864e-29
1.75924e-30
1.15413e-31
7.3992e-33
4.63888e-34
2.84596e-35
1.70963e-36
1.00622e-37
5.80556e-39
3.28543e-40
1.82457e-41
9.94861e-43
5.32845e-44
2.8046e-45
1.45131e-46
7.38665e-48
3.69917e-49
1.82345e-50
8.85064e-52
4.23156e-53
1.9935e-54
9.25681e-56
4.23812e-57
1.91374e-58
8.52538e-60
3.74792e-61
1.6264e-62
6.9685e-64
2.94873e-65
1.2326e-66
5.09098e-68
2.07813e-69
8.38554e-71
3.34558e-72
1.32002e-73
5.1517e-75
1.98913e-76
7.59976e-78
2.87371e-79
1.07564e-80
3.98614e-82
1.46274e-83
5.31602e-85
1.91371e-86
6.82505e-88
2.4118e-89
8.44586e-91
2.93142e-92
1.00857e-93
3.44017e-95
1.1635e-96
3.90224e-98
1.29802e-99
4.28273e-101
1.40179e-102
4.55221e-104
1.46685e-105
4.69053e-107
1.4886e-108
4.68923e-110
1.46634e-111
4.55225e-113
1.40319e-114
4.29483e-116
1.30545e-117
3.94089e-119
1.18166e-120
3.51957e-122
1.04142e-123
3.06154e-125
8.9426e-127
2.59559e-128
7.48668e-130
2.14615e-131
6.11476e-133
1.73173e-134
4.87526e-136
1.36446e-137
3.79664e-139
1.05038e-140
2.88953e-142
7.90451e-144
2.15039e-145
5.8181e-147
1.56565e-148
4.19069e-150
1.11578e-151
2.9553e-153
7.78714e-155
2.04143e-156
5.32471e-158
1.38193e-159
3.56884e-161
9.17159e-163
2.34563e-164
5.97031e-166
1.51244e-167
3.81349e-169
9.57094e-171
2.39108e-172
5.9465e-174
1.47224e-175
3.6288e-177
8.90505e-179
2.17579e-180
5.29329e-182
1.28227e-183
3.09313e-185
7.43017e-187
1.77746e-188
4.23466e-190
1.00478e-191
2.37454e-193
5.58927e-195
1.31044e-196
3.06042e-198
7.11972e-200
1.64998e-201
3.8093e-203
8.76146e-205
2.00765e-206
4.58346e-208
1.04258e-209
2.36293e-211
5.33618e-213
1.20078e-214
2.69253e-216
6.01645e-218
1.33972e-219
2.97299e-221
6.57497e-223
1.4492e-224
3.18352e-226
6.97022e-228
1.52109e-229
3.30864e-231
7.1736e-233
1.55036e-234
3.34001e-236
7.17289e-238
1.53561e-239
3.27736e-241
6.97317e-243
1.47915e-244
3.1281e-246
6.59549e-248
1.38651e-249
2.90613e-251
6.07346e-253
1.2656e-254
2.6297e-256
5.44848e-258
1.12567e-259
2.31915e-261
4.76468e-263
9.76195e-265
1.99455e-266
4.06417e-268
8.25891e-270
1.67382e-271
3.38328e-273
6.82055e-275
1.37139e-276
2.75026e-278
5.50127e-280
1.09759e-281
2.18429e-283
4.33595e-285
8.58558e-287
1.6958e-288
3.34122e-290
6.56707e-292
1.2876e-293
2.51849e-295
4.91424e-297
9.56619e-299
1.85778e-300
3.5994e-302
6.95749e-304
1.34174e-305
2.5816e-307
4.95583e-309
9.49204e-311
1.81395e-312
3.45876e-314
6.58038e-316
1.24918e-317
2.36623e-319
4.46635e-321
7.90505e-323
0
0
0
0
0
0
0
0
0
0
0
0
0
0
0
0
0
0
0
0
0
0
0
0
0
0
0
0
0
0
0
0
0
0
0
0
0
0
0
0
0
0
0
0
0
0
0
0
0
0
0
0
0
0
0
0
0
0
0
0
0
0
0
0
0
0
0
0
0
0
0
0
0
0
0
0
0
0
0
0
0
0
0
0
0
0
0
0
0
0
0
0
0
0
0
0
0
0
0
0
0
0
0
0
0
0
0
0
0
0
0
0
0
0
0
0
0
0
0
0
0
0
0
0
0
0
0
0
0
0
0
0
0
0
0
0
0
0
0
0
0
0
0
0
0
0
0
0
0
0
0
0
0
0
0
0
0
0
0
0
0
0
0
0
0
0
0
0
0
0
0
0
0
0
0
0
0
0
0
0
0
0
0
0
0
0
0
0
0
0
0
0
0
0
0
0
0
0
0
0
0
0
0
0
0
0
0
0
0
0
0
0
0
0
0
0
0
0
0
0
0
0
0
0
0
0
0
)
;

boundaryField
{
    sides
    {
        type            zeroGradient;
    }
    empty
    {
        type            empty;
    }
}


// ************************************************************************* //
