/*--------------------------------*- C++ -*----------------------------------*\
  =========                 |
  \\      /  F ield         | OpenFOAM: The Open Source CFD Toolbox
   \\    /   O peration     | Website:  https://openfoam.org
    \\  /    A nd           | Version:  7
     \\/     M anipulation  |
\*---------------------------------------------------------------------------*/
FoamFile
{
    version     2.0;
    format      ascii;
    class       volScalarField;
    location    "2.23";
    object      T;
}
// * * * * * * * * * * * * * * * * * * * * * * * * * * * * * * * * * * * * * //

dimensions      [0 0 0 1 0 0 0];

internalField   nonuniform List<scalar> 
1000
(
1.39527e-74
1.91474e-74
3.14579e-74
5.54319e-74
9.99123e-74
1.81277e-73
3.29425e-73
5.98694e-73
1.08764e-72
1.97488e-72
3.58385e-72
6.49989e-72
1.17817e-71
2.1343e-71
3.86409e-71
6.99167e-71
1.26432e-70
2.28493e-70
4.12696e-70
7.44951e-70
1.34389e-69
2.42291e-69
4.36564e-69
7.86132e-69
1.41474e-68
2.54446e-68
4.57349e-68
8.21546e-68
1.47485e-67
2.64605e-67
4.74435e-67
8.5013e-67
1.52238e-66
2.72452e-66
4.87284e-66
8.70967e-66
1.55578e-65
2.77726e-65
4.95462e-65
8.83337e-65
1.57386e-64
2.80237e-64
4.9866e-64
8.86756e-64
1.57588e-63
2.79871e-63
4.96718e-63
8.81005e-63
1.56157e-62
2.76604e-62
4.89631e-62
8.66146e-62
1.53118e-61
2.70501e-61
4.77554e-61
8.42529e-61
1.48544e-60
2.61716e-60
4.608e-60
8.10773e-60
1.42557e-59
2.50486e-59
4.39823e-59
7.71746e-59
1.35323e-58
2.37119e-58
4.15201e-58
7.26521e-58
1.27038e-57
2.21981e-57
3.87606e-57
6.7633e-57
1.17929e-56
2.0548e-56
3.57776e-56
6.22503e-56
1.08233e-55
1.88046e-55
3.26479e-55
5.66411e-55
9.81954e-55
1.70111e-54
2.94481e-54
5.09404e-54
8.80536e-54
1.52093e-53
2.62513e-53
4.5276e-53
7.80298e-53
1.34378e-52
2.31242e-52
3.9763e-52
6.83222e-52
1.17304e-51
2.0125e-51
3.45005e-51
5.90991e-51
1.01159e-50
1.73017e-50
2.9569e-50
5.04949e-50
8.61627e-50
1.4691e-49
2.50288e-49
4.26077e-49
7.24756e-49
1.23183e-48
2.09201e-48
3.55e-48
6.0193e-48
1.0198e-47
1.72635e-47
2.92008e-47
4.93522e-47
8.33419e-47
1.40626e-46
2.37088e-46
3.99389e-46
6.72238e-46
1.13055e-45
1.89974e-45
3.1896e-45
5.35074e-45
8.96861e-45
1.502e-44
2.51332e-44
4.20199e-44
7.01927e-44
1.17154e-43
1.95366e-43
3.25511e-43
5.41886e-43
9.01305e-43
1.49781e-42
2.48693e-42
4.12561e-42
6.83803e-42
1.13237e-41
1.87354e-41
3.09706e-41
5.11505e-41
8.44033e-41
1.39149e-40
2.29196e-40
3.77173e-40
6.20126e-40
1.01865e-39
1.67174e-39
2.74104e-39
4.49016e-39
7.34863e-39
1.20157e-38
1.96284e-38
3.20343e-38
5.22322e-38
8.5085e-38
1.3847e-37
2.25138e-37
3.65702e-37
5.93459e-37
9.6214e-37
1.55836e-36
2.52161e-36
4.07632e-36
6.58317e-36
1.06213e-35
1.71197e-35
2.75669e-35
4.43456e-35
7.12661e-35
1.14415e-34
1.83507e-34
2.94026e-34
4.70634e-34
7.52563e-34
1.20216e-33
1.91841e-33
3.05829e-33
4.87048e-33
7.74851e-33
1.23145e-32
1.9551e-32
3.10076e-32
4.91264e-32
7.77515e-32
1.22927e-31
1.94146e-31
3.06302e-31
4.82737e-31
7.59994e-31
1.19521e-30
1.87765e-30
2.94657e-30
4.61902e-30
7.23291e-30
1.13137e-29
1.76774e-29
2.75904e-29
4.30151e-29
6.6989e-29
1.04209e-28
1.61929e-28
2.51338e-28
3.89678e-28
6.03483e-28
9.33543e-28
1.44249e-27
2.22636e-27
3.43229e-27
5.28536e-27
8.12955e-27
1.24898e-26
1.91666e-26
2.93784e-26
4.49786e-26
6.87819e-26
1.05059e-25
1.6028e-25
2.44237e-25
3.71729e-25
5.651e-25
8.58034e-25
1.30125e-24
1.97104e-24
2.98197e-24
4.50593e-24
6.80042e-24
1.02508e-23
1.54327e-23
2.32057e-23
3.48506e-23
5.2274e-23
7.83105e-23
1.17169e-22
1.75089e-22
2.61311e-22
3.895e-22
5.79837e-22
8.62089e-22
1.2801e-21
1.89835e-21
2.81158e-21
4.15876e-21
6.14346e-21
9.06353e-21
1.33541e-20
1.96499e-20
2.8876e-20
4.23778e-20
6.21105e-20
9.09103e-20
1.32887e-19
1.93985e-19
2.82793e-19
4.11704e-19
5.98565e-19
8.69056e-19
1.26006e-18
1.82448e-18
2.6381e-18
3.80929e-18
5.49282e-18
7.90938e-18
1.13732e-17
1.63312e-17
2.34176e-17
3.35316e-17
4.79458e-17
6.84591e-17
9.76096e-17
1.38974e-16
1.97583e-16
2.80506e-16
3.97655e-16
5.62911e-16
7.95686e-16
1.12308e-15
1.58285e-15
2.22757e-15
3.13028e-15
4.39228e-15
6.15392e-15
8.60927e-15
1.20262e-14
1.67742e-14
2.33614e-14
3.24861e-14
4.51064e-14
6.25342e-14
8.65632e-14
1.19642e-13
1.65106e-13
2.27496e-13
3.12977e-13
4.29907e-13
5.89604e-13
8.07357e-13
1.1038e-12
1.50671e-12
2.05344e-12
2.79412e-12
3.79594e-12
5.14871e-12
6.9724e-12
9.42689e-12
1.27249e-11
1.71489e-11
2.30736e-11
3.09947e-11
4.15671e-11
5.56545e-11
7.43939e-11
9.92791e-11
1.3227e-10
1.75931e-10
2.33615e-10
3.09695e-10
4.09865e-10
5.41524e-10
7.1427e-10
9.40531e-10
1.23637e-09
1.6225e-09
2.12559e-09
2.77991e-09
3.62943e-09
4.73041e-09
6.15473e-09
7.99407e-09
1.03651e-08
1.3416e-08
1.73346e-08
2.23586e-08
2.87881e-08
3.70013e-08
4.74738e-08
6.08027e-08
7.77358e-08
9.9208e-08
1.26385e-07
1.6072e-07
2.04017e-07
2.58511e-07
3.26972e-07
4.12817e-07
5.20255e-07
6.54467e-07
8.21803e-07
1.03004e-06
1.28869e-06
1.60933e-06
2.00607e-06
2.496e-06
3.09986e-06
3.84269e-06
4.75471e-06
5.87227e-06
7.23902e-06
8.90723e-06
1.09394e-05
1.34101e-05
1.64079e-05
2.00382e-05
2.44257e-05
2.97176e-05
3.60878e-05
4.37406e-05
5.29157e-05
6.38938e-05
7.70028e-05
9.26246e-05
0.000111203
0.000133253
0.00015937
0.00019024
0.000226654
0.00026952
0.000319876
0.00037891
0.000447974
0.000528604
0.000622543
0.000731759
0.000858471
0.00100518
0.00117467
0.00137009
0.00159491
0.00185303
0.00214874
0.0024868
0.00287246
0.00331148
0.00381019
0.00437549
0.0050149
0.00573659
0.00654939
0.00746285
0.00848722
0.00963348
0.0109134
0.0123394
0.0139247
0.0156834
0.0176301
0.0197803
0.02215
0.0247559
0.0276154
0.0307461
0.0341663
0.0378947
0.0419499
0.0463509
0.0511167
0.0562662
0.0618178
0.0677898
0.0741997
0.0810644
0.0883998
0.0962208
0.104541
0.113372
0.122726
0.132609
0.14303
0.153993
0.1655
0.177552
0.190145
0.203275
0.216933
0.231109
0.24579
0.26096
0.276599
0.292685
0.309195
0.326101
0.343373
0.360981
0.378889
0.397062
0.415462
0.434051
0.452787
0.471629
0.490535
0.509462
0.528368
0.54721
0.565945
0.584533
0.602933
0.621105
0.639012
0.656618
0.673888
0.690792
0.707298
0.723381
0.739016
0.75418
0.768854
0.783023
0.796672
0.809791
0.822371
0.834407
0.845896
0.856836
0.867231
0.877084
0.886401
0.89519
0.903459
0.911221
0.918488
0.925272
0.931588
0.93745
0.942875
0.947878
0.952474
0.95668
0.96051
0.963981
0.967105
0.969898
0.972372
0.974539
0.97641
0.977994
0.979302
0.980339
0.981111
0.981624
0.981879
0.981879
0.981624
0.981111
0.980339
0.979302
0.977994
0.97641
0.974539
0.972372
0.969898
0.967105
0.963981
0.96051
0.95668
0.952474
0.947878
0.942875
0.93745
0.931588
0.925272
0.918488
0.911221
0.903459
0.89519
0.886401
0.877084
0.867231
0.856836
0.845896
0.834407
0.822371
0.809791
0.796672
0.783023
0.768854
0.75418
0.739016
0.723381
0.707298
0.690792
0.673888
0.656618
0.639012
0.621105
0.602933
0.584533
0.565945
0.54721
0.528368
0.509462
0.490535
0.471629
0.452787
0.434051
0.415462
0.397062
0.378889
0.360981
0.343373
0.326101
0.309195
0.292685
0.276599
0.26096
0.24579
0.231109
0.216933
0.203275
0.190145
0.177552
0.1655
0.153993
0.14303
0.132609
0.122726
0.113372
0.104541
0.0962208
0.0883998
0.0810644
0.0741997
0.0677898
0.0618178
0.0562662
0.0511167
0.0463509
0.0419499
0.0378947
0.0341663
0.0307461
0.0276154
0.0247559
0.02215
0.0197803
0.0176301
0.0156834
0.0139247
0.0123394
0.0109134
0.00963348
0.00848722
0.00746285
0.00654939
0.00573659
0.0050149
0.00437549
0.00381019
0.00331148
0.00287246
0.0024868
0.00214874
0.00185303
0.00159491
0.00137009
0.00117467
0.00100518
0.000858471
0.000731759
0.000622543
0.000528604
0.000447974
0.00037891
0.000319876
0.00026952
0.000226654
0.00019024
0.00015937
0.000133253
0.000111203
9.26246e-05
7.70028e-05
6.38938e-05
5.29157e-05
4.37406e-05
3.60878e-05
2.97176e-05
2.44257e-05
2.00382e-05
1.64079e-05
1.34101e-05
1.09394e-05
8.90723e-06
7.23902e-06
5.87227e-06
4.75471e-06
3.84269e-06
3.09986e-06
2.496e-06
2.00607e-06
1.60933e-06
1.28869e-06
1.03004e-06
8.21803e-07
6.54467e-07
5.20255e-07
4.12817e-07
3.26972e-07
2.58511e-07
2.04017e-07
1.6072e-07
1.26385e-07
9.9208e-08
7.77358e-08
6.08027e-08
4.74738e-08
3.70013e-08
2.87881e-08
2.23586e-08
1.73346e-08
1.3416e-08
1.03651e-08
7.99407e-09
6.15473e-09
4.73041e-09
3.62943e-09
2.77991e-09
2.12559e-09
1.6225e-09
1.23637e-09
9.40531e-10
7.1427e-10
5.41524e-10
4.09865e-10
3.09695e-10
2.33615e-10
1.75931e-10
1.3227e-10
9.92791e-11
7.43939e-11
5.56545e-11
4.15671e-11
3.09947e-11
2.30736e-11
1.71489e-11
1.27249e-11
9.42689e-12
6.9724e-12
5.14871e-12
3.79594e-12
2.79412e-12
2.05344e-12
1.50671e-12
1.1038e-12
8.07357e-13
5.89604e-13
4.29907e-13
3.12977e-13
2.27496e-13
1.65106e-13
1.19642e-13
8.65632e-14
6.25342e-14
4.51064e-14
3.24861e-14
2.33614e-14
1.67742e-14
1.20262e-14
8.60927e-15
6.15392e-15
4.39228e-15
3.13028e-15
2.22757e-15
1.58285e-15
1.12308e-15
7.95686e-16
5.62911e-16
3.97655e-16
2.80506e-16
1.97583e-16
1.38974e-16
9.76096e-17
6.84591e-17
4.79458e-17
3.35316e-17
2.34176e-17
1.63312e-17
1.13732e-17
7.90938e-18
5.49282e-18
3.80929e-18
2.6381e-18
1.82448e-18
1.26006e-18
8.69056e-19
5.98565e-19
4.11704e-19
2.82793e-19
1.93985e-19
1.32887e-19
9.09103e-20
6.21105e-20
4.23778e-20
2.8876e-20
1.96499e-20
1.33541e-20
9.06353e-21
6.14346e-21
4.15876e-21
2.81158e-21
1.89835e-21
1.2801e-21
8.62089e-22
5.79837e-22
3.895e-22
2.61311e-22
1.75089e-22
1.17169e-22
7.83105e-23
5.2274e-23
3.48506e-23
2.32057e-23
1.54327e-23
1.02508e-23
6.80042e-24
4.50593e-24
2.98197e-24
1.97104e-24
1.30125e-24
8.58034e-25
5.651e-25
3.71729e-25
2.44237e-25
1.6028e-25
1.05059e-25
6.87819e-26
4.49786e-26
2.93784e-26
1.91666e-26
1.24898e-26
8.12955e-27
5.28536e-27
3.43229e-27
2.22636e-27
1.44249e-27
9.33543e-28
6.03483e-28
3.89678e-28
2.51338e-28
1.61929e-28
1.04209e-28
6.6989e-29
4.30151e-29
2.75904e-29
1.76774e-29
1.13137e-29
7.23291e-30
4.61902e-30
2.94657e-30
1.87765e-30
1.19521e-30
7.59994e-31
4.82737e-31
3.06302e-31
1.94146e-31
1.22927e-31
7.77515e-32
4.91264e-32
3.10076e-32
1.9551e-32
1.23145e-32
7.74851e-33
4.87048e-33
3.05829e-33
1.91841e-33
1.20216e-33
7.52563e-34
4.70634e-34
2.94026e-34
1.83507e-34
1.14415e-34
7.12661e-35
4.43456e-35
2.75669e-35
1.71197e-35
1.06213e-35
6.58317e-36
4.07632e-36
2.52161e-36
1.55836e-36
9.6214e-37
5.93459e-37
3.65702e-37
2.25138e-37
1.3847e-37
8.5085e-38
5.22322e-38
3.20343e-38
1.96284e-38
1.20157e-38
7.34863e-39
4.49016e-39
2.74104e-39
1.67174e-39
1.01865e-39
6.20126e-40
3.77173e-40
2.29196e-40
1.39149e-40
8.44033e-41
5.11505e-41
3.09706e-41
1.87354e-41
1.13237e-41
6.83803e-42
4.12561e-42
2.48693e-42
1.49781e-42
9.01305e-43
5.41886e-43
3.25511e-43
1.95366e-43
1.17154e-43
7.01927e-44
4.20199e-44
2.51332e-44
1.502e-44
8.96861e-45
5.35074e-45
3.1896e-45
1.89974e-45
1.13055e-45
6.72238e-46
3.99389e-46
2.37088e-46
1.40626e-46
8.33419e-47
4.93522e-47
2.92008e-47
1.72635e-47
1.0198e-47
6.0193e-48
3.55e-48
2.09201e-48
1.23183e-48
7.24756e-49
4.26077e-49
2.50288e-49
1.4691e-49
8.61627e-50
5.04949e-50
2.9569e-50
1.73017e-50
1.01159e-50
5.90991e-51
3.45005e-51
2.0125e-51
1.17304e-51
6.83222e-52
3.9763e-52
2.31242e-52
1.34378e-52
7.80298e-53
4.5276e-53
2.62513e-53
1.52093e-53
8.80536e-54
5.09404e-54
2.94481e-54
1.70111e-54
9.81954e-55
5.66411e-55
3.26479e-55
1.88046e-55
1.08233e-55
6.22503e-56
3.57776e-56
2.0548e-56
1.17929e-56
6.7633e-57
3.87606e-57
2.21981e-57
1.27038e-57
7.26521e-58
4.15201e-58
2.37119e-58
1.35323e-58
7.71746e-59
4.39823e-59
2.50486e-59
1.42557e-59
8.10773e-60
4.608e-60
2.61716e-60
1.48544e-60
8.42529e-61
4.77554e-61
2.70501e-61
1.53118e-61
8.66146e-62
4.89631e-62
2.76604e-62
1.56157e-62
8.81005e-63
4.96718e-63
2.79871e-63
1.57588e-63
8.86756e-64
4.9866e-64
2.80237e-64
1.57386e-64
8.83337e-65
4.95462e-65
2.77726e-65
1.55578e-65
8.70967e-66
4.87284e-66
2.72452e-66
1.52238e-66
8.5013e-67
4.74435e-67
2.64605e-67
1.47485e-67
8.21546e-68
4.57349e-68
2.54446e-68
1.41474e-68
7.86132e-69
4.36564e-69
2.42291e-69
1.34389e-69
7.44951e-70
4.12696e-70
2.28493e-70
1.26432e-70
6.99167e-71
3.86409e-71
2.1343e-71
1.17817e-71
6.49989e-72
3.58385e-72
1.97488e-72
1.08764e-72
5.98694e-73
3.29425e-73
1.81277e-73
9.99123e-74
5.54319e-74
3.14579e-74
1.91474e-74
1.39527e-74
)
;

boundaryField
{
    sides
    {
        type            zeroGradient;
    }
    empty
    {
        type            empty;
    }
}


// ************************************************************************* //
