/*--------------------------------*- C++ -*----------------------------------*\
  =========                 |
  \\      /  F ield         | OpenFOAM: The Open Source CFD Toolbox
   \\    /   O peration     | Website:  https://openfoam.org
    \\  /    A nd           | Version:  7
     \\/     M anipulation  |
\*---------------------------------------------------------------------------*/
FoamFile
{
    version     2.0;
    format      ascii;
    class       volScalarField;
    location    "3.95";
    object      T;
}
// * * * * * * * * * * * * * * * * * * * * * * * * * * * * * * * * * * * * * //

dimensions      [0 0 0 1 0 0 0];

internalField   nonuniform List<scalar> 
1000
(
1.78086e-50
2.13716e-50
2.92009e-50
4.28405e-50
6.49753e-50
9.99521e-50
1.54622e-49
2.39664e-49
3.71642e-49
5.76188e-49
8.92908e-49
1.38295e-48
2.14063e-48
3.31137e-48
5.11914e-48
7.90878e-48
1.22108e-47
1.88408e-47
2.90519e-47
4.47681e-47
6.89419e-47
1.061e-46
1.6318e-46
2.50803e-46
3.85228e-46
5.91314e-46
9.07056e-46
1.39048e-45
2.13015e-45
3.26113e-45
4.98931e-45
7.62825e-45
1.16552e-44
1.77963e-44
2.71548e-44
4.14071e-44
6.30976e-44
9.60859e-44
1.46223e-43
2.22371e-43
3.37946e-43
5.13244e-43
7.78943e-43
1.18139e-42
1.79054e-42
2.71194e-42
4.10469e-42
6.20844e-42
9.38396e-42
1.4174e-41
2.13943e-41
3.22705e-41
4.8642e-41
7.32685e-41
1.10286e-40
1.65891e-40
2.49357e-40
3.74556e-40
5.62221e-40
8.43322e-40
1.26408e-39
1.89343e-39
2.83411e-39
4.23914e-39
6.33622e-39
9.46399e-39
1.41257e-38
2.10685e-38
3.14013e-38
4.67683e-38
6.96053e-38
1.03519e-37
1.53846e-37
2.28475e-37
3.39059e-37
5.02803e-37
7.45082e-37
1.1033e-36
1.63255e-36
2.41391e-36
3.56663e-36
5.26594e-36
7.76915e-36
1.14538e-35
1.68736e-35
2.48394e-35
3.65387e-35
5.37084e-35
7.88873e-35
1.15784e-34
1.6981e-34
2.48859e-34
3.64432e-34
5.33277e-34
7.7976e-34
1.13931e-33
1.66338e-33
2.42668e-33
3.53755e-33
5.15301e-33
7.50047e-33
1.09089e-32
1.58542e-32
2.30235e-32
3.3409e-32
4.84418e-32
7.01845e-32
1.01607e-31
1.46985e-31
2.12462e-31
3.06867e-31
4.42874e-31
6.38661e-31
9.20278e-31
1.32503e-30
1.9063e-30
2.74039e-30
3.93633e-30
5.64969e-30
8.10239e-30
1.16106e-29
1.66246e-29
2.37848e-29
3.40017e-29
4.85683e-29
6.93194e-29
9.8857e-29
1.40867e-28
2.00566e-28
2.85335e-28
4.05602e-28
5.76091e-28
8.17574e-28
1.15933e-27
1.64261e-27
2.32542e-27
3.28937e-27
4.64907e-27
6.56538e-27
9.26392e-27
1.30608e-26
1.83985e-26
2.58961e-26
3.64186e-26
5.1174e-26
7.18475e-26
1.00788e-25
1.41267e-25
1.97837e-25
2.76826e-25
3.87025e-25
5.40632e-25
7.54564e-25
1.05225e-24
1.46614e-24
2.04107e-24
2.83902e-24
3.94554e-24
5.47861e-24
7.60083e-24
1.0536e-23
1.4592e-23
2.0192e-23
2.79168e-23
3.85632e-23
5.32234e-23
7.33926e-23
1.01117e-22
1.39191e-22
1.91434e-22
2.63053e-22
3.61148e-22
4.95385e-22
6.78915e-22
9.29615e-22
1.27176e-21
1.73828e-21
2.37381e-21
3.23881e-21
4.41504e-21
6.01304e-21
8.18207e-21
1.11235e-20
1.51087e-20
2.0503e-20
2.77982e-20
3.76549e-20
5.09602e-20
6.8904e-20
9.3081e-20
1.25626e-19
1.69395e-19
2.28204e-19
3.07147e-19
4.13018e-19
5.54868e-19
7.44747e-19
9.98677e-19
1.33794e-18
1.7908e-18
2.3947e-18
3.19926e-18
4.27013e-18
5.69411e-18
7.58581e-18
1.00965e-17
1.34255e-17
1.78352e-17
2.36709e-17
3.13863e-17
4.15771e-17
5.50243e-17
7.27513e-17
9.60976e-17
1.26815e-16
1.6719e-16
2.20208e-16
2.8976e-16
3.80913e-16
5.00257e-16
6.56359e-16
8.60339e-16
1.12662e-15
1.47387e-15
1.92629e-15
2.51512e-15
3.28075e-15
4.27525e-15
5.56576e-15
7.2387e-15
9.40523e-15
1.22082e-14
1.58308e-14
2.05081e-14
2.65411e-14
3.43147e-14
4.43211e-14
5.71885e-14
7.3718e-14
9.49303e-14
1.22124e-13
1.56951e-13
2.01506e-13
2.5845e-13
3.31153e-13
4.23879e-13
5.42022e-13
6.92392e-13
8.83582e-13
1.12642e-12
1.43454e-12
1.82509e-12
2.31959e-12
2.94506e-12
3.73536e-12
4.73289e-12
5.99066e-12
7.57489e-12
9.56822e-12
1.20736e-11
1.52193e-11
1.91648e-11
2.41082e-11
3.02951e-11
3.80303e-11
4.76909e-11
5.97432e-11
7.47632e-11
9.34617e-11
1.16714e-10
1.456e-10
1.81443e-10
2.25873e-10
2.80887e-10
3.48931e-10
4.33002e-10
5.36762e-10
6.64681e-10
8.22213e-10
1.016e-09
1.25413e-09
1.54643e-09
1.90482e-09
2.34376e-09
2.88078e-09
3.53706e-09
4.33819e-09
5.31507e-09
6.50494e-09
7.95262e-09
9.71203e-09
1.18479e-08
1.44379e-08
1.75751e-08
2.13708e-08
2.59582e-08
3.14961e-08
3.8174e-08
4.62174e-08
5.58948e-08
6.7525e-08
8.14861e-08
9.82265e-08
1.18277e-07
1.42264e-07
1.70928e-07
2.05143e-07
2.45936e-07
2.94518e-07
3.52308e-07
4.20974e-07
5.0247e-07
5.9908e-07
7.13478e-07
8.48782e-07
1.00863e-06
1.19725e-06
1.41958e-06
1.68132e-06
1.98911e-06
2.35063e-06
2.77478e-06
3.27181e-06
3.85357e-06
4.53373e-06
5.32798e-06
6.25439e-06
7.33368e-06
8.58961e-06
1.00494e-05
1.17441e-05
1.37092e-05
1.59851e-05
1.86181e-05
2.16604e-05
2.51715e-05
2.92189e-05
3.3879e-05
3.92382e-05
4.5394e-05
5.24564e-05
6.05493e-05
6.98121e-05
8.04012e-05
9.2492e-05
0.000106281
0.000121988
0.000139859
0.000160166
0.000183215
0.000209343
0.000238928
0.000272386
0.000310178
0.000352815
0.000400859
0.00045493
0.000515711
0.000583952
0.000660475
0.000746182
0.000842058
0.000949179
0.00106872
0.00120195
0.00135027
0.00151518
0.00169831
0.00190142
0.00212643
0.00237537
0.00265048
0.00295411
0.00328882
0.00365733
0.00406256
0.00450762
0.00499582
0.00553068
0.00611594
0.00675555
0.0074537
0.0082148
0.0090435
0.0099447
0.0109235
0.0119853
0.0131357
0.0143805
0.0157258
0.0171779
0.0187433
0.0204288
0.0222413
0.024188
0.0262762
0.0285133
0.0309071
0.0334652
0.0361955
0.039106
0.0422046
0.0454995
0.0489985
0.0527098
0.0566413
0.0608007
0.0651958
0.069834
0.0747227
0.0798689
0.0852794
0.0909605
0.0969183
0.103158
0.109686
0.116505
0.123621
0.131036
0.138753
0.146775
0.155104
0.163738
0.17268
0.181928
0.191479
0.201333
0.211485
0.221931
0.232666
0.243685
0.254979
0.266542
0.278365
0.290437
0.30275
0.315291
0.328049
0.34101
0.354161
0.367488
0.380977
0.39461
0.408374
0.422249
0.436221
0.450271
0.464382
0.478535
0.492712
0.506895
0.521066
0.535206
0.549297
0.56332
0.577257
0.591091
0.604804
0.618379
0.631799
0.645047
0.658109
0.670968
0.683611
0.696023
0.708191
0.720102
0.731744
0.743106
0.754177
0.764948
0.77541
0.785554
0.795372
0.804858
0.814005
0.822808
0.831262
0.839363
0.847106
0.854489
0.861509
0.868163
0.87445
0.880368
0.885917
0.891096
0.895903
0.90034
0.904405
0.908099
0.911422
0.914375
0.916958
0.919171
0.921014
0.922488
0.923593
0.92433
0.924698
0.924698
0.92433
0.923593
0.922488
0.921014
0.919171
0.916958
0.914375
0.911422
0.908099
0.904405
0.90034
0.895903
0.891096
0.885917
0.880368
0.87445
0.868163
0.861509
0.854489
0.847106
0.839363
0.831262
0.822808
0.814005
0.804858
0.795372
0.785554
0.77541
0.764948
0.754177
0.743106
0.731744
0.720102
0.708191
0.696023
0.683611
0.670968
0.658109
0.645047
0.631799
0.618379
0.604804
0.591091
0.577257
0.56332
0.549297
0.535206
0.521066
0.506895
0.492712
0.478535
0.464382
0.450271
0.436221
0.422249
0.408374
0.39461
0.380977
0.367488
0.354161
0.34101
0.328049
0.315291
0.30275
0.290437
0.278365
0.266542
0.254979
0.243685
0.232666
0.221931
0.211485
0.201333
0.191479
0.181928
0.17268
0.163738
0.155104
0.146775
0.138753
0.131036
0.123621
0.116505
0.109686
0.103158
0.0969183
0.0909605
0.0852794
0.0798689
0.0747227
0.069834
0.0651958
0.0608007
0.0566413
0.0527098
0.0489985
0.0454995
0.0422046
0.039106
0.0361955
0.0334652
0.0309071
0.0285133
0.0262762
0.024188
0.0222413
0.0204288
0.0187433
0.0171779
0.0157258
0.0143805
0.0131357
0.0119853
0.0109235
0.0099447
0.0090435
0.0082148
0.0074537
0.00675555
0.00611594
0.00553068
0.00499582
0.00450762
0.00406256
0.00365733
0.00328882
0.00295411
0.00265048
0.00237537
0.00212643
0.00190142
0.00169831
0.00151518
0.00135027
0.00120195
0.00106872
0.000949179
0.000842058
0.000746182
0.000660475
0.000583952
0.000515711
0.00045493
0.000400859
0.000352815
0.000310178
0.000272386
0.000238928
0.000209343
0.000183215
0.000160166
0.000139859
0.000121988
0.000106281
9.2492e-05
8.04012e-05
6.98121e-05
6.05493e-05
5.24564e-05
4.5394e-05
3.92382e-05
3.3879e-05
2.92189e-05
2.51715e-05
2.16604e-05
1.86181e-05
1.59851e-05
1.37092e-05
1.17441e-05
1.00494e-05
8.58961e-06
7.33368e-06
6.25439e-06
5.32798e-06
4.53373e-06
3.85357e-06
3.27181e-06
2.77478e-06
2.35063e-06
1.98911e-06
1.68132e-06
1.41958e-06
1.19725e-06
1.00863e-06
8.48782e-07
7.13478e-07
5.9908e-07
5.0247e-07
4.20974e-07
3.52308e-07
2.94518e-07
2.45936e-07
2.05143e-07
1.70928e-07
1.42264e-07
1.18277e-07
9.82265e-08
8.14861e-08
6.7525e-08
5.58948e-08
4.62174e-08
3.8174e-08
3.14961e-08
2.59582e-08
2.13708e-08
1.75751e-08
1.44379e-08
1.18479e-08
9.71203e-09
7.95262e-09
6.50494e-09
5.31507e-09
4.33819e-09
3.53706e-09
2.88078e-09
2.34376e-09
1.90482e-09
1.54643e-09
1.25413e-09
1.016e-09
8.22213e-10
6.64681e-10
5.36762e-10
4.33002e-10
3.48931e-10
2.80887e-10
2.25873e-10
1.81443e-10
1.456e-10
1.16714e-10
9.34617e-11
7.47632e-11
5.97432e-11
4.76909e-11
3.80303e-11
3.02951e-11
2.41082e-11
1.91648e-11
1.52193e-11
1.20736e-11
9.56822e-12
7.57489e-12
5.99066e-12
4.73289e-12
3.73536e-12
2.94506e-12
2.31959e-12
1.82509e-12
1.43454e-12
1.12642e-12
8.83582e-13
6.92392e-13
5.42022e-13
4.23879e-13
3.31153e-13
2.5845e-13
2.01506e-13
1.56951e-13
1.22124e-13
9.49303e-14
7.3718e-14
5.71885e-14
4.43211e-14
3.43147e-14
2.65411e-14
2.05081e-14
1.58308e-14
1.22082e-14
9.40523e-15
7.2387e-15
5.56576e-15
4.27525e-15
3.28075e-15
2.51512e-15
1.92629e-15
1.47387e-15
1.12662e-15
8.60339e-16
6.56359e-16
5.00257e-16
3.80913e-16
2.8976e-16
2.20208e-16
1.6719e-16
1.26815e-16
9.60976e-17
7.27513e-17
5.50243e-17
4.15771e-17
3.13863e-17
2.36709e-17
1.78352e-17
1.34255e-17
1.00965e-17
7.58581e-18
5.69411e-18
4.27013e-18
3.19926e-18
2.3947e-18
1.7908e-18
1.33794e-18
9.98677e-19
7.44747e-19
5.54868e-19
4.13018e-19
3.07147e-19
2.28204e-19
1.69395e-19
1.25626e-19
9.3081e-20
6.8904e-20
5.09602e-20
3.76549e-20
2.77982e-20
2.0503e-20
1.51087e-20
1.11235e-20
8.18207e-21
6.01304e-21
4.41504e-21
3.23881e-21
2.37381e-21
1.73828e-21
1.27176e-21
9.29615e-22
6.78915e-22
4.95385e-22
3.61148e-22
2.63053e-22
1.91434e-22
1.39191e-22
1.01117e-22
7.33926e-23
5.32234e-23
3.85632e-23
2.79168e-23
2.0192e-23
1.4592e-23
1.0536e-23
7.60083e-24
5.47861e-24
3.94554e-24
2.83902e-24
2.04107e-24
1.46614e-24
1.05225e-24
7.54564e-25
5.40632e-25
3.87025e-25
2.76826e-25
1.97837e-25
1.41267e-25
1.00788e-25
7.18475e-26
5.1174e-26
3.64186e-26
2.58961e-26
1.83985e-26
1.30608e-26
9.26392e-27
6.56538e-27
4.64907e-27
3.28937e-27
2.32542e-27
1.64261e-27
1.15933e-27
8.17574e-28
5.76091e-28
4.05602e-28
2.85335e-28
2.00566e-28
1.40867e-28
9.8857e-29
6.93194e-29
4.85683e-29
3.40017e-29
2.37848e-29
1.66246e-29
1.16106e-29
8.10239e-30
5.64969e-30
3.93633e-30
2.74039e-30
1.9063e-30
1.32503e-30
9.20278e-31
6.38661e-31
4.42874e-31
3.06867e-31
2.12462e-31
1.46985e-31
1.01607e-31
7.01845e-32
4.84418e-32
3.3409e-32
2.30235e-32
1.58542e-32
1.09089e-32
7.50047e-33
5.15301e-33
3.53755e-33
2.42668e-33
1.66338e-33
1.13931e-33
7.7976e-34
5.33277e-34
3.64432e-34
2.48859e-34
1.6981e-34
1.15784e-34
7.88873e-35
5.37084e-35
3.65387e-35
2.48394e-35
1.68736e-35
1.14538e-35
7.76915e-36
5.26594e-36
3.56663e-36
2.41391e-36
1.63255e-36
1.1033e-36
7.45082e-37
5.02803e-37
3.39059e-37
2.28475e-37
1.53846e-37
1.03519e-37
6.96053e-38
4.67683e-38
3.14013e-38
2.10685e-38
1.41257e-38
9.46399e-39
6.33622e-39
4.23914e-39
2.83411e-39
1.89343e-39
1.26408e-39
8.43322e-40
5.62221e-40
3.74556e-40
2.49357e-40
1.65891e-40
1.10286e-40
7.32685e-41
4.8642e-41
3.22705e-41
2.13943e-41
1.4174e-41
9.38396e-42
6.20844e-42
4.10469e-42
2.71194e-42
1.79054e-42
1.18139e-42
7.78943e-43
5.13244e-43
3.37946e-43
2.22371e-43
1.46223e-43
9.60859e-44
6.30976e-44
4.14071e-44
2.71548e-44
1.77963e-44
1.16552e-44
7.62825e-45
4.98931e-45
3.26113e-45
2.13015e-45
1.39048e-45
9.07056e-46
5.91314e-46
3.85228e-46
2.50803e-46
1.6318e-46
1.061e-46
6.89419e-47
4.47681e-47
2.90519e-47
1.88408e-47
1.22108e-47
7.90878e-48
5.11914e-48
3.31137e-48
2.14063e-48
1.38295e-48
8.92908e-49
5.76188e-49
3.71642e-49
2.39664e-49
1.54622e-49
9.99521e-50
6.49753e-50
4.28405e-50
2.92009e-50
2.13716e-50
1.78086e-50
)
;

boundaryField
{
    sides
    {
        type            zeroGradient;
    }
    empty
    {
        type            empty;
    }
}


// ************************************************************************* //
