/*--------------------------------*- C++ -*----------------------------------*\
  =========                 |
  \\      /  F ield         | OpenFOAM: The Open Source CFD Toolbox
   \\    /   O peration     | Website:  https://openfoam.org
    \\  /    A nd           | Version:  7
     \\/     M anipulation  |
\*---------------------------------------------------------------------------*/
FoamFile
{
    version     2.0;
    format      ascii;
    class       volScalarField;
    location    "3.88";
    object      T;
}
// * * * * * * * * * * * * * * * * * * * * * * * * * * * * * * * * * * * * * //

dimensions      [0 0 0 1 0 0 0];

internalField   nonuniform List<scalar> 
1000
(
0
0
0
0
0
0
0
0
0
0
0
0
0
0
0
0
0
0
0
0
0
0
0
0
0
0
0
0
0
0
0
0
0
0
0
0
0
0
0
0
0
0
0
0
0
0
0
0
0
0
0
0
0
0
0
0
0
0
0
0
0
0
0
0
0
0
0
0
0
0
0
0
0
0
0
0
0
0
0
0
0
0
1.4822e-323
-6.22523e-322
-1.16649e-320
5.78862e-319
9.36731e-318
-5.4277e-316
-6.73264e-315
5.10639e-313
3.86331e-312
-4.74989e-310
-8.81358e-310
4.28927e-307
-2.0437e-306
-3.67042e-304
4.67913e-303
2.86636e-301
-6.73462e-300
-1.89153e-298
7.89856e-297
8.14151e-296
-7.91033e-294
2.40277e-293
6.66272e-291
-1.10299e-289
-4.30936e-288
1.60004e-286
1.32881e-285
-1.61305e-283
1.51729e-282
1.14679e-280
-3.37948e-279
-3.7059e-278
3.65374e-276
-4.06436e-275
-2.33207e-273
8.48688e-272
1.52303e-271
-7.67709e-269
1.66202e-267
2.61457e-266
-2.07691e-264
3.04347e-263
9.84358e-262
-5.25283e-260
6.08774e-259
2.75858e-257
-1.32043e-255
1.58706e-254
6.37e-253
-3.33774e-251
5.2944e-250
1.08567e-248
-8.10583e-247
1.86481e-245
2.77503e-245
-1.66405e-242
5.85707e-241
-7.98012e-240
-1.84159e-238
1.38179e-236
-3.96124e-235
4.59939e-234
1.3771e-232
-9.60506e-231
2.99263e-229
-5.20576e-228
-1.33384e-227
4.8698e-225
-2.14534e-223
6.1416e-222
-1.20184e-220
8.85336e-220
5.33034e-218
-3.41025e-216
1.32462e-214
-4.18876e-213
1.16643e-211
-2.95969e-210
6.97132e-209
-1.542e-207
3.22819e-206
-6.43267e-205
1.22529e-203
-2.23847e-202
3.93276e-201
-6.65937e-200
1.08883e-198
-1.72171e-197
2.63643e-196
-3.91413e-195
5.63972e-194
-7.89361e-193
1.07408e-191
-1.42181e-190
1.8322e-189
-2.29972e-188
2.813e-187
-3.35472e-186
3.90224e-185
-4.429e-184
4.90657e-183
-5.30714e-182
5.60626e-181
-5.78522e-180
5.83304e-179
-5.7475e-178
5.53536e-177
-5.21142e-176
4.79691e-175
-4.31724e-174
3.79946e-173
-3.2699e-172
2.75207e-171
-2.26517e-170
1.8233e-169
-1.43522e-168
1.10474e-167
-8.3147e-167
6.11843e-166
-4.40134e-165
3.09468e-164
-2.12643e-163
1.42758e-162
-9.36171e-162
5.99499e-161
-3.74762e-160
2.28608e-159
-1.3602e-158
7.88991e-158
-4.45908e-157
2.45375e-156
-1.31368e-155
6.83636e-155
-3.45438e-154
1.69266e-153
-8.03072e-153
3.68218e-152
-1.62778e-151
6.91712e-151
-2.81428e-150
1.09035e-149
-3.99139e-149
1.3639e-148
-4.26153e-148
1.1683e-147
-2.52195e-147
2.39457e-147
1.43797e-146
-1.18076e-145
5.65881e-145
-2.11377e-144
6.36641e-144
-1.42751e-143
1.33357e-143
7.96861e-143
-6.03524e-142
2.5623e-141
-7.88406e-141
1.63802e-140
-6.38221e-141
-1.36909e-139
7.96688e-139
-2.79024e-138
6.39751e-138
-4.66521e-138
-4.05134e-137
2.49795e-136
-8.38514e-136
1.66039e-135
1.13896e-136
-1.65545e-134
7.71121e-134
-2.02761e-133
2.08712e-133
9.43994e-133
-6.18452e-132
1.88167e-131
-2.61989e-131
-5.6809e-131
4.79347e-130
-1.52429e-129
2.13484e-129
4.57581e-129
-3.73452e-128
1.11169e-127
-1.22277e-127
-4.67522e-127
2.85819e-126
-7.06404e-126
2.96829e-126
4.74812e-125
-2.00704e-124
3.47457e-124
3.72101e-124
-4.1357e-123
1.16429e-122
-7.76236e-123
-6.52287e-122
2.83324e-121
-4.45762e-121
-7.10599e-121
5.76369e-120
-1.32845e-119
-1.12927e-120
1.03703e-118
-3.16021e-118
2.05367e-118
1.70803e-117
-6.6566e-117
7.36437e-117
2.65693e-116
-1.30159e-115
1.83253e-115
4.05862e-115
-2.42859e-114
3.85862e-114
6.40765e-114
-4.39718e-113
7.27583e-113
1.09824e-112
-7.78926e-112
1.2499e-111
2.07326e-111
-1.3502e-110
1.94573e-110
4.17331e-110
-2.2736e-109
2.65809e-109
8.5063e-109
-3.66667e-108
2.89094e-108
1.68125e-107
-5.54146e-107
1.53217e-107
3.12745e-106
-7.58537e-106
-3.40724e-106
5.35167e-105
-8.81514e-105
-1.47233e-104
8.22079e-104
-7.22247e-104
-3.50356e-103
1.09146e-102
2.18422e-104
-6.42398e-102
1.15296e-101
1.65292e-101
-9.54032e-101
7.10829e-101
4.20758e-100
-1.11024e-99
-5.23625e-100
7.05969e-99
-8.44075e-99
-2.56532e-98
8.63571e-98
7.76208e-99
-4.81048e-97
6.72398e-97
1.60332e-96
-5.89857e-96
-1.86246e-97
3.14468e-95
-4.19991e-95
-1.08041e-94
3.6115e-94
9.0275e-95
-1.97357e-93
2.01022e-93
7.57399e-93
-1.93304e-92
-1.52186e-92
1.14568e-91
-5.50739e-92
-5.06204e-91
8.28294e-91
1.58976e-90
-5.72287e-90
-1.78522e-90
2.94484e-89
-2.07261e-89
-1.20535e-88
2.1354e-88
3.70681e-88
-1.34351e-87
-5.345e-88
6.72433e-87
-3.26716e-87
-2.82727e-86
3.80313e-86
9.87563e-86
-2.49369e-85
-2.57244e-85
1.31086e-84
2.07114e-85
-5.97847e-84
3.16213e-84
2.42408e-83
-2.95085e-83
-8.72381e-83
1.81218e-82
2.6972e-82
-9.33463e-82
-6.35361e-82
4.31453e-81
4.48024e-82
-1.84104e-80
7.04935e-81
7.35516e-80
-6.2417e-80
-2.77016e-79
3.72145e-79
9.85579e-79
-1.89366e-78
-3.304e-78
8.79779e-78
1.0344e-77
-3.84487e-77
-2.9622e-77
1.6069e-76
7.37419e-77
-6.49044e-76
-1.34961e-76
2.55257e-75
1.17626e-78
-9.83047e-75
1.69411e-75
3.72434e-74
-1.17161e-74
-1.39325e-73
5.95819e-74
5.16234e-73
-2.63933e-73
-1.89906e-72
1.07194e-72
6.94782e-72
-4.07277e-72
-2.53047e-71
1.45742e-71
9.17675e-71
-4.9003e-71
-3.31184e-70
1.52824e-70
1.1879e-69
-4.27701e-70
-4.22623e-69
9.7916e-70
1.48746e-68
-1.15738e-69
-5.16217e-68
-5.22848e-69
1.75945e-67
5.40698e-68
-5.8607e-67
-3.19546e-67
1.89597e-66
1.56497e-66
-5.90662e-66
-6.89919e-66
1.74989e-65
2.82369e-65
-4.82771e-65
-1.08748e-64
1.18979e-64
3.96249e-64
-2.34629e-64
-1.36665e-63
2.00289e-64
4.4447e-63
1.26995e-63
-1.35082e-62
-1.01374e-62
3.76828e-62
4.97522e-62
-9.2919e-62
-2.01148e-61
1.83308e-61
7.15888e-61
-1.75024e-61
-2.2826e-60
-7.5656e-61
6.47892e-60
6.09709e-60
-1.58141e-59
-2.79436e-59
2.97264e-59
1.01946e-58
-2.19477e-59
-3.15111e-58
-1.47037e-58
8.21846e-58
9.99436e-58
-1.68183e-57
-4.09906e-57
1.86175e-57
1.31538e-56
4.55771e-57
-3.40348e-56
-3.92995e-56
6.54918e-56
1.63033e-55
-5.24013e-56
-4.99538e-55
-2.68321e-55
1.16361e-54
1.73489e-54
-1.71648e-54
-6.2743e-54
-8.43013e-55
1.63934e-53
1.7153e-53
-2.87699e-53
-7.30956e-53
8.97428e-54
2.04941e-52
1.72646e-52
-3.79559e-52
-8.31636e-52
1.82155e-52
2.38081e-51
1.93003e-51
-4.27925e-51
-9.47351e-51
1.28353e-51
2.59985e-50
2.43323e-50
-4.10794e-50
-1.07262e-49
-1.18495e-50
2.6169e-49
3.22006e-49
-3.04142e-49
-1.16271e-48
-5.61399e-49
2.28622e-48
4.07612e-48
-9.48077e-49
-1.13225e-47
-1.11606e-47
1.47284e-47
4.55753e-47
1.93449e-47
-8.85874e-47
-1.57764e-46
1.96888e-47
4.11e-46
4.74947e-46
-3.9169e-46
-1.65927e-45
-1.21046e-45
2.42187e-45
6.11445e-45
2.30932e-45
-1.15681e-44
-2.11244e-44
-1.08543e-45
4.87972e-44
6.97563e-44
-1.89169e-44
-1.91259e-43
-2.24024e-43
1.33237e-43
7.15434e-43
7.12554e-43
-6.44863e-43
-2.59679e-42
-2.28961e-42
2.66657e-42
9.24475e-42
7.57841e-42
-9.99524e-42
-3.24881e-41
-2.62034e-41
3.46128e-41
1.12978e-40
9.4938e-41
-1.10534e-40
-3.88246e-40
-3.57157e-40
3.17626e-40
1.31148e-39
1.37138e-39
-7.61386e-40
-4.31332e-39
-5.27123e-39
1.09913e-39
1.36053e-38
1.99165e-38
2.54798e-39
-4.0162e-38
-7.27439e-38
-3.28555e-38
1.05978e-37
2.52462e-37
1.95681e-37
-2.22672e-37
-8.14739e-37
-9.17961e-37
1.97735e-37
2.36167e-36
3.70737e-36
1.3568e-36
-5.71109e-36
-1.31197e-35
-1.0968e-35
8.92242e-36
3.99638e-35
5.29445e-35
9.4572e-36
-9.76149e-35
-1.99564e-34
-1.5631e-34
1.42421e-34
6.02373e-34
8.16655e-34
2.31458e-34
-1.32366e-33
-2.99921e-33
-2.84451e-33
1.02354e-33
8.0625e-33
1.32892e-32
8.35086e-33
-1.22808e-32
-4.17279e-32
-5.51678e-32
-1.89473e-32
8.04603e-32
1.99202e-31
2.23232e-31
1.98239e-32
-4.35366e-31
-9.14423e-31
-9.1384e-31
9.7177e-32
2.13599e-30
4.13638e-30
3.91249e-30
-7.50356e-31
-9.8244e-30
-1.86709e-29
-1.78599e-29
2.37675e-30
4.26808e-29
8.42154e-29
8.6595e-29
4.62631e-30
-1.72816e-28
-3.75947e-28
-4.35195e-28
-1.36579e-28
6.23824e-28
1.62667e-27
2.19134e-27
1.31439e-27
-1.75718e-27
-6.58272e-27
-1.06671e-26
-9.51591e-27
1.50912e-27
2.32943e-26
4.82729e-26
5.80569e-26
2.77429e-26
-5.99088e-26
-1.92045e-25
-3.04912e-25
-2.83064e-25
5.66918e-28
5.94179e-25
1.34622e-24
1.81741e-24
1.32648e-24
-7.70542e-25
-4.54353e-24
-8.83717e-24
-1.08738e-23
-6.65743e-24
7.31024e-24
3.09249e-23
5.68127e-23
6.81371e-23
4.08983e-23
-4.63739e-23
-1.94809e-22
-3.63295e-22
-4.53225e-22
-3.16727e-22
1.9355e-22
1.12432e-21
2.28607e-21
3.13399e-21
2.75798e-21
9.69101e-23
-5.53314e-21
-1.36111e-20
-2.14931e-20
-2.38724e-20
-1.33204e-20
1.73391e-20
7.03939e-20
1.36802e-19
1.89872e-19
1.82805e-19
5.53267e-20
-2.45251e-19
-7.25879e-19
-1.29649e-18
-1.72037e-18
-1.5946e-18
-4.00679e-19
2.33131e-18
6.71795e-18
1.20943e-17
1.65582e-17
1.66889e-17
7.75416e-18
-1.5212e-17
-5.51228e-17
-1.09246e-16
-1.64722e-16
-1.94426e-16
-1.55442e-16
6.56714e-18
3.4322e-16
8.76216e-16
1.55621e-15
2.21204e-15
2.50286e-15
1.89645e-15
-2.9106e-16
-4.74994e-15
-1.18819e-14
-2.13274e-14
-3.13307e-14
-3.80339e-14
-3.49081e-14
-1.26775e-14
3.97487e-14
1.32692e-13
2.70804e-13
4.45353e-13
6.23744e-13
7.37265e-13
6.69646e-13
2.51201e-13
-7.33933e-13
-2.51703e-12
-5.27757e-12
-9.02575e-12
-1.34233e-11
-1.75388e-11
-1.95501e-11
-1.64331e-11
-3.71839e-12
2.45456e-11
7.54094e-11
1.55919e-10
2.70901e-10
4.19166e-10
5.87625e-10
7.42872e-10
8.19975e-10
7.08666e-10
2.37919e-10
-8.38814e-10
-2.85344e-09
-6.22105e-09
-1.14144e-08
-1.8899e-08
-2.90035e-08
-4.1695e-08
-5.62108e-08
-7.04913e-08
-8.03349e-08
-7.81793e-08
-5.13888e-08
2.00992e-08
1.66946e-07
4.34609e-07
8.88809e-07
1.62254e-06
2.76495e-06
4.49239e-06
7.04209e-06
1.07288e-05
1.59645e-05
2.32829e-05
3.33666e-05
4.70803e-05
6.5508e-05
8.9996e-05
0.000122201
0.000164145
0.000218271
0.000287514
0.000375365
0.000485948
0.000624099
0.000795447
0.00100649
0.0012647
0.00157858
0.00195775
0.00241303
0.00295652
0.00360162
0.00436312
0.0052572
0.00630146
0.00751495
0.00891808
0.0105327
0.0123817
0.0144896
0.0168817
0.0195842
0.0226242
0.0260294
0.0298277
0.0340473
0.038716
0.0438615
0.0495104
0.0556885
0.0624202
0.0697282
0.0776333
0.0861538
0.0953056
0.105102
0.115552
0.126663
0.138438
0.150876
0.163972
0.177718
0.192102
0.207106
0.222711
0.238892
0.255621
0.272866
0.290593
0.308764
0.327336
0.346268
0.365513
0.385024
0.404752
0.424646
0.444657
0.464732
0.48482
0.504873
0.524838
0.544669
0.564318
0.583739
0.60289
0.62173
0.640221
0.658327
0.676016
0.693257
0.710026
0.726298
0.742054
0.757277
0.771952
0.786071
0.799624
0.812607
0.825019
0.83686
0.848134
0.858845
0.869002
0.878614
0.887692
0.89625
0.904301
0.91186
0.918944
0.925571
0.931756
0.93752
0.942879
0.947852
0.952457
0.956712
0.960635
0.964242
0.967549
0.970572
0.973325
0.975821
0.978072
0.98009
0.981882
0.983456
0.984819
0.985975
0.986926
0.987673
0.988213
0.988545
0.988662
0.988556
0.988218
0.987638
0.9868
0.98569
0.98429
0.982583
0.980546
0.978159
0.975398
0.972239
0.968659
0.964632
0.960132
0.955136
0.949618
0.943554
0.936923
0.929703
0.921875
0.913421
0.904327
0.894582
0.884175
0.873102
0.861361
0.848952
0.83588
0.822155
0.80779
0.792802
0.777211
0.761041
0.744322
0.727085
0.709366
0.691201
0.672634
0.653707
0.634465
0.614958
0.595233
0.575341
0.555333
0.535259
0.515172
0.495121
0.475156
0.455327
0.435679
0.416258
0.397107
0.378268
0.359777
0.341672
0.323983
0.306742
0.289973
0.273701
0.257945
0.242723
0.228047
0.213929
0.200376
0.187393
0.174981
0.16314
0.151866
0.141155
0.130998
0.121386
0.112307
0.103749
0.0956978
0.0881372
0.0810512
0.0744223
0.0682329
0.0624643
0.0570979
0.0521148
0.0474959
0.0432223
0.0392752
0.0356361
0.0322869
0.0292098
0.0263876
0.0238036
0.0214416
0.0192864
0.017323
0.0155373
0.013916
0.0124462
0.0111161
0.00991428
0.00883007
0.00785354
0.00697537
0.0061869
0.00548007
0.00484738
0.00428197
0.00377726
0.00332847
0.00292408
0.00259334
0.00214182
)
;

boundaryField
{
    sides
    {
        type            zeroGradient;
    }
    empty
    {
        type            empty;
    }
}


// ************************************************************************* //
