/*--------------------------------*- C++ -*----------------------------------*\
  =========                 |
  \\      /  F ield         | OpenFOAM: The Open Source CFD Toolbox
   \\    /   O peration     | Website:  https://openfoam.org
    \\  /    A nd           | Version:  7
     \\/     M anipulation  |
\*---------------------------------------------------------------------------*/
FoamFile
{
    version     2.0;
    format      ascii;
    class       volScalarField;
    location    "0.47";
    object      T;
}
// * * * * * * * * * * * * * * * * * * * * * * * * * * * * * * * * * * * * * //

dimensions      [0 0 0 1 0 0 0];

internalField   nonuniform List<scalar> 
1000
(
7.77137e-07
7.78474e-07
7.81168e-07
7.85235e-07
7.90695e-07
7.9757e-07
8.05884e-07
8.15665e-07
8.2694e-07
8.39742e-07
8.54105e-07
8.70064e-07
8.8766e-07
9.06935e-07
9.27932e-07
9.507e-07
9.75291e-07
1.00176e-06
1.03015e-06
1.06055e-06
1.09299e-06
1.12757e-06
1.16433e-06
1.20337e-06
1.24475e-06
1.28857e-06
1.3349e-06
1.38384e-06
1.43548e-06
1.48993e-06
1.54728e-06
1.60766e-06
1.67116e-06
1.73792e-06
1.80806e-06
1.8817e-06
1.95899e-06
2.04008e-06
2.1251e-06
2.21422e-06
2.30759e-06
2.4054e-06
2.50781e-06
2.61501e-06
2.72719e-06
2.84456e-06
2.96732e-06
3.09569e-06
3.2299e-06
3.37018e-06
3.51679e-06
3.66997e-06
3.82999e-06
3.99714e-06
4.17169e-06
4.35396e-06
4.54424e-06
4.74288e-06
4.9502e-06
5.16656e-06
5.39232e-06
5.62787e-06
5.87359e-06
6.12991e-06
6.39723e-06
6.67601e-06
6.96672e-06
7.26981e-06
7.58581e-06
7.9152e-06
8.25855e-06
8.61639e-06
8.98932e-06
9.37792e-06
9.78282e-06
1.02047e-05
1.06441e-05
1.11019e-05
1.15787e-05
1.20753e-05
1.25924e-05
1.31309e-05
1.36917e-05
1.42754e-05
1.48832e-05
1.55158e-05
1.61743e-05
1.68597e-05
1.7573e-05
1.83152e-05
1.90876e-05
1.98912e-05
2.07272e-05
2.15969e-05
2.25016e-05
2.34426e-05
2.44213e-05
2.54391e-05
2.64975e-05
2.7598e-05
2.87422e-05
2.99318e-05
3.11684e-05
3.24538e-05
3.37899e-05
3.51784e-05
3.66215e-05
3.81209e-05
3.9679e-05
4.12978e-05
4.29795e-05
4.47265e-05
4.65411e-05
4.84259e-05
5.03833e-05
5.24161e-05
5.45269e-05
5.67185e-05
5.89939e-05
6.13561e-05
6.38083e-05
6.63535e-05
6.89952e-05
7.17367e-05
7.45817e-05
7.75337e-05
8.05966e-05
8.37743e-05
8.70708e-05
9.04902e-05
9.40369e-05
9.77153e-05
0.00010153
0.000105486
0.000109587
0.00011384
0.000118248
0.000122818
0.000127555
0.000132464
0.000137552
0.000142825
0.000148289
0.000153949
0.000159814
0.000165889
0.000172182
0.0001787
0.00018545
0.000192441
0.00019968
0.000207175
0.000214935
0.000222968
0.000231283
0.00023989
0.000248798
0.000258017
0.000267556
0.000277426
0.000287638
0.000298203
0.000309131
0.000320434
0.000332125
0.000344215
0.000356717
0.000369644
0.000383009
0.000396825
0.000411108
0.000425871
0.000441128
0.000456896
0.00047319
0.000490026
0.00050742
0.00052539
0.000543952
0.000563124
0.000582926
0.000603375
0.000624491
0.000646294
0.000668805
0.000692043
0.00071603
0.000740789
0.000766341
0.00079271
0.00081992
0.000847994
0.000876958
0.000906837
0.000937657
0.000969445
0.00100223
0.00103603
0.00107089
0.00110683
0.00114388
0.00118208
0.00122145
0.00126202
0.00130383
0.00134692
0.00139132
0.00143706
0.00148417
0.00153271
0.0015827
0.00163418
0.0016872
0.00174179
0.00179799
0.00185585
0.00191542
0.00197672
0.00203982
0.00210475
0.00217157
0.00224032
0.00231104
0.0023838
0.00245863
0.0025356
0.00261476
0.00269616
0.00277985
0.0028659
0.00295435
0.00304527
0.00313873
0.00323477
0.00333346
0.00343486
0.00353905
0.00364608
0.00375602
0.00386894
0.00398491
0.004104
0.00422628
0.00435182
0.0044807
0.004613
0.00474878
0.00488814
0.00503114
0.00517788
0.00532842
0.00548286
0.00564128
0.00580376
0.0059704
0.00614128
0.00631649
0.00649613
0.00668028
0.00686904
0.00706251
0.00726078
0.00746395
0.00767213
0.00788541
0.00810389
0.00832768
0.00855689
0.00879162
0.00903197
0.00927807
0.00953001
0.00978791
0.0100519
0.0103221
0.0105985
0.0108814
0.0111709
0.011467
0.0117698
0.0120796
0.0123964
0.0127204
0.0130516
0.0133903
0.0137365
0.0140903
0.0144519
0.0148215
0.0151991
0.015585
0.0159791
0.0163817
0.016793
0.0172129
0.0176418
0.0180796
0.0185266
0.0189829
0.0194487
0.019924
0.0204091
0.0209041
0.021409
0.0219242
0.0224496
0.0229855
0.023532
0.0240893
0.0246574
0.0252366
0.025827
0.0264287
0.027042
0.0276668
0.0283035
0.0289521
0.0296128
0.0302857
0.030971
0.0316688
0.0323793
0.0331026
0.0338389
0.0345883
0.0353509
0.036127
0.0369166
0.0377199
0.038537
0.0393681
0.0402133
0.0410727
0.0419466
0.0428349
0.0437379
0.0446557
0.0455884
0.0465362
0.0474991
0.0484773
0.0494709
0.0504801
0.0515049
0.0525455
0.053602
0.0546745
0.0557631
0.056868
0.0579891
0.0591266
0.0602807
0.0614514
0.0626388
0.063843
0.065064
0.066302
0.0675571
0.0688292
0.0701185
0.0714251
0.072749
0.0740902
0.0754488
0.0768249
0.0782186
0.0796297
0.0810585
0.0825049
0.0839689
0.0854505
0.0869499
0.0884669
0.0900017
0.0915541
0.0931243
0.0947121
0.0963175
0.0979407
0.0995814
0.10124
0.102916
0.104609
0.10632
0.108048
0.109793
0.111556
0.113336
0.115133
0.116947
0.118778
0.120626
0.122491
0.124372
0.126269
0.128183
0.130113
0.132059
0.134021
0.135999
0.137992
0.14
0.142024
0.144063
0.146117
0.148185
0.150268
0.152365
0.154475
0.1566
0.158738
0.160889
0.163054
0.165231
0.16742
0.169622
0.171835
0.174061
0.176297
0.178544
0.180803
0.183071
0.18535
0.187638
0.189935
0.192242
0.194557
0.196881
0.199212
0.201551
0.203897
0.20625
0.208609
0.210974
0.213344
0.21572
0.2181
0.220485
0.222873
0.225265
0.22766
0.230057
0.232456
0.234857
0.237259
0.239661
0.242064
0.244466
0.246867
0.249267
0.251665
0.254061
0.256454
0.258843
0.261229
0.26361
0.265986
0.268357
0.270722
0.27308
0.275431
0.277775
0.28011
0.282437
0.284755
0.287063
0.28936
0.291647
0.293922
0.296185
0.298436
0.300674
0.302898
0.305108
0.307303
0.309483
0.311647
0.313795
0.315926
0.31804
0.320135
0.322212
0.32427
0.326309
0.328327
0.330324
0.332301
0.334255
0.336188
0.338098
0.339984
0.341847
0.343685
0.345499
0.347287
0.34905
0.350786
0.352496
0.354178
0.355833
0.357459
0.359058
0.360627
0.362166
0.363676
0.365155
0.366604
0.368022
0.369408
0.370762
0.372084
0.373373
0.374629
0.375852
0.377041
0.378195
0.379316
0.380401
0.381452
0.382467
0.383447
0.38439
0.385298
0.386169
0.387003
0.3878
0.38856
0.389283
0.389968
0.390615
0.391224
0.391795
0.392328
0.392822
0.393278
0.393694
0.394072
0.394411
0.394711
0.394972
0.395194
0.395376
0.395519
0.395623
0.395688
0.395713
0.395698
0.395645
0.395552
0.395419
0.395248
0.395037
0.394787
0.394499
0.394171
0.393804
0.393399
0.392955
0.392473
0.391953
0.391394
0.390798
0.390164
0.389492
0.388783
0.388037
0.387254
0.386435
0.385579
0.384687
0.383759
0.382796
0.381798
0.380764
0.379696
0.378593
0.377457
0.376287
0.375084
0.373847
0.372579
0.371278
0.369945
0.368581
0.367185
0.36576
0.364304
0.362818
0.361303
0.359758
0.358186
0.356585
0.354957
0.353302
0.35162
0.349912
0.348178
0.346419
0.344636
0.342828
0.340996
0.339141
0.337263
0.335363
0.333442
0.331499
0.329535
0.327552
0.325548
0.323526
0.321485
0.319425
0.317349
0.315255
0.313145
0.311019
0.308877
0.306721
0.30455
0.302365
0.300168
0.297957
0.295734
0.2935
0.291254
0.288998
0.286732
0.284456
0.282172
0.279878
0.277577
0.275268
0.272953
0.270631
0.268303
0.26597
0.263632
0.261289
0.258943
0.256593
0.254241
0.251886
0.249529
0.24717
0.244811
0.242451
0.240091
0.237732
0.235374
0.233016
0.230661
0.228308
0.225958
0.22361
0.221267
0.218927
0.216591
0.21426
0.211935
0.209615
0.207301
0.204993
0.202692
0.200398
0.198111
0.195833
0.193562
0.1913
0.189046
0.186802
0.184567
0.182342
0.180127
0.177922
0.175728
0.173545
0.171374
0.169213
0.167065
0.164928
0.162804
0.160693
0.158594
0.156508
0.154435
0.152376
0.15033
0.148298
0.146281
0.144277
0.142288
0.140314
0.138354
0.136409
0.134479
0.132565
0.130665
0.128782
0.126913
0.125061
0.123224
0.121404
0.119599
0.117811
0.116039
0.114283
0.112544
0.110821
0.109114
0.107425
0.105751
0.104095
0.102455
0.100833
0.0992264
0.0976372
0.0960649
0.0945094
0.0929708
0.0914491
0.0899443
0.0884564
0.0869854
0.0855313
0.084094
0.0826735
0.0812698
0.0798829
0.0785127
0.0771592
0.0758224
0.0745022
0.0731985
0.0719113
0.0706405
0.0693861
0.068148
0.0669262
0.0657205
0.0645309
0.0633573
0.0621996
0.0610578
0.0599317
0.0588213
0.0577264
0.056647
0.055583
0.0545342
0.0535006
0.0524821
0.0514786
0.0504898
0.0495158
0.0485564
0.0476116
0.0466811
0.0457649
0.0448628
0.0439747
0.0431006
0.0422402
0.0413935
0.0405603
0.0397405
0.0389339
0.0381405
0.0373602
0.0365926
0.0358379
0.0350957
0.034366
0.0336486
0.0329435
0.0322504
0.0315693
0.0308999
0.0302423
0.0295961
0.0289613
0.0283378
0.0277254
0.027124
0.0265334
0.0259536
0.0253843
0.0248254
0.0242769
0.0237385
0.0232101
0.0226916
0.0221829
0.0216838
0.0211942
0.0207139
0.0202429
0.019781
0.019328
0.0188839
0.0184485
0.0180216
0.0176032
0.0171931
0.0167912
0.0163974
0.0160115
0.0156335
0.0152631
0.0149003
0.014545
0.014197
0.0138562
0.0135226
0.0131959
0.012876
0.0125629
0.0122565
0.0119566
0.0116631
0.0113759
0.0110948
0.0108199
0.010551
0.0102879
0.0100306
0.00977895
0.00953288
0.00929227
0.00905702
0.00882704
0.00860223
0.00838249
0.00816772
0.00795784
0.00775275
0.00755236
0.00735658
0.00716532
0.0069785
0.00679602
0.0066178
0.00644376
0.00627381
0.00610788
0.00594588
0.00578774
0.00563337
0.0054827
0.00533565
0.00519216
0.00505213
0.00491552
0.00478223
0.0046522
0.00452537
0.00440167
0.00428102
0.00416337
0.00404865
0.00393679
0.00382774
0.00372143
0.0036178
0.0035168
0.00341836
0.00332243
0.00322895
0.00313787
0.00304913
0.00296269
0.00287848
0.00279646
0.00271658
0.00263878
0.00256303
0.00248927
0.00241745
0.00234754
0.00227948
0.00221323
0.00214876
0.00208601
0.00202494
0.00196553
0.00190771
0.00185147
0.00179676
0.00174353
0.00169176
0.00164142
0.00159245
0.00154484
0.00149855
0.00145354
0.00140978
0.00136725
0.0013259
0.00128571
0.00124666
0.00120871
0.00117183
0.00113599
0.00110118
0.00106736
0.00103451
0.0010026
0.000971612
0.000941515
0.000912289
0.000883911
0.000856358
0.000829609
0.000803642
0.000778437
0.000753973
0.000730231
0.000707191
0.000684833
0.000663141
0.000642095
0.000621678
0.000601874
0.000582665
0.000564035
0.000545968
0.000528449
0.000511463
0.000494995
0.000479031
0.000463556
0.000448557
0.000434022
0.000419936
0.000406288
0.000393065
0.000380255
0.000367847
0.000355829
0.000344191
0.000332922
0.000322011
0.000311448
0.000301224
0.000291329
0.000281753
0.000272488
0.000263525
0.000254856
0.000246472
0.000238365
0.000230527
0.000222951
0.00021563
0.000208556
0.000201723
0.000195124
0.000188753
0.000182602
0.000176668
0.000170942
0.000165421
0.000160098
0.000154968
0.000150027
0.000145269
0.000140689
0.000136284
0.000132048
0.000127978
0.00012407
0.000120319
0.000116723
0.000113277
0.000109979
0.000106825
0.000103812
0.000100938
9.8199e-05
9.55935e-05
9.31188e-05
9.07727e-05
8.85531e-05
8.64581e-05
8.4486e-05
8.26352e-05
8.09042e-05
7.92917e-05
7.77966e-05
7.64179e-05
7.51548e-05
7.40067e-05
7.29729e-05
7.20532e-05
7.12473e-05
7.05553e-05
6.99773e-05
6.95135e-05
6.91644e-05
6.89308e-05
6.88133e-05
)
;

boundaryField
{
    sides
    {
        type            zeroGradient;
    }
    empty
    {
        type            empty;
    }
}


// ************************************************************************* //
