/*--------------------------------*- C++ -*----------------------------------*\
  =========                 |
  \\      /  F ield         | OpenFOAM: The Open Source CFD Toolbox
   \\    /   O peration     | Website:  https://openfoam.org
    \\  /    A nd           | Version:  7
     \\/     M anipulation  |
\*---------------------------------------------------------------------------*/
FoamFile
{
    version     2.0;
    format      ascii;
    class       volScalarField;
    location    "4.57";
    object      T;
}
// * * * * * * * * * * * * * * * * * * * * * * * * * * * * * * * * * * * * * //

dimensions      [0 0 0 1 0 0 0];

internalField   nonuniform List<scalar> 
1000
(
0.0676465
0.0676478
0.0676503
0.0676541
0.0676591
0.0676654
0.067673
0.0676818
0.0676918
0.0677032
0.0677158
0.0677296
0.0677447
0.0677611
0.0677787
0.0677976
0.0678177
0.0678391
0.0678617
0.0678856
0.0679108
0.0679372
0.0679648
0.0679937
0.0680238
0.0680552
0.0680878
0.0681217
0.0681568
0.0681931
0.0682307
0.0682696
0.0683096
0.0683509
0.0683935
0.0684372
0.0684822
0.0685285
0.0685759
0.0686246
0.0686745
0.0687256
0.068778
0.0688315
0.0688863
0.0689423
0.0689995
0.0690579
0.0691175
0.0691783
0.0692404
0.0693036
0.069368
0.0694336
0.0695005
0.0695685
0.0696377
0.069708
0.0697796
0.0698523
0.0699263
0.0700013
0.0700776
0.0701551
0.0702337
0.0703134
0.0703943
0.0704764
0.0705597
0.0706441
0.0707296
0.0708163
0.0709041
0.070993
0.0710831
0.0711744
0.0712667
0.0713602
0.0714548
0.0715505
0.0716473
0.0717453
0.0718443
0.0719445
0.0720457
0.0721481
0.0722515
0.072356
0.0724616
0.0725683
0.0726761
0.0727849
0.0728948
0.0730058
0.0731178
0.0732309
0.073345
0.0734602
0.0735764
0.0736937
0.073812
0.0739313
0.0740516
0.074173
0.0742953
0.0744187
0.0745431
0.0746685
0.0747949
0.0749223
0.0750506
0.07518
0.0753103
0.0754416
0.0755739
0.0757071
0.0758413
0.0759764
0.0761125
0.0762495
0.0763875
0.0765264
0.0766662
0.0768069
0.0769486
0.0770911
0.0772346
0.077379
0.0775242
0.0776704
0.0778174
0.0779653
0.0781141
0.0782637
0.0784142
0.0785656
0.0787178
0.0788709
0.0790248
0.0791795
0.079335
0.0794914
0.0796485
0.0798065
0.0799653
0.0801249
0.0802853
0.0804464
0.0806083
0.080771
0.0809345
0.0810987
0.0812637
0.0814294
0.0815959
0.081763
0.081931
0.0820996
0.0822689
0.082439
0.0826098
0.0827812
0.0829533
0.0831262
0.0832997
0.0834738
0.0836486
0.0838241
0.0840002
0.084177
0.0843544
0.0845324
0.0847111
0.0848903
0.0850702
0.0852506
0.0854317
0.0856133
0.0857956
0.0859784
0.0861617
0.0863456
0.0865301
0.0867151
0.0869006
0.0870867
0.0872733
0.0874604
0.087648
0.0878361
0.0880247
0.0882138
0.0884034
0.0885934
0.0887839
0.0889749
0.0891663
0.0893582
0.0895505
0.0897432
0.0899363
0.0901298
0.0903238
0.0905181
0.0907128
0.090908
0.0911034
0.0912993
0.0914955
0.0916921
0.091889
0.0920862
0.0922838
0.0924816
0.0926798
0.0928783
0.0930771
0.0932762
0.0934756
0.0936752
0.0938751
0.0940753
0.0942757
0.0944764
0.0946773
0.0948784
0.0950797
0.0952813
0.095483
0.095685
0.0958871
0.0960894
0.0962919
0.0964945
0.0966973
0.0969003
0.0971034
0.0973066
0.0975099
0.0977134
0.097917
0.0981206
0.0983244
0.0985282
0.0987321
0.0989361
0.0991401
0.0993442
0.0995484
0.0997525
0.0999567
0.100161
0.100365
0.100569
0.100774
0.100978
0.101182
0.101386
0.10159
0.101794
0.101998
0.102202
0.102406
0.10261
0.102814
0.103017
0.103221
0.103424
0.103628
0.103831
0.104034
0.104237
0.10444
0.104642
0.104845
0.105047
0.105249
0.105451
0.105652
0.105854
0.106055
0.106256
0.106457
0.106658
0.106858
0.107058
0.107258
0.107457
0.107656
0.107855
0.108054
0.108252
0.10845
0.108648
0.108846
0.109043
0.109239
0.109436
0.109632
0.109827
0.110023
0.110218
0.110412
0.110606
0.1108
0.110993
0.111186
0.111379
0.111571
0.111762
0.111953
0.112144
0.112334
0.112524
0.112713
0.112902
0.11309
0.113278
0.113465
0.113652
0.113838
0.114023
0.114208
0.114393
0.114577
0.11476
0.114943
0.115126
0.115307
0.115488
0.115669
0.115849
0.116028
0.116207
0.116385
0.116562
0.116739
0.116915
0.11709
0.117265
0.117439
0.117612
0.117785
0.117957
0.118128
0.118299
0.118469
0.118638
0.118806
0.118974
0.119141
0.119307
0.119472
0.119637
0.119801
0.119964
0.120126
0.120288
0.120449
0.120609
0.120768
0.120926
0.121084
0.12124
0.121396
0.121551
0.121705
0.121859
0.122011
0.122163
0.122313
0.122463
0.122612
0.12276
0.122907
0.123053
0.123199
0.123343
0.123486
0.123629
0.123771
0.123911
0.124051
0.12419
0.124328
0.124464
0.1246
0.124735
0.124869
0.125002
0.125134
0.125265
0.125395
0.125524
0.125652
0.125779
0.125905
0.12603
0.126153
0.126276
0.126398
0.126519
0.126638
0.126757
0.126874
0.126991
0.127106
0.127221
0.127334
0.127446
0.127557
0.127667
0.127776
0.127884
0.12799
0.128096
0.1282
0.128304
0.128406
0.128507
0.128607
0.128706
0.128803
0.1289
0.128995
0.129089
0.129182
0.129274
0.129365
0.129454
0.129543
0.12963
0.129716
0.129801
0.129884
0.129967
0.130048
0.130128
0.130207
0.130284
0.130361
0.130436
0.13051
0.130583
0.130654
0.130725
0.130794
0.130862
0.130928
0.130994
0.131058
0.131121
0.131183
0.131243
0.131302
0.13136
0.131417
0.131472
0.131526
0.131579
0.131631
0.131681
0.131731
0.131778
0.131825
0.13187
0.131914
0.131957
0.131999
0.132039
0.132078
0.132115
0.132152
0.132187
0.132221
0.132253
0.132284
0.132314
0.132343
0.13237
0.132396
0.132421
0.132445
0.132467
0.132488
0.132507
0.132525
0.132542
0.132558
0.132572
0.132585
0.132597
0.132608
0.132617
0.132625
0.132631
0.132636
0.13264
0.132643
0.132644
0.132644
0.132643
0.13264
0.132636
0.132631
0.132625
0.132617
0.132608
0.132597
0.132585
0.132572
0.132558
0.132542
0.132525
0.132507
0.132488
0.132467
0.132445
0.132421
0.132396
0.13237
0.132343
0.132314
0.132284
0.132253
0.132221
0.132187
0.132152
0.132115
0.132078
0.132039
0.131999
0.131957
0.131914
0.13187
0.131825
0.131778
0.131731
0.131681
0.131631
0.131579
0.131526
0.131472
0.131417
0.13136
0.131302
0.131243
0.131183
0.131121
0.131058
0.130994
0.130928
0.130862
0.130794
0.130725
0.130654
0.130583
0.13051
0.130436
0.130361
0.130284
0.130207
0.130128
0.130048
0.129967
0.129884
0.129801
0.129716
0.12963
0.129543
0.129454
0.129365
0.129274
0.129182
0.129089
0.128995
0.1289
0.128803
0.128706
0.128607
0.128507
0.128406
0.128304
0.1282
0.128096
0.12799
0.127884
0.127776
0.127667
0.127557
0.127446
0.127334
0.127221
0.127106
0.126991
0.126874
0.126757
0.126638
0.126519
0.126398
0.126276
0.126153
0.12603
0.125905
0.125779
0.125652
0.125524
0.125395
0.125265
0.125134
0.125002
0.124869
0.124735
0.1246
0.124464
0.124328
0.12419
0.124051
0.123911
0.123771
0.123629
0.123486
0.123343
0.123199
0.123053
0.122907
0.12276
0.122612
0.122463
0.122313
0.122163
0.122011
0.121859
0.121705
0.121551
0.121396
0.12124
0.121084
0.120926
0.120768
0.120609
0.120449
0.120288
0.120126
0.119964
0.119801
0.119637
0.119472
0.119307
0.119141
0.118974
0.118806
0.118638
0.118469
0.118299
0.118128
0.117957
0.117785
0.117612
0.117439
0.117265
0.11709
0.116915
0.116739
0.116562
0.116385
0.116207
0.116028
0.115849
0.115669
0.115488
0.115307
0.115126
0.114943
0.11476
0.114577
0.114393
0.114208
0.114023
0.113838
0.113652
0.113465
0.113278
0.11309
0.112902
0.112713
0.112524
0.112334
0.112144
0.111953
0.111762
0.111571
0.111379
0.111186
0.110993
0.1108
0.110606
0.110412
0.110218
0.110023
0.109827
0.109632
0.109436
0.109239
0.109043
0.108846
0.108648
0.10845
0.108252
0.108054
0.107855
0.107656
0.107457
0.107258
0.107058
0.106858
0.106658
0.106457
0.106256
0.106055
0.105854
0.105652
0.105451
0.105249
0.105047
0.104845
0.104642
0.10444
0.104237
0.104034
0.103831
0.103628
0.103424
0.103221
0.103017
0.102814
0.10261
0.102406
0.102202
0.101998
0.101794
0.10159
0.101386
0.101182
0.100978
0.100774
0.100569
0.100365
0.100161
0.0999567
0.0997525
0.0995484
0.0993442
0.0991401
0.0989361
0.0987321
0.0985282
0.0983244
0.0981206
0.097917
0.0977134
0.0975099
0.0973066
0.0971034
0.0969003
0.0966973
0.0964945
0.0962919
0.0960894
0.0958871
0.095685
0.095483
0.0952813
0.0950797
0.0948784
0.0946773
0.0944764
0.0942757
0.0940753
0.0938751
0.0936752
0.0934756
0.0932762
0.0930771
0.0928783
0.0926798
0.0924816
0.0922838
0.0920862
0.091889
0.0916921
0.0914955
0.0912993
0.0911034
0.090908
0.0907128
0.0905181
0.0903238
0.0901298
0.0899363
0.0897432
0.0895505
0.0893582
0.0891663
0.0889749
0.0887839
0.0885934
0.0884034
0.0882138
0.0880247
0.0878361
0.087648
0.0874604
0.0872733
0.0870867
0.0869006
0.0867151
0.0865301
0.0863456
0.0861617
0.0859784
0.0857956
0.0856133
0.0854317
0.0852506
0.0850702
0.0848903
0.0847111
0.0845324
0.0843544
0.084177
0.0840002
0.0838241
0.0836486
0.0834738
0.0832997
0.0831262
0.0829533
0.0827812
0.0826098
0.082439
0.0822689
0.0820996
0.081931
0.081763
0.0815959
0.0814294
0.0812637
0.0810987
0.0809345
0.080771
0.0806083
0.0804464
0.0802853
0.0801249
0.0799653
0.0798065
0.0796485
0.0794914
0.079335
0.0791795
0.0790248
0.0788709
0.0787178
0.0785656
0.0784142
0.0782637
0.0781141
0.0779653
0.0778174
0.0776704
0.0775242
0.077379
0.0772346
0.0770911
0.0769486
0.0768069
0.0766662
0.0765264
0.0763875
0.0762495
0.0761125
0.0759764
0.0758413
0.0757071
0.0755739
0.0754416
0.0753103
0.07518
0.0750506
0.0749223
0.0747949
0.0746685
0.0745431
0.0744187
0.0742953
0.074173
0.0740516
0.0739313
0.073812
0.0736937
0.0735764
0.0734602
0.073345
0.0732309
0.0731178
0.0730058
0.0728948
0.0727849
0.0726761
0.0725683
0.0724616
0.072356
0.0722515
0.0721481
0.0720457
0.0719445
0.0718443
0.0717453
0.0716473
0.0715505
0.0714548
0.0713602
0.0712667
0.0711744
0.0710831
0.070993
0.0709041
0.0708163
0.0707296
0.0706441
0.0705597
0.0704764
0.0703943
0.0703134
0.0702337
0.0701551
0.0700776
0.0700013
0.0699263
0.0698523
0.0697796
0.069708
0.0696377
0.0695685
0.0695005
0.0694336
0.069368
0.0693036
0.0692404
0.0691783
0.0691175
0.0690579
0.0689995
0.0689423
0.0688863
0.0688315
0.068778
0.0687256
0.0686745
0.0686246
0.0685759
0.0685285
0.0684822
0.0684372
0.0683935
0.0683509
0.0683096
0.0682696
0.0682307
0.0681931
0.0681568
0.0681217
0.0680878
0.0680552
0.0680238
0.0679937
0.0679648
0.0679372
0.0679108
0.0678856
0.0678617
0.0678391
0.0678177
0.0677976
0.0677787
0.0677611
0.0677447
0.0677296
0.0677158
0.0677032
0.0676918
0.0676818
0.067673
0.0676654
0.0676591
0.0676541
0.0676503
0.0676478
0.0676465
)
;

boundaryField
{
    sides
    {
        type            zeroGradient;
    }
    empty
    {
        type            empty;
    }
}


// ************************************************************************* //
