/*--------------------------------*- C++ -*----------------------------------*\
  =========                 |
  \\      /  F ield         | OpenFOAM: The Open Source CFD Toolbox
   \\    /   O peration     | Website:  https://openfoam.org
    \\  /    A nd           | Version:  7
     \\/     M anipulation  |
\*---------------------------------------------------------------------------*/
FoamFile
{
    version     2.0;
    format      ascii;
    class       volScalarField;
    location    "0.11";
    object      T;
}
// * * * * * * * * * * * * * * * * * * * * * * * * * * * * * * * * * * * * * //

dimensions      [0 0 0 1 0 0 0];

internalField   nonuniform List<scalar> 
1000
(
0
0
0
0
0
0
0
0
0
0
0
0
0
0
0
0
0
0
0
0
0
0
0
0
0
0
0
0
0
0
0
0
0
0
0
0
0
0
0
0
0
0
0
0
0
0
0
0
0
0
0
0
0
0
0
0
0
0
0
0
0
0
0
0
0
0
0
0
0
0
0
0
0
0
0
0
0
0
0
0
0
0
0
0
0
0
0
0
0
0
0
0
0
0
0
0
0
0
0
0
0
0
0
0
0
0
0
0
0
0
0
0
0
0
0
0
0
0
0
0
0
0
0
0
0
0
0
0
0
0
0
0
0
0
0
0
0
0
0
0
0
0
0
0
0
0
0
0
0
0
0
0
0
0
0
0
0
0
0
0
0
0
0
0
0
0
0
0
0
0
0
0
0
0
0
0
0
0
0
0
0
0
0
0
0
0
0
0
0
0
0
0
0
0
0
0
0
0
0
0
0
0
0
0
0
0
0
0
0
0
0
0
0
0
0
0
0
0
0
0
0
0
0
0
0
0
0
0
0
0
0
0
0
0
0
0
0
0
0
0
0
0
0
0
0
0
0
0
0
0
0
0
0
0
0
0
0
0
0
0
0
0
0
0
0
0
0
0
0
0
0
0
0
0
0
0
0
0
0
0
0
0
0
0
0
0
0
0
0
0
0
0
0
0
0
0
0
-6.42285e-323
-1.29445e-320
-2.43489e-318
-4.57861e-316
-8.60555e-314
-1.61664e-311
-3.0355e-309
-5.6968e-307
-1.06859e-304
-2.00339e-302
-3.75398e-300
-7.03054e-298
-1.31598e-295
-2.46193e-293
-4.60318e-291
-8.60192e-289
-1.60651e-286
-2.99862e-284
-5.59372e-282
-1.04285e-279
-1.94301e-277
-3.61794e-275
-6.73247e-273
-1.25202e-270
-2.32683e-268
-4.32147e-266
-8.02061e-264
-1.4876e-261
-2.75719e-259
-5.10669e-257
-9.45151e-255
-1.74802e-252
-3.23049e-250
-5.96574e-248
-1.10084e-245
-2.02978e-243
-3.73959e-241
-6.88413e-239
-1.26624e-236
-2.32711e-234
-4.27314e-232
-7.83969e-230
-1.43703e-227
-2.6317e-225
-4.81514e-223
-8.80181e-221
-1.60738e-218
-2.93251e-216
-5.34475e-214
-9.73135e-212
-1.76997e-209
-3.21588e-207
-5.83665e-205
-1.05815e-202
-1.91619e-200
-3.466e-198
-6.26191e-196
-1.12996e-193
-2.03648e-191
-3.66566e-189
-6.58968e-187
-1.18305e-184
-2.12108e-182
-3.7976e-180
-6.78964e-178
-1.21215e-175
-2.16082e-173
-3.84609e-171
-6.83509e-169
-1.21276e-166
-2.14827e-164
-3.79904e-162
-6.70668e-160
-1.18187e-157
-2.07893e-155
-3.65001e-153
-6.39605e-151
-1.11859e-148
-1.95227e-146
-3.40016e-144
-5.90908e-142
-1.02464e-139
-1.77268e-137
-3.05955e-135
-5.26776e-133
-9.0469e-131
-1.54968e-128
-2.64739e-126
-4.51011e-124
-7.66137e-122
-1.29758e-119
-2.1909e-117
-3.68743e-115
-6.18569e-113
-1.03409e-110
-1.72259e-108
-2.85886e-106
-4.7264e-104
-7.78262e-102
-1.27616e-99
-2.0835e-97
-3.38616e-95
-5.4772e-93
-8.81565e-91
-1.41154e-88
-2.24786e-86
-3.55933e-84
-5.60225e-82
-8.76235e-80
-1.36144e-77
-2.10057e-75
-3.21715e-73
-4.88893e-71
-7.36826e-69
-1.10079e-66
-1.62928e-64
-2.38766e-62
-3.46213e-60
-4.9635e-58
-7.0299e-56
-9.82718e-54
-1.35451e-51
-1.83868e-49
-2.45492e-47
-3.21906e-45
-4.13853e-43
-5.20643e-41
-6.39476e-39
-7.64796e-37
-8.87846e-35
-9.96707e-33
-1.0771e-30
-1.11419e-28
-1.0955e-26
-1.01458e-24
-8.7451e-23
-6.90051e-21
-4.86666e-19
-2.95442e-17
-1.44344e-15
-4.86428e-14
-5.35511e-13
3.81589e-11
1.02016e-09
-5.22284e-08
8.61952e-07
-7.57867e-06
3.77982e-05
-9.13596e-05
-1.98148e-05
0.000600075
-0.000535817
-0.00242031
0.00185533
0.00906575
0.00258203
-0.0211696
-0.0387454
-0.0207047
0.0443478
0.147908
0.272824
0.402588
0.525094
0.633134
0.723605
0.796309
0.852796
0.89546
0.926915
0.949624
0.965721
0.976948
0.984663
0.989897
0.993406
0.995732
0.99726
0.998254
0.998895
0.999305
0.999565
0.99973
0.999833
0.999897
0.999937
0.999962
0.999977
0.999986
0.999992
0.999995
0.999997
0.999998
0.999999
0.999999
1
1
1
1
1
1
1
1
1
1
1
1
1
1
1
1
1
1
1
1
1
1
1
1
1
1
1
1
1
1
1
1
1
1
1
1
1
1
1
1
1
1
1
1
1
1
1
1
1
1
0.999999
1.00001
0.999962
1.00009
1.00002
0.9994
1.00054
1.00242
0.998145
0.990934
0.997418
1.02117
1.03875
1.0207
0.955652
0.852092
0.727176
0.597412
0.474906
0.366866
0.276395
0.203691
0.147204
0.10454
0.0730854
0.0503759
0.0342785
0.0230524
0.0153366
0.0101025
0.00659401
0.00426751
0.00274009
0.00174642
0.00110544
0.000695197
0.000434548
0.000270071
0.000166942
0.000102667
6.28337e-05
3.82784e-05
2.32175e-05
1.40239e-05
8.43722e-06
5.05691e-06
3.01995e-06
1.79726e-06
1.06606e-06
6.30333e-07
3.71565e-07
2.18387e-07
1.27995e-07
7.4814e-08
4.36152e-08
2.53629e-08
1.47131e-08
8.51517e-09
4.91697e-09
2.83303e-09
1.62886e-09
9.34601e-10
5.35188e-10
3.0588e-10
1.74496e-10
9.93648e-11
5.6483e-11
3.20525e-11
1.81587e-11
1.02709e-11
5.80036e-12
3.27067e-12
1.84151e-12
1.03535e-12
5.81281e-13
3.25905e-13
1.8248e-13
1.02041e-13
5.69875e-14
3.17869e-14
1.77088e-14
9.85414e-15
5.47704e-15
3.04077e-15
1.68633e-15
9.34183e-16
5.16969e-16
2.85792e-16
1.57832e-16
8.70792e-17
4.79969e-17
2.64302e-17
1.45407e-17
7.99238e-18
4.38915e-18
2.40827e-18
1.32026e-18
7.23188e-19
3.95808e-19
2.16455e-19
1.18279e-19
6.45821e-20
3.52358e-20
1.92102e-20
1.04655e-20
5.69739e-21
3.09945e-21
1.68496e-21
9.15375e-22
4.96954e-22
2.69617e-22
1.46183e-22
7.92077e-23
4.28911e-23
2.32112e-23
1.25535e-23
6.78538e-24
3.66545e-24
1.97892e-24
1.06779e-24
5.75832e-25
3.10362e-25
1.67188e-25
9.00139e-26
4.84379e-26
2.60517e-26
1.40044e-26
7.52446e-27
4.04083e-27
2.16897e-27
1.16366e-27
6.24014e-28
3.34471e-28
1.79194e-28
9.59598e-29
5.13643e-29
2.74816e-29
1.46971e-29
7.85661e-30
4.19812e-30
2.24229e-30
1.19716e-30
6.38898e-31
3.4083e-31
1.81749e-31
9.68804e-32
5.16216e-32
2.74955e-32
1.46396e-32
7.79171e-33
4.14551e-33
2.20478e-33
1.17219e-33
6.22981e-34
3.30979e-34
1.75783e-34
9.33264e-35
4.9532e-35
2.62798e-35
1.39385e-35
7.3904e-36
3.91724e-36
2.07565e-36
1.09949e-36
5.82232e-37
3.08224e-37
1.63119e-37
8.63001e-38
4.56447e-38
2.41347e-38
1.27575e-38
6.74166e-39
3.56159e-39
1.88104e-39
9.93193e-40
5.24263e-40
2.7666e-40
1.45958e-40
7.69824e-41
4.05921e-41
2.13983e-41
1.12773e-41
5.94181e-42
3.12985e-42
1.64824e-42
8.67779e-43
4.56764e-43
2.40364e-43
1.26457e-43
6.65138e-44
3.49767e-44
1.83885e-44
9.66523e-45
5.07901e-45
2.66838e-45
1.40159e-45
7.3603e-46
3.86434e-46
2.02843e-46
1.06452e-46
5.58537e-47
2.92994e-47
1.53665e-47
8.05752e-48
4.22414e-48
2.21405e-48
1.16024e-48
6.07885e-49
3.18427e-49
1.66768e-49
8.73232e-50
4.57155e-50
2.39285e-50
1.25223e-50
6.55196e-51
3.4275e-51
1.79268e-51
9.37455e-52
4.90138e-52
2.56217e-52
1.33913e-52
6.99773e-53
3.65609e-53
1.90986e-53
9.97495e-54
5.2089e-54
2.71962e-54
1.4197e-54
7.40991e-55
3.86685e-55
2.01758e-55
1.05253e-55
5.48994e-56
2.86307e-56
1.49288e-56
7.7831e-57
4.05706e-57
2.11448e-57
1.10186e-57
5.74098e-58
2.99074e-58
1.55778e-58
8.1128e-59
4.22445e-59
2.19941e-59
1.14493e-59
5.9592e-60
3.10124e-60
1.6137e-60
8.39551e-61
4.36728e-61
2.27151e-61
1.1813e-61
6.14248e-62
3.19352e-62
1.66011e-62
8.62872e-63
4.48434e-63
2.3302e-63
1.21068e-63
6.28944e-64
3.26691e-64
1.69671e-64
8.81093e-65
4.5749e-65
2.37513e-65
1.23293e-65
6.39936e-66
3.3211e-66
1.72335e-66
8.94156e-67
4.63875e-67
2.40623e-67
1.24802e-67
6.47223e-68
3.35611e-68
1.74008e-68
9.02093e-69
4.6761e-69
2.42364e-69
1.25604e-69
6.50861e-70
3.3723e-70
1.74709e-70
9.05019e-71
4.68762e-71
2.42773e-71
1.25719e-71
6.50962e-72
3.37027e-72
1.74473e-72
9.03118e-73
4.6743e-73
2.41904e-73
1.25177e-73
6.47686e-74
3.35088e-74
1.73344e-74
8.96637e-75
4.63746e-75
2.39829e-75
1.24017e-75
6.41233e-76
3.3152e-76
1.71381e-76
8.85874e-77
4.57869e-77
2.3663e-77
1.2228e-77
6.31834e-78
3.26445e-78
1.68646e-78
8.71169e-79
4.49976e-79
2.324e-79
1.20018e-79
6.19748e-80
3.19997e-80
1.65211e-80
8.5289e-81
4.40261e-81
2.27242e-81
1.17282e-81
6.05249e-82
3.12321e-82
1.6115e-82
8.31429e-83
4.28926e-83
2.2126e-83
1.14127e-83
5.88623e-84
3.03565e-84
1.56542e-84
8.07185e-85
4.1618e-85
2.14563e-85
1.1061e-85
5.70162e-86
2.93879e-86
1.51463e-86
7.80563e-87
4.02232e-87
2.07259e-87
1.06786e-87
5.50155e-88
2.83414e-88
1.45991e-88
7.51964e-89
3.8729e-89
1.99454e-89
1.02711e-89
5.28885e-90
2.72316e-90
1.40202e-90
7.21776e-91
3.71553e-91
1.91253e-91
9.84382e-92
5.06628e-92
2.60726e-92
1.34168e-92
6.90373e-93
3.55213e-93
1.82753e-93
9.40176e-94
4.83643e-94
2.48778e-94
1.27958e-94
6.58108e-95
3.38452e-95
1.74047e-95
8.94973e-96
4.60176e-96
2.36597e-96
1.21637e-96
6.25311e-97
3.21438e-97
1.65223e-97
8.49215e-98
4.36452e-98
2.24299e-98
1.15264e-98
5.92283e-99
3.04327e-99
1.56359e-99
8.03305e-100
4.12678e-100
2.1199e-100
1.08891e-100
5.59301e-101
2.87258e-101
1.47527e-101
7.57611e-102
3.89041e-102
1.99765e-102
1.02569e-102
5.26611e-103
2.70357e-103
1.38791e-103
7.12456e-104
3.65705e-104
1.87707e-104
9.63394e-105
4.94429e-105
2.53734e-105
1.30206e-105
6.68126e-106
3.42816e-106
1.7589e-106
9.02396e-107
4.62945e-107
2.37486e-107
1.21821e-107
6.24865e-108
3.20498e-108
1.64377e-108
8.43013e-109
4.32319e-109
2.21693e-109
1.13678e-109
5.82881e-110
2.98854e-110
1.53221e-110
7.85512e-111
4.02686e-111
2.06423e-111
1.0581e-111
5.42344e-112
2.77972e-112
1.42464e-112
7.3011e-113
3.74154e-113
1.9173e-113
9.82446e-114
5.03392e-114
2.57919e-114
1.32141e-114
6.76977e-115
3.46807e-115
1.77657e-115
9.10028e-116
4.6613e-116
2.38748e-116
1.22279e-116
6.26242e-117
3.20711e-117
1.64235e-117
8.41e-118
4.30633e-118
2.20495e-118
1.12894e-118
5.77994e-119
2.95908e-119
1.51485e-119
7.75467e-120
3.96952e-120
2.03188e-120
1.03027e-120
)
;

boundaryField
{
    sides
    {
        type            zeroGradient;
    }
    empty
    {
        type            empty;
    }
}


// ************************************************************************* //
