/*--------------------------------*- C++ -*----------------------------------*\
  =========                 |
  \\      /  F ield         | OpenFOAM: The Open Source CFD Toolbox
   \\    /   O peration     | Website:  https://openfoam.org
    \\  /    A nd           | Version:  7
     \\/     M anipulation  |
\*---------------------------------------------------------------------------*/
FoamFile
{
    version     2.0;
    format      ascii;
    class       volScalarField;
    location    "0.23";
    object      T;
}
// * * * * * * * * * * * * * * * * * * * * * * * * * * * * * * * * * * * * * //

dimensions      [0 0 0 1 0 0 0];

internalField   nonuniform List<scalar> 
1000
(
0
0
0
0
0
0
0
0
0
0
0
0
0
0
0
0
0
0
0
0
0
0
0
0
0
0
0
0
0
0
0
0
0
0
0
0
0
0
0
0
0
0
0
0
0
0
0
0
0
0
0
0
0
0
0
0
0
0
0
0
0
0
0
0
0
0
0
0
0
0
0
0
0
0
0
0
0
0
0
0
0
0
0
0
0
0
0
0
0
0
0
0
0
0
0
0
0
0
0
0
0
0
0
0
0
0
0
0
0
0
0
0
0
0
0
0
0
0
0
0
0
0
0
0
0
0
0
0
0
0
0
0
0
0
0
0
0
0
0
0
0
0
0
0
0
0
0
0
0
0
0
0
0
0
0
0
0
0
0
0
0
0
0
0
0
0
0
0
0
0
0
0
0
0
0
0
0
0
0
0
0
0
0
0
0
0
0
0
0
0
0
0
0
0
0
0
0
0
0
0
0
0
0
0
0
0
0
0
0
0
0
0
0
0
0
0
0
0
0
0
0
0
0
0
0
0
0
0
0
0
0
0
0
0
0
0
0
0
0
0
0
0
0
0
0
0
0
0
0
0
0
0
0
0
0
0
0
0
0
0
0
0
0
0
0
0
0
0
0
0
0
0
0
0
0
0
0
0
0
0
0
0
0
0
-4.94066e-324
-5.2371e-322
-9.23063e-320
-1.60796e-317
-2.79837e-315
-4.86526e-313
-8.45034e-311
-1.46623e-308
-2.54147e-306
-4.40065e-304
-7.61184e-302
-1.31522e-299
-2.27005e-297
-3.91378e-295
-6.74017e-293
-1.15946e-290
-1.99223e-288
-3.41915e-286
-5.86115e-284
-1.00352e-281
-1.7161e-279
-2.93103e-277
-4.99979e-275
-8.51787e-273
-1.44926e-270
-2.4626e-268
-4.17887e-266
-7.08167e-264
-1.19843e-261
-2.02528e-259
-3.41772e-257
-5.75917e-255
-9.69048e-253
-1.6281e-250
-2.73122e-248
-4.5747e-246
-7.65041e-244
-1.27736e-241
-2.12928e-239
-3.54353e-237
-5.88717e-235
-9.76412e-233
-1.61659e-230
-2.67176e-228
-4.40765e-226
-7.258e-224
-1.19292e-221
-1.95693e-219
-3.20399e-217
-5.23533e-215
-8.53724e-213
-1.38929e-210
-2.25609e-208
-3.65581e-206
-5.91099e-204
-9.53597e-202
-1.53489e-199
-2.46479e-197
-3.94863e-195
-6.31042e-193
-1.00598e-190
-1.59964e-188
-2.53704e-186
-4.01311e-184
-6.33078e-182
-9.9593e-180
-1.56232e-177
-2.4437e-175
-3.81098e-173
-5.92522e-171
-9.1837e-169
-1.41888e-166
-2.185e-164
-3.35351e-162
-5.12926e-160
-7.81766e-158
-1.18721e-155
-1.79623e-153
-2.70731e-151
-4.06455e-149
-6.07765e-147
-9.05023e-145
-1.34194e-142
-1.98108e-140
-2.91146e-138
-4.25893e-136
-6.20027e-134
-8.9821e-132
-1.29459e-129
-1.85613e-127
-2.64685e-125
-3.75334e-123
-5.29167e-121
-7.41599e-119
-1.0329e-116
-1.42942e-114
-1.96508e-112
-2.68293e-110
-3.63695e-108
-4.89379e-106
-6.53444e-104
-8.65553e-102
-1.137e-99
-1.48066e-97
-1.91083e-95
-2.44279e-93
-3.09221e-91
-3.87412e-89
-4.80164e-87
-5.88428e-85
-7.12594e-83
-8.52265e-81
-1.00603e-78
-1.17122e-76
-1.34379e-74
-1.51819e-72
-1.68744e-70
-1.84331e-68
-1.97681e-66
-2.07874e-64
-2.14052e-62
-2.15512e-60
-2.11801e-58
-2.028e-56
-1.88784e-54
-1.70433e-52
-1.48804e-50
-1.25236e-48
-1.01211e-46
-7.81847e-45
-5.74125e-43
-3.98022e-41
-2.58259e-39
-1.55064e-37
-8.4819e-36
-4.1311e-34
-1.72634e-32
-5.76377e-31
-1.26585e-29
-5.04488e-30
1.27182e-26
4.41525e-25
-8.75922e-25
-4.60477e-22
-4.11227e-21
4.48855e-19
9.8134e-20
-4.35076e-16
1.4109e-14
-2.54203e-13
3.10728e-12
-2.74601e-11
1.78365e-10
-8.3499e-10
2.58924e-09
-3.63309e-09
-8.28332e-09
5.15562e-08
-6.84421e-08
-1.82961e-07
6.55943e-07
1.95843e-07
-3.24129e-06
7.47319e-07
1.28908e-05
-2.44318e-06
-4.56569e-05
-1.33595e-05
0.000131299
0.000150109
-0.000206337
-0.000636225
-0.000340225
0.0010181
0.00245574
0.00205167
-0.00154126
-0.00762668
-0.013067
-0.0130923
-0.00274169
0.0217708
0.0622168
0.118155
0.187254
0.265911
0.349959
0.435286
0.518296
0.596168
0.666956
0.729548
0.783551
0.829129
0.86684
0.897482
0.921974
0.941254
0.95622
0.967688
0.97637
0.982869
0.987683
0.991214
0.993779
0.995627
0.996947
0.997882
0.99854
0.998999
0.999318
0.999538
0.999689
0.999791
0.999861
0.999907
0.999939
0.99996
0.999974
0.999983
0.999989
0.999993
0.999995
0.999997
0.999998
0.999999
0.999999
1
1
1
1
1
1
1
1
1
1
1
1
1
1
1
1
1
1
1
1
1
1
1
1
1
1
1
1
1
1
1
1
1
0.999999
1
1
0.999999
0.999987
1
1.00005
1.00001
0.999869
0.99985
1.00021
1.00064
1.00034
0.998982
0.997544
0.997948
1.00154
1.00763
1.01307
1.01309
1.00274
0.978229
0.937783
0.881845
0.812746
0.734089
0.650041
0.564714
0.481704
0.403832
0.333044
0.270452
0.216449
0.170871
0.13316
0.102518
0.0780264
0.0587463
0.0437798
0.0323116
0.0236297
0.0171306
0.0123167
0.00878617
0.00622083
0.00437315
0.00305335
0.00211801
0.00146006
0.00100051
0.000681683
0.000461912
0.000311346
0.000208798
0.000139344
9.25572e-05
6.1202e-05
4.02924e-05
2.6415e-05
1.72469e-05
1.12166e-05
7.26707e-06
4.69092e-06
3.01723e-06
1.93401e-06
1.23553e-06
7.86752e-07
4.99405e-07
3.16037e-07
1.99403e-07
1.2545e-07
7.87023e-08
4.92399e-08
3.0725e-08
1.91223e-08
1.18711e-08
7.35151e-09
4.54171e-09
2.79928e-09
1.7214e-09
1.05622e-09
6.46664e-10
3.95078e-10
2.40872e-10
1.46558e-10
8.89968e-11
5.39383e-11
3.26286e-11
1.97012e-11
1.18741e-11
7.14397e-12
4.29065e-12
2.57257e-12
1.53988e-12
9.20231e-13
5.4905e-13
3.27073e-13
1.9454e-13
1.15536e-13
6.8515e-14
4.05715e-14
2.39904e-14
1.41659e-14
8.35327e-15
4.91906e-15
2.89289e-15
1.69909e-15
9.96659e-16
5.83889e-16
3.41647e-16
1.99663e-16
1.16546e-16
6.795e-17
3.95712e-17
2.30185e-17
1.33748e-17
7.76286e-18
4.50076e-18
2.60668e-18
1.50811e-18
8.7163e-19
5.03256e-19
2.90276e-19
1.67265e-19
9.62892e-20
5.53776e-20
3.18187e-20
1.82653e-20
1.04755e-20
6.00244e-21
3.43634e-21
1.96555e-21
1.1233e-21
6.41414e-22
3.65945e-22
2.08609e-22
1.18821e-22
6.76245e-23
3.84565e-23
2.18521e-23
1.24074e-23
7.03938e-24
3.99081e-24
2.26081e-24
1.27981e-24
7.2396e-25
4.09233e-25
2.31163e-25
1.30485e-25
7.36048e-26
4.1491e-26
2.33727e-26
1.31575e-26
7.40206e-27
4.16149e-27
2.33812e-27
1.31283e-27
7.36678e-28
4.13121e-28
2.31532e-28
1.29682e-28
7.25923e-29
4.06109e-29
2.2706e-29
1.26878e-29
7.08574e-30
3.95491e-30
2.2062e-30
1.23002e-30
6.85396e-31
3.81711e-31
2.12469e-31
1.18202e-31
6.57247e-32
3.65262e-32
2.02889e-32
1.12639e-32
6.25034e-33
3.46657e-33
1.92169e-33
1.06477e-33
5.89678e-34
3.26413e-34
1.80599e-34
9.98753e-35
5.52078e-35
3.0503e-35
1.68456e-35
9.29898e-36
5.13086e-36
2.82978e-36
1.56e-36
8.59624e-37
4.73485e-37
2.60687e-37
1.43466e-37
7.89216e-38
4.33975e-38
2.38536e-38
1.31059e-38
7.19793e-39
3.9516e-39
2.16854e-39
1.18957e-39
6.52299e-40
3.57548e-40
1.9591e-40
1.07304e-40
5.87506e-41
3.21549e-41
1.75923e-41
9.6214e-42
5.26014e-42
2.87475e-42
1.57054e-42
8.57721e-43
4.68263e-43
2.55555e-43
1.39421e-43
7.60369e-44
4.14547e-44
2.25932e-44
1.23094e-44
6.7043e-45
3.6503e-45
1.98683e-45
1.08107e-45
5.88045e-46
3.19763e-46
1.73824e-46
9.44616e-47
5.13177e-47
2.78706e-47
1.51319e-47
8.21311e-48
4.45649e-48
2.4174e-48
1.31092e-48
7.10687e-49
3.85171e-49
2.08691e-49
1.13039e-49
6.12113e-50
3.31369e-50
1.79337e-50
9.70305e-51
5.2484e-51
2.83809e-51
1.53429e-51
8.29228e-52
4.48046e-52
2.42023e-52
1.307e-52
7.05637e-53
3.80868e-53
2.05521e-53
1.10873e-53
5.97977e-54
3.22429e-54
1.7381e-54
9.36716e-55
5.047e-55
2.71865e-55
1.46408e-55
7.88269e-56
4.24305e-56
2.28338e-56
1.2285e-56
6.60802e-57
3.55357e-57
1.91055e-57
1.02695e-57
5.51879e-58
2.96509e-58
1.5927e-58
8.5533e-59
4.59236e-59
2.46514e-59
1.32298e-59
7.09851e-60
3.80793e-60
2.04228e-60
1.09509e-60
5.87073e-61
3.14661e-61
1.68617e-61
9.03378e-62
4.83891e-62
2.59141e-62
1.38751e-62
7.42757e-63
3.9753e-63
2.12719e-63
1.13803e-63
6.08721e-64
3.25534e-64
1.74056e-64
9.30456e-65
4.97301e-65
2.65741e-65
1.41976e-65
7.58387e-66
4.05026e-66
2.16269e-66
1.15458e-66
6.16273e-67
3.28883e-67
1.75482e-67
9.36143e-68
4.99314e-68
2.66273e-68
1.41972e-68
7.56836e-69
4.03389e-69
2.14966e-69
1.14535e-69
6.10144e-70
3.24976e-70
1.7306e-70
9.21438e-71
4.90527e-71
2.61087e-71
1.38943e-71
7.39289e-72
3.93296e-72
2.09196e-72
1.11254e-72
5.91574e-73
3.14507e-73
1.67179e-73
8.88512e-74
4.72146e-74
2.50853e-74
1.33258e-74
7.07785e-75
3.75873e-75
1.99578e-75
1.05954e-75
5.62413e-76
2.98488e-76
1.58392e-76
8.40376e-77
4.45809e-77
2.36461e-77
1.25402e-77
6.64945e-78
3.52536e-78
1.86878e-78
9.90487e-79
5.249e-79
2.78127e-79
1.47349e-79
7.80527e-80
4.13398e-80
2.18921e-80
1.15916e-80
6.13681e-81
3.24848e-81
1.71932e-81
9.0986e-82
4.8143e-82
2.54702e-82
1.34733e-82
7.12616e-83
3.76859e-83
1.99272e-83
1.05355e-83
5.56937e-84
2.94375e-84
1.55574e-84
8.22091e-85
4.34355e-85
2.29464e-85
1.21207e-85
6.40158e-86
3.38058e-86
1.78501e-86
9.42398e-87
4.97479e-87
2.6258e-87
1.38578e-87
7.31262e-88
3.85833e-88
2.03551e-88
1.07372e-88
5.66319e-89
2.9866e-89
1.57486e-89
8.30336e-90
4.37739e-90
2.30741e-90
1.21614e-90
6.40903e-91
3.37715e-91
1.77934e-91
9.37381e-92
4.93769e-92
2.60066e-92
1.36959e-92
7.21195e-93
3.7972e-93
1.99907e-93
1.0523e-93
5.5387e-94
2.91492e-94
1.5339e-94
8.07088e-95
4.24617e-95
2.23371e-95
1.17492e-95
6.17937e-96
3.24963e-96
1.70874e-96
8.98408e-97
4.72308e-97
2.48274e-97
1.30494e-97
6.85814e-98
3.60393e-98
1.89366e-98
9.94908e-99
5.2266e-99
2.74544e-99
1.44198e-99
7.57294e-100
3.97672e-100
2.08806e-100
1.09627e-100
5.75504e-101
3.0209e-101
1.58556e-101
8.3212e-102
4.36663e-102
2.29121e-102
1.20211e-102
6.30635e-103
3.30804e-103
1.7351e-103
9.09985e-104
4.77204e-104
2.50227e-104
1.31196e-104
6.87812e-105
3.60559e-105
1.88992e-105
9.90538e-106
5.19109e-106
2.72023e-106
1.42533e-106
7.46764e-107
3.91212e-107
2.04929e-107
1.07338e-107
5.6217e-108
2.94437e-108
1.50946e-108
)
;

boundaryField
{
    sides
    {
        type            zeroGradient;
    }
    empty
    {
        type            empty;
    }
}


// ************************************************************************* //
