/*--------------------------------*- C++ -*----------------------------------*\
  =========                 |
  \\      /  F ield         | OpenFOAM: The Open Source CFD Toolbox
   \\    /   O peration     | Website:  https://openfoam.org
    \\  /    A nd           | Version:  7
     \\/     M anipulation  |
\*---------------------------------------------------------------------------*/
FoamFile
{
    version     2.0;
    format      ascii;
    class       volScalarField;
    location    "1.51";
    object      T;
}
// * * * * * * * * * * * * * * * * * * * * * * * * * * * * * * * * * * * * * //

dimensions      [0 0 0 1 0 0 0];

internalField   nonuniform List<scalar> 
1000
(
0
0
0
0
0
0
0
0
0
0
0
0
0
0
0
0
0
0
0
0
0
0
0
0
0
0
0
0
0
0
0
0
0
0
0
0
0
0
0
0
0
0
0
0
0
0
0
0
0
0
0
0
0
0
0
0
0
0
0
0
0
0
0
0
0
0
0
0
0
0
0
0
0
0
0
0
0
0
0
0
0
0
0
0
0
0
0
0
0
0
0
0
0
0
0
0
0
0
0
0
0
0
0
0
0
0
0
0
0
0
0
0
0
0
0
0
0
0
0
0
0
0
0
0
0
0
0
0
0
0
0
0
0
0
0
0
0
0
0
0
0
0
0
0
0
0
0
0
0
0
0
0
0
0
0
0
0
0
0
0
0
0
0
0
0
0
0
0
0
0
0
0
0
0
0
0
0
0
0
0
0
0
0
0
0
0
0
0
0
0
0
0
0
0
0
0
0
0
0
0
0
0
0
0
0
0
0
0
0
0
0
0
0
0
0
0
0
0
0
0
0
0
0
0
0
0
0
0
0
0
0
0
0
0
0
0
0
0
0
0
0
0
0
0
0
0
0
0
0
0
0
0
0
0
0
0
0
0
0
0
0
0
0
0
0
0
0
0
0
0
0
0
0
0
0
0
0
0
0
0
0
0
0
0
0
0
0
0
0
0
0
0
0
0
0
0
0
0
0
-4.29944e-137
2.91717e-134
-9.80969e-132
2.17965e-129
-3.5997e-127
4.71274e-125
-5.09439e-123
4.67635e-121
-3.72068e-119
2.60632e-117
-1.62728e-115
9.14616e-114
-4.66556e-112
2.17483e-110
-9.31795e-109
3.68764e-107
-1.35388e-105
4.6286e-104
-1.4784e-102
4.42464e-101
-1.24405e-99
3.2937e-98
-8.2285e-97
1.94341e-95
-4.34658e-94
9.22015e-93
-1.85753e-91
3.55864e-90
-6.49051e-89
1.12815e-87
-1.87045e-86
2.96066e-85
-4.47732e-84
6.47333e-83
-8.9532e-82
1.18522e-80
-1.5024e-79
1.82438e-78
-2.12287e-77
2.3677e-76
-2.53167e-75
2.59551e-74
-2.55153e-73
2.4051e-72
-2.17363e-71
1.88315e-70
-1.56358e-69
1.24377e-68
-9.47423e-68
6.90682e-67
-4.81536e-66
3.20778e-65
-2.03954e-64
1.23601e-63
-7.12776e-63
3.90328e-62
-2.02452e-61
9.91249e-61
-4.56145e-60
1.96106e-59
-7.80986e-59
2.844e-58
-9.26641e-58
2.58942e-57
-5.57076e-57
5.31003e-57
2.67559e-56
-1.98378e-55
7.88055e-55
-2.15133e-54
3.34021e-54
3.64765e-54
-4.75823e-53
1.86201e-52
-4.1508e-52
1.99181e-52
2.67508e-51
-1.26478e-50
2.85927e-50
-9.08971e-51
-1.92286e-49
7.75804e-49
-1.28874e-48
-1.39562e-48
1.42665e-47
-3.63814e-47
1.26639e-47
2.18883e-46
-7.42544e-46
6.49119e-46
3.20047e-45
-1.30651e-44
1.35564e-44
4.97862e-44
-2.10284e-43
1.93691e-43
8.50829e-43
-3.10471e-42
1.66475e-42
1.49057e-41
-4.0211e-41
-6.57177e-42
2.41335e-40
-4.07577e-40
-6.11634e-40
3.27287e-39
-2.1068e-39
-1.40436e-38
3.25085e-38
2.48952e-38
-2.01074e-37
1.46709e-37
8.09533e-37
-1.72526e-36
-1.87367e-36
1.03757e-35
-2.3698e-36
-4.59331e-35
5.58455e-35
1.56969e-34
-3.88636e-34
-3.7331e-34
1.99387e-33
1.48937e-34
-8.62188e-33
4.915e-33
3.30162e-32
-3.85257e-32
-1.14778e-31
2.08544e-31
3.67884e-31
-9.59966e-31
-1.10154e-30
4.01518e-30
3.13685e-30
-1.57505e-29
-8.78487e-30
5.89947e-29
2.57163e-29
-2.13178e-28
-8.49829e-29
7.46694e-28
3.27593e-28
-2.53468e-27
-1.4039e-27
8.2954e-27
6.19644e-27
-2.58926e-26
-2.66952e-26
7.56375e-26
1.09154e-25
-1.99842e-25
-4.17263e-25
4.43008e-25
1.47374e-24
-6.33302e-25
-4.73825e-24
-6.87078e-25
1.35263e-23
1.01419e-23
-3.25725e-23
-5.04948e-23
5.72482e-23
1.82692e-22
-2.22451e-23
-5.19998e-22
-3.57939e-22
1.10759e-21
1.91258e-21
-1.24418e-21
-6.17804e-21
-2.57201e-21
1.35169e-20
2.00732e-20
-1.39498e-20
-6.54178e-20
-3.52622e-20
1.24227e-19
2.27084e-19
-4.36403e-20
-6.05036e-19
-6.21256e-19
6.9318e-19
2.35122e-18
1.3537e-18
-3.78531e-18
-8.18394e-18
-2.21278e-18
1.59175e-17
2.73046e-17
2.29009e-18
-5.88837e-17
-9.14645e-17
-3.3834e-18
2.00052e-16
3.14363e-16
4.46203e-17
-6.251e-16
-1.09888e-15
-4.11571e-16
1.72483e-15
3.77013e-15
2.62115e-15
-3.67125e-15
-1.20012e-14
-1.31332e-14
2.42719e-15
3.24013e-14
5.35971e-14
2.94664e-14
-5.89534e-14
-1.72821e-13
-2.03008e-13
-2.46714e-14
3.78996e-13
7.92089e-13
7.68624e-13
-1.25767e-13
-1.8583e-12
-3.5094e-12
-3.31673e-12
4.48582e-13
7.8314e-12
1.5541e-11
1.67147e-11
3.52448e-12
-2.70449e-11
-6.61164e-11
-8.89315e-11
-5.96256e-11
5.12727e-11
2.3839e-10
4.32791e-10
4.92424e-10
2.34312e-10
-4.7721e-10
-1.59477e-09
-2.74834e-09
-3.18176e-09
-1.86606e-09
2.12729e-09
8.98157e-09
1.73361e-08
2.36185e-08
2.1949e-08
5.13384e-09
-3.28236e-08
-9.25939e-08
-1.64261e-07
-2.22234e-07
-2.22552e-07
-1.05546e-07
1.92808e-07
7.18047e-07
1.46168e-06
2.31473e-06
3.01648e-06
3.11041e-06
1.92527e-06
-1.39375e-06
-7.77384e-06
-1.79895e-05
-3.22894e-05
-4.98451e-05
-6.79978e-05
-8.12946e-05
-8.03202e-05
-5.03514e-05
3.01166e-05
0.0001909
0.000471626
0.000923089
0.00160836
0.00260352
0.00399792
0.00589387
0.0084057
0.0116582
0.0157841
0.0209215
0.0272101
0.0347876
0.0437852
0.0543233
0.0665074
0.0804241
0.0961372
0.113685
0.133078
0.154296
0.177291
0.201983
0.228264
0.255999
0.28503
0.315179
0.346248
0.37803
0.410309
0.442864
0.475478
0.507936
0.540034
0.571579
0.602394
0.632318
0.661212
0.688954
0.715445
0.740608
0.764384
0.786735
0.807643
0.827105
0.845135
0.861761
0.877022
0.890967
0.903654
0.915147
0.925513
0.934826
0.943158
0.950582
0.957172
0.962999
0.968132
0.972636
0.976575
0.980006
0.982986
0.985563
0.987786
0.989695
0.991331
0.992727
0.993916
0.994924
0.995776
0.996495
0.997099
0.997605
0.998028
0.99838
0.998673
0.998916
0.999116
0.999281
0.999417
0.999528
0.999619
0.999693
0.999753
0.999801
0.99984
0.999871
0.999896
0.999917
0.999935
0.999951
0.999968
0.999987
1.00001
1.00003
1.00005
1.00007
1.00007
1.00004
0.999964
0.999805
0.999525
0.999074
0.99839
0.997395
0.996001
0.994105
0.991594
0.988341
0.984216
0.979078
0.97279
0.965212
0.956215
0.945677
0.933493
0.919576
0.903863
0.886315
0.866922
0.845704
0.822709
0.798017
0.771736
0.744001
0.71497
0.684821
0.653752
0.62197
0.589691
0.557136
0.524522
0.492064
0.459966
0.428421
0.397606
0.367682
0.338788
0.311046
0.284555
0.259392
0.235616
0.213265
0.192357
0.172895
0.154865
0.138239
0.122978
0.109033
0.0963461
0.0848535
0.0744866
0.0651738
0.0568421
0.0494176
0.0428276
0.0370007
0.031868
0.0273637
0.0234251
0.0199936
0.0170144
0.0144369
0.0122145
0.0103048
0.00866908
0.0072727
0.00608443
0.00507643
0.00422401
0.00350537
0.00290132
0.00239511
0.00197214
0.00161972
0.00132693
0.00108437
0.000883961
0.000718839
0.000583154
0.000471955
0.000381061
0.000306956
0.000246693
0.00019781
0.000158256
0.000126329
0.000100621
7.99699e-05
6.342e-05
5.01878e-05
3.96326e-05
3.12319e-05
2.4561e-05
1.92755e-05
1.50968e-05
1.18003e-05
9.20529e-06
7.16688e-06
5.56902e-06
4.31909e-06
3.34332e-06
2.58312e-06
1.99205e-06
1.5334e-06
1.17818e-06
9.03617e-07
6.91794e-07
5.28686e-07
4.03324e-07
3.07153e-07
2.3351e-07
1.7722e-07
1.34272e-07
1.01562e-07
7.66925e-08
5.78177e-08
4.35172e-08
3.27008e-08
2.45337e-08
1.83771e-08
1.37439e-08
1.02628e-08
7.65156e-09
5.69602e-09
4.23384e-09
3.14228e-09
2.32867e-09
1.72318e-09
1.27327e-09
9.39458e-10
6.92167e-10
5.09243e-10
3.74133e-10
2.74485e-10
2.01098e-10
1.47129e-10
1.07497e-10
7.84341e-11
5.7152e-11
4.1589e-11
3.02241e-11
2.1936e-11
1.59e-11
1.15101e-11
8.32156e-12
6.00869e-12
4.33319e-12
3.12101e-12
2.24514e-12
1.61309e-12
1.15756e-12
8.2967e-13
5.93943e-13
4.24686e-13
3.03304e-13
2.16361e-13
1.54161e-13
1.09715e-13
7.79946e-14
5.53818e-14
3.92808e-14
2.78296e-14
1.96947e-14
1.39224e-14
9.83112e-15
6.93457e-15
4.88615e-15
3.43914e-15
2.41808e-15
1.69837e-15
1.19162e-15
8.35204e-16
5.84787e-16
4.09032e-16
2.85808e-16
1.99505e-16
1.39122e-16
9.69176e-17
6.74498e-17
4.68955e-17
3.2573e-17
2.26028e-17
1.56693e-17
1.08522e-17
7.50891e-18
5.19068e-18
3.5848e-18
2.47343e-18
1.70504e-18
1.17427e-18
8.07989e-19
5.55455e-19
3.81506e-19
2.61797e-19
1.7949e-19
1.22952e-19
8.41484e-20
5.75411e-20
3.93129e-20
2.68359e-20
1.83032e-20
1.24729e-20
8.49263e-21
5.77766e-21
3.92734e-21
2.66738e-21
1.81015e-21
1.2274e-21
8.31584e-22
5.62956e-22
3.80797e-22
2.57374e-22
1.73817e-22
1.17294e-22
7.90896e-23
5.32873e-23
3.58749e-23
2.41337e-23
1.62227e-23
1.08967e-23
7.31365e-24
4.9051e-24
3.28728e-24
2.20142e-24
1.47315e-24
9.85082e-25
6.58233e-25
4.39513e-25
2.93258e-25
1.95531e-25
1.30278e-25
8.67401e-26
5.77112e-26
3.83704e-26
2.54934e-26
1.69262e-26
1.12303e-26
7.44599e-27
4.93354e-27
3.26662e-27
2.16146e-27
1.42923e-27
9.44427e-28
6.23657e-28
4.11563e-28
2.71419e-28
1.7888e-28
1.17815e-28
7.75457e-29
5.10078e-29
3.35303e-29
2.20273e-29
1.44614e-29
9.48825e-30
6.22142e-30
4.07683e-30
2.66985e-30
1.74736e-30
1.14291e-30
7.47099e-31
4.88067e-31
3.18653e-31
2.0792e-31
1.35586e-31
8.83639e-32
5.75543e-32
3.7465e-32
2.43735e-32
1.58474e-32
1.02979e-32
6.68783e-33
4.34084e-33
2.81588e-33
1.82561e-33
1.18292e-33
7.66054e-34
4.95815e-34
3.20729e-34
2.07356e-34
1.33984e-34
8.65273e-35
5.5849e-35
3.60281e-35
2.32291e-35
1.49689e-35
9.64082e-36
6.20593e-36
3.99272e-36
2.56745e-36
1.65008e-36
1.05994e-36
6.80509e-37
4.36676e-37
2.80066e-37
1.79531e-37
1.15026e-37
7.36599e-38
4.71462e-38
3.01608e-38
1.92851e-38
1.23249e-38
7.87279e-39
5.02643e-39
3.20757e-39
2.04588e-39
1.30428e-39
8.31097e-40
5.29325e-40
3.36964e-40
2.14406e-40
1.36358e-40
8.66805e-41
5.50751e-41
3.49771e-41
2.22029e-41
1.40875e-41
8.93415e-42
5.66335e-42
3.58833e-42
2.27255e-42
1.43858e-42
9.10249e-43
5.75689e-43
3.63932e-43
2.29963e-43
1.45245e-43
9.16959e-44
5.78644e-44
3.64911e-44
2.31024e-44
1.33722e-44
)
;

boundaryField
{
    sides
    {
        type            zeroGradient;
    }
    empty
    {
        type            empty;
    }
}


// ************************************************************************* //
