/*--------------------------------*- C++ -*----------------------------------*\
  =========                 |
  \\      /  F ield         | OpenFOAM: The Open Source CFD Toolbox
   \\    /   O peration     | Website:  https://openfoam.org
    \\  /    A nd           | Version:  7
     \\/     M anipulation  |
\*---------------------------------------------------------------------------*/
FoamFile
{
    version     2.0;
    format      ascii;
    class       volScalarField;
    location    "1.18";
    object      T;
}
// * * * * * * * * * * * * * * * * * * * * * * * * * * * * * * * * * * * * * //

dimensions      [0 0 0 1 0 0 0];

internalField   nonuniform List<scalar> 
1000
(
0
0
0
0
0
0
0
0
0
0
0
0
0
0
0
0
0
0
0
0
0
0
0
0
0
0
0
0
0
0
0
0
0
0
0
0
0
0
0
0
0
0
0
0
0
0
0
0
0
0
0
0
0
0
0
0
0
0
0
0
0
0
0
0
0
0
0
0
0
0
0
0
0
0
0
0
0
0
0
0
0
0
0
0
0
0
0
0
0
0
0
0
0
0
0
0
0
0
0
0
0
0
0
0
0
0
0
0
0
0
0
0
0
0
0
0
0
0
0
0
0
0
0
0
0
0
0
0
0
0
0
0
0
0
0
0
0
0
0
0
0
0
0
0
0
0
0
0
0
0
0
0
0
0
0
0
0
0
0
0
0
0
0
0
0
0
0
0
0
0
0
0
0
0
0
0
0
0
0
0
0
0
0
0
0
0
0
0
0
0
0
0
0
0
0
0
0
0
0
0
0
0
0
0
0
0
0
0
0
0
0
0
0
0
0
0
0
0
0
0
0
0
0
0
0
0
0
0
0
0
0
0
0
0
0
0
0
0
0
0
0
0
0
0
0
0
0
0
0
0
0
0
0
0
0
0
0
0
0
0
0
0
0
0
0
0
0
0
0
0
0
0
0
0
0
0
0
0
0
0
0
0
0
0
0
0
0
0
0
0
0
0
0
0
0
0
0
0
0
0
0
0
0
0
0
0
0
0
0
0
0
0
0
0
0
0
0
0
0
0
0
0
0
0
0
0
0
0
0
0
0
0
0
0
0
0
0
0
0
0
0
0
0
0
0
0
0
0
0
0
0
0
0
0
2.42092e-322
1.1064e-318
4.95898e-315
2.20966e-311
9.7876e-308
4.30929e-304
1.88569e-300
8.20031e-297
3.54357e-293
1.52145e-289
6.48983e-286
2.74994e-282
1.15739e-278
4.83782e-275
2.0081e-271
8.27625e-268
3.38642e-264
1.37547e-260
5.54512e-257
2.2185e-253
8.80715e-250
3.4688e-246
1.35527e-242
5.25186e-239
2.01823e-235
7.69005e-232
2.90481e-228
1.08758e-224
4.03539e-221
1.48358e-217
5.40326e-214
1.94911e-210
6.96252e-207
2.46239e-203
8.6201e-200
2.98634e-196
1.02362e-192
3.47059e-189
1.16367e-185
3.85753e-182
1.26393e-178
4.09217e-175
1.30881e-171
4.13393e-168
1.28908e-164
3.96719e-161
1.20457e-157
3.60724e-154
1.06501e-150
3.09884e-147
8.88264e-144
2.50727e-140
6.96608e-137
1.90416e-133
5.1185e-130
1.35234e-126
3.50995e-123
8.9444e-120
2.23656e-116
5.48433e-113
1.31794e-109
3.10168e-106
7.14352e-103
1.60881e-99
3.54013e-96
7.60458e-93
1.59319e-89
3.2521e-86
6.46102e-83
1.24791e-79
2.34034e-76
4.25609e-73
7.49475e-70
1.27598e-66
2.09672e-63
3.31929e-60
5.05224e-57
7.37721e-54
1.03088e-50
1.37483e-47
1.7446e-44
2.09928e-41
2.38614e-38
2.55073e-35
2.5514e-32
2.37405e-29
2.04079e-26
1.60742e-23
1.14854e-20
7.35331e-18
4.15277e-15
2.02672e-12
8.31117e-10
2.74967e-07
6.88235e-05
0.0115921
0.988408
0.999931
1
1
1
1
1
1
1
1
1
1
1
1
1
1
1
1
1
1
1
1
1
1
1
1
1
1
1
1
1
1
1
1
1
1
1
1
1
1
1
1
1
1
1
1
1
1
1
1
1
1
1
1
1
1
1
1
1
1
1
1
1
1
1
1
1
1
1
1
1
1
1
1
1
1
1
1
1
1
1
1
1
1
1
1
1
1
1
1
1
1
1
1
1
1
1
1
0.999931
0.988408
0.0115921
6.88235e-05
2.74967e-07
8.31117e-10
2.02672e-12
4.15277e-15
7.35331e-18
1.14854e-20
1.60742e-23
2.04079e-26
2.37405e-29
2.5514e-32
2.55073e-35
2.38614e-38
2.09928e-41
1.7446e-44
1.37483e-47
1.03088e-50
7.37721e-54
5.05224e-57
3.31929e-60
2.09672e-63
1.27598e-66
7.49475e-70
4.25609e-73
2.34034e-76
1.24791e-79
6.46102e-83
3.2521e-86
1.59319e-89
7.60458e-93
3.54013e-96
1.60881e-99
7.14352e-103
3.10168e-106
1.31794e-109
5.48433e-113
2.23656e-116
8.9444e-120
3.50995e-123
1.35234e-126
5.1185e-130
1.90416e-133
6.96608e-137
2.50727e-140
8.88264e-144
3.09884e-147
1.06501e-150
3.60724e-154
1.20457e-157
3.96719e-161
1.28908e-164
4.13393e-168
1.30881e-171
4.09217e-175
1.26393e-178
3.85753e-182
1.16367e-185
3.47059e-189
1.02362e-192
2.98634e-196
8.6201e-200
2.46239e-203
6.96252e-207
1.94911e-210
5.40326e-214
1.48358e-217
4.03539e-221
1.08758e-224
2.90481e-228
7.69005e-232
2.01823e-235
5.25186e-239
1.35527e-242
3.4688e-246
8.80715e-250
2.2185e-253
5.54512e-257
1.37547e-260
3.38642e-264
8.27625e-268
2.0081e-271
4.83782e-275
1.15739e-278
2.74994e-282
6.48983e-286
1.52145e-289
3.54357e-293
8.20031e-297
1.88569e-300
4.30929e-304
9.7876e-308
2.20966e-311
4.95898e-315
1.1064e-318
2.42092e-322
0
0
0
0
0
0
0
0
0
0
0
0
0
0
0
0
0
0
0
0
0
0
0
0
0
0
0
0
0
0
0
0
0
0
0
0
0
0
0
0
0
0
0
0
0
0
0
0
0
0
0
0
0
0
0
0
0
0
0
0
0
0
0
0
0
0
0
0
0
0
0
0
0
0
0
0
0
0
0
0
0
0
0
0
0
0
0
0
0
0
0
0
0
0
0
0
0
0
0
0
0
0
0
0
0
0
0
0
0
0
0
0
0
0
0
0
0
0
0
0
0
0
0
0
0
0
0
0
0
0
0
0
0
0
0
0
0
0
0
0
0
0
0
0
0
0
0
0
0
0
0
0
0
0
0
0
0
0
0
0
0
0
0
0
0
0
0
0
0
0
0
0
0
0
0
0
0
0
0
0
0
0
0
0
0
0
0
0
0
0
0
0
0
0
0
0
0
0
0
0
0
0
0
0
0
0
0
0
0
0
0
0
0
0
0
0
0
0
0
0
0
0
0
0
0
0
0
0
0
0
0
0
0
0
0
0
0
0
0
0
0
0
0
0
0
0
0
0
0
0
0
0
0
0
0
0
0
0
0
0
0
0
0
0
0
0
0
0
0
0
0
0
0
0
0
0
0
0
0
0
0
0
0
0
0
0
0
0
0
0
0
0
0
0
0
0
0
0
0
0
0
0
0
0
0
0
0
0
0
0
0
0
0
0
0
0
0
0
0
0
0
0
0
0
0
0
0
0
0
0
0
0
0
0
0
0
0
0
0
0
0
0
0
0
0
0
0
0
0
0
0
0
0
0
)
;

boundaryField
{
    sides
    {
        type            zeroGradient;
    }
    empty
    {
        type            empty;
    }
}


// ************************************************************************* //
