/*--------------------------------*- C++ -*----------------------------------*\
  =========                 |
  \\      /  F ield         | OpenFOAM: The Open Source CFD Toolbox
   \\    /   O peration     | Website:  https://openfoam.org
    \\  /    A nd           | Version:  7
     \\/     M anipulation  |
\*---------------------------------------------------------------------------*/
FoamFile
{
    version     2.0;
    format      ascii;
    class       volScalarField;
    location    "1.46";
    object      T;
}
// * * * * * * * * * * * * * * * * * * * * * * * * * * * * * * * * * * * * * //

dimensions      [0 0 0 1 0 0 0];

internalField   nonuniform List<scalar> 
1000
(
0
0
0
0
0
0
0
0
0
0
0
0
0
0
0
0
0
0
0
0
0
0
0
0
0
0
0
0
0
0
0
0
0
0
0
0
0
0
0
0
0
0
0
0
0
0
0
0
0
0
0
0
0
0
0
0
0
0
0
0
0
0
0
0
0
0
0
0
0
0
0
0
0
0
0
0
0
0
0
0
0
0
0
0
0
0
0
0
0
0
0
0
0
0
0
0
0
0
0
0
0
0
0
0
0
0
0
0
0
0
0
0
0
0
0
0
0
0
0
0
0
0
0
0
0
0
0
0
0
0
0
0
0
0
0
0
0
0
0
0
0
0
0
0
0
0
0
0
0
0
0
0
0
0
0
0
0
0
0
0
0
0
0
0
0
0
0
0
0
0
0
0
0
0
0
0
0
0
0
0
0
0
0
0
0
0
0
0
0
0
0
0
0
0
0
0
0
0
0
0
0
0
0
0
0
0
0
0
0
0
0
0
0
0
0
0
0
0
0
0
0
0
0
0
0
0
0
0
0
0
0
0
0
0
0
0
0
0
0
1.23516e-322
7.43569e-321
4.48607e-319
2.70155e-317
1.62366e-315
9.73905e-314
5.83003e-312
3.48298e-310
2.07659e-308
1.23555e-306
7.33633e-305
4.34705e-303
2.5704e-301
1.51668e-299
8.93018e-298
5.24684e-296
3.07608e-294
1.7995e-292
1.05039e-290
6.11773e-289
3.55518e-287
2.06136e-285
1.19251e-283
6.88303e-282
3.96364e-280
2.27719e-278
1.30523e-276
7.46356e-275
4.25766e-273
2.42299e-271
1.37556e-269
7.79012e-268
4.40087e-266
2.48e-264
1.39404e-262
7.81625e-261
4.37133e-259
2.43842e-257
1.35667e-255
7.52841e-254
4.1666e-252
2.29985e-250
1.26605e-248
6.95052e-247
3.80534e-245
2.07763e-243
1.13117e-241
6.14136e-240
3.32479e-238
1.7948e-236
9.6607e-235
5.18477e-233
2.77439e-231
1.48016e-229
7.87302e-228
4.17497e-226
2.20715e-224
1.16322e-222
6.11131e-221
3.20061e-219
1.67087e-217
8.69466e-216
4.50969e-214
2.33137e-212
1.20125e-210
6.16873e-209
3.15707e-207
1.61022e-205
8.18427e-204
4.14529e-202
2.09216e-200
1.05216e-198
5.2723e-197
2.63228e-195
1.30937e-193
6.48892e-192
3.20365e-190
1.57566e-188
7.71976e-187
3.76751e-185
1.83144e-183
8.8675e-182
4.27621e-180
2.05375e-178
9.82301e-177
4.67876e-175
2.21914e-173
1.04806e-171
4.92846e-170
2.30749e-168
1.07559e-166
4.99128e-165
2.30574e-163
1.06027e-161
4.853e-160
2.21087e-158
1.00242e-156
4.52321e-155
2.03107e-153
9.07529e-152
4.03481e-150
1.78479e-148
7.85456e-147
3.43874e-145
1.49758e-143
6.48728e-142
2.79503e-140
1.19765e-138
5.10342e-137
2.16245e-135
9.11072e-134
3.81632e-132
1.58923e-130
6.57876e-129
2.70694e-127
1.10701e-125
4.49912e-124
1.81704e-122
7.2916e-121
2.9071e-119
1.15143e-117
4.53007e-116
1.7702e-114
6.86981e-113
2.64742e-111
1.013e-109
3.84821e-108
1.45116e-106
5.43163e-105
2.01767e-103
7.43736e-102
2.72008e-100
9.86921e-99
3.55189e-97
1.26781e-95
4.48748e-94
1.57486e-92
5.47905e-91
1.8894e-89
6.457e-88
2.18651e-86
7.33518e-85
2.43744e-83
8.02125e-82
2.61369e-80
8.4311e-79
2.69183e-77
8.5046e-76
2.65834e-74
8.21909e-73
2.513e-71
7.59653e-70
2.26979e-68
6.70187e-67
1.95493e-65
5.63212e-64
1.60213e-62
4.49866e-61
1.24651e-59
3.40718e-58
9.18423e-57
2.44056e-55
6.39115e-54
1.64874e-52
4.18835e-51
1.0473e-49
2.57667e-48
6.23465e-47
1.48296e-45
3.46581e-44
7.95453e-43
1.79196e-41
3.96009e-40
8.57999e-39
1.82141e-37
3.78599e-36
7.7003e-35
1.53134e-33
2.97535e-32
5.64354e-31
1.04408e-29
1.88226e-28
3.30341e-27
5.63801e-26
9.34712e-25
1.50347e-23
2.34319e-22
3.53353e-21
5.14803e-20
7.23419e-19
9.78766e-18
1.27251e-16
1.58639e-15
1.89194e-14
2.15292e-13
2.3309e-12
2.39334e-11
2.32227e-10
2.12073e-09
1.81439e-08
1.44663e-07
1.06839e-06
7.2573e-06
4.49654e-05
0.000251617
0.00125657
0.00551986
0.020953
0.0672472
0.177771
0.376186
0.623814
0.822229
0.932753
0.979047
0.99448
0.998743
0.999748
0.999955
0.999993
0.999999
1
1
1
1
1
1
1
1
1
1
1
1
1
1
1
1
1
1
1
1
1
1
1
1
1
1
1
1
1
1
1
1
1
1
1
1
1
1
1
1
1
1
1
1
1
1
1
1
1
1
1
1
1
1
1
1
1
1
1
1
1
1
1
1
1
1
1
1
1
1
1
1
1
1
1
1
1
1
1
1
0.999999
0.999993
0.999955
0.999748
0.998743
0.99448
0.979047
0.932753
0.822229
0.623814
0.376186
0.177771
0.0672472
0.020953
0.00551986
0.00125657
0.000251617
4.49654e-05
7.2573e-06
1.06839e-06
1.44663e-07
1.81439e-08
2.12073e-09
2.32227e-10
2.39334e-11
2.3309e-12
2.15292e-13
1.89194e-14
1.58639e-15
1.27251e-16
9.78766e-18
7.23419e-19
5.14803e-20
3.53353e-21
2.34319e-22
1.50347e-23
9.34712e-25
5.63801e-26
3.30341e-27
1.88226e-28
1.04408e-29
5.64354e-31
2.97535e-32
1.53134e-33
7.7003e-35
3.78599e-36
1.82141e-37
8.57999e-39
3.96009e-40
1.79196e-41
7.95453e-43
3.46581e-44
1.48296e-45
6.23465e-47
2.57667e-48
1.0473e-49
4.18835e-51
1.64874e-52
6.39115e-54
2.44056e-55
9.18423e-57
3.40718e-58
1.24651e-59
4.49866e-61
1.60213e-62
5.63212e-64
1.95493e-65
6.70187e-67
2.26979e-68
7.59653e-70
2.513e-71
8.21909e-73
2.65834e-74
8.5046e-76
2.69183e-77
8.4311e-79
2.61369e-80
8.02125e-82
2.43744e-83
7.33518e-85
2.18651e-86
6.457e-88
1.8894e-89
5.47905e-91
1.57486e-92
4.48748e-94
1.26781e-95
3.55189e-97
9.86921e-99
2.72008e-100
7.43736e-102
2.01767e-103
5.43163e-105
1.45116e-106
3.84821e-108
1.013e-109
2.64742e-111
6.86981e-113
1.7702e-114
4.53007e-116
1.15143e-117
2.9071e-119
7.2916e-121
1.81704e-122
4.49912e-124
1.10701e-125
2.70694e-127
6.57876e-129
1.58923e-130
3.81632e-132
9.11072e-134
2.16245e-135
5.10342e-137
1.19765e-138
2.79503e-140
6.48728e-142
1.49758e-143
3.43874e-145
7.85456e-147
1.78479e-148
4.03481e-150
9.07529e-152
2.03107e-153
4.52321e-155
1.00242e-156
2.21087e-158
4.853e-160
1.06027e-161
2.30574e-163
4.99128e-165
1.07559e-166
2.30749e-168
4.92846e-170
1.04806e-171
2.21914e-173
4.67876e-175
9.82301e-177
2.05375e-178
4.27621e-180
8.8675e-182
1.83144e-183
3.76751e-185
7.71976e-187
1.57566e-188
3.20365e-190
6.48892e-192
1.30937e-193
2.63228e-195
5.2723e-197
1.05216e-198
2.09216e-200
4.14529e-202
8.18427e-204
1.61022e-205
3.15707e-207
6.16873e-209
1.20125e-210
2.33137e-212
4.50969e-214
8.69466e-216
1.67087e-217
3.20061e-219
6.11131e-221
1.16322e-222
2.20715e-224
4.17497e-226
7.87302e-228
1.48016e-229
2.77439e-231
5.18477e-233
9.6607e-235
1.7948e-236
3.32479e-238
6.14136e-240
1.13117e-241
2.07763e-243
3.80534e-245
6.95052e-247
1.26605e-248
2.29985e-250
4.1666e-252
7.52841e-254
1.35667e-255
2.43842e-257
4.37133e-259
7.81625e-261
1.39404e-262
2.48e-264
4.40087e-266
7.79012e-268
1.37556e-269
2.42299e-271
4.25766e-273
7.46356e-275
1.30523e-276
2.27719e-278
3.96364e-280
6.88303e-282
1.19251e-283
2.06136e-285
3.55518e-287
6.11773e-289
1.05039e-290
1.7995e-292
3.07608e-294
5.24684e-296
8.93018e-298
1.51668e-299
2.5704e-301
4.34705e-303
7.33633e-305
1.23555e-306
2.07659e-308
3.48298e-310
5.83003e-312
9.73905e-314
1.62366e-315
2.70155e-317
4.48626e-319
7.43569e-321
1.23516e-322
0
0
0
0
0
0
0
0
0
0
0
0
0
0
0
0
0
0
0
0
0
0
0
0
0
0
0
0
0
0
0
0
0
0
0
0
0
0
0
0
0
0
0
0
0
0
0
0
0
0
0
0
0
0
0
0
0
0
0
0
0
0
0
0
0
0
0
0
0
0
0
0
0
0
0
0
0
0
0
0
0
0
0
0
0
0
0
0
0
0
0
0
0
0
0
0
0
0
0
0
0
0
0
0
0
0
0
0
0
0
0
0
0
0
0
0
0
0
0
0
0
0
0
0
0
0
0
0
0
0
0
0
0
0
0
0
0
0
0
0
0
0
0
0
0
0
0
0
0
0
0
0
0
0
0
0
0
0
0
0
0
0
0
0
0
0
0
0
0
0
0
0
0
0
0
0
0
0
0
0
0
0
0
0
0
0
0
0
0
0
0
0
0
0
0
0
0
0
0
0
0
0
0
0
0
0
0
0
0
0
0
0
0
0
0
0
0
0
0
0
0
0
0
0
0
0
0
0
0
0
0
0
0
0
0
0
0
0
0
)
;

boundaryField
{
    sides
    {
        type            zeroGradient;
    }
    empty
    {
        type            empty;
    }
}


// ************************************************************************* //
