/*--------------------------------*- C++ -*----------------------------------*\
  =========                 |
  \\      /  F ield         | OpenFOAM: The Open Source CFD Toolbox
   \\    /   O peration     | Website:  https://openfoam.org
    \\  /    A nd           | Version:  7
     \\/     M anipulation  |
\*---------------------------------------------------------------------------*/
FoamFile
{
    version     2.0;
    format      ascii;
    class       volScalarField;
    location    "0.52";
    object      T;
}
// * * * * * * * * * * * * * * * * * * * * * * * * * * * * * * * * * * * * * //

dimensions      [0 0 0 1 0 0 0];

internalField   nonuniform List<scalar> 
1000
(
0
0
0
0
0
0
0
0
0
0
0
0
0
0
0
0
0
0
0
0
0
0
0
0
0
0
0
0
0
0
0
0
0
0
0
0
0
0
0
0
0
0
0
0
0
0
0
0
0
0
0
0
0
0
0
0
0
0
0
0
0
0
0
0
0
0
0
0
0
0
0
0
0
0
0
0
0
0
0
0
0
0
0
0
0
0
0
0
0
0
0
0
0
0
0
0
0
0
0
0
0
0
0
0
0
0
0
0
0
0
0
0
0
0
0
0
0
0
0
0
0
0
0
0
0
0
0
0
0
0
0
0
0
0
0
0
0
0
0
0
0
0
0
0
0
0
0
0
0
0
0
0
0
0
0
0
0
0
0
0
0
0
0
0
0
0
0
0
0
0
0
0
0
0
0
0
0
0
0
0
0
0
0
0
0
0
0
0
0
0
0
0
0
0
0
0
0
0
0
0
0
0
0
0
0
0
0
0
0
0
0
0
0
0
0
0
0
0
0
0
0
0
0
0
0
0
0
0
0
0
0
0
0
0
0
0
0
0
0
0
0
0
0
0
0
0
0
0
0
0
0
0
0
0
0
0
0
0
0
0
0
0
0
0
0
0
0
0
0
0
0
0
0
0
0
0
0
0
0
0
0
0
0
0
0
0
0
0
0
0
0
0
0
0
0
0
0
0
0
0
0
0
0
0
0
0
0
0
0
0
0
0
0
0
0
0
0
0
0
0
0
0
0
0
0
0
0
0
0
0
0
0
0
0
0
0
0
0
0
0
0
0
0
0
0
0
0
0
0
0
0
0
0
0
0
0
0
0
0
0
7.95446e-322
5.11203e-318
3.25045e-314
2.05825e-310
1.29786e-306
8.14875e-303
5.09399e-299
3.17023e-295
1.96405e-291
1.21116e-287
7.4336e-284
4.54051e-280
2.75979e-276
1.66905e-272
1.00424e-268
6.01081e-265
3.57858e-261
2.11895e-257
1.2477e-253
7.30505e-250
4.25215e-246
2.46042e-242
1.41502e-238
8.08748e-235
4.59297e-231
2.59143e-227
1.45238e-223
8.08446e-220
4.46863e-216
2.45231e-212
1.3359e-208
7.22254e-205
3.87469e-201
2.06218e-197
1.08859e-193
5.69844e-190
2.95733e-186
1.52122e-182
7.75394e-179
3.9154e-175
1.9581e-171
9.69551e-168
4.75176e-164
2.30435e-160
1.10537e-156
5.24302e-153
2.45816e-149
1.13875e-145
5.21023e-142
2.35348e-138
1.04905e-134
4.61213e-131
1.999e-127
8.53678e-124
3.59006e-120
1.48585e-116
6.04828e-113
2.41981e-109
9.50832e-106
3.66661e-102
1.38644e-98
5.13603e-95
1.86219e-91
6.60154e-88
2.28562e-84
7.71928e-81
2.53976e-77
8.12894e-74
2.52709e-70
7.61749e-67
2.22224e-63
6.26115e-60
1.69982e-56
4.43526e-53
1.10906e-49
2.64907e-46
6.02195e-43
1.29733e-39
2.6358e-36
5.02173e-33
8.91165e-30
1.46129e-26
2.19249e-23
2.97368e-20
3.58997e-17
3.78013e-14
3.37637e-11
2.45666e-08
1.36567e-05
0.00515891
0.994841
0.999986
1
1
1
1
1
1
1
1
1
1
1
1
1
1
1
1
1
1
1
1
1
1
1
1
1
1
1
1
1
1
1
1
1
1
1
1
1
1
1
1
1
1
1
1
1
1
1
1
1
1
1
1
1
1
1
1
1
1
1
1
1
1
1
1
1
1
1
1
1
1
1
1
1
1
1
1
1
1
1
1
1
1
1
1
1
1
1
1
1
1
1
1
1
1
1
1
0.999986
0.994841
0.00515891
1.36567e-05
2.45666e-08
3.37637e-11
3.78013e-14
3.58997e-17
2.97368e-20
2.19249e-23
1.46129e-26
8.91165e-30
5.02173e-33
2.6358e-36
1.29733e-39
6.02195e-43
2.64907e-46
1.10906e-49
4.43526e-53
1.69982e-56
6.26115e-60
2.22224e-63
7.61749e-67
2.52709e-70
8.12894e-74
2.53976e-77
7.71928e-81
2.28562e-84
6.60154e-88
1.86219e-91
5.13603e-95
1.38644e-98
3.66661e-102
9.50832e-106
2.41981e-109
6.04828e-113
1.48585e-116
3.59006e-120
8.53678e-124
1.999e-127
4.61213e-131
1.04905e-134
2.35348e-138
5.21023e-142
1.13875e-145
2.45816e-149
5.24302e-153
1.10537e-156
2.30435e-160
4.75176e-164
9.69551e-168
1.9581e-171
3.9154e-175
7.75394e-179
1.52122e-182
2.95733e-186
5.69844e-190
1.08859e-193
2.06218e-197
3.87469e-201
7.22254e-205
1.3359e-208
2.45231e-212
4.46863e-216
8.08446e-220
1.45238e-223
2.59143e-227
4.59297e-231
8.08748e-235
1.41502e-238
2.46042e-242
4.25215e-246
7.30505e-250
1.2477e-253
2.11895e-257
3.57858e-261
6.01081e-265
1.00424e-268
1.66905e-272
2.75979e-276
4.54051e-280
7.4336e-284
1.21116e-287
1.96405e-291
3.17023e-295
5.09399e-299
8.14875e-303
1.29786e-306
2.05825e-310
3.25045e-314
5.11203e-318
7.95446e-322
0
0
0
0
0
0
0
0
0
0
0
0
0
0
0
0
0
0
0
0
0
0
0
0
0
0
0
0
0
0
0
0
0
0
0
0
0
0
0
0
0
0
0
0
0
0
0
0
0
0
0
0
0
0
0
0
0
0
0
0
0
0
0
0
0
0
0
0
0
0
0
0
0
0
0
0
0
0
0
0
0
0
0
0
0
0
0
0
0
0
0
0
0
0
0
0
0
0
0
0
0
0
0
0
0
0
0
0
0
0
0
0
0
0
0
0
0
0
0
0
0
0
0
0
0
0
0
0
0
0
0
0
0
0
0
0
0
0
0
0
0
0
0
0
0
0
0
0
0
0
0
0
0
0
0
0
0
0
0
0
0
0
0
0
0
0
0
0
0
0
0
0
0
0
0
0
0
0
0
0
0
0
0
0
0
0
0
0
0
0
0
0
0
0
0
0
0
0
0
0
0
0
0
0
0
0
0
0
0
0
0
0
0
0
0
0
0
0
0
0
0
0
0
0
0
0
0
0
0
0
0
0
0
0
0
0
0
0
0
0
0
0
0
0
0
0
0
0
0
0
0
0
0
0
0
0
0
0
0
0
0
0
0
0
0
0
0
0
0
0
0
0
0
0
0
0
0
0
0
0
0
0
0
0
0
0
0
0
0
0
0
0
0
0
0
0
0
0
0
0
0
0
0
0
0
0
0
0
0
0
0
0
0
0
0
0
0
0
0
0
0
0
0
0
0
0
0
0
0
0
0
0
0
0
0
0
0
0
0
0
0
0
0
0
0
0
0
0
0
0
0
0
0
0
0
0
0
0
0
0
)
;

boundaryField
{
    sides
    {
        type            zeroGradient;
    }
    empty
    {
        type            empty;
    }
}


// ************************************************************************* //
