/*--------------------------------*- C++ -*----------------------------------*\
  =========                 |
  \\      /  F ield         | OpenFOAM: The Open Source CFD Toolbox
   \\    /   O peration     | Website:  https://openfoam.org
    \\  /    A nd           | Version:  7
     \\/     M anipulation  |
\*---------------------------------------------------------------------------*/
FoamFile
{
    version     2.0;
    format      ascii;
    class       volScalarField;
    location    "4.52";
    object      T;
}
// * * * * * * * * * * * * * * * * * * * * * * * * * * * * * * * * * * * * * //

dimensions      [0 0 0 1 0 0 0];

internalField   nonuniform List<scalar> 
1000
(
0
0
0
0
0
0
0
0
0
0
0
0
0
0
0
0
0
0
0
0
0
0
0
0
0
0
0
0
0
0
0
0
0
0
0
0
0
0
0
0
0
0
0
0
0
0
0
0
0
0
0
0
0
0
0
0
0
0
1.82804e-322
-7.14913e-321
-1.28457e-320
6.4683e-318
-1.26895e-316
-2.80895e-315
1.72798e-313
-1.57124e-312
-1.11562e-310
4.0631e-309
-5.37938e-309
-3.34839e-306
9.20868e-305
4.02744e-304
-8.97027e-302
2.16558e-300
1.45144e-299
-2.26696e-297
5.5335e-296
2.36915e-295
-5.42601e-293
1.5227e-291
-3.49279e-291
-1.16913e-288
4.23364e-287
-4.709e-286
-1.90677e-284
1.07487e-282
-2.30872e-281
-4.41786e-281
2.09278e-278
-7.65611e-277
1.24705e-275
1.40509e-274
-1.60104e-272
5.41428e-271
-9.39368e-270
-4.74188e-269
9.77741e-267
-3.90044e-265
9.37389e-264
-1.05435e-262
-2.80469e-261
2.17034e-259
-8.01921e-258
2.10242e-256
-3.78821e-255
1.81249e-254
2.14338e-252
-1.24236e-250
4.72609e-249
-1.49261e-247
4.19245e-246
-1.08016e-244
2.59679e-243
-5.88805e-242
1.26844e-240
-2.60996e-239
5.15001e-238
-9.776e-237
1.78976e-235
-3.16674e-234
5.42473e-233
-9.01022e-232
1.45292e-230
-2.27709e-229
3.47197e-228
-5.15471e-227
7.45758e-226
-1.0521e-224
1.44826e-223
-1.94632e-222
2.55491e-221
-3.27741e-220
4.11018e-219
-5.04117e-218
6.04914e-217
-7.1037e-216
8.16641e-215
-9.19281e-214
1.01354e-212
-1.09472e-211
1.15858e-210
-1.20167e-209
1.22166e-208
-1.21756e-207
1.18976e-206
-1.14002e-205
1.07124e-204
-9.8724e-204
8.92389e-203
-7.91237e-202
6.88176e-201
-5.87147e-200
4.91426e-199
-4.03492e-198
3.24993e-197
-2.56783e-196
1.99019e-195
-1.513e-194
1.12816e-193
-8.24995e-193
5.91614e-192
-4.15988e-191
2.8676e-190
-1.93768e-189
1.2832e-188
-8.32653e-188
5.29286e-187
-3.29502e-186
2.00834e-185
-1.19807e-184
6.99245e-184
-3.99108e-183
2.22667e-182
-1.21362e-181
6.458e-181
-3.35262e-180
1.69659e-179
-8.3608e-179
4.00768e-178
-1.86599e-177
8.42497e-177
-3.68102e-176
1.55229e-175
-6.29657e-175
2.44558e-174
-9.03685e-174
3.1466e-173
-1.01645e-172
2.95993e-172
-7.28297e-172
1.21396e-171
8.06232e-172
-1.94555e-170
1.13554e-169
-4.84352e-169
1.68894e-168
-4.80287e-168
9.93316e-168
-5.47706e-168
-7.837e-167
5.19819e-166
-2.15214e-165
6.67378e-165
-1.4573e-164
1.01094e-164
9.92663e-164
-6.52602e-163
2.50566e-162
-6.67361e-162
9.57713e-162
1.81804e-161
-1.92592e-160
8.09282e-160
-2.19258e-159
2.98589e-159
6.84161e-159
-6.32941e-158
2.42925e-157
-5.61584e-157
3.46603e-157
3.74298e-156
-2.08839e-155
6.16492e-155
-8.72577e-155
-1.78524e-154
1.6141e-153
-5.553e-153
9.72952e-153
8.01655e-153
-1.22603e-151
4.52632e-151
-8.22949e-151
-5.63568e-151
9.58762e-150
-3.44309e-149
5.65127e-149
7.03383e-149
-7.65404e-148
2.41476e-147
-2.92137e-147
-9.08672e-147
5.91801e-146
-1.47995e-145
6.37194e-146
9.81689e-145
-4.11757e-144
6.94974e-144
8.33076e-144
-8.53969e-143
2.33589e-142
-1.3462e-142
-1.37955e-141
5.75409e-141
-8.63589e-141
-1.58021e-140
1.187e-139
-2.66551e-139
-4.28933e-140
2.15595e-138
-6.49786e-138
4.19841e-138
3.53716e-137
-1.39478e-136
1.62546e-136
5.33285e-136
-2.76584e-135
4.26153e-135
7.52761e-135
-5.21344e-134
9.46319e-134
1.0291e-133
-9.52476e-133
1.90053e-132
1.45897e-132
-1.70895e-131
3.54594e-131
2.36765e-131
-3.03276e-130
6.20845e-130
4.62503e-130
-5.32782e-129
1.01899e-128
1.02376e-128
-9.21782e-128
1.54841e-127
2.3308e-127
-1.55453e-126
2.11292e-126
5.12894e-126
-2.5179e-125
2.40016e-125
1.05981e-124
-3.83973e-124
1.70098e-124
2.02753e-123
-5.35527e-123
-1.27996e-123
3.55144e-122
-6.48737e-122
-8.45476e-122
5.61034e-121
-5.98964e-121
-2.18914e-120
7.78287e-120
-1.83858e-120
-4.2424e-119
8.95187e-119
8.35494e-119
-6.71135e-118
7.16474e-118
2.59566e-117
-8.62189e-117
4.34198e-119
4.87911e-116
-8.19896e-116
-1.38283e-115
6.8362e-115
-3.32073e-115
-3.25434e-114
6.92933e-114
7.11717e-114
-4.86436e-113
3.45504e-113
2.115e-112
-4.95176e-112
-4.17403e-112
3.23077e-111
-2.31682e-111
-1.38437e-110
3.10196e-110
3.07292e-110
-2.02014e-109
1.04037e-109
9.07765e-109
-1.68109e-108
-2.54365e-108
1.16633e-107
-1.20035e-108
-5.73245e-107
7.30235e-107
2.02137e-106
-5.91586e-106
-3.41251e-106
3.28655e-105
-1.86586e-105
-1.40621e-104
2.36965e-104
4.37704e-104
-1.58069e-103
-5.37447e-104
8.06358e-103
-5.12438e-103
-3.33462e-102
5.47218e-102
1.07056e-101
-3.49945e-101
-1.9434e-101
1.78402e-100
-5.89999e-101
-7.70032e-100
8.84773e-100
2.80835e-99
-6.15677e-99
-8.04074e-99
3.35279e-98
1.18746e-98
-1.57499e-97
5.53377e-98
6.57703e-97
-6.72959e-97
-2.44728e-96
4.45359e-96
7.91102e-96
-2.39088e-95
-2.02516e-95
1.13727e-94
2.43473e-95
-4.95801e-94
1.52367e-94
2.01149e-93
-1.61449e-93
-7.64042e-93
1.0193e-92
2.7149e-92
-5.36032e-92
-8.94488e-92
2.5476e-91
2.66906e-91
-1.13179e-90
-6.77771e-91
4.78432e-90
1.1583e-90
-1.94558e-89
1.18474e-90
7.66881e-89
-2.53582e-89
-2.94672e-88
1.70562e-88
1.10897e-87
-9.00186e-88
-4.10445e-87
4.23651e-87
1.4997e-86
-1.85959e-86
-5.4294e-86
7.77675e-86
1.95446e-85
-3.13519e-85
-7.01904e-85
1.22715e-84
2.52241e-84
-4.68404e-84
-9.0933e-84
1.74822e-83
3.29414e-83
-6.38886e-83
-1.20009e-82
2.2868e-82
4.39563e-82
-8.01079e-82
-1.61665e-81
2.74109e-81
5.95776e-81
-9.13038e-81
-2.194e-80
2.94418e-80
8.04862e-80
-9.10824e-80
-2.93147e-79
2.6616e-79
1.05638e-78
-7.12874e-79
-3.753e-78
1.6284e-78
1.30951e-77
-2.41202e-78
-4.4689e-77
-3.48864e-78
1.4843e-76
5.34815e-77
-4.76847e-76
-3.22153e-76
1.46911e-75
1.53835e-75
-4.28443e-75
-6.51185e-75
1.15642e-74
2.53727e-74
-2.7573e-74
-9.23862e-74
5.08779e-74
3.15914e-73
-2.69719e-74
-1.01269e-72
-3.68811e-73
3.01686e-72
2.57349e-72
-8.18988e-72
-1.20349e-71
1.93766e-71
4.71421e-71
-3.50747e-71
-1.63496e-70
1.84797e-71
5.09017e-70
2.31119e-70
-1.40959e-69
-1.52271e-69
3.33639e-69
6.58857e-69
-5.91917e-69
-2.33404e-68
2.73706e-69
7.08723e-68
3.84285e-68
-1.82865e-67
-2.36322e-67
3.72255e-67
9.47535e-67
-4.11978e-67
-3.03747e-66
-1.01554e-66
7.9891e-66
8.86521e-66
-1.61398e-65
-3.75987e-65
1.67254e-65
1.19566e-64
4.76772e-65
-2.98149e-64
-3.76056e-64
5.24611e-64
1.48483e-63
-2.09227e-64
-4.29292e-63
-3.11397e-63
9.11853e-63
1.65657e-62
-1.02585e-62
-5.44356e-62
-2.14271e-62
1.28134e-61
1.76529e-61
-1.8086e-61
-6.4565e-61
-1.29752e-61
1.60268e-60
1.902e-60
-2.40019e-60
-7.41935e-60
-1.05358e-60
1.8513e-59
2.15771e-59
-2.64622e-59
-8.38089e-59
-1.83193e-59
1.98843e-58
2.58354e-58
-2.38519e-58
-9.24032e-58
-3.89853e-58
1.94594e-57
3.14681e-57
-1.46995e-57
-9.66672e-57
-7.18706e-57
1.63233e-56
3.68999e-56
1.47381e-57
-9.11272e-56
-1.10576e-55
9.75243e-56
3.92208e-55
2.26998e-55
-7.00904e-55
-1.41456e-54
3.01302e-57
3.49457e-54
4.32683e-54
-3.18122e-54
-1.46021e-53
-1.06966e-53
2.19993e-53
5.42327e-53
1.65323e-53
-1.09951e-52
-1.83608e-52
2.39013e-53
4.73612e-52
5.7287e-52
-3.68227e-52
-1.86627e-51
-1.64998e-51
2.1963e-51
6.93352e-51
4.3522e-51
-1.03775e-50
-2.47604e-50
-1.02698e-50
4.37794e-50
8.62389e-50
2.04137e-50
-1.72491e-49
-2.96487e-49
-2.79345e-50
6.49075e-49
1.01636e-48
-6.82324e-51
-2.36189e-48
-3.5015e-48
2.04505e-49
8.36709e-48
1.21833e-47
-6.74724e-49
-2.89295e-47
-4.28694e-47
-1.11965e-49
9.75076e-47
1.52164e-46
1.6743e-47
-3.18721e-46
-5.41647e-46
-1.39616e-46
9.99848e-46
1.91733e-45
8.37458e-46
-2.95368e-45
-6.6793e-45
-4.28595e-45
7.91632e-45
2.26162e-44
1.97559e-44
-1.75628e-44
-7.32758e-44
-8.38088e-44
2.15234e-44
2.22155e-43
3.29587e-43
7.0865e-44
-6.0643e-43
-1.19909e-42
-7.34623e-43
1.36453e-42
3.98995e-42
3.97913e-42
-1.76476e-42
-1.18245e-41
-1.70581e-41
-4.45633e-42
2.92919e-41
6.21523e-41
4.78771e-41
-4.88906e-41
-1.92621e-40
-2.43948e-40
-2.7164e-41
4.7906e-40
9.39483e-40
6.96926e-40
-7.40238e-40
-2.88108e-39
-3.77717e-39
-8.59973e-40
6.52089e-39
1.41469e-38
1.27464e-38
-6.19504e-39
-3.91745e-38
-6.16201e-38
-3.42549e-38
6.60518e-38
2.00945e-37
2.48254e-37
5.33317e-38
-4.26235e-37
-9.48484e-37
-9.54127e-37
1.41435e-37
2.31254e-36
4.28687e-36
3.61155e-36
-1.90531e-36
-1.14927e-35
-1.90473e-35
-1.39971e-35
1.21111e-35
5.42507e-35
8.4715e-35
5.79727e-35
-6.06949e-35
-2.47328e-34
-3.81022e-34
-2.64188e-34
2.5786e-34
1.09398e-33
1.73571e-33
1.31935e-33
-8.95959e-34
-4.66633e-33
-7.951e-33
-6.98064e-33
1.94504e-33
1.88365e-32
3.60792e-32
3.75251e-32
4.58146e-33
-6.90614e-32
-1.58566e-31
-1.97744e-31
-9.56176e-32
2.07465e-31
6.53071e-31
9.91997e-31
8.03488e-31
-3.15827e-31
-2.38139e-30
-4.5982e-30
-5.19065e-30
-1.88632e-30
6.67996e-30
1.88619e-29
2.82099e-29
2.37708e-29
-5.6243e-30
-6.24571e-29
-1.29385e-28
-1.62404e-28
-9.80532e-29
1.16626e-28
4.71365e-28
8.3443e-28
9.27597e-28
3.87011e-28
-1.04832e-27
-3.23084e-27
-5.2881e-27
-5.51641e-27
-1.77516e-27
7.39442e-27
2.09911e-26
3.37086e-26
3.52554e-26
1.24935e-26
-4.42273e-26
-1.30645e-25
-2.17037e-25
-2.42212e-25
-1.22702e-25
2.1362e-25
7.6694e-25
1.39035e-24
1.7342e-24
1.26554e-24
-5.73892e-25
-4.03132e-24
-8.55929e-24
-1.23375e-23
-1.2101e-23
-3.68918e-24
1.62902e-23
4.75601e-23
8.25211e-23
1.03251e-22
8.15804e-23
-1.4707e-23
-2.06939e-22
-4.81644e-22
-7.62173e-22
-8.87311e-22
-6.15858e-22
3.19222e-22
2.08677e-21
4.56054e-21
7.08188e-21
8.26802e-21
6.01287e-21
-2.12597e-21
-1.79665e-20
-4.10839e-20
-6.66979e-20
-8.3634e-20
-7.34522e-20
-1.235e-20
1.22305e-19
3.39334e-19
6.14932e-19
8.70467e-19
9.53933e-19
6.37451e-19
-3.51939e-19
-2.24883e-18
-5.09838e-18
-8.53747e-18
-1.15377e-17
-1.21847e-17
-7.62699e-18
5.61373e-18
3.07404e-17
6.89737e-17
1.16947e-16
1.63383e-16
1.85685e-16
1.47753e-16
1.11554e-18
-3.07741e-16
-8.20503e-16
-1.5376e-15
-2.37495e-15
-3.10938e-15
-3.32188e-15
-2.35769e-15
6.6557e-16
6.75617e-15
1.6796e-14
3.10763e-14
4.85712e-14
6.59393e-14
7.63196e-14
6.81259e-14
2.42359e-14
-7.77594e-14
-2.63272e-13
-5.55095e-13
-9.62892e-13
-1.4662e-12
-1.9897e-12
-2.37064e-12
-2.32018e-12
-1.38435e-12
1.08477e-12
5.92871e-12
1.41246e-11
2.66281e-11
4.40618e-11
6.6181e-11
9.10368e-11
1.13759e-10
1.24894e-10
1.08282e-10
3.85527e-11
-1.21525e-10
-4.23336e-10
-9.33459e-10
-1.73195e-09
-2.90559e-09
-4.53258e-09
-6.65376e-09
-9.22325e-09
-1.20289e-08
-1.45698e-08
-1.58731e-08
-1.42288e-08
-6.81401e-09
1.08298e-08
4.55092e-08
1.07336e-07
2.10994e-07
3.77394e-07
6.35801e-07
1.02656e-06
1.60451e-06
2.44325e-06
3.64043e-06
5.32415e-06
7.66076e-06
1.08642e-05
1.52072e-05
2.1034e-05
2.87763e-05
3.89701e-05
5.22768e-05
6.95059e-05
9.1641e-05
0.000119869
0.000155614
0.000200571
0.000256745
0.000326494
0.000412576
0.000518192
0.00064704
0.000803366
0.000992018
0.0012185
0.00148902
0.00181056
0.0021909
0.0026387
0.00316352
0.00377584
0.00448714
0.00530989
0.00625758
0.0073447
0.00858675
0.0100002
0.0116026
0.0134121
0.0154481
0.0177304
0.0202796
0.0231169
0.0262638
0.0297421
0.0335739
0.037781
0.0423851
0.0474075
0.0528687
0.0587885
0.0651857
0.0720777
0.0794806
0.0874087
0.0958746
0.104889
0.114459
0.124591
0.135289
0.146553
0.158381
0.170768
0.183706
0.197185
0.21119
0.225705
0.240712
0.256187
0.272106
0.288442
0.305165
0.322244
0.339645
0.357332
0.375269
0.393418
0.411738
0.430192
0.448737
0.467334
0.485941
0.50452
0.523029
0.541431
0.559687
0.577762
0.595619
0.613225
0.630549
0.647562
0.664234
0.680542
0.696462
0.711972
0.727055
0.741694
0.755876
0.769588
0.782822
0.795571
0.807831
0.819597
0.830871
0.841652
0.851945
0.861753
0.871083
0.879943
0.88834
0.896285
0.903789
0.910862
0.917517
0.923767
0.929624
0.935101
0.940211
0.944967
0.949381
0.953466
0.957233
0.960692
0.963855
0.966729
0.969324
0.971645
0.973699
0.97549
0.977022
0.978295
0.979311
0.980067
0.98056
0.980788
0.980742
0.980416
0.979801
0.978887
0.977661
0.976112
0.974224
0.971983
0.969373
0.966377
0.962979
0.95916
0.954904
0.950193
0.94501
0.939338
0.933162
0.926466
0.919238
0.911465
0.903137
0.894244
0.884781
0.874744
0.86413
0.852939
0.841176
0.828847
0.815958
0.802524
0.788557
0.774075
0.759098
0.743649
0.727752
0.711435
0.694729
0.677665
0.660277
0.642599
0.624678
0.606511
0.588319
0.56932
0.553266
0.52354
)
;

boundaryField
{
    sides
    {
        type            zeroGradient;
    }
    empty
    {
        type            empty;
    }
}


// ************************************************************************* //
