/*--------------------------------*- C++ -*----------------------------------*\
  =========                 |
  \\      /  F ield         | OpenFOAM: The Open Source CFD Toolbox
   \\    /   O peration     | Website:  https://openfoam.org
    \\  /    A nd           | Version:  7
     \\/     M anipulation  |
\*---------------------------------------------------------------------------*/
FoamFile
{
    version     2.0;
    format      ascii;
    class       volScalarField;
    location    "0.4";
    object      T;
}
// * * * * * * * * * * * * * * * * * * * * * * * * * * * * * * * * * * * * * //

dimensions      [0 0 0 1 0 0 0];

internalField   nonuniform List<scalar> 
1000
(
1.79042e-07
1.79427e-07
1.80203e-07
1.81374e-07
1.82947e-07
1.8493e-07
1.87329e-07
1.90154e-07
1.93414e-07
1.9712e-07
2.01282e-07
2.05915e-07
2.1103e-07
2.16643e-07
2.22769e-07
2.29424e-07
2.36626e-07
2.44395e-07
2.5275e-07
2.61712e-07
2.71306e-07
2.81553e-07
2.92481e-07
3.04116e-07
3.16487e-07
3.29623e-07
3.43557e-07
3.58322e-07
3.73953e-07
3.90487e-07
4.07964e-07
4.26425e-07
4.45913e-07
4.66472e-07
4.88152e-07
5.11001e-07
5.35074e-07
5.60424e-07
5.87109e-07
6.15191e-07
6.44732e-07
6.758e-07
7.08464e-07
7.42798e-07
7.78877e-07
8.16783e-07
8.56598e-07
8.98412e-07
9.42316e-07
9.88406e-07
1.03678e-06
1.08755e-06
1.14082e-06
1.19671e-06
1.25534e-06
1.31683e-06
1.38131e-06
1.44893e-06
1.51983e-06
1.59415e-06
1.67205e-06
1.75371e-06
1.83928e-06
1.92895e-06
2.0229e-06
2.12133e-06
2.22444e-06
2.33244e-06
2.44556e-06
2.56403e-06
2.68809e-06
2.81799e-06
2.95399e-06
3.09637e-06
3.24541e-06
3.40141e-06
3.56469e-06
3.73557e-06
3.91438e-06
4.10147e-06
4.29723e-06
4.50202e-06
4.71625e-06
4.94034e-06
5.17472e-06
5.41984e-06
5.67617e-06
5.9442e-06
6.22445e-06
6.51744e-06
6.82374e-06
7.14391e-06
7.47857e-06
7.82833e-06
8.19385e-06
8.57581e-06
8.97491e-06
9.39189e-06
9.82752e-06
1.02826e-05
1.07579e-05
1.12544e-05
1.17729e-05
1.23143e-05
1.28797e-05
1.347e-05
1.40863e-05
1.47297e-05
1.54012e-05
1.61022e-05
1.68338e-05
1.75972e-05
1.83939e-05
1.92252e-05
2.00924e-05
2.09972e-05
2.1941e-05
2.29254e-05
2.39521e-05
2.50229e-05
2.61395e-05
2.73037e-05
2.85176e-05
2.9783e-05
3.11022e-05
3.24772e-05
3.39103e-05
3.54039e-05
3.69603e-05
3.8582e-05
4.02717e-05
4.2032e-05
4.38657e-05
4.57757e-05
4.77651e-05
4.98368e-05
5.19943e-05
5.42407e-05
5.65796e-05
5.90146e-05
6.15493e-05
6.41877e-05
6.69336e-05
6.97914e-05
7.27651e-05
7.58594e-05
7.90787e-05
8.24278e-05
8.59116e-05
8.95353e-05
9.33041e-05
9.72234e-05
0.000101299
0.000105536
0.000109942
0.000114522
0.000119283
0.000124231
0.000129373
0.000134718
0.00014027
0.00014604
0.000152034
0.00015826
0.000164728
0.000171445
0.00017842
0.000185664
0.000193185
0.000200994
0.0002091
0.000217515
0.000226248
0.000235312
0.000244717
0.000254477
0.000264603
0.000275107
0.000286004
0.000297307
0.000309029
0.000321185
0.000333789
0.000346858
0.000360407
0.000374452
0.00038901
0.000404098
0.000419734
0.000435936
0.000452724
0.000470116
0.000488132
0.000506793
0.000526121
0.000546136
0.000566863
0.000588322
0.000610539
0.000633537
0.000657343
0.000681981
0.000707478
0.000733861
0.000761159
0.0007894
0.000818614
0.000848832
0.000880084
0.000912402
0.000945821
0.000980373
0.00101609
0.00105302
0.00109118
0.00113062
0.00117138
0.0012135
0.00125701
0.00130197
0.0013484
0.00139636
0.00144588
0.00149703
0.00154983
0.00160435
0.00166063
0.00171872
0.00177867
0.00184054
0.00190439
0.00197025
0.0020382
0.0021083
0.00218059
0.00225515
0.00233203
0.00241131
0.00249303
0.00257728
0.00266412
0.00275362
0.00284585
0.00294088
0.00303879
0.00313966
0.00324355
0.00335056
0.00346076
0.00357424
0.00369107
0.00381135
0.00393516
0.00406259
0.00419374
0.00432869
0.00446754
0.00461039
0.00475733
0.00490847
0.00506391
0.00522376
0.0053881
0.00555707
0.00573076
0.00590929
0.00609276
0.00628131
0.00647503
0.00667406
0.00687851
0.00708852
0.00730419
0.00752566
0.00775306
0.00798652
0.00822618
0.00847216
0.00872461
0.00898367
0.00924947
0.00952216
0.00980189
0.0100888
0.010383
0.0106848
0.0109941
0.0113113
0.0116364
0.0119696
0.012311
0.0126609
0.0130194
0.0133867
0.0137628
0.0141481
0.0145427
0.0149466
0.0153602
0.0157836
0.016217
0.0166605
0.0171143
0.0175787
0.0180537
0.0185397
0.0190367
0.019545
0.0200647
0.020596
0.0211392
0.0216944
0.0222618
0.0228417
0.0234341
0.0240393
0.0246576
0.025289
0.0259339
0.0265923
0.0272645
0.0279507
0.0286511
0.0293659
0.0300953
0.0308395
0.0315987
0.0323731
0.0331629
0.0339682
0.0347894
0.0356265
0.0364798
0.0373495
0.0382358
0.0391389
0.0400589
0.040996
0.0419506
0.0429226
0.0439124
0.0449201
0.0459458
0.0469899
0.0480523
0.0491335
0.0502334
0.0513523
0.0524903
0.0536476
0.0548244
0.0560208
0.057237
0.0584732
0.0597294
0.0610058
0.0623026
0.06362
0.0649579
0.0663166
0.0676963
0.0690969
0.0705186
0.0719616
0.0734259
0.0749116
0.0764188
0.0779477
0.0794982
0.0810705
0.0826647
0.0842807
0.0859186
0.0875786
0.0892606
0.0909647
0.0926908
0.0944391
0.0962095
0.098002
0.0998167
0.101653
0.103512
0.105393
0.107296
0.109221
0.111168
0.113137
0.115128
0.11714
0.119174
0.121229
0.123306
0.125405
0.127524
0.129665
0.131826
0.134008
0.136211
0.138434
0.140677
0.142941
0.145224
0.147527
0.149849
0.15219
0.15455
0.156929
0.159326
0.161741
0.164174
0.166625
0.169092
0.171577
0.174077
0.176594
0.179127
0.181675
0.184239
0.186817
0.189409
0.192015
0.194634
0.197267
0.199912
0.202568
0.205237
0.207917
0.210607
0.213308
0.216018
0.218737
0.221465
0.224201
0.226945
0.229695
0.232452
0.235215
0.237983
0.240756
0.243533
0.246313
0.249096
0.251881
0.254668
0.257456
0.260244
0.263032
0.265819
0.268604
0.271387
0.274166
0.276942
0.279714
0.28248
0.285241
0.287995
0.290742
0.293481
0.296212
0.298932
0.301643
0.304343
0.307032
0.309708
0.312371
0.31502
0.317655
0.320274
0.322878
0.325464
0.328034
0.330585
0.333117
0.335629
0.338121
0.340592
0.34304
0.345466
0.347869
0.350248
0.352602
0.35493
0.357232
0.359507
0.361755
0.363974
0.366164
0.368324
0.370454
0.372553
0.37462
0.376654
0.378656
0.380624
0.382557
0.384456
0.386319
0.388146
0.389936
0.391689
0.393404
0.39508
0.396717
0.398315
0.399873
0.40139
0.402866
0.4043
0.405693
0.407043
0.40835
0.409613
0.410833
0.412008
0.413139
0.414225
0.415265
0.41626
0.417208
0.418111
0.418966
0.419775
0.420536
0.42125
0.421917
0.422535
0.423106
0.423628
0.424101
0.424526
0.424902
0.425229
0.425508
0.425737
0.425917
0.426048
0.42613
0.426162
0.426146
0.42608
0.425965
0.425801
0.425588
0.425326
0.425015
0.424655
0.424247
0.423791
0.423286
0.422733
0.422132
0.421484
0.420789
0.420046
0.419256
0.41842
0.417538
0.41661
0.415636
0.414617
0.413553
0.412444
0.411292
0.410095
0.408856
0.407573
0.406248
0.404882
0.403474
0.402024
0.400535
0.399005
0.397436
0.395828
0.394181
0.392497
0.390776
0.389018
0.387224
0.385394
0.383529
0.381631
0.379698
0.377733
0.375735
0.373705
0.371644
0.369553
0.367432
0.365282
0.363104
0.360898
0.358665
0.356406
0.35412
0.35181
0.349476
0.347118
0.344738
0.342335
0.339911
0.337466
0.335001
0.332517
0.330015
0.327495
0.324957
0.322404
0.319834
0.31725
0.314652
0.31204
0.309415
0.306778
0.30413
0.301472
0.298803
0.296125
0.293439
0.290745
0.288043
0.285336
0.282622
0.279904
0.27718
0.274454
0.271724
0.268991
0.266257
0.263522
0.260786
0.25805
0.255315
0.252581
0.249849
0.24712
0.244393
0.241671
0.238952
0.236239
0.233531
0.230829
0.228133
0.225444
0.222763
0.22009
0.217425
0.214769
0.212123
0.209487
0.206861
0.204246
0.201643
0.199051
0.196471
0.193904
0.19135
0.188809
0.186282
0.183769
0.181271
0.178788
0.17632
0.173867
0.17143
0.169009
0.166605
0.164218
0.161847
0.159494
0.157159
0.154841
0.152541
0.15026
0.147997
0.145753
0.143528
0.141322
0.139135
0.136968
0.13482
0.132692
0.130584
0.128496
0.126428
0.124381
0.122354
0.120348
0.118362
0.116397
0.114452
0.112529
0.110626
0.108744
0.106883
0.105044
0.103225
0.101427
0.0996507
0.0978951
0.0961607
0.0944474
0.092755
0.0910837
0.0894334
0.0878041
0.0861957
0.0846081
0.0830414
0.0814954
0.0799701
0.0784654
0.0769813
0.0755176
0.0740743
0.0726512
0.0712484
0.0698656
0.0685028
0.0671598
0.0658366
0.064533
0.063249
0.0619843
0.0607389
0.0595125
0.0583052
0.0571167
0.0559469
0.0547956
0.0536627
0.0525481
0.0514516
0.050373
0.0493121
0.0482689
0.0472431
0.0462346
0.0452433
0.0442688
0.0433112
0.0423701
0.0414455
0.0405371
0.0396448
0.0387684
0.0379077
0.0370625
0.0362327
0.0354181
0.0346184
0.0338336
0.0330634
0.0323077
0.0315662
0.0308388
0.0301253
0.0294255
0.0287392
0.0280663
0.0274066
0.0267598
0.0261258
0.0255045
0.0248956
0.0242989
0.0237143
0.0231416
0.0225807
0.0220313
0.0214932
0.0209663
0.0204505
0.0199455
0.0194512
0.0189673
0.0184938
0.0180305
0.0175771
0.0171336
0.0166997
0.0162753
0.0158603
0.0154544
0.0150576
0.0146696
0.0142903
0.0139195
0.0135571
0.013203
0.012857
0.0125189
0.0121886
0.0118659
0.0115508
0.011243
0.0109424
0.0106489
0.0103624
0.0100827
0.00980965
0.00954316
0.00928308
0.0090293
0.00878167
0.00854009
0.00830442
0.00807454
0.00785034
0.0076317
0.0074185
0.00721062
0.00700796
0.0068104
0.00661784
0.00643017
0.00624727
0.00606906
0.00589542
0.00572625
0.00556146
0.00540095
0.00524462
0.00509239
0.00494415
0.00479981
0.00465929
0.00452251
0.00438936
0.00425978
0.00413367
0.00401096
0.00389156
0.0037754
0.00366239
0.00355248
0.00344557
0.0033416
0.0032405
0.0031422
0.00304663
0.00295371
0.0028634
0.00277562
0.0026903
0.0026074
0.00252684
0.00244857
0.00237253
0.00229866
0.00222691
0.00215722
0.00208955
0.00202383
0.00196003
0.00189808
0.00183794
0.00177956
0.0017229
0.00166791
0.00161454
0.00156276
0.00151251
0.00146377
0.00141648
0.00137061
0.00132613
0.00128298
0.00124114
0.00120057
0.00116124
0.0011231
0.00108614
0.0010503
0.00101557
0.000981914
0.000949298
0.000917694
0.000887073
0.000857408
0.00082867
0.000800834
0.000773874
0.000747764
0.000722479
0.000697996
0.000674292
0.000651342
0.000629126
0.000607622
0.000586808
0.000566665
0.000547172
0.000528309
0.000510059
0.000492402
0.000475321
0.000458798
0.000442817
0.000427361
0.000412413
0.00039796
0.000383984
0.000370472
0.00035741
0.000344783
0.000332578
0.000320782
0.000309382
0.000298365
0.00028772
0.000277436
0.0002675
0.000257901
0.00024863
0.000239675
0.000231026
0.000222674
0.00021461
0.000206823
0.000199305
0.000192048
0.000185043
0.000178281
0.000171755
0.000165457
0.00015938
0.000153517
0.00014786
0.000142403
0.000137139
0.000132062
0.000127165
0.000122443
0.00011789
0.0001135
0.000109268
0.000105189
0.000101257
9.74674e-05
9.38158e-05
9.02973e-05
8.69076e-05
8.36423e-05
8.04972e-05
7.74683e-05
7.45517e-05
7.17437e-05
6.90405e-05
6.64387e-05
6.39349e-05
6.15258e-05
5.92082e-05
5.69792e-05
5.48356e-05
5.27747e-05
5.07938e-05
4.88902e-05
4.70613e-05
4.53048e-05
4.36182e-05
4.19993e-05
4.0446e-05
3.89561e-05
3.75276e-05
3.61585e-05
3.48471e-05
3.35916e-05
3.23903e-05
3.12415e-05
3.01437e-05
2.90954e-05
2.80952e-05
2.71419e-05
2.6234e-05
2.53705e-05
2.45501e-05
2.37718e-05
2.30346e-05
2.23376e-05
2.16798e-05
2.10604e-05
2.04787e-05
1.9934e-05
1.94255e-05
1.89529e-05
1.85154e-05
1.81127e-05
1.77443e-05
1.741e-05
1.71093e-05
1.68421e-05
1.66083e-05
1.64077e-05
1.62402e-05
1.61059e-05
1.60049e-05
1.59374e-05
1.59034e-05
)
;

boundaryField
{
    sides
    {
        type            zeroGradient;
    }
    empty
    {
        type            empty;
    }
}


// ************************************************************************* //
