/*--------------------------------*- C++ -*----------------------------------*\
  =========                 |
  \\      /  F ield         | OpenFOAM: The Open Source CFD Toolbox
   \\    /   O peration     | Website:  https://openfoam.org
    \\  /    A nd           | Version:  7
     \\/     M anipulation  |
\*---------------------------------------------------------------------------*/
FoamFile
{
    version     2.0;
    format      ascii;
    class       volScalarField;
    location    "2.43";
    object      T;
}
// * * * * * * * * * * * * * * * * * * * * * * * * * * * * * * * * * * * * * //

dimensions      [0 0 0 1 0 0 0];

internalField   nonuniform List<scalar> 
1000
(
0.00226773
0.00226791
0.00226826
0.00226879
0.00226951
0.0022704
0.00227149
0.00227276
0.00227422
0.00227587
0.00227771
0.00227974
0.00228198
0.00228441
0.00228704
0.00228987
0.00229291
0.00229616
0.00229961
0.00230327
0.00230715
0.00231124
0.00231554
0.00232007
0.00232482
0.00232978
0.00233498
0.0023404
0.00234605
0.00235193
0.00235805
0.0023644
0.00237099
0.00237782
0.0023849
0.00239222
0.00239979
0.0024076
0.00241567
0.002424
0.00243258
0.00244142
0.00245053
0.0024599
0.00246953
0.00247944
0.00248962
0.00250007
0.0025108
0.00252181
0.0025331
0.00254468
0.00255655
0.00256871
0.00258116
0.0025939
0.00260695
0.0026203
0.00263395
0.00264791
0.00266217
0.00267676
0.00269165
0.00270687
0.00272241
0.00273827
0.00275446
0.00277098
0.00278783
0.00280502
0.00282256
0.00284043
0.00285865
0.00287722
0.00289614
0.00291541
0.00293505
0.00295504
0.0029754
0.00299613
0.00301723
0.00303871
0.00306056
0.0030828
0.00310542
0.00312843
0.00315183
0.00317563
0.00319982
0.00322442
0.00324942
0.00327483
0.00330066
0.0033269
0.00335356
0.00338065
0.00340816
0.00343611
0.00346449
0.00349331
0.00352257
0.00355228
0.00358244
0.00361305
0.00364412
0.00367565
0.00370765
0.00374012
0.00377306
0.00380648
0.00384038
0.00387476
0.00390964
0.00394501
0.00398088
0.00401725
0.00405413
0.00409151
0.00412942
0.00416784
0.00420678
0.00424625
0.00428626
0.0043268
0.00436788
0.00440951
0.00445169
0.00449442
0.00453771
0.00458156
0.00462598
0.00467097
0.00471654
0.00476269
0.00480943
0.00485675
0.00490468
0.0049532
0.00500233
0.00505206
0.00510241
0.00515338
0.00520497
0.0052572
0.00531005
0.00536355
0.00541768
0.00547247
0.00552791
0.00558401
0.00564077
0.0056982
0.0057563
0.00581508
0.00587454
0.0059347
0.00599554
0.00605709
0.00611934
0.0061823
0.00624597
0.00631037
0.00637549
0.00644134
0.00650792
0.00657525
0.00664332
0.00671214
0.00678173
0.00685207
0.00692318
0.00699507
0.00706774
0.00714118
0.00721542
0.00729046
0.0073663
0.00744294
0.0075204
0.00759867
0.00767777
0.00775769
0.00783845
0.00792005
0.0080025
0.0080858
0.00816996
0.00825498
0.00834087
0.00842764
0.00851528
0.00860381
0.00869324
0.00878356
0.00887479
0.00896692
0.00905997
0.00915395
0.00924885
0.00934468
0.00944146
0.00953917
0.00963784
0.00973747
0.00983806
0.00993962
0.0100422
0.0101457
0.0102502
0.0103557
0.0104622
0.0105697
0.0106782
0.0107877
0.0108982
0.0110098
0.0111224
0.0112361
0.0113508
0.0114666
0.0115834
0.0117012
0.0118202
0.0119402
0.0120613
0.0121835
0.0123068
0.0124312
0.0125567
0.0126834
0.0128111
0.01294
0.01307
0.0132011
0.0133334
0.0134668
0.0136014
0.0137372
0.0138741
0.0140122
0.0141515
0.0142919
0.0144336
0.0145764
0.0147205
0.0148657
0.0150122
0.0151599
0.0153089
0.015459
0.0156104
0.0157631
0.015917
0.0160721
0.0162286
0.0163863
0.0165452
0.0167055
0.016867
0.0170298
0.017194
0.0173594
0.0175261
0.0176942
0.0178636
0.0180343
0.0182063
0.0183797
0.0185544
0.0187304
0.0189079
0.0190866
0.0192668
0.0194483
0.0196312
0.0198154
0.0200011
0.0201881
0.0203766
0.0205664
0.0207577
0.0209504
0.0211444
0.02134
0.0215369
0.0217353
0.0219351
0.0221363
0.022339
0.0225432
0.0227488
0.0229558
0.0231644
0.0233744
0.0235859
0.0237988
0.0240133
0.0242292
0.0244466
0.0246656
0.024886
0.0251079
0.0253314
0.0255563
0.0257828
0.0260108
0.0262404
0.0264715
0.0267041
0.0269382
0.0271739
0.0274111
0.0276499
0.0278902
0.0281321
0.0283756
0.0286206
0.0288672
0.0291154
0.0293651
0.0296164
0.0298693
0.0301238
0.0303798
0.0306375
0.0308967
0.0311576
0.03142
0.0316841
0.0319497
0.0322169
0.0324858
0.0327563
0.0330283
0.033302
0.0335773
0.0338543
0.0341328
0.034413
0.0346948
0.0349782
0.0352632
0.0355499
0.0358382
0.0361281
0.0364197
0.0367129
0.0370077
0.0373042
0.0376023
0.037902
0.0382034
0.0385064
0.038811
0.0391173
0.0394253
0.0397348
0.040046
0.0403589
0.0406734
0.0409895
0.0413073
0.0416267
0.0419477
0.0422704
0.0425947
0.0429206
0.0432482
0.0435774
0.0439083
0.0442408
0.0445749
0.0449106
0.045248
0.0455869
0.0459276
0.0462698
0.0466136
0.0469591
0.0473062
0.0476549
0.0480052
0.0483571
0.0487106
0.0490657
0.0494224
0.0497808
0.0501407
0.0505021
0.0508652
0.0512299
0.0515961
0.0519639
0.0523333
0.0527043
0.0530768
0.0534508
0.0538265
0.0542036
0.0545823
0.0549626
0.0553444
0.0557277
0.0561125
0.0564989
0.0568868
0.0572762
0.057667
0.0580594
0.0584533
0.0588486
0.0592455
0.0596438
0.0600435
0.0604448
0.0608475
0.0612516
0.0616571
0.0620641
0.0624725
0.0628824
0.0632936
0.0637063
0.0641203
0.0645357
0.0649525
0.0653707
0.0657902
0.0662111
0.0666333
0.0670568
0.0674817
0.0679079
0.0683354
0.0687642
0.0691943
0.0696256
0.0700583
0.0704921
0.0709273
0.0713637
0.0718013
0.0722401
0.0726801
0.0731213
0.0735637
0.0740073
0.0744521
0.074898
0.075345
0.0757932
0.0762425
0.0766929
0.0771444
0.0775969
0.0780506
0.0785053
0.078961
0.0794178
0.0798756
0.0803344
0.0807941
0.0812549
0.0817167
0.0821793
0.082643
0.0831075
0.083573
0.0840394
0.0845066
0.0849747
0.0854437
0.0859135
0.0863842
0.0868556
0.0873279
0.0878009
0.0882747
0.0887492
0.0892245
0.0897005
0.0901772
0.0906546
0.0911327
0.0916114
0.0920908
0.0925708
0.0930514
0.0935326
0.0940143
0.0944966
0.0949795
0.0954629
0.0959468
0.0964312
0.096916
0.0974013
0.0978871
0.0983733
0.0988598
0.0993468
0.0998341
0.100322
0.10081
0.101298
0.101787
0.102276
0.102765
0.103254
0.103744
0.104233
0.104723
0.105214
0.105704
0.106194
0.106685
0.107175
0.107666
0.108157
0.108647
0.109138
0.109629
0.110119
0.11061
0.1111
0.111591
0.112081
0.112571
0.113061
0.113551
0.114041
0.11453
0.115019
0.115508
0.115997
0.116485
0.116973
0.117461
0.117948
0.118435
0.118921
0.119407
0.119893
0.120378
0.120863
0.121347
0.12183
0.122313
0.122796
0.123278
0.123759
0.124239
0.124719
0.125198
0.125677
0.126154
0.126631
0.127107
0.127583
0.128057
0.128531
0.129004
0.129475
0.129946
0.130416
0.130886
0.131354
0.131821
0.132287
0.132752
0.133216
0.133678
0.13414
0.134601
0.13506
0.135518
0.135975
0.136431
0.136885
0.137339
0.137791
0.138241
0.13869
0.139138
0.139585
0.14003
0.140473
0.140916
0.141356
0.141796
0.142233
0.142669
0.143104
0.143537
0.143968
0.144398
0.144826
0.145252
0.145677
0.1461
0.146521
0.14694
0.147358
0.147774
0.148188
0.1486
0.14901
0.149419
0.149825
0.15023
0.150632
0.151033
0.151431
0.151828
0.152222
0.152615
0.153005
0.153393
0.153779
0.154163
0.154545
0.154924
0.155302
0.155677
0.15605
0.15642
0.156788
0.157154
0.157518
0.157879
0.158238
0.158595
0.158949
0.1593
0.15965
0.159996
0.160341
0.160682
0.161021
0.161358
0.161692
0.162024
0.162353
0.162679
0.163003
0.163324
0.163642
0.163958
0.164271
0.164581
0.164888
0.165193
0.165495
0.165794
0.166091
0.166384
0.166675
0.166963
0.167248
0.16753
0.167809
0.168085
0.168359
0.168629
0.168897
0.169161
0.169423
0.169681
0.169937
0.170189
0.170438
0.170685
0.170928
0.171168
0.171405
0.171639
0.17187
0.172098
0.172322
0.172544
0.172762
0.172977
0.173189
0.173398
0.173603
0.173805
0.174004
0.1742
0.174392
0.174582
0.174768
0.17495
0.17513
0.175306
0.175478
0.175648
0.175814
0.175977
0.176136
0.176292
0.176445
0.176594
0.17674
0.176882
0.177022
0.177157
0.17729
0.177419
0.177544
0.177666
0.177785
0.1779
0.178012
0.178121
0.178225
0.178327
0.178425
0.17852
0.178611
0.178699
0.178783
0.178864
0.178941
0.179015
0.179085
0.179152
0.179215
0.179275
0.179332
0.179385
0.179434
0.17948
0.179523
0.179562
0.179598
0.17963
0.179659
0.179684
0.179706
0.179724
0.179739
0.17975
0.179758
0.179763
0.179764
0.179762
0.179756
0.179746
0.179734
0.179718
0.179698
0.179675
0.179649
0.179619
0.179586
0.179549
0.17951
0.179466
0.17942
0.17937
0.179316
0.179259
0.179199
0.179136
0.179069
0.178999
0.178926
0.178849
0.17877
0.178686
0.1786
0.17851
0.178418
0.178322
0.178222
0.17812
0.178014
0.177905
0.177793
0.177678
0.17756
0.177438
0.177314
0.177186
0.177056
0.176922
0.176785
0.176645
0.176502
0.176357
0.176208
0.176056
0.175901
0.175744
0.175583
0.175419
0.175253
0.175084
0.174912
0.174737
0.174559
0.174379
0.174196
0.17401
0.173821
0.17363
0.173436
0.173239
0.173039
0.172837
0.172633
0.172426
0.172216
0.172004
0.171789
0.171572
0.171352
0.17113
0.170906
0.170679
0.170449
0.170218
0.169984
0.169748
0.169509
0.169269
0.169026
0.168781
0.168533
0.168284
0.168033
0.167779
0.167524
0.167266
0.167006
0.166745
0.166481
0.166216
0.165949
0.16568
0.165409
0.165136
0.164862
0.164586
0.164308
0.164029
0.163748
0.163465
0.163181
0.162895
0.162608
0.162319
0.162029
0.161738
0.161445
0.161151
0.160855
0.160559
0.160261
0.159962
0.159661
0.15936
0.159058
0.158754
0.15845
0.158144
0.157838
0.157531
0.157223
0.156914
0.156604
0.156294
0.155982
0.155671
0.155358
0.155045
0.154732
0.154418
0.154103
0.153788
0.153473
0.153157
0.152841
0.152525
0.152209
0.151892
0.151575
0.151259
0.150942
0.150625
0.150308
0.149991
0.149675
0.149358
0.149042
0.148726
0.14841
0.148095
0.14778
0.147465
0.147151
0.146838
0.146525
0.146213
0.145901
0.14559
0.14528
0.14497
0.144662
0.144354
0.144048
0.143742
0.143438
0.143134
0.142832
0.142531
0.142231
0.141932
0.141635
0.141339
0.141044
0.140751
0.14046
0.14017
0.139882
0.139596
0.139311
0.139028
0.138747
0.138468
0.138191
0.137916
0.137642
0.137371
0.137103
0.136836
0.136572
0.13631
0.13605
0.135793
0.135538
0.135286
0.135036
0.134789
0.134545
0.134304
0.134065
0.13383
0.133597
0.133367
0.13314
0.132917
0.132696
0.132479
0.132265
0.132054
0.131847
0.131643
0.131443
0.131246
0.131053
0.130863
0.130677
0.130495
0.130317
0.130143
0.129973
0.129806
0.129644
0.129486
0.129332
0.129183
0.129037
0.128897
0.12876
0.128628
0.128501
0.128378
0.12826
0.128147
0.128038
0.127934
0.127835
0.127742
0.127653
0.127569
0.127491
0.127417
0.127349
0.127286
0.127229
0.127177
0.127131
0.12709
0.127055
0.127026
0.127002
0.126984
0.126972
0.126966
)
;

boundaryField
{
    sides
    {
        type            zeroGradient;
    }
    empty
    {
        type            empty;
    }
}


// ************************************************************************* //
