/*--------------------------------*- C++ -*----------------------------------*\
  =========                 |
  \\      /  F ield         | OpenFOAM: The Open Source CFD Toolbox
   \\    /   O peration     | Website:  https://openfoam.org
    \\  /    A nd           | Version:  7
     \\/     M anipulation  |
\*---------------------------------------------------------------------------*/
FoamFile
{
    version     2.0;
    format      ascii;
    class       volScalarField;
    location    "2.09";
    object      T;
}
// * * * * * * * * * * * * * * * * * * * * * * * * * * * * * * * * * * * * * //

dimensions      [0 0 0 1 0 0 0];

internalField   nonuniform List<scalar> 
1000
(
0
0
0
0
0
0
0
0
0
0
0
0
0
0
0
0
0
0
0
0
0
0
0
0
0
0
0
0
0
0
0
0
0
0
0
0
0
0
0
0
0
0
0
0
0
0
0
0
0
0
0
0
0
0
0
0
0
0
0
0
0
0
0
0
0
0
0
0
0
0
0
0
0
0
0
0
0
0
0
0
0
0
0
0
0
0
0
0
0
0
0
0
0
0
0
0
0
0
0
0
0
0
0
0
0
0
0
0
0
0
0
0
0
0
0
0
0
0
0
0
0
0
0
0
0
0
0
0
0
0
0
0
0
0
0
0
0
0
0
0
0
0
0
0
0
0
0
0
0
0
0
0
0
0
0
0
0
0
0
0
0
0
0
0
0
0
0
0
0
0
0
0
0
0
0
0
0
0
0
0
0
0
0
0
0
0
0
0
0
0
0
0
0
0
0
0
0
0
0
0
0
0
0
0
0
0
0
0
0
0
0
0
0
0
0
0
0
0
0
0
0
0
0
0
0
0
0
0
0
0
0
0
0
0
0
0
0
0
0
0
0
-2.32482e-163
1.13141e-160
-2.72747e-158
4.34192e-156
-5.13424e-154
4.80951e-152
-3.7172e-150
2.43771e-148
-1.38445e-146
6.91608e-145
-3.0764e-143
1.23056e-141
-4.46225e-140
1.47681e-138
-4.48632e-137
1.2571e-135
-3.26273e-134
7.87244e-133
-1.77147e-131
3.7279e-130
-7.35472e-129
1.36325e-127
-2.37858e-126
3.91311e-125
-6.07892e-124
8.9287e-123
-1.24134e-121
1.6351e-120
-2.04218e-119
2.42004e-118
-2.72235e-117
2.90809e-116
-2.95051e-115
2.84331e-114
-2.60207e-113
2.26063e-112
-1.86337e-111
1.45598e-110
-1.07717e-109
7.53314e-109
-4.96932e-108
3.08306e-107
-1.79186e-106
9.70159e-106
-4.85361e-105
2.21553e-104
-9.03066e-104
3.14949e-103
-8.40968e-103
9.45552e-103
6.84787e-102
-6.22532e-101
3.13178e-100
-1.1114e-99
2.46074e-99
7.93871e-100
-3.96846e-98
2.23113e-97
-7.43051e-97
1.18962e-96
3.21778e-96
-3.24381e-95
1.28314e-94
-2.50749e-94
-3.14051e-94
4.50763e-93
-1.76216e-92
2.94755e-92
6.62499e-92
-6.18758e-91
1.93699e-90
-1.49661e-90
-1.42936e-89
7.2844e-89
-1.39557e-88
-1.9705e-88
2.11683e-87
-5.82955e-87
5.86337e-88
5.29008e-86
-1.86323e-85
1.39331e-85
1.22214e-84
-5.14218e-84
5.39222e-84
2.77979e-83
-1.28842e-82
1.44073e-82
6.50496e-82
-2.9893e-81
2.95749e-81
1.57197e-80
-6.41407e-80
4.30987e-80
3.78678e-79
-1.24789e-78
1.86838e-79
8.6522e-78
-2.11061e-77
-1.42425e-77
1.78861e-76
-2.83217e-76
-6.29636e-76
3.19107e-75
-2.16855e-75
-1.67363e-74
4.58898e-74
2.1949e-74
-3.30145e-73
4.47951e-73
1.26273e-72
-4.86565e-72
4.18692e-73
2.82926e-71
-4.69243e-71
-9.25198e-71
4.07978e-70
-6.99105e-71
-2.19015e-69
3.42564e-69
7.37872e-69
-2.8291e-68
-3.23752e-69
1.53956e-67
-1.70395e-67
-5.9576e-67
1.55956e-66
1.26987e-66
-9.1981e-66
3.45271e-66
4.15275e-65
-5.82543e-65
-1.42607e-64
4.1063e-64
2.94238e-64
-2.1669e-63
5.06724e-64
9.42719e-63
-9.85262e-63
-3.42923e-62
6.91253e-62
9.93083e-62
-3.67522e-61
-1.75985e-61
1.6665e-60
-3.05748e-61
-6.71143e-60
5.12318e-60
2.4373e-59
-3.34728e-59
-7.98575e-59
1.70293e-58
2.32314e-58
-7.58476e-58
-5.70027e-58
3.09154e-57
9.75835e-58
-1.17975e-56
3.37089e-58
4.27507e-56
-1.3642e-56
-1.48606e-55
8.53359e-56
4.99565e-55
-4.00643e-55
-1.63551e-54
1.64165e-54
5.2479e-54
-6.17222e-54
-1.65997e-53
2.1783e-53
5.20212e-53
-7.30155e-53
-1.62153e-52
2.33864e-52
5.03918e-52
-7.17417e-52
-1.56211e-51
2.10622e-51
4.82369e-51
-5.89336e-51
-1.47919e-50
1.5579e-50
4.48476e-50
-3.82559e-50
-1.33732e-49
8.42703e-50
3.89895e-49
-1.52251e-49
-1.10423e-48
1.50025e-49
3.01562e-48
4.13035e-49
-7.87114e-48
-3.44742e-48
1.94028e-47
1.52993e-47
-4.43593e-47
-5.47451e-47
9.10514e-47
1.71838e-46
-1.55783e-46
-4.86065e-46
1.68766e-46
1.24618e-45
1.69704e-46
-2.87163e-45
-1.79887e-45
5.78772e-45
7.13803e-45
-9.4862e-45
-2.13691e-44
9.49808e-45
5.31888e-44
9.95263e-45
-1.1108e-43
-8.9473e-44
1.84748e-43
3.09794e-43
-1.92482e-43
-7.82732e-43
-1.25231e-43
1.5436e-42
1.34263e-42
-2.20546e-42
-4.33879e-42
1.24023e-42
9.63626e-42
4.9213e-42
-1.5207e-41
-2.17102e-41
1.21399e-41
5.19334e-41
1.98381e-41
-8.2345e-41
-1.0813e-40
6.09947e-41
2.55989e-40
1.15755e-40
-3.67435e-40
-5.5043e-40
1.56175e-40
1.14477e-39
8.15882e-40
-1.2568e-39
-2.68825e-39
-4.54782e-40
4.27133e-39
5.16028e-39
-2.09702e-39
-1.11319e-38
-8.18501e-39
1.03065e-38
2.51501e-38
1.0108e-38
-3.12943e-38
-5.2164e-38
-6.7973e-39
7.92709e-38
1.03347e-37
-1.00039e-38
-1.82436e-37
-2.02281e-37
5.39792e-38
3.96604e-37
4.02514e-37
-1.41441e-37
-8.3049e-37
-8.29536e-37
2.71468e-37
1.6866e-36
1.77571e-36
-3.51127e-37
-3.30748e-36
-3.89751e-36
-3.07167e-38
6.15844e-36
8.57202e-36
2.19329e-36
-1.05002e-35
-1.83796e-35
-9.69366e-36
1.50714e-35
3.72396e-35
3.07969e-35
-1.32791e-35
-6.83676e-35
-8.16154e-35
-1.55166e-35
1.05095e-34
1.85633e-34
1.20942e-34
-1.04723e-34
-3.54813e-34
-3.94166e-34
-6.55263e-35
5.17792e-34
9.3623e-34
6.96803e-34
-3.45801e-34
-1.66939e-33
-2.2051e-33
-1.0128e-33
1.80635e-33
4.63908e-33
4.96327e-33
1.05397e-33
-6.09506e-33
-1.21418e-32
-1.12469e-32
-1.54059e-34
1.76845e-32
3.12596e-32
2.68185e-32
-2.53058e-33
-4.74833e-32
-8.09036e-32
-6.92177e-32
4.99862e-33
1.20457e-31
2.11625e-31
1.93463e-31
1.44122e-32
-2.86018e-31
-5.54412e-31
-5.70702e-31
-1.69962e-31
6.0672e-31
1.42223e-30
1.7105e-30
9.41164e-31
-9.89427e-31
-3.43593e-30
-5.00545e-30
-4.06357e-30
3.05847e-31
7.25987e-30
1.37061e-29
1.49916e-29
7.00485e-30
-1.08345e-29
-3.30667e-29
-4.80086e-29
-4.13541e-29
-3.54759e-30
6.13605e-29
1.29855e-28
1.61363e-28
1.12361e-28
-3.92176e-29
-2.67444e-28
-4.83836e-28
-5.50301e-28
-3.28655e-28
2.39365e-28
1.04816e-27
1.78474e-27
1.9742e-27
1.14327e-27
-9.14897e-28
-3.8558e-27
-6.6184e-27
-7.54118e-27
-4.8717e-27
2.35313e-27
1.32823e-26
2.45182e-26
3.02332e-26
2.36061e-26
-3.13292e-28
-4.08402e-26
-8.82838e-26
-1.2287e-25
-1.17938e-25
-4.85832e-26
9.49116e-26
2.9218e-25
4.82484e-25
5.66806e-25
4.29328e-25
-1.90589e-26
-7.80804e-25
-1.71177e-24
-2.48827e-24
-2.63333e-24
-1.62931e-24
8.75893e-25
4.79722e-24
9.34962e-24
1.29123e-23
1.31617e-23
7.59575e-24
-5.51045e-24
-2.58247e-23
-4.9665e-23
-6.92123e-23
-7.28855e-23
-4.75104e-23
1.73724e-23
1.2332e-22
2.56068e-22
3.80081e-22
4.37659e-22
3.56053e-22
6.53528e-23
-4.72228e-22
-1.22477e-21
-2.05298e-21
-2.68623e-21
-2.73044e-21
-1.72685e-21
7.23945e-22
4.77171e-21
1.0081e-20
1.56007e-20
1.94228e-20
1.88402e-20
1.07233e-20
-7.68787e-21
-3.755e-20
-7.68401e-20
-1.18714e-19
-1.50289e-19
-1.52541e-19
-1.02144e-19
2.39595e-20
2.40764e-19
5.4431e-19
8.98879e-19
1.22482e-18
1.39121e-18
1.21888e-18
5.0062e-19
-9.55497e-19
-3.25537e-18
-6.32184e-18
-9.78021e-18
-1.28466e-17
-1.42526e-17
-1.22539e-17
-4.78093e-18
1.02059e-17
3.41062e-17
6.67922e-17
1.05481e-16
1.43492e-16
1.69124e-16
1.65046e-16
1.08724e-16
-2.5468e-17
-2.61726e-16
-6.1528e-16
-1.08146e-15
-1.62158e-15
-2.14664e-15
-2.50137e-15
-2.45236e-15
-1.68638e-15
1.73229e-16
3.52261e-15
8.69528e-15
1.58322e-14
2.46975e-14
3.44405e-14
4.33157e-14
4.83911e-14
4.52981e-14
2.81073e-14
-1.05476e-14
-7.89405e-14
-1.8512e-13
-3.34954e-13
-5.29119e-13
-7.58856e-13
-1.00038e-12
-1.20803e-12
-1.30655e-12
-1.18323e-12
-6.81413e-13
4.02499e-13
2.31531e-12
5.33215e-12
9.72461e-12
1.57048e-11
2.33366e-11
3.24051e-11
4.22337e-11
5.14409e-11
5.76312e-11
5.70198e-11
4.40028e-11
1.06992e-11
-5.34847e-11
-1.62183e-10
-3.32157e-10
-5.82948e-10
-9.35808e-10
-1.41152e-09
-2.02659e-09
-2.78707e-09
-3.67909e-09
-4.65492e-09
-5.61303e-09
-6.37017e-09
-6.62309e-09
-5.89703e-09
-3.47729e-09
1.68046e-09
1.10662e-08
2.67642e-08
5.16412e-08
8.95832e-08
1.4579e-07
2.27137e-07
3.42622e-07
5.03906e-07
7.25967e-07
1.02788e-06
1.43374e-06
1.97381e-06
2.68573e-06
3.61614e-06
4.82236e-06
6.37447e-06
8.35762e-06
1.08748e-05
1.40496e-05
1.80302e-05
2.29926e-05
2.91453e-05
3.67344e-05
4.60481e-05
5.74235e-05
7.12527e-05
8.79897e-05
0.000108158
0.00013236
0.000161284
0.000195714
0.000236543
0.000284779
0.000341559
0.00040816
0.000486012
0.000576709
0.000682024
0.000803919
0.000944563
0.00110634
0.00129187
0.001504
0.00174586
0.00202083
0.00233258
0.00268505
0.00308251
0.00352951
0.00403094
0.004592
0.0052182
0.0059154
0.00668978
0.00754784
0.00849638
0.00954255
0.0106938
0.0119578
0.0133425
0.0148563
0.0165075
0.0183049
0.0202574
0.0223739
0.0246636
0.0271358
0.0297996
0.0326644
0.0357394
0.0390338
0.0425566
0.0463166
0.0503225
0.0545826
0.059105
0.0638973
0.0689668
0.0743203
0.079964
0.0859035
0.092144
0.0986899
0.105545
0.112712
0.120193
0.12799
0.136103
0.144533
0.153277
0.162334
0.171701
0.181374
0.191348
0.201618
0.212177
0.223018
0.234132
0.24551
0.257142
0.269018
0.281126
0.293454
0.305989
0.318717
0.331624
0.344695
0.357916
0.371271
0.384744
0.398319
0.41198
0.425709
0.43949
0.453306
0.467141
0.480977
0.494799
0.508589
0.522331
0.536009
0.549608
0.563112
0.576507
0.589777
0.602909
0.615889
0.628704
0.641341
0.653789
0.666037
0.678072
0.689886
0.701468
0.71281
0.723902
0.734737
0.745308
0.755607
0.765629
0.775366
0.784815
0.793969
0.802824
0.811376
0.819621
0.827554
0.835173
0.842475
0.849456
0.856114
0.862445
0.868448
0.874119
0.879456
0.884457
0.889119
0.893439
0.897415
0.901044
0.904324
0.907251
0.909823
0.912036
0.913889
0.915377
0.916498
0.917249
0.917626
0.917626
0.917247
0.916485
0.915337
0.913802
0.911876
0.909556
0.906842
0.903731
0.900222
0.896315
0.892007
0.8873
0.882194
0.876689
0.870788
0.864493
0.857805
0.85073
0.843271
0.835432
0.82722
0.818642
0.809703
0.800412
0.790779
0.780811
0.77052
0.759916
0.749011
0.737817
0.726348
0.714616
0.702637
0.690424
0.677994
0.665361
0.652543
0.639555
0.626415
0.61314
0.599747
0.586254
0.572678
0.559038
0.54535
0.531633
0.517904
0.50418
0.490478
0.476815
0.463209
0.449673
0.436225
0.42288
0.409651
0.396554
0.383602
0.370806
0.358181
0.345737
0.333486
0.321437
0.3096
0.297983
0.286596
0.275444
0.264535
0.253874
0.243466
0.233317
0.223428
0.213804
0.204447
0.195359
0.186539
0.177991
0.169703
0.161728
0.153811
0.147152
0.136082
)
;

boundaryField
{
    sides
    {
        type            zeroGradient;
    }
    empty
    {
        type            empty;
    }
}


// ************************************************************************* //
