/*--------------------------------*- C++ -*----------------------------------*\
  =========                 |
  \\      /  F ield         | OpenFOAM: The Open Source CFD Toolbox
   \\    /   O peration     | Website:  https://openfoam.org
    \\  /    A nd           | Version:  7
     \\/     M anipulation  |
\*---------------------------------------------------------------------------*/
FoamFile
{
    version     2.0;
    format      ascii;
    class       volScalarField;
    location    "4.29";
    object      T;
}
// * * * * * * * * * * * * * * * * * * * * * * * * * * * * * * * * * * * * * //

dimensions      [0 0 0 1 0 0 0];

internalField   nonuniform List<scalar> 
1000
(
0
0
0
0
0
0
0
0
0
0
0
0
0
0
0
0
0
0
0
0
0
0
0
0
0
0
0
0
0
0
0
0
0
0
0
0
0
0
0
0
0
0
0
0
0
0
0
0
0
0
0
0
0
0
0
0
0
0
0
0
0
0
0
0
0
0
0
0
0
0
0
0
0
0
0
0
0
0
0
0
0
0
0
0
0
0
0
-2.47033e-323
1.07212e-321
-4.8122e-320
2.134e-318
-9.29729e-317
3.98071e-315
-1.67528e-313
6.93128e-312
-2.81979e-310
1.12816e-308
-4.43967e-307
1.71878e-305
-6.54714e-304
2.45419e-302
-9.05433e-301
3.28819e-299
-1.17563e-297
4.13861e-296
-1.43473e-294
4.89855e-293
-1.64743e-291
5.45804e-290
-1.7816e-288
5.73031e-287
-1.8163e-285
5.67396e-284
-1.74712e-282
5.3032e-281
-1.58701e-279
4.68261e-278
-1.3624e-276
3.90908e-275
-1.1062e-273
3.08758e-272
-8.50099e-271
2.309e-269
-6.18752e-268
1.636e-266
-4.26831e-265
1.09893e-263
-2.79225e-262
7.00236e-261
-1.73328e-259
4.23504e-258
-1.02151e-256
2.43246e-255
-5.71876e-254
1.3275e-252
-3.04277e-251
6.88706e-250
-1.5394e-248
3.3982e-247
-7.40878e-246
1.5954e-244
-3.39344e-243
7.12985e-242
-1.47983e-240
3.03426e-239
-6.14646e-238
1.23012e-236
-2.43244e-235
4.75251e-234
-9.1751e-233
1.75034e-231
-3.2997e-230
6.14728e-229
-1.13179e-227
2.05936e-226
-3.70344e-225
6.58256e-224
-1.15642e-222
2.00808e-221
-3.44671e-220
5.84786e-219
-9.80782e-218
1.62608e-216
-2.66511e-215
4.31822e-214
-6.91703e-213
1.0954e-211
-1.71501e-210
2.6547e-209
-4.06283e-208
6.14767e-207
-9.19753e-206
1.36056e-204
-1.99001e-203
2.878e-202
-4.11558e-201
5.81943e-200
-8.13664e-199
1.12494e-197
-1.53793e-196
2.07909e-195
-2.77932e-194
3.67399e-193
-4.80256e-192
6.20793e-191
-7.93525e-190
1.00303e-188
-1.25375e-187
1.54971e-186
-1.89421e-185
2.28955e-184
-2.7366e-183
3.23453e-182
-3.78048e-181
4.36935e-180
-4.99366e-179
5.64349e-178
-6.30667e-177
6.96903e-176
-7.6148e-175
8.22723e-174
-8.78924e-173
9.28423e-172
-9.69682e-171
1.00137e-169
-1.02243e-168
1.03213e-167
-1.03014e-166
1.01648e-165
-9.91602e-165
9.56311e-164
-9.11744e-163
8.59302e-162
-8.00579e-161
7.37283e-160
-6.71153e-159
6.0388e-158
-5.37039e-157
4.72029e-156
-4.10036e-155
3.52004e-154
-2.98624e-153
2.50342e-152
-2.07374e-151
1.69731e-150
-1.37256e-149
1.09659e-148
-8.65504e-148
6.7481e-147
-5.197e-146
3.95324e-145
-2.96997e-144
2.20353e-143
-1.61443e-142
1.16793e-141
-8.34208e-141
5.88241e-140
-4.09467e-139
2.81334e-138
-1.90776e-137
1.27665e-136
-8.42989e-136
5.49189e-135
-3.52953e-134
2.23744e-133
-1.39884e-132
8.6238e-132
-5.24181e-131
3.14084e-130
-1.85489e-129
1.07949e-128
-6.18967e-128
3.49602e-127
-1.94467e-126
1.06508e-125
-5.74223e-125
3.04666e-124
-1.59034e-123
8.16486e-123
-4.12153e-122
2.04487e-121
-9.96798e-121
4.77199e-120
-2.24257e-119
1.03402e-118
-4.67533e-118
2.0717e-117
-8.99032e-117
3.8179e-116
-1.58524e-115
6.42912e-115
-2.54385e-114
9.8068e-114
-3.67752e-113
1.33883e-112
-4.72054e-112
1.60701e-111
-5.26095e-111
1.6472e-110
-4.89378e-110
1.36292e-109
-3.48476e-109
7.84596e-109
-1.39325e-108
1.06257e-108
5.72121e-108
-3.88818e-107
1.57142e-106
-5.0095e-106
1.31025e-105
-2.65986e-105
2.98074e-105
6.14422e-105
-5.36183e-104
2.1329e-103
-6.12333e-103
1.27541e-102
-1.32022e-102
-3.57579e-102
2.65776e-101
-9.46084e-101
2.28518e-100
-3.15853e-100
-3.01563e-100
3.66421e-99
-1.3684e-98
3.18907e-98
-3.56185e-98
-8.1907e-98
5.98024e-97
-1.87098e-96
3.33386e-96
-9.67934e-98
-2.32322e-95
9.21417e-95
-1.95783e-94
1.10696e-94
9.38285e-94
-4.2974e-93
9.54422e-93
-5.71816e-93
-4.41886e-92
1.97708e-91
-4.05066e-91
9.70624e-92
2.36794e-90
-8.77685e-90
1.41271e-89
1.03855e-89
-1.26961e-88
3.48116e-88
-3.02848e-88
-1.27937e-87
5.98706e-87
-1.04993e-86
-5.74548e-87
8.39979e-86
-2.16326e-85
1.15262e-85
1.01298e-84
-3.64905e-84
4.16375e-84
1.07181e-83
-5.53726e-83
8.68738e-83
1.00417e-82
-7.93877e-82
1.49403e-81
8.5686e-82
-1.11069e-80
2.3105e-80
7.73395e-81
-1.54869e-79
3.31834e-79
1.05033e-79
-2.17182e-78
4.46214e-78
2.20808e-78
-3.05132e-77
5.56057e-77
5.04298e-77
-4.2291e-76
6.20445e-76
1.05748e-75
-5.64236e-75
5.65715e-75
1.97377e-74
-7.00688e-74
2.85319e-74
3.26404e-73
-7.6938e-73
-3.33368e-73
4.73559e-72
-6.70614e-72
-1.33667e-71
5.86506e-71
-2.93675e-71
-2.5864e-70
5.78237e-70
4.12371e-70
-3.64715e-69
3.54456e-69
1.33102e-68
-3.80373e-68
-1.18622e-68
2.09743e-67
-2.3624e-67
-7.26311e-67
2.16537e-66
7.40678e-67
-1.16936e-65
1.12211e-65
4.34821e-65
-1.07823e-64
-8.34434e-65
6.19949e-64
-3.01562e-64
-2.646e-63
4.3093e-63
8.05966e-63
-2.87566e-62
-9.21728e-63
1.44339e-61
-9.42302e-62
-5.86189e-61
9.65736e-61
1.86684e-60
-6.0352e-60
-3.58834e-60
3.04368e-59
-7.24299e-60
-1.3244e-58
1.28632e-58
5.04846e-58
-9.16319e-58
-1.65218e-57
5.0998e-57
4.22517e-57
-2.48767e-56
-4.7137e-57
1.11021e-55
-3.58081e-56
-4.62997e-55
3.6721e-55
1.82626e-54
-2.32384e-54
-6.86494e-54
1.23685e-53
2.47177e-53
-5.99322e-53
-8.55767e-53
2.73488e-52
2.86e-52
-1.19707e-51
-9.27942e-52
5.08345e-51
2.95454e-51
-2.1105e-50
-9.42662e-51
8.61155e-50
3.1248e-50
-3.46532e-49
-1.12795e-49
1.37784e-48
4.58073e-49
-5.41553e-48
-2.07351e-48
2.1021e-47
1.00254e-47
-8.0386e-47
-4.95335e-47
3.01629e-46
2.4282e-46
-1.1039e-45
-1.16234e-45
3.90624e-45
5.38935e-45
-1.3188e-44
-2.40949e-44
4.15428e-44
1.03506e-43
-1.16812e-43
-4.25514e-43
2.60453e-43
1.66475e-42
-2.25027e-43
-6.14539e-42
-2.09656e-42
2.11054e-41
1.83278e-41
-6.57247e-41
-1.01419e-40
1.7552e-40
4.61638e-40
-3.38212e-40
-1.83098e-39
3.81788e-42
6.37845e-39
4.32717e-39
-1.90225e-38
-2.85424e-38
4.42759e-38
1.30925e-37
-4.97766e-38
-4.83551e-37
-2.22157e-37
1.44546e-36
1.96424e-36
-3.14282e-36
-9.30539e-36
2.09595e-36
3.26961e-35
2.35306e-35
-8.50664e-35
-1.59148e-34
1.20964e-34
6.3809e-34
2.57402e-34
-1.79249e-33
-2.71186e-33
2.84603e-33
1.17456e-32
3.88696e-33
-3.28901e-32
-4.96175e-32
4.64032e-32
2.09898e-31
1.03603e-31
-5.29626e-31
-9.66658e-31
4.46379e-31
3.53982e-30
3.1107e-30
-6.85586e-30
-1.84024e-29
-3.32782e-30
5.13927e-29
7.9265e-29
-4.68724e-29
-3.02672e-28
-2.81599e-28
5.06193e-28
1.55904e-27
7.45725e-28
-3.52109e-27
-7.37944e-27
-6.36761e-28
2.06428e-26
3.31948e-26
-9.14353e-27
-1.10408e-25
-1.46219e-25
8.72903e-26
5.59172e-25
6.49689e-25
-5.41467e-25
-2.7367e-24
-2.98913e-24
2.75557e-24
1.30706e-23
1.44447e-23
-1.19125e-23
-6.09647e-23
-7.29906e-23
4.12535e-23
2.7537e-22
3.77661e-22
-7.91213e-23
-1.18138e-21
-1.94348e-21
-3.53328e-22
4.63992e-21
9.643e-21
5.60715e-21
-1.54108e-20
-4.46044e-20
-4.45564e-20
3.30698e-20
1.8381e-19
2.73821e-19
5.41709e-20
-6.18259e-19
-1.38664e-18
-1.17564e-18
1.25429e-18
5.6613e-18
8.40854e-18
2.68933e-18
-1.62912e-17
-4.13075e-17
-4.52982e-17
1.02775e-17
1.3902e-16
2.73796e-16
2.37747e-16
-1.82202e-16
-1.00902e-15
-1.76784e-15
-1.36561e-15
1.43454e-15
6.69388e-15
1.15347e-14
9.38013e-15
-7.56814e-15
-4.10244e-14
-7.60775e-14
-7.45512e-14
1.54375e-14
2.22302e-13
4.88137e-13
6.10204e-13
2.50561e-13
-9.07127e-13
-2.81378e-12
-4.60679e-12
-4.33686e-12
6.61508e-13
1.22705e-11
2.88404e-11
4.19603e-11
3.48323e-11
-1.4453e-11
-1.21314e-10
-2.73583e-10
-4.05365e-10
-3.79134e-10
1.14114e-12
9.18024e-10
2.38946e-09
4.04631e-09
4.89995e-09
3.23602e-09
-3.15457e-09
-1.61579e-08
-3.57391e-08
-5.75803e-08
-7.03872e-08
-5.39174e-08
2.04629e-08
1.84186e-07
4.58022e-07
8.28418e-07
1.21309e-06
1.419e-06
1.10168e-06
-2.57092e-07
-3.32611e-06
-8.81805e-06
-1.72504e-05
-2.85174e-05
-4.12119e-05
-5.16416e-05
-5.2494e-05
-3.11298e-05
3.24838e-05
0.000168146
0.000418001
0.000839162
0.0015062
0.00251325
0.00397546
0.0060296
0.00883349
0.0125642
0.0174147
0.0235894
0.0312977
0.0407474
0.052136
0.0656429
0.0814202
0.0995849
0.120212
0.143327
0.168904
0.196864
0.227071
0.259337
0.293428
0.329065
0.365939
0.403712
0.442031
0.48054
0.518883
0.556722
0.593737
0.629638
0.664169
0.697113
0.728293
0.757573
0.784861
0.810102
0.833278
0.854407
0.873533
0.890727
0.90608
0.919697
0.931697
0.942202
0.951342
0.959244
0.966034
0.971835
0.97676
0.980918
0.984408
0.987321
0.989739
0.991735
0.993373
0.994712
0.995799
0.996678
0.997385
0.997951
0.998401
0.998758
0.999039
0.99926
0.999432
0.999566
0.99967
0.99975
0.999811
0.999858
0.999894
0.999921
0.999941
0.999957
0.999968
0.999977
0.999983
0.999988
0.999991
0.999993
0.999995
0.999996
0.999997
0.999997
0.999998
0.999998
0.999998
1
1
1.00001
1.00002
1.00003
1.00004
1.00005
1.00005
1.00003
0.999968
0.999832
0.999582
0.999161
0.998494
0.997487
0.996025
0.99397
0.991167
0.987436
0.982585
0.976411
0.968702
0.959253
0.947864
0.934357
0.91858
0.900415
0.879788
0.856673
0.831096
0.803136
0.772929
0.740663
0.706572
0.670935
0.634061
0.596288
0.557969
0.51946
0.481117
0.443278
0.406263
0.370362
0.335831
0.302887
0.271707
0.242427
0.215139
0.189898
0.166722
0.145593
0.126467
0.109273
0.0939199
0.0803025
0.0683033
0.0577979
0.0486582
0.0407561
0.0339655
0.0281653
0.02324
0.0190822
0.0155921
0.0126792
0.0102613
0.00826537
0.00662657
0.00528815
0.00420074
0.00332182
0.00261502
0.00204947
0.00159918
0.00124239
0.000961055
0.000740261
0.000567789
0.000433685
0.000329888
0.000249908
0.000188554
0.000141694
0.000106058
7.90737e-05
5.87265e-05
4.34477e-05
3.20219e-05
2.35122e-05
1.71997e-05
1.25357e-05
9.10308e-06
6.58659e-06
4.74876e-06
3.41164e-06
2.44244e-06
1.74253e-06
1.23892e-06
8.77874e-07
6.19954e-07
4.36355e-07
3.06117e-07
2.14051e-07
1.49191e-07
1.03652e-07
7.17855e-08
4.95601e-08
3.41096e-08
2.34037e-08
1.60091e-08
1.09179e-08
7.42356e-09
5.03267e-09
3.40181e-09
2.29276e-09
1.54084e-09
1.03256e-09
6.9e-10
4.59796e-10
3.05546e-10
2.02485e-10
1.33822e-10
8.82045e-11
5.79819e-11
3.80139e-11
2.48572e-11
1.62119e-11
1.05461e-11
6.84293e-12
4.42885e-12
2.85924e-12
1.84131e-12
1.18286e-12
7.58014e-13
4.84583e-13
3.0904e-13
1.9662e-13
1.248e-13
7.90281e-14
4.99277e-14
3.14703e-14
1.97911e-14
1.24181e-14
7.77435e-15
4.85631e-15
3.02685e-15
1.88245e-15
1.16819e-15
7.23379e-16
4.46984e-16
2.75612e-16
1.69586e-16
1.0413e-16
6.38066e-17
3.90179e-17
2.3811e-17
1.45015e-17
8.81414e-18
5.34667e-18
3.23691e-18
1.95581e-18
1.17945e-18
7.09902e-19
4.26467e-19
2.5571e-19
1.53036e-19
9.14173e-20
5.45077e-20
3.24405e-20
1.92719e-20
1.14281e-20
6.76462e-21
3.99703e-21
2.35755e-21
1.3881e-21
8.15873e-22
4.78709e-22
2.80397e-22
1.63958e-22
9.57097e-23
5.57761e-23
3.245e-23
1.88478e-23
1.09292e-23
6.32717e-24
3.65699e-24
2.11027e-24
1.21578e-24
6.99332e-25
4.01629e-25
2.30296e-25
1.31847e-25
7.53674e-26
4.30159e-26
2.45139e-26
1.39488e-26
7.9252e-27
4.49607e-27
2.5469e-27
1.44062e-27
8.13675e-28
4.58903e-28
2.58442e-28
1.45339e-28
8.16175e-29
4.57686e-29
2.56296e-29
1.4332e-29
8.00333e-30
4.46308e-30
2.48544e-30
1.38223e-30
7.6766e-31
4.25769e-31
2.3583e-31
1.30451e-31
7.20647e-32
3.97584e-32
2.19063e-32
1.20544e-32
6.62469e-33
3.63605e-33
1.99316e-33
1.0912e-33
5.96658e-34
3.25839e-34
1.77722e-34
9.68157e-35
5.26766e-35
2.86261e-35
1.55375e-35
8.42318e-36
4.56093e-36
2.46669e-36
1.33249e-36
7.18955e-37
3.87466e-37
2.08574e-37
1.12147e-37
6.02306e-38
3.23111e-38
1.73138e-38
9.26714e-39
4.95464e-39
2.64603e-39
1.41155e-39
7.52178e-40
4.00377e-40
2.12885e-40
1.13071e-40
5.99914e-41
3.17953e-41
1.68335e-41
8.9028e-42
4.70351e-42
2.48235e-42
1.30874e-42
6.89274e-43
3.62648e-43
1.90605e-43
1.00078e-43
5.24937e-44
2.75066e-44
1.4399e-44
7.53e-45
3.93394e-45
2.05321e-45
1.07056e-45
5.57658e-46
2.90204e-46
1.50876e-46
7.8366e-47
4.06501e-47
2.12229e-47
9.42613e-48
)
;

boundaryField
{
    sides
    {
        type            zeroGradient;
    }
    empty
    {
        type            empty;
    }
}


// ************************************************************************* //
