/*--------------------------------*- C++ -*----------------------------------*\
  =========                 |
  \\      /  F ield         | OpenFOAM: The Open Source CFD Toolbox
   \\    /   O peration     | Website:  https://openfoam.org
    \\  /    A nd           | Version:  7
     \\/     M anipulation  |
\*---------------------------------------------------------------------------*/
FoamFile
{
    version     2.0;
    format      ascii;
    class       volScalarField;
    location    "0.13";
    object      T;
}
// * * * * * * * * * * * * * * * * * * * * * * * * * * * * * * * * * * * * * //

dimensions      [0 0 0 1 0 0 0];

internalField   nonuniform List<scalar> 
1000
(
0
0
0
0
0
0
0
0
0
0
0
0
0
0
0
0
0
0
0
0
0
0
0
0
0
0
0
0
0
0
0
0
0
0
0
0
0
0
0
0
0
0
0
0
0
0
0
0
0
0
0
0
0
0
0
0
0
0
0
0
0
0
0
0
0
0
0
0
0
0
0
0
0
0
0
0
0
0
0
0
0
0
0
0
0
0
0
0
0
0
0
0
0
0
0
0
0
0
0
0
0
0
0
0
0
0
0
0
0
0
0
0
0
0
0
0
0
0
0
0
0
0
0
0
0
0
0
0
0
0
0
0
0
0
0
0
0
0
0
0
0
0
0
0
0
0
0
0
0
0
0
0
0
0
0
0
0
0
0
0
0
0
0
0
0
0
0
0
0
0
0
0
0
0
0
0
0
0
0
0
0
0
0
0
0
0
0
0
0
0
0
0
0
0
0
0
0
0
0
0
0
0
0
0
0
0
0
0
0
0
0
0
0
0
0
0
0
0
0
0
0
0
0
0
0
0
0
0
0
0
0
0
0
0
0
0
0
0
0
0
0
0
0
0
0
0
0
0
0
0
0
0
0
0
0
0
0
0
0
0
0
0
0
0
0
0
0
0
0
0
0
0
0
0
0
0
0
0
0
0
0
0
0
0
0
0
0
0
0
0
0
0
0
0
0
0
0
0
0
0
0
0
0
0
0
0
0
0
0
0
0
0
0
0
0
0
0
0
0
0
0
0
0
0
0
0
0
0
0
0
0
0
0
0
0
0
0
0
0
0
0
0
0
0
0
0
0
0
0
0
0
0
0
0
0
0
0
0
0
0
0
0
0
0
0
0
0
0
0
0
0
0
0
0
0
0
0
0
0
0
0
0
0
0
0
0
0
0
0
0
0
0
0
0
0
0
0
0
0
0
0
0
0
0
0
0
0
0
0
0
0
0
0
0
0
0
0
0
0
0
0
0
0
0
0
0
0
0
0
0
0
0
0
0
0
0
0
-7.65656e-11
2.24592e-09
-2.77253e-08
1.79935e-07
-5.86917e-07
3.37971e-07
3.87907e-06
-9.37889e-06
-9.85622e-06
5.21908e-05
1.79095e-05
-0.000185474
-8.27326e-05
0.000468297
0.000471638
-0.000631272
-0.00150445
-0.000575933
0.00172186
0.00339447
0.0028174
-0.000280586
-0.00498608
-0.00965194
-0.012278
-0.0108477
-0.0036159
0.0106923
0.0327826
0.0627794
0.100281
0.144456
0.194162
0.248071
0.304778
0.362903
0.421161
0.478417
0.533718
0.586305
0.635614
0.681262
0.723032
0.760846
0.794741
0.824847
0.85136
0.874525
0.894614
0.911914
0.926715
0.9393
0.949939
0.958881
0.96636
0.972582
0.977735
0.981983
0.98547
0.98832
0.990641
0.992523
0.994044
0.99527
0.996253
0.99704
0.997668
0.998167
0.998563
0.998876
0.999122
0.999317
0.999469
0.999588
0.999681
0.999754
0.99981
0.999854
0.999888
0.999914
0.999934
0.99995
0.999962
0.999971
0.999978
0.999983
0.999987
0.99999
0.999993
0.999994
0.999996
0.999997
0.999998
0.999998
0.999999
0.999999
0.999999
0.999999
1
1
1
1
1
1
1
1
0.999996
1.00001
1.00001
0.999948
0.999982
1.00019
1.00008
0.999532
0.999528
1.00063
1.0015
1.00058
0.998278
0.996606
0.997183
1.00028
1.00499
1.00965
1.01228
1.01085
1.00362
0.989308
0.967217
0.937221
0.899719
0.855544
0.805838
0.751929
0.695222
0.637097
0.578839
0.521583
0.466282
0.413695
0.364386
0.318738
0.276968
0.239154
0.205259
0.175153
0.14864
0.125475
0.105386
0.088086
0.0732847
0.0606996
0.0500614
0.0411185
0.0336402
0.0274178
0.022265
0.018017
0.0145303
0.0116801
0.0093594
0.00747702
0.00595569
0.00473043
0.00374693
0.00296003
0.00233237
0.00183322
0.00143741
0.00112442
0.000877583
0.000683422
0.000531077
0.000411833
0.000318716
0.000246169
0.00018977
0.000146021
0.000112153
8.59888e-05
6.58148e-05
5.02894e-05
3.83635e-05
2.92191e-05
2.22197e-05
1.68714e-05
1.27914e-05
9.68404e-06
7.32116e-06
5.52718e-06
4.16715e-06
3.13763e-06
2.3594e-06
1.77196e-06
1.32914e-06
9.95769e-07
7.45132e-07
5.56934e-07
4.15797e-07
3.10081e-07
2.30991e-07
1.7189e-07
1.27777e-07
9.48872e-08
7.03923e-08
5.21691e-08
3.86261e-08
2.85716e-08
2.11147e-08
1.55896e-08
1.14999e-08
8.47562e-09
6.24125e-09
4.59199e-09
3.37572e-09
2.47956e-09
1.81984e-09
1.33458e-09
9.77952e-10
7.16072e-10
5.23923e-10
3.8305e-10
2.79851e-10
2.04308e-10
1.49051e-10
1.08664e-10
7.91653e-11
5.76359e-11
4.19336e-11
3.04893e-11
2.2154e-11
1.60873e-11
1.16746e-11
8.46706e-12
6.13707e-12
4.44559e-12
3.21841e-12
2.32864e-12
1.68389e-12
1.21698e-12
8.79039e-13
6.34594e-13
4.57877e-13
3.30195e-13
2.37993e-13
1.71448e-13
1.23446e-13
8.88392e-14
6.39021e-14
4.59422e-14
3.3014e-14
2.37125e-14
1.70235e-14
1.22158e-14
8.76176e-15
6.28152e-15
4.50136e-15
3.22426e-15
2.30848e-15
1.65209e-15
1.18183e-15
8.45076e-16
6.04024e-16
4.31553e-16
3.08204e-16
2.20022e-16
1.57008e-16
1.11998e-16
7.98595e-17
5.69216e-17
4.05568e-17
2.8886e-17
2.0566e-17
1.46371e-17
1.04136e-17
7.40616e-18
5.26539e-18
3.74211e-18
2.65859e-18
1.88816e-18
1.34054e-18
9.5142e-19
6.75029e-19
4.78774e-19
3.39467e-19
2.40617e-19
1.70497e-19
1.20773e-19
8.55239e-20
6.05441e-20
4.28474e-20
3.03142e-20
2.14407e-20
1.51601e-20
1.07162e-20
7.5727e-21
5.3498e-21
3.77834e-21
2.66774e-21
1.88306e-21
1.32882e-21
9.37451e-22
6.61172e-22
4.66191e-22
3.28623e-22
2.3159e-22
1.63165e-22
1.14927e-22
8.09297e-23
5.69749e-23
4.01006e-23
2.82169e-23
1.98501e-23
1.39608e-23
9.81637e-24
6.90064e-24
4.84981e-24
3.40768e-24
2.39382e-24
1.68122e-24
1.18048e-24
8.28689e-25
5.81606e-25
4.08103e-25
2.86296e-25
2.00801e-25
1.40806e-25
9.87152e-26
6.91918e-26
4.84878e-26
3.39719e-26
2.37968e-26
1.66658e-26
1.16693e-26
8.16914e-27
5.71769e-27
4.00109e-27
2.79931e-27
1.95811e-27
1.36943e-27
9.57544e-28
6.69414e-28
4.67895e-28
3.26979e-28
2.2846e-28
1.59596e-28
1.11469e-28
7.78402e-29
5.43472e-29
3.79379e-29
2.64783e-29
1.8477e-29
1.28913e-29
8.99265e-30
6.27195e-30
4.37365e-30
3.04937e-30
2.12571e-30
1.48158e-30
1.03246e-30
7.1937e-31
5.0114e-31
3.49056e-31
2.43087e-31
1.69261e-31
1.17838e-31
8.20248e-32
5.70869e-32
3.97247e-32
2.76387e-32
1.92268e-32
1.33731e-32
9.30019e-33
6.46675e-33
4.49589e-33
3.12522e-33
2.17211e-33
1.50946e-33
1.04881e-33
7.28636e-34
5.0613e-34
3.51522e-34
2.44107e-34
1.69492e-34
1.17668e-34
8.16782e-35
5.66886e-35
3.93392e-35
2.72959e-35
1.8937e-35
1.31361e-35
9.11096e-36
6.31838e-36
4.38117e-36
3.03751e-36
2.10567e-36
1.45951e-36
1.01151e-36
7.00933e-37
4.85656e-37
3.36455e-37
2.33062e-37
1.61422e-37
1.1179e-37
7.74083e-38
5.35945e-38
3.71024e-38
2.56821e-38
1.7775e-38
1.23009e-38
8.51164e-39
5.88897e-39
4.07394e-39
2.818e-39
1.94903e-39
1.34786e-39
9.32017e-40
6.44398e-40
4.45488e-40
3.07943e-40
2.12841e-40
1.47094e-40
1.01645e-40
7.02315e-41
4.85211e-41
3.35184e-41
2.3152e-41
1.599e-41
1.10424e-41
7.62491e-42
5.26453e-42
3.63446e-42
2.50886e-42
1.73168e-42
1.19513e-42
8.24749e-43
5.69093e-43
3.92646e-43
2.7088e-43
1.86857e-43
1.28884e-43
8.88891e-44
6.12992e-44
4.22688e-44
2.91436e-44
2.00921e-44
1.38506e-44
9.54704e-45
6.58005e-45
4.53471e-45
3.12485e-45
2.15313e-45
1.48344e-45
1.02196e-45
7.03971e-46
4.84885e-46
3.33951e-46
2.2998e-46
1.58364e-46
1.0904e-46
7.50723e-47
5.16814e-47
3.55755e-47
2.44868e-47
1.68529e-47
1.15979e-47
7.98085e-48
5.49139e-48
3.77815e-48
2.5992e-48
1.78799e-48
1.22985e-48
8.45875e-49
5.81734e-49
4.00044e-49
2.75078e-49
1.89134e-49
1.30031e-49
8.93906e-50
6.14472e-50
4.22355e-50
2.90282e-50
1.99494e-50
1.37089e-50
9.41988e-51
6.47223e-51
4.44661e-51
3.05472e-51
2.09837e-51
1.44131e-51
9.89928e-52
6.79855e-52
4.66871e-52
3.20587e-52
2.20122e-52
1.51129e-52
1.03753e-52
7.12239e-53
4.88897e-53
3.35566e-53
2.30307e-53
1.58055e-53
1.08462e-53
7.44243e-54
5.1065e-54
3.50349e-54
2.40353e-54
1.6488e-54
1.13099e-54
7.75741e-55
5.32043e-55
3.64878e-55
2.50219e-55
1.71578e-55
1.17646e-55
8.06608e-56
5.52993e-56
3.79095e-56
2.59865e-56
1.78123e-56
1.22086e-56
8.36722e-57
5.73416e-57
3.92944e-57
2.69255e-57
1.84489e-57
1.26401e-57
8.65968e-58
5.93235e-58
4.06373e-58
2.78353e-58
1.90652e-58
1.30575e-58
8.94234e-59
6.12374e-59
4.1933e-59
2.87124e-59
1.96588e-59
1.34592e-59
9.21415e-60
6.30763e-60
4.31769e-60
2.95536e-60
2.02277e-60
1.38438e-60
9.47414e-61
6.48335e-61
4.43644e-61
3.0356e-61
2.07697e-61
1.42099e-61
9.72139e-62
6.6503e-62
4.54914e-62
3.11168e-62
2.12831e-62
1.45563e-62
9.95508e-63
6.80791e-63
4.65543e-63
3.18333e-63
2.17688e-63
1.46982e-63
)
;

boundaryField
{
    sides
    {
        type            zeroGradient;
    }
    empty
    {
        type            empty;
    }
}


// ************************************************************************* //
