/*--------------------------------*- C++ -*----------------------------------*\
  =========                 |
  \\      /  F ield         | OpenFOAM: The Open Source CFD Toolbox
   \\    /   O peration     | Website:  https://openfoam.org
    \\  /    A nd           | Version:  7
     \\/     M anipulation  |
\*---------------------------------------------------------------------------*/
FoamFile
{
    version     2.0;
    format      ascii;
    class       volScalarField;
    location    "4.24";
    object      T;
}
// * * * * * * * * * * * * * * * * * * * * * * * * * * * * * * * * * * * * * //

dimensions      [0 0 0 1 0 0 0];

internalField   nonuniform List<scalar> 
1000
(
0.0632323
0.0632337
0.0632366
0.0632408
0.0632465
0.0632536
0.0632622
0.0632721
0.0632835
0.0632963
0.0633105
0.0633262
0.0633432
0.0633617
0.0633816
0.0634029
0.0634256
0.0634498
0.0634753
0.0635023
0.0635307
0.0635605
0.0635917
0.0636243
0.0636583
0.0636938
0.0637306
0.0637688
0.0638085
0.0638495
0.063892
0.0639358
0.0639811
0.0640277
0.0640758
0.0641252
0.064176
0.0642282
0.0642818
0.0643368
0.0643931
0.0644509
0.06451
0.0645705
0.0646323
0.0646956
0.0647602
0.0648262
0.0648935
0.0649622
0.0650323
0.0651037
0.0651765
0.0652506
0.0653261
0.0654029
0.065481
0.0655606
0.0656414
0.0657236
0.0658071
0.0658919
0.0659781
0.0660656
0.0661544
0.0662445
0.066336
0.0664287
0.0665228
0.0666181
0.0667148
0.0668127
0.066912
0.0670125
0.0671143
0.0672174
0.0673218
0.0674274
0.0675344
0.0676425
0.067752
0.0678627
0.0679747
0.0680879
0.0682023
0.068318
0.0684349
0.0685531
0.0686725
0.0687931
0.068915
0.069038
0.0691623
0.0692877
0.0694144
0.0695423
0.0696713
0.0698016
0.069933
0.0700656
0.0701994
0.0703343
0.0704704
0.0706077
0.0707461
0.0708857
0.0710264
0.0711682
0.0713112
0.0714553
0.0716005
0.0717469
0.0718943
0.0720429
0.0721925
0.0723433
0.0724951
0.0726481
0.0728021
0.0729571
0.0731133
0.0732705
0.0734287
0.073588
0.0737483
0.0739097
0.0740721
0.0742355
0.0744
0.0745655
0.0747319
0.0748994
0.0750678
0.0752373
0.0754077
0.0755791
0.0757515
0.0759248
0.0760991
0.0762743
0.0764505
0.0766276
0.0768057
0.0769846
0.0771645
0.0773453
0.077527
0.0777095
0.077893
0.0780774
0.0782626
0.0784487
0.0786356
0.0788234
0.0790121
0.0792016
0.0793919
0.079583
0.079775
0.0799678
0.0801614
0.0803557
0.0805509
0.0807468
0.0809435
0.081141
0.0813393
0.0815383
0.081738
0.0819385
0.0821397
0.0823416
0.0825442
0.0827475
0.0829516
0.0831563
0.0833617
0.0835678
0.0837745
0.083982
0.08419
0.0843987
0.084608
0.084818
0.0850286
0.0852398
0.0854516
0.085664
0.0858769
0.0860905
0.0863046
0.0865193
0.0867345
0.0869503
0.0871666
0.0873835
0.0876008
0.0878187
0.0880371
0.088256
0.0884754
0.0886952
0.0889155
0.0891363
0.0893575
0.0895792
0.0898013
0.0900239
0.0902468
0.0904702
0.0906939
0.0909181
0.0911426
0.0913676
0.0915929
0.0918185
0.0920445
0.0922708
0.0924975
0.0927245
0.0929518
0.0931794
0.0934073
0.0936355
0.093864
0.0940927
0.0943217
0.0945509
0.0947804
0.0950102
0.0952401
0.0954703
0.0957007
0.0959312
0.096162
0.096393
0.0966241
0.0968553
0.0970868
0.0973183
0.09755
0.0977819
0.0980138
0.0982459
0.098478
0.0987103
0.0989426
0.099175
0.0994074
0.09964
0.0998725
0.100105
0.100338
0.10057
0.100803
0.101036
0.101268
0.101501
0.101733
0.101966
0.102198
0.102431
0.102663
0.102895
0.103128
0.10336
0.103592
0.103824
0.104055
0.104287
0.104518
0.10475
0.104981
0.105212
0.105443
0.105673
0.105904
0.106134
0.106364
0.106594
0.106823
0.107053
0.107282
0.107511
0.107739
0.107967
0.108195
0.108423
0.10865
0.108877
0.109104
0.10933
0.109556
0.109782
0.110008
0.110232
0.110457
0.110681
0.110905
0.111128
0.111351
0.111574
0.111796
0.112018
0.112239
0.11246
0.11268
0.1129
0.113119
0.113338
0.113556
0.113774
0.113991
0.114208
0.114424
0.11464
0.114855
0.11507
0.115283
0.115497
0.11571
0.115922
0.116133
0.116344
0.116555
0.116764
0.116973
0.117182
0.117389
0.117597
0.117803
0.118009
0.118214
0.118418
0.118621
0.118824
0.119026
0.119228
0.119428
0.119628
0.119827
0.120026
0.120223
0.12042
0.120616
0.120811
0.121006
0.121199
0.121392
0.121584
0.121775
0.121965
0.122154
0.122343
0.122531
0.122717
0.122903
0.123088
0.123272
0.123455
0.123637
0.123819
0.123999
0.124178
0.124357
0.124534
0.124711
0.124886
0.125061
0.125234
0.125407
0.125579
0.125749
0.125919
0.126087
0.126255
0.126421
0.126587
0.126751
0.126914
0.127077
0.127238
0.127398
0.127557
0.127715
0.127872
0.128027
0.128182
0.128335
0.128488
0.128639
0.128789
0.128938
0.129086
0.129233
0.129378
0.129522
0.129666
0.129808
0.129948
0.130088
0.130226
0.130364
0.1305
0.130634
0.130768
0.1309
0.131031
0.131161
0.13129
0.131417
0.131543
0.131668
0.131792
0.131914
0.132035
0.132155
0.132274
0.132391
0.132507
0.132621
0.132735
0.132847
0.132957
0.133067
0.133175
0.133281
0.133387
0.133491
0.133594
0.133695
0.133795
0.133894
0.133991
0.134087
0.134182
0.134275
0.134367
0.134457
0.134546
0.134634
0.13472
0.134805
0.134889
0.134971
0.135052
0.135131
0.135209
0.135285
0.13536
0.135434
0.135506
0.135577
0.135646
0.135714
0.135781
0.135846
0.13591
0.135972
0.136033
0.136092
0.13615
0.136206
0.136261
0.136315
0.136367
0.136417
0.136466
0.136514
0.13656
0.136605
0.136648
0.13669
0.13673
0.136769
0.136806
0.136842
0.136877
0.136909
0.136941
0.136971
0.136999
0.137026
0.137051
0.137075
0.137098
0.137119
0.137138
0.137156
0.137173
0.137188
0.137201
0.137213
0.137224
0.137233
0.13724
0.137246
0.137251
0.137254
0.137255
0.137255
0.137254
0.137251
0.137246
0.13724
0.137233
0.137224
0.137213
0.137201
0.137188
0.137173
0.137156
0.137138
0.137119
0.137098
0.137075
0.137051
0.137026
0.136999
0.136971
0.136941
0.136909
0.136877
0.136842
0.136806
0.136769
0.13673
0.13669
0.136648
0.136605
0.13656
0.136514
0.136466
0.136417
0.136367
0.136315
0.136261
0.136206
0.13615
0.136092
0.136033
0.135972
0.13591
0.135846
0.135781
0.135714
0.135646
0.135577
0.135506
0.135434
0.13536
0.135285
0.135209
0.135131
0.135052
0.134971
0.134889
0.134805
0.13472
0.134634
0.134546
0.134457
0.134367
0.134275
0.134182
0.134087
0.133991
0.133894
0.133795
0.133695
0.133594
0.133491
0.133387
0.133281
0.133175
0.133067
0.132957
0.132847
0.132735
0.132621
0.132507
0.132391
0.132274
0.132155
0.132035
0.131914
0.131792
0.131668
0.131543
0.131417
0.13129
0.131161
0.131031
0.1309
0.130768
0.130634
0.1305
0.130364
0.130226
0.130088
0.129948
0.129808
0.129666
0.129522
0.129378
0.129233
0.129086
0.128938
0.128789
0.128639
0.128488
0.128335
0.128182
0.128027
0.127872
0.127715
0.127557
0.127398
0.127238
0.127077
0.126914
0.126751
0.126587
0.126421
0.126255
0.126087
0.125919
0.125749
0.125579
0.125407
0.125234
0.125061
0.124886
0.124711
0.124534
0.124357
0.124178
0.123999
0.123819
0.123637
0.123455
0.123272
0.123088
0.122903
0.122717
0.122531
0.122343
0.122154
0.121965
0.121775
0.121584
0.121392
0.121199
0.121006
0.120811
0.120616
0.12042
0.120223
0.120026
0.119827
0.119628
0.119428
0.119228
0.119026
0.118824
0.118621
0.118418
0.118214
0.118009
0.117803
0.117597
0.117389
0.117182
0.116973
0.116764
0.116555
0.116344
0.116133
0.115922
0.11571
0.115497
0.115283
0.11507
0.114855
0.11464
0.114424
0.114208
0.113991
0.113774
0.113556
0.113338
0.113119
0.1129
0.11268
0.11246
0.112239
0.112018
0.111796
0.111574
0.111351
0.111128
0.110905
0.110681
0.110457
0.110232
0.110008
0.109782
0.109556
0.10933
0.109104
0.108877
0.10865
0.108423
0.108195
0.107967
0.107739
0.107511
0.107282
0.107053
0.106823
0.106594
0.106364
0.106134
0.105904
0.105673
0.105443
0.105212
0.104981
0.10475
0.104518
0.104287
0.104055
0.103824
0.103592
0.10336
0.103128
0.102895
0.102663
0.102431
0.102198
0.101966
0.101733
0.101501
0.101268
0.101036
0.100803
0.10057
0.100338
0.100105
0.0998725
0.09964
0.0994074
0.099175
0.0989426
0.0987103
0.098478
0.0982459
0.0980138
0.0977819
0.09755
0.0973183
0.0970868
0.0968553
0.0966241
0.096393
0.096162
0.0959312
0.0957007
0.0954703
0.0952401
0.0950102
0.0947804
0.0945509
0.0943217
0.0940927
0.093864
0.0936355
0.0934073
0.0931794
0.0929518
0.0927245
0.0924975
0.0922708
0.0920445
0.0918185
0.0915929
0.0913676
0.0911426
0.0909181
0.0906939
0.0904702
0.0902468
0.0900239
0.0898013
0.0895792
0.0893575
0.0891363
0.0889155
0.0886952
0.0884754
0.088256
0.0880371
0.0878187
0.0876008
0.0873835
0.0871666
0.0869503
0.0867345
0.0865193
0.0863046
0.0860905
0.0858769
0.085664
0.0854516
0.0852398
0.0850286
0.084818
0.084608
0.0843987
0.08419
0.083982
0.0837745
0.0835678
0.0833617
0.0831563
0.0829516
0.0827475
0.0825442
0.0823416
0.0821397
0.0819385
0.081738
0.0815383
0.0813393
0.081141
0.0809435
0.0807468
0.0805509
0.0803557
0.0801614
0.0799678
0.079775
0.079583
0.0793919
0.0792016
0.0790121
0.0788234
0.0786356
0.0784487
0.0782626
0.0780774
0.077893
0.0777095
0.077527
0.0773453
0.0771645
0.0769846
0.0768057
0.0766276
0.0764505
0.0762743
0.0760991
0.0759248
0.0757515
0.0755791
0.0754077
0.0752373
0.0750678
0.0748994
0.0747319
0.0745655
0.0744
0.0742355
0.0740721
0.0739097
0.0737483
0.073588
0.0734287
0.0732705
0.0731133
0.0729571
0.0728021
0.0726481
0.0724951
0.0723433
0.0721925
0.0720429
0.0718943
0.0717469
0.0716005
0.0714553
0.0713112
0.0711682
0.0710264
0.0708857
0.0707461
0.0706077
0.0704704
0.0703343
0.0701994
0.0700656
0.069933
0.0698016
0.0696713
0.0695423
0.0694144
0.0692877
0.0691623
0.069038
0.068915
0.0687931
0.0686725
0.0685531
0.0684349
0.068318
0.0682023
0.0680879
0.0679747
0.0678627
0.067752
0.0676425
0.0675344
0.0674274
0.0673218
0.0672174
0.0671143
0.0670125
0.066912
0.0668127
0.0667148
0.0666181
0.0665228
0.0664287
0.066336
0.0662445
0.0661544
0.0660656
0.0659781
0.0658919
0.0658071
0.0657236
0.0656414
0.0655606
0.065481
0.0654029
0.0653261
0.0652506
0.0651765
0.0651037
0.0650323
0.0649622
0.0648935
0.0648262
0.0647602
0.0646956
0.0646323
0.0645705
0.06451
0.0644509
0.0643931
0.0643368
0.0642818
0.0642282
0.064176
0.0641252
0.0640758
0.0640277
0.0639811
0.0639358
0.063892
0.0638495
0.0638085
0.0637688
0.0637306
0.0636938
0.0636583
0.0636243
0.0635917
0.0635605
0.0635307
0.0635023
0.0634753
0.0634498
0.0634256
0.0634029
0.0633816
0.0633617
0.0633432
0.0633262
0.0633105
0.0632963
0.0632835
0.0632721
0.0632622
0.0632536
0.0632465
0.0632408
0.0632366
0.0632337
0.0632323
)
;

boundaryField
{
    sides
    {
        type            zeroGradient;
    }
    empty
    {
        type            empty;
    }
}


// ************************************************************************* //
