/*--------------------------------*- C++ -*----------------------------------*\
  =========                 |
  \\      /  F ield         | OpenFOAM: The Open Source CFD Toolbox
   \\    /   O peration     | Website:  https://openfoam.org
    \\  /    A nd           | Version:  7
     \\/     M anipulation  |
\*---------------------------------------------------------------------------*/
FoamFile
{
    version     2.0;
    format      ascii;
    class       volScalarField;
    location    "3.19";
    object      T;
}
// * * * * * * * * * * * * * * * * * * * * * * * * * * * * * * * * * * * * * //

dimensions      [0 0 0 1 0 0 0];

internalField   nonuniform List<scalar> 
1000
(
0
0
0
0
0
0
0
0
0
0
0
0
0
0
0
0
0
0
0
0
0
0
0
0
0
0
0
0
0
0
0
0
0
0
0
0
0
0
0
0
0
0
0
0
0
0
0
0
0
0
0
0
0
0
0
0
0
0
0
0
0
0
0
0
0
0
0
0
0
0
0
0
0
0
0
0
0
0
0
0
0
0
0
0
0
0
0
0
0
0
0
0
0
0
0
0
0
0
0
0
0
0
0
0
0
0
0
0
0
0
0
0
0
0
0
0
0
0
-1.18576e-322
-7.73559e-320
-4.65072e-317
-2.45004e-314
-1.09399e-311
-3.89685e-309
-9.54341e-307
-6.56102e-305
6.19768e-302
2.58057e-299
1.04337e-297
-2.13897e-294
-3.8443e-292
1.65868e-289
3.65681e-287
-1.69375e-284
-1.34052e-282
1.7713e-279
-3.11674e-277
-6.33902e-275
5.17802e-272
-1.70598e-269
3.97142e-267
-7.39983e-265
1.16551e-262
-1.60047e-260
1.955e-258
-2.15476e-256
2.16593e-254
-2.00225e-252
1.71378e-250
-1.36577e-248
1.0182e-246
-7.12972e-245
4.70557e-243
-2.93618e-241
1.73683e-239
-9.76314e-238
5.22656e-236
-2.66986e-234
1.30369e-232
-6.09513e-231
2.73245e-229
-1.17619e-227
4.86748e-226
-1.93882e-224
7.44123e-223
-2.75464e-221
9.84468e-220
-3.39967e-218
1.13534e-216
-3.66947e-215
1.14864e-213
-3.48465e-212
1.0252e-210
-2.92684e-209
8.11285e-208
-2.18459e-206
5.71752e-205
-1.45512e-203
3.60284e-202
-8.68227e-201
2.03725e-199
-4.6564e-198
1.03708e-196
-2.25159e-195
4.76677e-194
-9.84373e-193
1.98349e-191
-3.90086e-190
7.48986e-189
-1.40438e-187
2.57221e-186
-4.603e-185
8.04985e-184
-1.37608e-182
2.29984e-181
-3.7587e-180
6.00819e-179
-9.39492e-178
1.43734e-176
-2.15186e-175
3.15299e-174
-4.52215e-173
6.34952e-172
-8.72902e-171
1.17509e-169
-1.54919e-168
2.00037e-167
-2.53006e-166
3.13477e-165
-3.80511e-164
4.52533e-163
-5.27328e-162
6.02124e-161
-6.73732e-160
7.3876e-159
-7.93872e-158
8.36068e-157
-8.62948e-156
8.72943e-155
-8.65461e-154
8.40946e-153
-8.00834e-152
7.47415e-151
-6.83617e-150
6.12745e-149
-5.38196e-148
4.63201e-147
-3.90604e-146
3.22706e-145
-2.6118e-144
2.07057e-143
-1.60769e-142
1.22242e-141
-9.10081e-141
6.63295e-140
-4.73173e-139
3.30316e-138
-2.25599e-137
1.50706e-136
-9.84439e-136
6.28602e-135
-3.9223e-134
2.39065e-133
-1.42271e-132
8.2628e-132
-4.68078e-131
2.58477e-130
-1.3904e-129
7.27985e-129
-3.70662e-128
1.83336e-127
-8.79815e-127
4.09043e-126
-1.83912e-125
7.97933e-125
-3.33158e-124
1.33391e-123
-5.09738e-123
1.84692e-122
-6.28321e-122
1.97555e-121
-5.57751e-121
1.32566e-120
-2.13439e-120
-1.22846e-120
3.00057e-119
-1.64527e-118
6.47446e-118
-2.0293e-117
4.9055e-117
-6.92695e-117
-1.09646e-116
1.28788e-115
-5.85258e-115
1.84992e-114
-4.02469e-114
3.04274e-114
2.28099e-113
-1.43634e-112
5.00348e-112
-1.12061e-111
8.1791e-112
6.32185e-111
-3.7195e-110
1.16229e-109
-2.023e-109
-1.09884e-109
2.26181e-108
-9.01756e-108
1.97518e-107
-7.76458e-108
-1.34446e-106
6.27098e-106
-1.46498e-105
7.7421e-106
8.91069e-105
-4.15907e-104
9.05571e-104
-1.58912e-104
-6.59385e-103
2.59933e-102
-4.4609e-102
-3.89664e-102
4.84107e-101
-1.42213e-100
1.31061e-100
6.17926e-100
-3.08661e-99
5.79714e-99
3.4953e-99
-5.37956e-98
1.48203e-97
-8.42283e-98
-7.94808e-97
3.0563e-96
-3.72624e-96
-1.01567e-95
5.59745e-95
-9.36658e-95
-1.12882e-94
9.5668e-94
-1.91804e-93
-1.10914e-93
1.57638e-92
-3.49447e-92
-1.09542e-92
2.55858e-91
-5.85598e-91
-1.61168e-91
4.13165e-90
-9.11563e-90
-3.92876e-90
6.62204e-89
-1.30881e-88
-1.05354e-88
1.03933e-87
-1.6867e-87
-2.54897e-87
1.56287e-86
-1.8211e-86
-5.40527e-86
2.18649e-85
-1.29935e-85
-1.00574e-84
2.72857e-84
4.58554e-85
-1.636e-83
2.80796e-83
3.98825e-83
-2.28521e-82
1.86593e-82
9.28421e-82
-2.61571e-81
-6.10943e-82
1.51046e-80
-2.13756e-80
-4.60677e-80
1.85433e-79
-4.46129e-80
-8.99704e-79
1.57025e-78
2.34132e-78
-1.13915e-77
4.09707e-78
5.19342e-77
-9.07305e-77
-1.3912e-76
6.30575e-76
-1.15556e-76
-2.94572e-75
4.15288e-75
9.30137e-75
-3.08337e-74
-9.25008e-75
1.56834e-73
-1.27574e-73
-6.00019e-73
1.22079e-72
1.53953e-72
-7.15758e-72
-1.11277e-73
3.27048e-71
-2.96655e-71
-1.20518e-70
2.38252e-70
3.32864e-70
-1.32946e-69
-3.90397e-70
6.11493e-69
-2.96172e-69
-2.42168e-68
3.00836e-68
8.24501e-68
-1.83182e-67
-2.28485e-67
9.12393e-67
3.97481e-67
-4.01704e-66
6.36721e-67
1.61209e-65
-1.10549e-65
-5.97681e-65
7.34569e-65
2.05497e-64
-3.83756e-64
-6.52033e-64
1.77489e-63
1.87509e-63
-7.59756e-63
-4.65425e-63
3.07879e-62
8.44645e-63
-1.19756e-61
-7.34169e-65
4.51454e-61
-1.03076e-61
-1.66165e-60
7.00639e-61
6.00749e-60
-3.49993e-60
-2.1442e-59
1.52393e-59
7.58715e-59
-6.09666e-59
-2.67031e-58
2.2909e-58
9.36905e-58
-8.1625e-58
-3.28059e-57
2.76376e-57
1.14622e-56
-8.85659e-57
-3.99068e-56
2.65311e-56
1.38106e-55
-7.22267e-56
-4.73448e-55
1.6629e-55
1.60088e-54
-2.44102e-55
-5.31187e-54
-3.86702e-55
1.719e-53
5.63783e-54
-5.38432e-53
-3.35165e-53
1.61577e-52
1.57792e-52
-4.57564e-52
-6.55709e-52
1.19167e-51
2.49348e-51
-2.70453e-51
-8.79507e-51
4.55125e-51
2.88521e-50
-6.79236e-52
-8.7553e-50
-4.04513e-50
2.41993e-49
2.45158e-49
-5.8823e-49
-1.04397e-48
1.14626e-48
3.71131e-48
-1.15982e-48
-1.14581e-47
-3.7056e-48
3.05885e-47
3.02908e-47
-6.71776e-47
-1.30994e-46
9.9789e-47
4.3787e-46
3.31047e-47
-1.19558e-45
-9.77136e-46
2.56459e-45
4.65528e-45
-3.3853e-45
-1.5381e-44
-3.23504e-45
3.89246e-44
4.11872e-44
-6.94493e-44
-1.69747e-43
3.63519e-44
4.81789e-43
3.3763e-43
-9.57571e-43
-1.76982e-42
8.34959e-43
5.38905e-42
3.03542e-42
-1.09185e-41
-1.85909e-41
9.28849e-42
5.67711e-41
3.47277e-41
-1.07423e-40
-2.00444e-40
5.62924e-41
5.61781e-40
4.71317e-40
-8.75826e-40
-2.14077e-39
-2.49564e-40
4.97537e-39
6.32903e-39
-4.79003e-39
-2.10106e-38
-1.3291e-38
3.48458e-38
7.41258e-38
6.84881e-39
-1.689e-37
-2.26463e-37
1.1716e-37
6.85227e-37
5.99572e-37
-8.40439e-37
-2.50253e-36
-1.31902e-36
4.09574e-36
8.54449e-36
2.00658e-36
-1.70551e-35
-2.80038e-35
5.80205e-37
6.51133e-35
9.00863e-35
-2.12548e-35
-2.35559e-34
-2.90247e-34
1.1363e-34
8.22129e-34
9.52337e-34
-4.39605e-34
-2.7939e-33
-3.21392e-33
1.37912e-33
9.26829e-33
1.1159e-32
-3.3264e-33
-2.98964e-32
-3.9494e-32
3.64722e-33
9.27393e-32
1.4024e-31
2.22901e-32
-2.70838e-31
-4.90129e-31
-2.13363e-31
7.14632e-31
1.65047e-30
1.20809e-30
-1.54252e-30
-5.22059e-30
-5.55448e-30
1.74096e-30
1.49469e-29
2.21454e-29
6.51472e-30
-3.60159e-29
-7.73803e-29
-6.01663e-29
5.78501e-29
2.31767e-28
2.94351e-28
4.06121e-29
-5.50621e-28
-1.09373e-27
-8.46592e-28
7.4694e-28
3.17641e-27
4.35876e-27
1.49072e-27
-6.3632e-27
-1.52041e-26
-1.56089e-26
2.02011e-27
3.66246e-26
6.65951e-26
5.27227e-26
-3.63809e-26
-1.81562e-25
-2.81792e-25
-1.78917e-25
2.31876e-25
8.36082e-25
1.19479e-24
6.68058e-25
-1.13268e-24
-3.69177e-24
-5.18593e-24
-2.97057e-24
4.64349e-24
1.57657e-23
2.31197e-23
1.55519e-23
-1.53145e-23
-6.44007e-23
-1.04283e-22
-8.78477e-23
2.86671e-23
2.42843e-22
4.61699e-22
4.92629e-22
1.11529e-22
-7.75007e-22
-1.91844e-21
-2.59565e-21
-1.73917e-21
1.52233e-21
6.95228e-21
1.22892e-20
1.30387e-20
3.81467e-21
-1.83129e-20
-4.90841e-20
-7.31505e-20
-6.47046e-20
3.50049e-21
1.41268e-19
3.16335e-19
4.35998e-19
3.53804e-19
-7.94326e-20
-9.13021e-19
-1.96255e-18
-2.70466e-18
-2.29719e-18
1.69276e-19
5.13102e-18
1.17928e-17
1.74223e-17
1.71881e-17
5.15554e-18
-2.30673e-17
-6.60578e-17
-1.11678e-16
-1.33819e-16
-9.42373e-17
4.67567e-17
3.08398e-16
6.57976e-16
9.77991e-16
1.04854e-15
5.68766e-16
-7.5712e-16
-3.05308e-15
-6.03358e-15
-8.74887e-15
-9.42499e-15
-5.56692e-15
5.47718e-15
2.53276e-14
5.27367e-14
8.13536e-14
9.77451e-14
8.08164e-14
4.20656e-15
-1.566e-13
-4.11103e-13
-7.34516e-13
-1.04479e-12
-1.18203e-12
-9.00954e-13
1.08308e-13
2.1527e-12
5.40464e-12
9.6968e-12
1.42518e-11
1.73867e-11
1.62757e-11
6.91274e-12
-1.55284e-11
-5.56876e-11
-1.16107e-10
-1.94211e-10
-2.78127e-10
-3.41635e-10
-3.39004e-10
-2.01245e-10
1.63807e-10
8.63994e-10
2.0033e-09
3.64463e-09
5.74905e-09
8.08627e-09
1.01138e-08
1.08277e-08
8.59603e-09
1.00264e-09
-1.52542e-08
-4.43314e-08
-9.09666e-08
-1.59799e-07
-2.54064e-07
-3.73371e-07
-5.10191e-07
-6.44582e-07
-7.36598e-07
-7.15692e-07
-4.66355e-07
1.90899e-07
1.52416e-06
3.92137e-06
7.9293e-06
1.43013e-05
2.40548e-05
3.85394e-05
5.95169e-05
8.92522e-05
0.000130618
0.00018721
0.000263474
0.000364843
0.000497886
0.000670457
0.000891852
0.00117297
0.00152646
0.00196686
0.00251076
0.00317686
0.00398611
0.00496175
0.00612933
0.0075167
0.00915395
0.0110733
0.013309
0.0158971
0.018875
0.0222813
0.0261557
0.0305381
0.0354683
0.0409856
0.0471283
0.0539331
0.0614344
0.069664
0.0786503
0.0884178
0.098987
0.110373
0.122587
0.135632
0.149509
0.164209
0.17972
0.196021
0.213087
0.230886
0.249381
0.268526
0.288275
0.308574
0.329364
0.350585
0.372172
0.394057
0.416172
0.438446
0.46081
0.483191
0.505521
0.527731
0.549754
0.571528
0.592992
0.614087
0.634761
0.654965
0.674654
0.693787
0.712331
0.730253
0.74753
0.764139
0.780066
0.795298
0.809829
0.823656
0.836781
0.849208
0.860946
0.872006
0.882403
0.892153
0.901274
0.909789
0.917718
0.925086
0.931917
0.938235
0.944067
0.949439
0.954375
0.958902
0.963044
0.966827
0.970274
0.973408
0.976252
0.978826
0.981151
0.983246
0.985128
0.986814
0.988318
0.989653
0.990831
0.991862
0.992754
0.993512
0.994142
0.994645
0.99502
0.995265
0.995375
0.995342
0.995155
0.994802
0.994267
0.99353
0.992571
0.991365
0.989885
0.988102
0.985984
0.983498
0.980608
0.977278
0.973469
0.969143
0.964261
0.958784
0.952677
0.945902
0.938426
0.930219
0.921251
0.911499
0.900943
0.889568
0.877364
0.864326
0.850457
0.835762
0.820256
0.803959
0.786896
0.7691
0.750608
0.731464
0.711717
0.69142
0.67063
0.64941
0.627825
0.60594
0.583826
0.561552
0.539189
0.516808
0.494478
0.472268
0.450245
0.428471
0.407008
0.385913
0.365239
0.345035
0.325346
0.306212
0.287669
0.269746
0.25247
0.235861
0.219934
0.204702
0.190171
0.176343
0.163219
0.150792
0.139054
0.127994
0.117597
0.107847
0.0987257
0.0902113
0.0822819
0.0749141
0.0680834
0.0617649
0.0559329
0.0505617
0.0456255
0.0410989
0.0369566
0.0331739
0.0297268
0.026592
0.023747
0.0211701
0.0188409
0.0167396
0.0148477
0.0131476
0.0116229
0.010258
0.00903849
0.00795099
0.00698298
0.00612292
0.00536017
0.00468496
0.0040883
0.00356201
0.0030986
0.00269128
0.00233388
0.00202083
0.00174709
0.00150813
0.00129989
0.00111871
0.000961352
0.000824898
0.000706767
0.000604665
0.000516557
0.000440649
0.000375353
0.000319275
0.000271188
0.000230018
0.000194823
0.000164783
0.00013918
0.000117394
9.88812e-05
8.31744e-05
6.98676e-05
5.86105e-05
4.91012e-05
4.108e-05
3.43235e-05
2.86405e-05
2.38671e-05
1.98634e-05
1.651e-05
1.3705e-05
1.1362e-05
9.40761e-06
7.77954e-06
6.42514e-06
5.2999e-06
4.3663e-06
3.59272e-06
2.95256e-06
2.4235e-06
1.98683e-06
1.62687e-06
1.33053e-06
1.08687e-06
8.86782e-07
7.22674e-07
5.88244e-07
4.78263e-07
3.88393e-07
3.15047e-07
2.55259e-07
2.06582e-07
1.66997e-07
1.34846e-07
1.08762e-07
8.76259e-08
7.05191e-08
5.66893e-08
4.55218e-08
3.65144e-08
2.92575e-08
2.34175e-08
1.87231e-08
1.49538e-08
1.19307e-08
9.50865e-09
7.57036e-09
6.02088e-09
4.78357e-09
3.79662e-09
3.01013e-09
2.38453e-09
1.88442e-09
1.50475e-09
1.08883e-09
)
;

boundaryField
{
    sides
    {
        type            zeroGradient;
    }
    empty
    {
        type            empty;
    }
}


// ************************************************************************* //
