/*--------------------------------*- C++ -*----------------------------------*\
  =========                 |
  \\      /  F ield         | OpenFOAM: The Open Source CFD Toolbox
   \\    /   O peration     | Website:  https://openfoam.org
    \\  /    A nd           | Version:  7
     \\/     M anipulation  |
\*---------------------------------------------------------------------------*/
FoamFile
{
    version     2.0;
    format      ascii;
    class       volScalarField;
    location    "0.53";
    object      T;
}
// * * * * * * * * * * * * * * * * * * * * * * * * * * * * * * * * * * * * * //

dimensions      [0 0 0 1 0 0 0];

internalField   nonuniform List<scalar> 
1000
(
0
0
0
0
0
0
0
0
0
0
0
0
0
0
0
0
0
0
0
0
0
0
0
0
0
0
0
0
0
0
0
0
0
0
0
0
0
0
0
0
0
0
0
0
0
0
0
0
0
0
0
0
0
0
0
0
0
0
0
0
0
0
0
0
0
0
0
0
0
0
0
0
0
0
0
0
0
0
0
0
0
0
0
0
0
0
0
0
0
0
0
0
0
0
0
0
0
0
0
0
0
0
0
0
0
0
0
0
0
0
0
0
0
0
0
0
0
0
0
0
0
0
0
0
0
0
0
0
0
0
0
0
0
0
0
0
0
0
0
0
0
0
0
0
0
0
0
0
0
0
0
0
0
0
0
0
0
0
0
0
0
0
0
0
0
0
0
0
0
0
0
0
0
0
0
0
0
0
0
0
0
0
0
0
0
0
0
0
0
0
0
0
0
0
0
0
0
0
0
0
0
0
0
0
0
0
0
0
0
0
0
0
0
0
0
0
0
0
0
0
0
0
0
0
0
0
0
0
0
0
0
0
0
0
0
0
0
0
0
0
0
0
0
0
0
0
0
0
0
0
0
0
0
0
0
0
0
0
0
0
0
0
0
0
0
0
0
0
0
0
0
0
0
0
0
0
0
0
0
0
0
0
0
0
0
0
0
0
0
0
0
0
0
0
0
0
0
0
0
0
0
0
0
0
0
0
0
0
0
0
0
0
0
0
0
0
0
0
0
0
0
0
0
0
0
0
0
0
0
0
0
0
0
0
0
0
0
0
0
0
0
0
0
0
0
0
0
0
0
0
0
0
0
0
0
0
0
0
0
0
0
0
0
0
0
0
0
0
0
0
0
0
0
0
0
0
0
0
0
0
0
0
0
0
0
0
0
0
0
0
0
0
0
0
0
0
0
-5.72775e-42
7.02603e-40
-4.14937e-38
1.56915e-36
-4.26238e-35
8.84049e-34
-1.45227e-32
1.93347e-31
-2.11544e-30
1.91517e-29
-1.4345e-28
8.81007e-28
-4.33106e-27
1.60615e-26
-3.70883e-26
-7.4705e-27
5.04526e-25
-2.27291e-24
4.18048e-24
6.9977e-24
-6.52086e-23
1.49436e-22
1.11296e-22
-1.51516e-21
2.95133e-21
4.24458e-21
-2.93561e-20
2.84931e-20
1.34265e-19
-3.85e-19
-2.09733e-19
2.37987e-18
-1.71529e-18
-1.01058e-17
1.77788e-17
3.17008e-17
-1.01797e-16
-7.01313e-17
4.53333e-16
7.07816e-17
-1.73782e-15
2.37534e-16
6.03573e-15
-1.59934e-15
-1.95369e-14
4.84726e-15
5.95115e-14
-5.84787e-15
-1.69151e-13
-2.84494e-14
4.36743e-13
2.37677e-13
-9.74068e-13
-1.04282e-12
1.68802e-12
3.33818e-12
-1.51694e-12
-8.09293e-12
-2.91832e-12
1.37927e-11
1.72685e-11
-1.06379e-11
-4.17499e-11
-2.20775e-11
5.05121e-11
9.26477e-11
1.93345e-11
-1.31126e-10
-1.9223e-10
-3.25732e-11
2.64543e-10
4.1298e-10
1.65868e-10
-4.06919e-10
-8.71042e-10
-7.08892e-10
2.39261e-10
1.50242e-09
2.13063e-09
1.26518e-09
-1.17044e-09
-4.09814e-09
-5.56644e-09
-3.70388e-09
2.02293e-09
9.87871e-09
1.58856e-08
1.51207e-08
4.0641e-09
-1.67928e-08
-4.12356e-08
-5.76488e-08
-5.20264e-08
-1.34514e-08
5.92171e-08
1.51617e-07
2.31723e-07
2.53593e-07
1.68263e-07
-5.87729e-08
-4.26268e-07
-8.77113e-07
-1.28603e-06
-1.46222e-06
-1.17328e-06
-1.93974e-07
1.62059e-06
4.24344e-06
7.37803e-06
1.03724e-05
1.21689e-05
1.13159e-05
6.06903e-06
-5.3909e-06
-2.46048e-05
-5.2332e-05
-8.78957e-05
-0.000128387
-0.000167747
-0.000195769
-0.000197063
-0.000150031
-2.59345e-05
0.000211903
0.000608687
0.00121848
0.00210423
0.00333743
0.00499749
0.00717065
0.00994862
0.0134269
0.0177029
0.0228735
0.0290332
0.0362713
0.0446702
0.0543023
0.0652287
0.0774973
0.0911407
0.106176
0.122603
0.140404
0.159545
0.179975
0.201626
0.224417
0.248251
0.273021
0.29861
0.324891
0.351734
0.379002
0.406559
0.434267
0.461992
0.489604
0.516977
0.543992
0.570539
0.596518
0.621837
0.646414
0.67018
0.693075
0.71505
0.736067
0.756098
0.775123
0.793134
0.810129
0.826114
0.841104
0.855117
0.868178
0.880317
0.891566
0.901962
0.911544
0.920351
0.928425
0.935809
0.942543
0.94867
0.954232
0.959268
0.963818
0.967918
0.971606
0.974915
0.977878
0.980525
0.982885
0.984984
0.986849
0.988501
0.989962
0.991252
0.992388
0.993388
0.994265
0.995034
0.995706
0.996293
0.996803
0.997247
0.99763
0.997962
0.99825
0.998498
0.998716
0.998907
0.999079
0.999236
0.999382
0.999519
0.999646
0.999759
0.99985
0.999905
0.999904
0.999819
0.999614
0.999245
0.998658
0.997793
0.996576
0.99493
0.992769
0.990001
0.986531
0.982262
0.977097
0.970943
0.963709
0.955313
0.945684
0.93476
0.922493
0.908852
0.893818
0.877392
0.859592
0.840451
0.820022
0.798371
0.775581
0.751747
0.726977
0.701389
0.675108
0.648266
0.620998
0.593441
0.565733
0.538007
0.510396
0.483023
0.456008
0.429461
0.403482
0.378163
0.353586
0.32982
0.306925
0.28495
0.263933
0.243902
0.224877
0.206866
0.189871
0.173886
0.158896
0.144883
0.131822
0.119683
0.108434
0.0980376
0.088456
0.0796488
0.0715746
0.0641913
0.0574569
0.0513295
0.0457679
0.0407318
0.0361823
0.0320816
0.028394
0.025085
0.0221223
0.0194753
0.0171154
0.0150156
0.0131512
0.0114991
0.0100379
0.00874818
0.00761187
0.00661264
0.00573555
0.00496709
0.00429499
0.00370822
0.00319681
0.00275187
0.00236539
0.00203026
0.00174012
0.00148935
0.00127294
0.00108647
0.000926061
0.000788271
0.000670091
0.000568881
0.000482329
0.000408421
0.000345398
0.000291733
0.0002461
0.00020735
0.000174489
0.00014666
0.000123122
0.000103241
8.64693e-05
7.23389e-05
6.04488e-05
5.04561e-05
4.20684e-05
3.50364e-05
2.9148e-05
2.42231e-05
2.01088e-05
1.66757e-05
1.38142e-05
1.14319e-05
9.45073e-06
7.80497e-06
6.43934e-06
5.30737e-06
4.37008e-06
3.59481e-06
2.95422e-06
2.42547e-06
1.98947e-06
1.63031e-06
1.33475e-06
1.09177e-06
8.92211e-07
7.2847e-07
5.94247e-07
4.84327e-07
3.94393e-07
3.2088e-07
2.60845e-07
2.11861e-07
1.71931e-07
1.39409e-07
1.12946e-07
9.14308e-08
7.39537e-08
5.97692e-08
4.82666e-08
3.89469e-08
3.14019e-08
2.52989e-08
2.03663e-08
1.63829e-08
1.31686e-08
1.05769e-08
8.48903e-09
6.80823e-09
5.45623e-09
4.36953e-09
3.49675e-09
2.79629e-09
2.23457e-09
1.78443e-09
1.42398e-09
1.13555e-09
9.0492e-10
7.20642e-10
5.73504e-10
4.56102e-10
3.62493e-10
2.87907e-10
2.28518e-10
1.81262e-10
1.43686e-10
1.13827e-10
9.01157e-11
7.1299e-11
5.63762e-11
4.45492e-11
3.51818e-11
2.77671e-11
2.19019e-11
1.72653e-11
1.36021e-11
1.07098e-11
8.42758e-12
6.62784e-12
5.20943e-12
4.09223e-12
3.21279e-12
2.52093e-12
1.97694e-12
1.54948e-12
1.21378e-12
9.50285e-13
7.43587e-13
5.81534e-13
4.54554e-13
3.55112e-13
2.77278e-13
2.16389e-13
1.68784e-13
1.31583e-13
1.02529e-13
7.98497e-14
6.21553e-14
4.83576e-14
3.7604e-14
2.92272e-14
2.27053e-14
1.763e-14
1.36826e-14
1.06139e-14
8.22943e-15
6.37764e-15
4.94019e-15
3.82493e-15
2.96006e-15
2.28968e-15
1.77031e-15
1.36813e-15
1.05683e-15
8.15992e-16
6.29757e-16
4.85809e-16
3.74598e-16
2.88718e-16
2.2243e-16
1.71286e-16
1.31845e-16
1.01443e-16
7.80172e-17
5.99758e-17
4.60871e-17
3.53997e-17
2.71794e-17
2.08593e-17
1.60023e-17
1.22712e-17
9.40621e-18
7.20721e-18
5.52009e-18
4.22621e-18
3.23433e-18
2.47427e-18
1.89208e-18
1.44631e-18
1.10514e-18
8.44121e-19
6.44506e-19
4.91908e-19
3.75298e-19
2.86224e-19
2.1821e-19
1.66295e-19
1.26685e-19
9.64746e-20
7.34414e-20
5.58871e-20
4.25134e-20
3.23284e-20
2.45747e-20
1.8674e-20
1.41852e-20
1.07716e-20
8.17658e-21
6.20461e-21
4.7066e-21
3.56904e-21
2.7055e-21
2.0502e-21
1.5531e-21
1.17613e-21
8.90365e-22
6.73808e-22
5.09755e-22
3.85517e-22
2.91464e-22
2.20285e-22
1.66435e-22
1.25709e-22
9.4918e-23
7.16461e-23
5.4063e-23
4.07822e-23
3.07543e-23
2.3185e-23
1.74732e-23
1.31645e-23
9.91527e-24
7.46573e-24
5.61964e-24
4.22877e-24
3.18119e-24
2.39241e-24
1.79867e-24
1.35189e-24
1.01579e-24
7.63023e-25
5.72989e-25
4.30159e-25
3.2284e-25
2.42227e-25
1.81691e-25
1.36245e-25
1.02138e-25
7.65472e-26
5.73524e-26
4.29589e-26
3.21688e-26
2.40823e-26
1.80236e-26
1.34855e-26
1.00873e-26
7.54339e-27
5.63951e-27
4.21502e-27
3.14951e-27
2.35273e-27
1.75706e-27
1.31186e-27
9.79208e-28
7.30718e-28
5.45146e-28
4.06597e-28
3.03183e-28
2.26014e-28
1.68444e-28
1.25507e-28
9.34907e-29
6.96245e-29
5.18379e-29
3.85857e-29
2.87143e-29
2.1363e-29
1.58899e-29
1.18161e-29
8.78466e-30
6.52934e-30
4.85188e-30
3.60452e-30
2.6772e-30
1.98798e-30
1.47585e-30
1.09539e-30
8.12825e-31
6.03008e-31
4.47249e-31
3.31646e-31
2.45868e-31
1.82234e-31
1.35039e-31
1.00044e-31
7.41011e-32
5.48733e-32
4.06257e-32
3.00708e-32
2.22532e-32
1.64644e-32
1.21787e-32
9.00668e-33
6.65937e-33
4.92275e-33
3.63822e-33
2.6883e-33
1.98597e-33
1.46682e-33
1.08315e-33
7.99666e-34
5.90253e-34
4.35589e-34
3.21384e-34
2.37074e-34
1.74845e-34
1.28924e-34
9.50437e-35
7.00529e-35
5.16227e-35
3.80337e-35
2.80161e-35
2.06329e-35
1.51925e-35
1.11835e-35
8.24543e-36
5.82961e-36
)
;

boundaryField
{
    sides
    {
        type            zeroGradient;
    }
    empty
    {
        type            empty;
    }
}


// ************************************************************************* //
