/*--------------------------------*- C++ -*----------------------------------*\
  =========                 |
  \\      /  F ield         | OpenFOAM: The Open Source CFD Toolbox
   \\    /   O peration     | Website:  https://openfoam.org
    \\  /    A nd           | Version:  7
     \\/     M anipulation  |
\*---------------------------------------------------------------------------*/
FoamFile
{
    version     2.0;
    format      ascii;
    class       volScalarField;
    location    "0.68";
    object      T;
}
// * * * * * * * * * * * * * * * * * * * * * * * * * * * * * * * * * * * * * //

dimensions      [0 0 0 1 0 0 0];

internalField   nonuniform List<scalar> 
1000
(
0
0
0
0
0
0
0
0
0
0
0
0
0
0
0
0
0
0
0
0
0
0
0
0
0
0
0
0
0
0
0
0
0
0
0
0
0
0
0
0
0
0
0
0
0
0
0
0
0
0
0
0
0
0
0
0
0
0
0
0
0
0
0
0
0
0
0
0
0
0
0
0
0
0
0
0
0
0
0
0
0
0
0
0
0
0
0
0
0
0
0
0
0
0
0
0
0
0
0
0
0
0
0
0
0
0
0
0
0
0
0
0
0
0
0
0
0
0
0
0
0
0
0
0
0
0
0
0
0
0
0
0
0
0
0
0
0
0
0
0
0
0
0
0
0
0
0
0
0
0
0
0
0
0
0
0
0
0
0
0
0
0
0
0
0
0
0
0
0
0
0
0
0
0
0
0
0
0
0
0
0
0
0
0
0
0
0
0
0
0
0
0
0
0
0
0
0
0
0
0
0
0
0
0
0
0
0
0
0
0
0
0
0
0
0
0
0
0
0
0
0
0
0
0
0
0
0
0
0
0
0
0
0
0
0
0
0
0
0
0
0
0
0
0
0
0
0
0
0
0
0
0
0
0
0
0
0
0
0
0
0
0
0
0
0
0
0
0
0
0
0
0
0
0
0
0
0
0
0
0
0
0
0
0
0
0
0
0
0
0
0
0
0
0
0
0
0
0
0
0
0
0
0
0
0
0
0
0
0
0
0
0
0
0
0
0
0
0
0
0
0
0
0
0
0
0
0
0
0
0
0
0
0
0
0
0
0
0
0
0
0
0
0
0
0
0
0
0
0
0
0
0
0
0
0
0
0
0
5.43472e-323
3.64141e-319
2.09774e-315
1.20277e-311
6.86332e-308
3.89738e-304
2.20221e-300
1.23809e-296
6.92492e-293
3.85305e-289
2.13245e-285
1.1738e-281
6.42546e-278
3.49755e-274
1.89289e-270
1.01845e-266
5.44697e-263
2.89548e-259
1.52961e-255
8.02935e-252
4.18757e-248
2.16954e-244
1.11644e-240
5.70557e-237
2.89532e-233
1.45868e-229
7.29486e-226
3.62073e-222
1.7833e-218
8.71405e-215
4.22381e-211
2.03046e-207
9.67836e-204
4.57338e-200
2.14193e-196
9.94058e-193
4.57038e-189
2.08125e-185
9.38456e-182
4.189e-178
1.85052e-174
8.08792e-171
3.49634e-167
1.49446e-163
6.3141e-160
2.63598e-156
1.08699e-152
4.4258e-149
1.77858e-145
7.05168e-142
2.75713e-138
1.0626e-134
4.03475e-131
1.50863e-127
5.55174e-124
2.00961e-120
7.15104e-117
2.49991e-113
8.57987e-110
2.88887e-106
9.53522e-103
3.08273e-99
9.7535e-96
3.01717e-92
9.11627e-89
2.68746e-85
7.72091e-82
2.15899e-78
5.86805e-75
1.54794e-71
3.9567e-68
9.78268e-65
2.335e-61
5.36899e-58
1.18643e-54
2.51299e-51
5.08695e-48
9.80836e-45
1.79462e-41
3.10254e-38
5.04282e-35
7.66184e-32
1.08079e-28
1.40399e-25
1.66307e-22
1.77447e-19
1.67909e-16
1.38057e-13
9.59136e-11
5.40649e-08
2.31883e-05
0.00673016
0.99327
0.999977
1
1
1
1
1
1
1
1
1
1
1
1
1
1
1
1
1
1
1
1
1
1
1
1
1
1
1
1
1
1
1
1
1
1
1
1
1
1
1
1
1
1
1
1
1
1
1
1
1
1
1
1
1
1
1
1
1
1
1
1
1
1
1
1
1
1
1
1
1
1
1
1
1
1
1
1
1
1
1
1
1
1
1
1
1
1
1
1
1
1
1
1
1
1
1
1
0.999977
0.99327
0.00673016
2.31883e-05
5.40649e-08
9.59136e-11
1.38057e-13
1.67909e-16
1.77447e-19
1.66307e-22
1.40399e-25
1.08079e-28
7.66184e-32
5.04282e-35
3.10254e-38
1.79462e-41
9.80836e-45
5.08695e-48
2.51299e-51
1.18643e-54
5.36899e-58
2.335e-61
9.78268e-65
3.9567e-68
1.54794e-71
5.86805e-75
2.15899e-78
7.72091e-82
2.68746e-85
9.11627e-89
3.01717e-92
9.7535e-96
3.08273e-99
9.53522e-103
2.88887e-106
8.57987e-110
2.49991e-113
7.15104e-117
2.00961e-120
5.55174e-124
1.50863e-127
4.03475e-131
1.0626e-134
2.75713e-138
7.05168e-142
1.77858e-145
4.4258e-149
1.08699e-152
2.63598e-156
6.3141e-160
1.49446e-163
3.49634e-167
8.08792e-171
1.85052e-174
4.189e-178
9.38456e-182
2.08125e-185
4.57038e-189
9.94058e-193
2.14193e-196
4.57338e-200
9.67836e-204
2.03046e-207
4.22381e-211
8.71405e-215
1.7833e-218
3.62073e-222
7.29486e-226
1.45868e-229
2.89532e-233
5.70557e-237
1.11644e-240
2.16954e-244
4.18757e-248
8.02935e-252
1.52961e-255
2.89548e-259
5.44697e-263
1.01845e-266
1.89289e-270
3.49755e-274
6.42546e-278
1.1738e-281
2.13245e-285
3.85305e-289
6.92492e-293
1.23809e-296
2.20221e-300
3.89738e-304
6.86332e-308
1.20277e-311
2.09774e-315
3.64141e-319
5.43472e-323
0
0
0
0
0
0
0
0
0
0
0
0
0
0
0
0
0
0
0
0
0
0
0
0
0
0
0
0
0
0
0
0
0
0
0
0
0
0
0
0
0
0
0
0
0
0
0
0
0
0
0
0
0
0
0
0
0
0
0
0
0
0
0
0
0
0
0
0
0
0
0
0
0
0
0
0
0
0
0
0
0
0
0
0
0
0
0
0
0
0
0
0
0
0
0
0
0
0
0
0
0
0
0
0
0
0
0
0
0
0
0
0
0
0
0
0
0
0
0
0
0
0
0
0
0
0
0
0
0
0
0
0
0
0
0
0
0
0
0
0
0
0
0
0
0
0
0
0
0
0
0
0
0
0
0
0
0
0
0
0
0
0
0
0
0
0
0
0
0
0
0
0
0
0
0
0
0
0
0
0
0
0
0
0
0
0
0
0
0
0
0
0
0
0
0
0
0
0
0
0
0
0
0
0
0
0
0
0
0
0
0
0
0
0
0
0
0
0
0
0
0
0
0
0
0
0
0
0
0
0
0
0
0
0
0
0
0
0
0
0
0
0
0
0
0
0
0
0
0
0
0
0
0
0
0
0
0
0
0
0
0
0
0
0
0
0
0
0
0
0
0
0
0
0
0
0
0
0
0
0
0
0
0
0
0
0
0
0
0
0
0
0
0
0
0
0
0
0
0
0
0
0
0
0
0
0
0
0
0
0
0
0
0
0
0
0
0
0
0
0
0
0
0
0
0
0
0
0
0
0
0
0
0
0
0
0
0
0
0
0
0
0
0
0
0
0
0
0
0
0
0
0
0
0
0
0
0
0
)
;

boundaryField
{
    sides
    {
        type            zeroGradient;
    }
    empty
    {
        type            empty;
    }
}


// ************************************************************************* //
