/*--------------------------------*- C++ -*----------------------------------*\
  =========                 |
  \\      /  F ield         | OpenFOAM: The Open Source CFD Toolbox
   \\    /   O peration     | Website:  https://openfoam.org
    \\  /    A nd           | Version:  7
     \\/     M anipulation  |
\*---------------------------------------------------------------------------*/
FoamFile
{
    version     2.0;
    format      ascii;
    class       volScalarField;
    location    "0.69";
    object      T;
}
// * * * * * * * * * * * * * * * * * * * * * * * * * * * * * * * * * * * * * //

dimensions      [0 0 0 1 0 0 0];

internalField   nonuniform List<scalar> 
1000
(
0
0
0
0
0
0
0
0
0
0
0
0
0
0
0
0
0
0
0
0
0
0
0
0
0
0
0
0
0
0
0
0
0
0
0
0
0
0
0
0
0
0
0
0
0
0
0
0
0
0
0
0
0
0
0
0
0
0
0
0
0
0
0
0
0
0
0
0
0
0
0
0
0
0
0
0
0
0
0
0
0
0
0
0
0
0
0
0
0
0
0
0
0
0
0
0
0
0
0
0
0
0
0
0
0
0
0
0
0
0
0
0
0
0
0
0
0
0
0
0
0
0
0
0
0
0
0
0
0
0
0
0
0
0
0
0
0
0
0
0
0
0
0
0
0
0
0
0
0
0
0
0
0
0
0
0
0
0
0
0
0
0
0
0
0
0
0
0
0
0
0
0
0
0
0
0
0
0
0
0
0
0
0
0
0
0
0
0
0
0
0
0
0
0
0
0
0
0
0
0
0
0
0
0
0
0
0
0
0
0
0
0
0
0
0
0
0
0
0
0
0
0
0
0
0
0
0
0
0
0
0
0
0
0
0
0
0
0
0
0
0
0
0
0
0
0
0
0
0
0
0
0
0
0
0
0
0
0
0
0
0
0
0
0
0
0
0
0
0
0
0
0
0
0
0
0
0
0
0
0
0
0
0
0
0
0
0
0
0
0
0
0
0
0
0
0
0
0
0
0
0
0
0
0
0
0
0
0
0
0
0
0
0
0
0
0
0
0
0
0
0
0
0
0
0
0
0
0
0
0
0
0
0
0
0
0
0
0
0
0
0
0
0
0
0
0
0
0
0
0
0
0
0
0
0
0
0
0
1.38338e-322
8.51295e-319
4.87319e-315
2.77643e-311
1.57421e-307
8.88196e-304
4.98636e-300
2.78515e-296
1.54762e-292
8.55434e-289
4.703e-285
2.57149e-281
1.3982e-277
7.55938e-274
4.06334e-270
2.17126e-266
1.15325e-262
6.08781e-259
3.19355e-255
1.66458e-251
8.61976e-248
4.43391e-244
2.26526e-240
1.14928e-236
5.78949e-233
2.89533e-229
1.43723e-225
7.08033e-222
3.46101e-218
1.6784e-214
8.07334e-211
3.85114e-207
1.82145e-203
8.53976e-200
3.96809e-196
1.82695e-192
8.33258e-189
3.76386e-185
1.68337e-181
7.45248e-178
3.26497e-174
1.41511e-170
6.06597e-167
2.57085e-163
1.0769e-159
4.45703e-156
1.82194e-152
7.35318e-149
2.92885e-145
1.15086e-141
4.45917e-138
1.70294e-134
6.40686e-131
2.3734e-127
8.65247e-124
3.10246e-120
1.09347e-116
3.78587e-113
1.28673e-109
4.28997e-106
1.40196e-102
4.48721e-99
1.40538e-95
4.30306e-92
1.28675e-88
3.7538e-85
1.06709e-81
2.95215e-78
7.93757e-75
2.07111e-71
5.23578e-68
1.28013e-64
3.02118e-61
6.86781e-58
1.50019e-54
3.14063e-51
6.28266e-48
1.19697e-44
2.16369e-41
3.69496e-38
5.93159e-35
8.89955e-32
1.23949e-28
1.58951e-25
1.85838e-22
1.95676e-19
1.8269e-16
1.48181e-13
1.01537e-10
5.64402e-08
2.38664e-05
0.00682812
0.993172
0.999976
1
1
1
1
1
1
1
1
1
1
1
1
1
1
1
1
1
1
1
1
1
1
1
1
1
1
1
1
1
1
1
1
1
1
1
1
1
1
1
1
1
1
1
1
1
1
1
1
1
1
1
1
1
1
1
1
1
1
1
1
1
1
1
1
1
1
1
1
1
1
1
1
1
1
1
1
1
1
1
1
1
1
1
1
1
1
1
1
1
1
1
1
1
1
1
1
0.999976
0.993172
0.00682812
2.38664e-05
5.64402e-08
1.01537e-10
1.48181e-13
1.8269e-16
1.95676e-19
1.85838e-22
1.58951e-25
1.23949e-28
8.89955e-32
5.93159e-35
3.69496e-38
2.16369e-41
1.19697e-44
6.28266e-48
3.14063e-51
1.50019e-54
6.86781e-58
3.02118e-61
1.28013e-64
5.23578e-68
2.07111e-71
7.93757e-75
2.95215e-78
1.06709e-81
3.7538e-85
1.28675e-88
4.30306e-92
1.40538e-95
4.48721e-99
1.40196e-102
4.28997e-106
1.28673e-109
3.78587e-113
1.09347e-116
3.10246e-120
8.65247e-124
2.3734e-127
6.40686e-131
1.70294e-134
4.45917e-138
1.15086e-141
2.92885e-145
7.35318e-149
1.82194e-152
4.45703e-156
1.0769e-159
2.57085e-163
6.06597e-167
1.41511e-170
3.26497e-174
7.45248e-178
1.68337e-181
3.76386e-185
8.33258e-189
1.82695e-192
3.96809e-196
8.53976e-200
1.82145e-203
3.85114e-207
8.07334e-211
1.6784e-214
3.46101e-218
7.08033e-222
1.43723e-225
2.89533e-229
5.78949e-233
1.14928e-236
2.26526e-240
4.43391e-244
8.61976e-248
1.66458e-251
3.19355e-255
6.08781e-259
1.15325e-262
2.17126e-266
4.06334e-270
7.55938e-274
1.3982e-277
2.57149e-281
4.703e-285
8.55434e-289
1.54762e-292
2.78515e-296
4.98636e-300
8.88196e-304
1.57421e-307
2.77643e-311
4.87319e-315
8.51295e-319
1.38338e-322
0
0
0
0
0
0
0
0
0
0
0
0
0
0
0
0
0
0
0
0
0
0
0
0
0
0
0
0
0
0
0
0
0
0
0
0
0
0
0
0
0
0
0
0
0
0
0
0
0
0
0
0
0
0
0
0
0
0
0
0
0
0
0
0
0
0
0
0
0
0
0
0
0
0
0
0
0
0
0
0
0
0
0
0
0
0
0
0
0
0
0
0
0
0
0
0
0
0
0
0
0
0
0
0
0
0
0
0
0
0
0
0
0
0
0
0
0
0
0
0
0
0
0
0
0
0
0
0
0
0
0
0
0
0
0
0
0
0
0
0
0
0
0
0
0
0
0
0
0
0
0
0
0
0
0
0
0
0
0
0
0
0
0
0
0
0
0
0
0
0
0
0
0
0
0
0
0
0
0
0
0
0
0
0
0
0
0
0
0
0
0
0
0
0
0
0
0
0
0
0
0
0
0
0
0
0
0
0
0
0
0
0
0
0
0
0
0
0
0
0
0
0
0
0
0
0
0
0
0
0
0
0
0
0
0
0
0
0
0
0
0
0
0
0
0
0
0
0
0
0
0
0
0
0
0
0
0
0
0
0
0
0
0
0
0
0
0
0
0
0
0
0
0
0
0
0
0
0
0
0
0
0
0
0
0
0
0
0
0
0
0
0
0
0
0
0
0
0
0
0
0
0
0
0
0
0
0
0
0
0
0
0
0
0
0
0
0
0
0
0
0
0
0
0
0
0
0
0
0
0
0
0
0
0
0
0
0
0
0
0
0
0
0
0
0
0
0
0
0
0
0
0
0
0
0
0
0
0
)
;

boundaryField
{
    sides
    {
        type            zeroGradient;
    }
    empty
    {
        type            empty;
    }
}


// ************************************************************************* //
