/*--------------------------------*- C++ -*----------------------------------*\
  =========                 |
  \\      /  F ield         | OpenFOAM: The Open Source CFD Toolbox
   \\    /   O peration     | Website:  https://openfoam.org
    \\  /    A nd           | Version:  7
     \\/     M anipulation  |
\*---------------------------------------------------------------------------*/
FoamFile
{
    version     2.0;
    format      ascii;
    class       volScalarField;
    location    "1.57";
    object      T;
}
// * * * * * * * * * * * * * * * * * * * * * * * * * * * * * * * * * * * * * //

dimensions      [0 0 0 1 0 0 0];

internalField   nonuniform List<scalar> 
1000
(
0
0
0
0
0
0
0
0
0
0
0
0
0
0
0
0
0
0
0
0
0
0
0
0
0
0
0
0
0
0
0
0
0
0
0
0
0
0
0
0
0
0
0
0
0
0
0
0
0
0
0
0
0
0
0
0
0
0
0
0
0
0
0
0
0
0
0
0
0
0
0
0
0
0
0
0
0
0
0
0
0
0
0
0
0
0
0
0
0
0
0
0
0
0
0
0
0
0
0
0
0
0
0
0
0
0
0
0
0
0
0
0
0
0
0
0
0
0
0
0
0
0
0
0
0
0
0
0
0
0
0
0
0
0
0
0
0
0
0
0
0
0
0
0
0
0
0
0
0
0
0
0
0
0
0
0
0
0
0
0
0
0
0
0
0
0
0
0
0
0
0
0
0
0
0
0
0
0
0
0
0
0
0
0
0
0
0
0
0
0
0
0
0
0
0
0
0
0
0
0
0
0
0
0
0
0
0
0
0
0
0
0
0
0
0
0
0
0
0
0
0
0
0
0
0
0
0
0
0
0
0
0
0
0
0
0
0
0
0
0
0
0
0
0
0
0
0
0
0
0
0
0
0
0
0
0
0
0
0
0
0
0
0
0
0
0
0
0
0
0
0
0
0
0
0
0
0
0
0
0
0
0
0
0
0
0
0
0
0
0
0
0
0
-6.76478e-123
2.4714e-120
-4.4584e-118
5.29406e-116
-4.65378e-114
3.2295e-112
-1.84235e-110
8.8841e-109
-3.69544e-107
1.34652e-105
-4.34992e-104
1.25794e-102
-3.28216e-101
7.77691e-100
-1.68251e-98
3.33884e-97
-6.10099e-96
1.02989e-94
-1.61052e-93
2.33849e-92
-3.15886e-91
3.97585e-90
-4.66828e-89
5.11788e-88
-5.24157e-87
5.01586e-86
-4.48379e-85
3.74173e-84
-2.91139e-83
2.10818e-82
-1.41673e-81
8.79992e-81
-5.02233e-80
2.61016e-79
-1.21762e-78
4.97038e-78
-1.6836e-77
4.05865e-77
-1.56227e-77
-5.23099e-76
3.64387e-75
-1.52734e-74
4.09696e-74
-2.90914e-74
-3.8731e-73
2.50891e-72
-8.36875e-72
1.16976e-71
4.37308e-71
-3.49908e-70
1.12622e-69
-1.1274e-69
-7.537e-69
4.42519e-68
-1.02551e-67
-4.86217e-68
1.22818e-66
-4.13627e-66
3.1592e-66
2.81707e-65
-1.26225e-64
1.63572e-64
6.00562e-64
-3.3218e-63
4.95986e-63
1.33574e-62
-7.9444e-62
1.13035e-61
3.27489e-61
-1.74547e-60
1.93549e-60
8.38223e-60
-3.44921e-59
1.93932e-59
2.02939e-58
-5.82011e-58
-1.62834e-58
4.29124e-57
-7.51311e-57
-1.35888e-56
7.41494e-56
-4.90813e-56
-3.76706e-55
9.48011e-55
7.05347e-55
-6.78222e-54
6.42611e-54
2.94627e-53
-7.94705e-53
-5.28125e-53
5.09835e-52
-3.84721e-52
-2.23562e-51
4.76946e-51
5.94702e-51
-3.11613e-50
4.34127e-51
1.50009e-49
-1.74166e-49
-5.52197e-49
1.34747e-48
1.36746e-48
-7.40652e-48
-7.07366e-50
3.32969e-47
-2.4995e-47
-1.27184e-46
1.95574e-46
4.11168e-46
-1.07633e-45
-1.05952e-45
4.98187e-45
1.61469e-45
-2.0571e-44
3.35346e-45
7.79792e-44
-4.48673e-44
-2.76172e-43
2.64466e-43
9.25692e-43
-1.23351e-42
-2.96981e-42
5.07673e-42
9.22276e-42
-1.92239e-41
-2.80654e-41
6.83872e-41
8.47968e-41
-2.31248e-40
-2.57648e-40
7.48197e-40
7.94874e-40
-2.32336e-39
-2.49876e-39
6.92471e-39
7.97355e-39
-1.97508e-38
-2.55786e-38
5.35543e-38
8.14653e-38
-1.36404e-37
-2.54342e-37
3.1932e-37
7.69366e-37
-6.56935e-37
-2.23061e-36
1.0509e-36
6.13134e-36
-5.99956e-37
-1.57756e-35
-4.50473e-36
3.73245e-35
2.66912e-35
-7.88101e-35
-9.99921e-35
1.39331e-34
3.03267e-34
-1.67812e-34
-7.84636e-34
-4.95676e-35
1.73305e-33
1.1227e-33
-3.13141e-33
-4.38132e-33
3.94319e-33
1.19091e-32
-3.00515e-34
-2.50423e-32
-1.70853e-32
3.88049e-32
6.33444e-32
-2.97027e-32
-1.48738e-31
-5.95256e-32
2.41386e-31
3.14361e-31
-1.96152e-31
-7.64193e-31
-3.02255e-31
1.15182e-30
1.60707e-30
-6.16165e-31
-3.49832e-30
-2.25461e-30
4.04232e-30
8.01878e-30
1.00291e-30
-1.2974e-29
-1.5304e-29
6.0927e-30
3.27665e-29
2.55459e-29
-2.69653e-29
-7.33873e-29
-3.90461e-29
7.65968e-29
1.5494e-28
5.92584e-29
-1.8204e-28
-3.20535e-28
-1.03553e-28
3.88312e-28
6.63839e-28
2.3541e-28
-7.55932e-28
-1.38065e-27
-6.49883e-28
1.31424e-27
2.84194e-27
1.87232e-27
-1.86515e-27
-5.61794e-27
-5.13961e-27
1.39216e-27
1.01557e-26
1.28901e-26
3.33259e-27
-1.52638e-26
-2.86056e-26
-2.01308e-26
1.37023e-26
5.3297e-26
6.29927e-26
1.67666e-26
-7.239e-26
-1.44407e-25
-1.22681e-25
2.54522e-26
2.36841e-25
3.57968e-25
2.30657e-25
-1.75101e-25
-6.68193e-25
-8.78638e-25
-4.67113e-25
5.82689e-25
1.77768e-24
2.23225e-24
1.15016e-24
-1.50995e-24
-4.5906e-24
-5.95332e-24
-3.53679e-24
3.07702e-24
1.14431e-23
1.64184e-23
1.23183e-23
-3.37689e-24
-2.64685e-23
-4.51106e-23
-4.35173e-23
-1.03504e-23
5.11444e-23
1.16818e-22
1.452e-22
9.41362e-23
-5.26906e-23
-2.60183e-22
-4.33257e-22
-4.39883e-22
-1.69728e-22
3.86023e-22
1.06809e-21
1.54153e-21
1.38507e-21
2.8266e-22
-1.73057e-21
-4.07172e-21
-5.59848e-21
-4.89662e-21
-8.88289e-22
6.37029e-21
1.50059e-20
2.11797e-20
1.9867e-20
6.7266e-21
-1.92193e-20
-5.29295e-20
-8.20224e-20
-8.82388e-20
-5.26845e-20
3.53136e-20
1.6766e-19
3.09091e-19
3.96092e-19
3.4816e-19
9.40683e-20
-3.89152e-19
-1.03359e-18
-1.65042e-18
-1.93319e-18
-1.51428e-18
-8.44925e-20
2.43352e-18
5.69476e-18
8.79074e-18
1.0246e-17
8.24267e-18
1.13236e-18
-1.17767e-17
-2.92807e-17
-4.74462e-17
-5.92643e-17
-5.52405e-17
-2.53212e-17
3.76608e-17
1.33253e-16
2.48188e-16
3.52239e-16
3.97275e-16
3.21965e-16
6.43367e-17
-4.16735e-16
-1.11223e-15
-1.93016e-15
-2.66751e-15
-2.9991e-15
-2.49839e-15
-7.05583e-16
2.74568e-15
7.94168e-15
1.44569e-14
2.11156e-14
2.5811e-14
2.54767e-14
1.63211e-14
-5.55704e-15
-4.30811e-14
-9.66072e-14
-1.61918e-13
-2.28048e-13
-2.75403e-13
-2.74869e-13
-1.88838e-13
2.47583e-14
4.04309e-13
9.71413e-13
1.71249e-12
2.55584e-12
3.3464e-12
3.82254e-12
3.60169e-12
2.18445e-12
-1.01067e-12
-6.56756e-12
-1.49334e-11
-2.62078e-11
-3.9853e-11
-5.43305e-11
-6.66854e-11
-7.21257e-11
-6.36783e-11
-3.20433e-11
3.41814e-11
1.47679e-10
3.20722e-10
5.62293e-10
8.73678e-10
1.24222e-09
1.63298e-09
1.9783e-09
2.16532e-09
2.02237e-09
1.30532e-09
-3.13801e-10
-3.25239e-09
-8.01218e-09
-1.51563e-08
-2.52591e-08
-3.88157e-08
-5.60954e-08
-7.69188e-08
-1.00332e-07
-1.24146e-07
-1.44311e-07
-1.54066e-07
-1.42834e-07
-9.47795e-08
1.30207e-08
2.12875e-07
5.4933e-07
1.08267e-06
1.89314e-06
3.08606e-06
4.79784e-06
7.20308e-06
1.05229e-05
1.50344e-05
2.10818e-05
2.90888e-05
3.95727e-05
5.31599e-05
7.06035e-05
9.28025e-05
0.000120823
0.000155919
0.000199559
0.000253453
0.000319573
0.000400191
0.0004979
0.000615651
0.000756778
0.000925034
0.00112462
0.0013602
0.00163697
0.00196064
0.00233747
0.00277431
0.0032786
0.0038584
0.00452237
0.00527982
0.00614066
0.00711542
0.00821526
0.00945189
0.0108376
0.0123851
0.0141078
0.0160194
0.0181338
0.0204656
0.0230293
0.0258396
0.0289115
0.0322597
0.035899
0.0398439
0.0441085
0.0487066
0.0536513
0.0589554
0.0646306
0.0706879
0.0771373
0.0839878
0.0912471
0.0989219
0.107017
0.115537
0.124484
0.133859
0.14366
0.153887
0.164533
0.175595
0.187065
0.198933
0.211189
0.223822
0.236817
0.250159
0.263832
0.277817
0.292096
0.306647
0.32145
0.336482
0.35172
0.36714
0.382716
0.398424
0.414239
0.430134
0.446084
0.462063
0.478045
0.494005
0.509918
0.525759
0.541504
0.55713
0.572614
0.587935
0.603072
0.618005
0.632715
0.647186
0.6614
0.675343
0.689
0.702358
0.715407
0.728135
0.740534
0.752596
0.764314
0.775683
0.786697
0.797354
0.80765
0.817585
0.827158
0.836368
0.845216
0.853704
0.861834
0.869607
0.877028
0.884097
0.89082
0.897198
0.903236
0.908936
0.914301
0.919334
0.924038
0.928415
0.932466
0.936193
0.939595
0.942674
0.945428
0.947855
0.949955
0.951723
0.953157
0.954253
0.955006
0.95541
0.95546
0.955149
0.95447
0.953416
0.951979
0.950151
0.947924
0.945291
0.942242
0.938771
0.934869
0.930529
0.925745
0.92051
0.914819
0.908668
0.902052
0.894969
0.887417
0.879396
0.870907
0.861953
0.852535
0.842661
0.832336
0.821568
0.810366
0.798742
0.786709
0.774279
0.761468
0.748294
0.734774
0.720927
0.706773
0.692335
0.677635
0.662696
0.647542
0.632199
0.616691
0.601044
0.585285
0.56944
0.553535
0.537597
0.521651
0.505724
0.489841
0.474026
0.458305
0.4427
0.427234
0.41193
0.396809
0.381889
0.36719
0.35273
0.338525
0.324591
0.310941
0.297588
0.284543
0.271818
0.25942
0.247358
0.235637
0.224264
0.213242
0.202574
0.192263
0.182308
0.172709
0.163465
0.154575
0.146034
0.137839
0.129986
0.122469
0.115282
0.108419
0.101873
0.0956365
0.0897014
0.0840596
0.0787028
0.0736221
0.0688087
0.0642535
0.0599474
0.0558811
0.0520453
0.0484309
0.0450287
0.0418296
0.0388245
0.0360046
0.0333613
0.0308859
0.0285701
0.0264059
0.0243852
0.0225005
0.0207443
0.0191095
0.0175891
0.0161764
0.0148652
0.0136492
0.0125226
0.0114797
0.0105154
0.00962441
0.00880196
0.00804348
0.00734461
0.00670124
0.00610949
0.00556571
0.00506643
0.00460842
0.00418863
0.0038042
0.00345245
0.00313088
0.00283715
0.00256906
0.00232459
0.00210184
0.00189904
0.00171456
0.00154688
0.0013946
0.0012564
0.00113109
0.00101756
0.00091477
0.000821789
0.000737742
0.000661829
0.000593316
0.000531529
0.000475849
0.000425711
0.000380596
0.000340033
0.000303588
0.000270867
0.000241512
0.000215196
0.00019162
0.000170515
0.000151635
0.000134758
0.000119682
0.000106224
9.42183e-05
8.35164e-05
7.39831e-05
6.54965e-05
5.79469e-05
5.12354e-05
4.52729e-05
3.99796e-05
3.52833e-05
3.11195e-05
2.74303e-05
2.41637e-05
2.12732e-05
1.87172e-05
1.64584e-05
1.44635e-05
1.27029e-05
1.115e-05
9.78112e-06
8.57529e-06
7.51372e-06
6.57974e-06
5.75852e-06
5.03691e-06
4.40311e-06
3.84743e-06
3.35631e-06
2.94962e-06
2.4422e-06
)
;

boundaryField
{
    sides
    {
        type            zeroGradient;
    }
    empty
    {
        type            empty;
    }
}


// ************************************************************************* //
