/*--------------------------------*- C++ -*----------------------------------*\
  =========                 |
  \\      /  F ield         | OpenFOAM: The Open Source CFD Toolbox
   \\    /   O peration     | Website:  https://openfoam.org
    \\  /    A nd           | Version:  7
     \\/     M anipulation  |
\*---------------------------------------------------------------------------*/
FoamFile
{
    version     2.0;
    format      ascii;
    class       volScalarField;
    location    "4.68";
    object      T;
}
// * * * * * * * * * * * * * * * * * * * * * * * * * * * * * * * * * * * * * //

dimensions      [0 0 0 1 0 0 0];

internalField   nonuniform List<scalar> 
1000
(
0
0
0
0
0
0
0
0
0
0
0
0
0
0
0
0
0
0
0
0
0
0
0
0
0
0
0
0
0
0
0
0
0
0
0
0
0
0
0
0
0
0
0
0
0
0
0
0
0
0
0
0
0
0
0
0
0
0
0
0
0
0
0
0
0
0
0
0
0
0
0
0
1.4822e-323
-3.65609e-322
1.26827e-320
-4.31324e-319
1.4466e-317
-4.7855e-316
1.56167e-314
-5.0278e-313
1.5971e-311
-5.006e-310
1.54845e-308
-4.72699e-307
1.42428e-305
-4.23605e-304
1.24371e-302
-3.60501e-301
1.0317e-299
-2.9154e-298
8.13518e-297
-2.24179e-295
6.10116e-294
-1.64002e-292
4.35447e-291
-1.14209e-289
2.95916e-288
-7.5748e-287
1.91573e-285
-4.78723e-284
1.18208e-282
-2.88433e-281
6.95513e-280
-1.65749e-278
3.90397e-277
-9.0885e-276
2.09138e-274
-4.75716e-273
1.0697e-271
-2.37788e-270
5.22586e-269
-1.13549e-267
2.43941e-266
-5.18181e-265
1.08841e-263
-2.26065e-262
4.64328e-261
-9.43152e-260
1.89462e-258
-3.76408e-257
7.39624e-256
-1.43745e-254
2.76324e-253
-5.25416e-252
9.88237e-251
-1.83868e-249
3.38415e-248
-6.16178e-247
1.10991e-245
-1.97792e-244
3.4872e-243
-6.08284e-242
1.0498e-240
-1.79263e-239
3.02878e-238
-5.06344e-237
8.37601e-236
-1.37104e-234
2.22072e-233
-3.55939e-232
5.64553e-231
-8.86114e-230
1.37638e-228
-2.11571e-227
3.21847e-226
-4.84539e-225
7.21932e-224
-1.06454e-222
1.55355e-221
-2.24387e-220
3.2076e-219
-4.53816e-218
6.35476e-217
-8.8073e-216
1.20813e-214
-1.64028e-213
2.20421e-212
-2.93175e-211
3.85958e-210
-5.02913e-209
6.48618e-208
-8.27996e-207
1.04619e-205
-1.3084e-204
1.61963e-203
-1.98444e-202
2.4066e-201
-2.88877e-200
3.43214e-199
-4.03608e-198
4.69779e-197
-5.41208e-196
6.17121e-195
-6.96479e-194
7.7799e-193
-8.60131e-192
9.41187e-191
-1.0193e-189
1.09255e-188
-1.159e-187
1.21682e-186
-1.26434e-185
1.30014e-184
-1.3231e-183
1.3325e-182
-1.32803e-181
1.3098e-180
-1.27835e-179
1.23461e-178
-1.17988e-177
1.11574e-176
-1.04398e-175
9.66537e-175
-8.85373e-174
8.02424e-173
-7.19512e-172
6.38285e-171
-5.60169e-170
4.86336e-169
-4.17687e-168
3.54851e-167
-2.98198e-166
2.47862e-165
-2.0377e-164
1.65683e-163
-1.33231e-162
1.05948e-161
-8.33162e-161
6.47865e-160
-4.98124e-159
3.7867e-158
-2.84598e-157
2.11456e-156
-1.5531e-155
1.12757e-154
-8.09122e-154
5.73832e-153
-4.0218e-152
2.7854e-151
-1.90611e-150
1.28874e-149
-8.60799e-149
5.67952e-148
-3.7013e-147
2.38223e-146
-1.51409e-145
9.50193e-145
-5.88719e-144
3.6007e-143
-2.17366e-142
1.29497e-141
-7.61254e-141
4.41502e-140
-2.5258e-139
1.42512e-138
-7.92892e-138
4.3491e-137
-2.35136e-136
1.25279e-135
-6.57621e-135
3.40018e-134
-1.73118e-133
8.67702e-133
-4.2801e-132
2.07705e-131
-9.91269e-131
4.65071e-130
-2.14409e-129
9.70861e-129
-4.31557e-128
1.88207e-127
-8.04773e-127
3.37161e-126
-1.38285e-125
5.54732e-125
-2.17419e-124
8.31526e-124
-3.09866e-123
1.12311e-122
-3.95065e-122
1.345e-121
-4.41615e-121
1.39173e-120
-4.18155e-120
1.18578e-119
-3.12147e-119
7.39513e-119
-1.46719e-118
1.87017e-118
1.98028e-118
-2.5856e-117
1.20602e-116
-4.22475e-116
1.22115e-115
-2.89221e-115
4.99071e-115
-2.2215e-115
-2.83373e-114
1.57853e-113
-5.5281e-113
1.45748e-112
-2.73177e-112
1.78189e-112
1.25654e-111
-7.24315e-111
2.40142e-110
-5.53962e-110
7.08685e-110
9.65003e-110
-9.59692e-109
3.52164e-108
-8.3032e-108
1.0029e-107
1.78539e-107
-1.49014e-106
4.96985e-106
-9.92004e-106
5.12862e-106
5.01355e-105
-2.39169e-104
6.0088e-104
-6.89504e-104
-1.52388e-103
1.07418e-102
-3.06366e-102
4.19313e-102
5.38652e-102
-4.88959e-101
1.43327e-100
-1.89489e-100
-2.88589e-100
2.31056e-99
-6.22407e-99
6.29274e-99
1.97153e-98
-1.09223e-97
2.3953e-97
-8.38448e-98
-1.29061e-96
4.77534e-96
-7.09917e-96
-8.10339e-96
7.13556e-95
-1.7175e-94
7.72579e-95
8.53749e-94
-3.07512e-93
3.83751e-93
7.90813e-93
-4.70932e-92
8.71214e-92
4.21853e-92
-6.55828e-91
1.57291e-90
-3.36078e-91
-8.64727e-90
2.53315e-89
-1.52931e-89
-1.11845e-88
3.81872e-88
-3.13855e-88
-1.46802e-87
5.52439e-87
-5.01926e-87
-2.0084e-86
7.75992e-86
-6.78967e-86
-2.89061e-85
1.05986e-84
-7.65387e-85
-4.32114e-84
1.39596e-83
-6.18397e-84
-6.52627e-83
1.74015e-82
-1.71019e-84
-9.64654e-82
1.9838e-81
1.32033e-81
-1.35269e-80
1.92869e-80
3.64701e-80
-1.74077e-79
1.29199e-79
6.98491e-79
-1.96277e-78
-2.14784e-79
1.08149e-77
-1.76289e-77
-2.69305e-77
1.3785e-76
-8.70293e-77
-5.7665e-76
1.37383e-75
8.19542e-76
-8.33795e-75
8.46789e-75
2.99263e-74
-8.69556e-74
-2.6285e-74
4.75811e-73
-5.28785e-73
-1.66012e-72
4.85593e-72
1.8697e-72
-2.64151e-71
2.41143e-71
9.97549e-71
-2.38655e-70
-2.02274e-70
1.39177e-69
-6.06039e-70
-6.01863e-69
9.45239e-69
1.86592e-68
-6.43224e-68
-2.29973e-68
3.26104e-67
-2.07625e-67
-1.32963e-66
2.19161e-66
4.20625e-66
-1.3809e-65
-7.63125e-66
6.96719e-65
-2.11479e-65
-3.00683e-64
3.23925e-64
1.12015e-63
-2.25634e-63
-3.46403e-63
1.23902e-62
7.41209e-63
-5.95298e-62
3.06385e-63
2.60034e-61
-1.58302e-61
-1.05019e-60
1.22759e-60
3.94498e-60
-7.15245e-60
-1.3748e-59
3.65067e-59
4.38254e-59
-1.72034e-58
-1.22969e-58
7.67861e-58
2.69573e-58
-3.29605e-57
-2.00302e-58
1.3749e-56
-2.45894e-57
-5.61726e-56
2.12433e-56
2.26196e-55
-1.22338e-55
-9.02387e-55
6.01441e-55
3.58143e-54
-2.69568e-54
-1.41849e-53
1.1297e-53
5.61745e-53
-4.46875e-53
-2.22576e-52
1.66829e-52
8.81755e-52
-5.82035e-52
-3.4858e-51
1.84878e-51
1.37086e-50
-4.99347e-51
-5.34103e-50
8.80748e-51
2.05108e-49
1.36733e-50
-7.71555e-49
-2.57108e-49
2.82109e-48
1.81656e-48
-9.92356e-48
-1.01131e-47
3.30817e-47
4.97036e-47
-1.01908e-46
-2.23842e-46
2.75442e-46
9.36583e-46
-5.61782e-46
-3.65061e-45
1.9371e-46
1.3181e-44
6.36282e-45
-4.33866e-44
-4.72875e-44
1.25555e-43
2.42399e-43
-2.90009e-43
-1.03293e-42
3.3381e-43
3.81236e-42
1.47193e-42
-1.21132e-41
-1.38154e-41
3.12915e-41
7.08362e-41
-5.17737e-41
-2.8113e-40
-5.1421e-41
9.04954e-40
9.31192e-40
-2.23311e-39
-5.05045e-39
2.94572e-39
1.93951e-38
8.09311e-39
-5.62802e-38
-8.0064e-38
1.06661e-37
3.65768e-37
1.85656e-38
-1.1657e-36
-1.26005e-36
2.43377e-36
6.6226e-36
-6.53634e-37
-2.18172e-35
-2.20741e-35
4.43074e-35
1.20073e-34
-9.87935e-37
-3.77745e-34
-4.43803e-34
6.45578e-34
2.16204e-33
6.55708e-34
-5.86047e-33
-9.3902e-33
6.03198e-33
3.64918e-32
2.91248e-32
-7.25955e-32
-1.84946e-31
-2.95798e-32
5.16961e-31
7.99753e-31
-4.3682e-31
-3.00118e-30
-2.9564e-30
4.67214e-30
1.55091e-29
8.87576e-30
-3.25318e-29
-7.44906e-29
-1.68517e-29
1.91665e-28
3.42558e-28
-2.63004e-29
-1.03144e-27
-1.547e-27
5.09888e-28
5.25121e-27
7.02167e-27
-3.5354e-27
-2.57667e-26
-3.26401e-26
1.83583e-26
1.22919e-25
1.56899e-25
-7.63957e-26
-5.70414e-25
-7.77552e-25
2.25879e-25
2.55531e-24
3.91481e-24
-4.45146e-26
-1.08549e-23
-1.95925e-23
-6.11968e-24
4.22321e-23
9.503e-23
6.28112e-23
-1.3938e-22
-4.33846e-22
-4.51604e-22
2.99913e-22
1.79157e-21
2.68321e-21
4.7106e-22
-6.21928e-21
-1.35908e-20
-1.06473e-20
1.4554e-20
5.75218e-20
7.87085e-20
1.0029e-20
-1.85603e-19
-4.10773e-19
-3.72011e-19
2.89157e-19
1.57598e-18
2.59402e-18
1.45998e-18
-3.55954e-18
-1.14409e-17
-1.56872e-17
-4.90921e-18
2.93567e-17
7.73183e-17
9.67734e-17
1.93211e-17
-2.02209e-16
-5.04904e-16
-6.33562e-16
-1.70295e-16
1.20482e-15
3.20217e-15
4.38998e-15
2.19715e-15
-5.83093e-15
-1.91813e-14
-3.07833e-14
-2.53956e-14
1.57881e-14
1.0072e-13
2.03533e-13
2.43984e-13
9.18451e-14
-3.75652e-13
-1.14752e-12
-1.90892e-12
-1.92084e-12
-1.16364e-13
4.39519e-12
1.13226e-11
1.7877e-11
1.78088e-11
1.98319e-12
-3.80531e-11
-1.02523e-10
-1.72567e-10
-1.99842e-10
-1.04399e-10
2.07807e-10
7.96064e-10
1.59939e-09
2.32549e-09
2.35294e-09
7.21213e-10
-3.68415e-09
-1.16322e-08
-2.26511e-08
-3.37691e-08
-3.81405e-08
-2.41251e-08
2.42223e-08
1.23924e-07
2.85586e-07
5.00317e-07
7.20589e-07
8.36402e-07
6.51146e-07
-1.3406e-07
-1.91308e-06
-5.12332e-06
-1.0122e-05
-1.69549e-05
-2.49789e-05
-3.22959e-05
-3.49607e-05
-2.59325e-05
6.2445e-06
7.90243e-05
0.000217672
0.000457242
0.000844616
0.00144048
0.00232106
0.00357948
0.00532651
0.00769055
0.0108167
0.014865
0.0200069
0.0264219
0.034292
0.0437959
0.0551026
0.0683644
0.0837107
0.101241
0.121019
0.143068
0.16737
0.193858
0.222423
0.252908
0.285118
0.31882
0.353749
0.389617
0.426121
0.462947
0.499782
0.53632
0.572269
0.607358
0.64134
0.674001
0.705159
0.734665
0.762408
0.78831
0.812326
0.834444
0.854678
0.873069
0.889677
0.904581
0.917873
0.929654
0.940036
0.949129
0.957047
0.963904
0.969807
0.974862
0.979167
0.982813
0.985885
0.98846
0.990607
0.992388
0.993859
0.995066
0.996053
0.996856
0.997506
0.99803
0.998451
0.998786
0.999053
0.999264
0.99943
0.999561
0.999663
0.999742
0.999803
0.999851
0.999887
0.999915
0.999936
0.999952
0.999964
0.999974
0.99998
0.999985
0.999989
0.999992
0.999994
0.999995
0.999996
0.999998
1
1
1.00001
1.00002
1.00002
1.00003
1.00003
1.00003
0.999994
0.999921
0.999782
0.999543
0.999155
0.99856
0.997679
0.996421
0.994673
0.992309
0.989183
0.985135
0.979993
0.973578
0.965708
0.956204
0.944897
0.931636
0.916289
0.898759
0.878981
0.856932
0.83263
0.806142
0.777577
0.747092
0.714882
0.68118
0.646251
0.610383
0.573879
0.537053
0.500218
0.46368
0.427731
0.392642
0.35866
0.325999
0.294841
0.265335
0.237592
0.21169
0.187674
0.165556
0.145322
0.126931
0.110323
0.0954191
0.0821274
0.0703456
0.0599644
0.0508714
0.0429528
0.0360963
0.0301926
0.0251377
0.0208329
0.0171867
0.0141147
0.0115398
0.00939288
0.00761174
0.00614149
0.00493383
0.00394669
0.00314368
0.00249355
0.00196964
0.00154941
0.00121386
0.00094714
0.00073607
0.00056977
0.000439311
0.000337407
0.000258144
0.000196748
0.000149389
0.000113005
8.51662e-05
6.39502e-05
4.7845e-05
3.5667e-05
2.6494e-05
1.96107e-05
1.4465e-05
1.06326e-05
7.78879e-06
5.68621e-06
4.13726e-06
3.00023e-06
2.1685e-06
1.56222e-06
1.12181e-06
8.02969e-07
5.72923e-07
4.07497e-07
2.88932e-07
2.04232e-07
1.43919e-07
1.0111e-07
7.0821e-08
4.94578e-08
3.44368e-08
2.39077e-08
1.65498e-08
1.14235e-08
7.86257e-09
5.3964e-09
3.6934e-09
2.52083e-09
1.71579e-09
1.16467e-09
7.88431e-10
5.32307e-10
3.58432e-10
2.40717e-10
1.6124e-10
1.07724e-10
7.17859e-11
4.77155e-11
3.16362e-11
2.09229e-11
1.38033e-11
9.08391e-12
5.96354e-12
3.90557e-12
2.55165e-12
1.66313e-12
1.08145e-12
7.01563e-13
4.54067e-13
2.93206e-13
1.889e-13
1.21425e-13
7.78769e-14
4.98356e-14
3.18207e-14
2.02734e-14
1.28883e-14
8.17578e-15
5.17524e-15
3.26895e-15
2.06048e-15
1.29604e-15
8.13521e-16
5.09591e-16
3.18557e-16
1.98733e-16
1.23731e-16
7.68804e-17
4.76752e-17
2.95062e-17
1.82258e-17
1.12361e-17
6.91365e-18
4.2459e-18
2.6026e-18
1.59231e-18
9.72377e-19
5.92701e-19
3.60609e-19
2.18999e-19
1.32758e-19
8.03329e-20
4.85232e-20
2.92572e-20
1.76097e-20
1.05805e-20
6.3461e-21
3.79977e-21
2.27123e-21
1.35527e-21
8.07338e-22
4.80125e-22
2.85056e-22
1.6896e-22
9.99826e-23
5.90683e-23
3.48401e-23
2.05165e-23
1.20624e-23
7.0806e-24
4.14975e-24
2.42824e-24
1.41868e-24
8.27567e-25
4.82008e-25
2.80312e-25
1.62768e-25
9.43719e-26
5.46342e-26
3.1582e-26
1.82294e-26
1.05067e-26
6.04681e-27
3.47501e-27
1.99416e-27
1.14272e-27
6.53889e-28
3.73639e-28
2.13202e-28
1.21485e-28
6.91276e-29
3.92809e-29
2.22903e-29
1.26316e-29
7.14848e-30
4.04003e-30
2.28021e-30
1.28525e-30
7.23478e-31
4.06718e-31
2.28347e-31
1.28037e-31
7.16989e-32
4.00991e-32
2.23977e-32
1.24946e-32
6.96135e-33
3.87366e-33
2.15283e-33
1.19498e-33
6.62488e-34
3.66829e-34
2.02872e-34
1.12062e-34
6.18256e-35
3.40692e-35
1.87517e-35
1.03087e-35
5.66058e-36
3.10463e-36
1.7008e-36
9.30674e-37
5.08678e-37
2.77711e-37
1.51443e-37
8.2493e-38
4.48845e-38
2.43945e-38
1.32436e-38
7.18191e-39
3.89043e-39
2.10514e-39
1.1379e-39
6.14126e-40
3.33875e-40
1.54103e-40
)
;

boundaryField
{
    sides
    {
        type            zeroGradient;
    }
    empty
    {
        type            empty;
    }
}


// ************************************************************************* //
