/*--------------------------------*- C++ -*----------------------------------*\
  =========                 |
  \\      /  F ield         | OpenFOAM: The Open Source CFD Toolbox
   \\    /   O peration     | Website:  https://openfoam.org
    \\  /    A nd           | Version:  7
     \\/     M anipulation  |
\*---------------------------------------------------------------------------*/
FoamFile
{
    version     2.0;
    format      ascii;
    class       volScalarField;
    location    "3.88";
    object      T;
}
// * * * * * * * * * * * * * * * * * * * * * * * * * * * * * * * * * * * * * //

dimensions      [0 0 0 1 0 0 0];

internalField   nonuniform List<scalar> 
1000
(
1.05973e-182
1.05986e-182
1.06035e-182
1.06171e-182
1.06515e-182
1.07362e-182
1.09412e-182
1.1434e-182
1.26148e-182
1.54392e-182
2.21883e-182
3.83055e-182
7.67735e-182
1.68546e-181
3.87395e-181
9.09063e-181
2.15205e-180
5.11254e-180
1.21608e-179
2.89345e-179
6.88364e-179
1.63718e-178
3.89244e-178
9.25079e-178
2.19766e-177
5.21875e-177
1.23878e-176
2.93929e-176
6.97126e-176
1.65272e-175
3.91659e-175
9.2776e-175
2.19675e-174
5.1993e-174
1.23006e-173
2.90887e-173
6.87606e-173
1.62469e-172
3.83724e-172
9.05902e-172
2.13776e-171
5.04256e-171
1.18893e-170
2.80206e-170
6.601e-170
1.55437e-169
3.65858e-169
8.60759e-169
2.02424e-168
4.75832e-168
1.11803e-167
2.62583e-167
6.16434e-167
1.44649e-166
3.39277e-166
7.95425e-166
1.86403e-165
4.36629e-165
1.0223e-164
2.3925e-164
5.59667e-164
1.30862e-163
3.05844e-163
7.14481e-163
1.66834e-162
3.89389e-162
9.08414e-162
2.11829e-161
4.9373e-161
1.15026e-160
2.67855e-160
6.23454e-160
1.45047e-159
3.37297e-159
7.83997e-159
1.82144e-158
4.22972e-158
9.8176e-158
2.2777e-157
5.2818e-157
1.22423e-156
2.83622e-156
6.56765e-156
1.52011e-155
3.51667e-155
8.13169e-155
1.87942e-154
4.34166e-154
1.00249e-153
2.31364e-153
5.33703e-153
1.23054e-152
2.83581e-152
6.53203e-152
1.50386e-151
3.46061e-151
7.95948e-151
1.8298e-150
4.20443e-150
9.65597e-150
2.21651e-149
5.08541e-149
1.16618e-148
2.67293e-148
6.1234e-148
1.4021e-147
3.20882e-147
7.33993e-147
1.6781e-146
3.83463e-146
8.75807e-146
1.99926e-145
4.56152e-145
1.04022e-144
2.37092e-144
5.40114e-144
1.22978e-143
2.79862e-143
6.36554e-143
1.4471e-142
3.28802e-142
7.46693e-142
1.69481e-141
3.84477e-141
8.71746e-141
1.97551e-140
4.47442e-140
1.01289e-139
2.29169e-139
5.18221e-139
1.17123e-138
2.64565e-138
5.97295e-138
1.34775e-137
3.03944e-137
6.85079e-137
1.5433e-136
3.47473e-136
7.81904e-136
1.75851e-135
3.95273e-135
8.87991e-135
1.99378e-134
4.47409e-134
1.00343e-133
2.2492e-133
5.03876e-133
1.12817e-132
2.52452e-132
5.64596e-132
1.26197e-131
2.81911e-131
6.29401e-131
1.40441e-130
3.1319e-130
6.98029e-130
1.55484e-129
3.46137e-129
7.70118e-129
1.71243e-128
3.80552e-128
8.452e-128
1.87608e-127
4.16183e-127
9.22702e-127
2.04447e-126
4.52732e-126
1.00194e-125
2.21607e-125
4.89851e-125
1.08214e-124
2.38913e-124
5.27148e-124
1.16242e-123
2.5617e-123
5.64192e-123
1.24183e-122
2.73167e-122
6.00519e-122
1.31934e-121
2.8968e-121
6.35639e-121
1.3939e-120
3.05479e-120
6.69049e-120
1.46441e-119
3.20325e-119
7.0024e-119
1.52977e-118
3.33987e-118
7.28712e-118
1.58893e-117
3.46237e-117
7.53987e-117
1.64087e-116
3.56863e-116
7.75618e-116
1.68466e-115
3.65671e-115
7.93206e-115
1.71947e-114
3.72494e-114
8.06409e-114
1.74463e-113
3.77193e-113
8.14954e-113
1.75959e-112
3.79665e-112
8.18646e-112
1.764e-111
3.79846e-111
8.17375e-111
1.75768e-110
3.77712e-110
8.11119e-110
1.74064e-109
3.73281e-109
7.99949e-109
1.71312e-108
3.66614e-108
7.84024e-108
1.6755e-107
3.57813e-107
7.63593e-107
1.6284e-106
3.47018e-106
7.38983e-106
1.57256e-105
3.34404e-105
7.10596e-105
1.50891e-104
3.20176e-104
6.78892e-104
1.43846e-103
3.04564e-103
6.44381e-103
1.36235e-102
2.87816e-102
6.07607e-102
1.28177e-101
2.70192e-101
5.69133e-101
1.19793e-100
2.51956e-100
5.2953e-100
1.11207e-99
2.33368e-99
4.89356e-99
1.02536e-98
2.14684e-98
4.49149e-98
9.3896e-98
1.96142e-97
4.0941e-97
8.53906e-97
1.77961e-96
3.70597e-96
7.7115e-96
1.60338e-95
3.33113e-95
6.9152e-95
1.43441e-94
2.97303e-94
6.15715e-94
1.27413e-93
2.6345e-93
5.44295e-93
1.12362e-92
2.31769e-92
4.77682e-92
9.83714e-92
2.02416e-91
4.16164e-91
8.54926e-91
1.75483e-90
3.59899e-90
7.37511e-90
1.51006e-89
3.08929e-89
6.31478e-89
1.28972e-88
2.63187e-88
5.36622e-88
1.09321e-87
2.22521e-87
4.5255e-87
9.19583e-87
1.867e-86
3.78723e-86
7.67582e-86
1.55436e-85
3.14486e-85
6.35731e-85
1.284e-84
2.59105e-84
5.22401e-84
1.05232e-83
2.11792e-83
4.25877e-83
8.55602e-83
1.7174e-82
3.44415e-82
6.90082e-82
1.38143e-81
2.76288e-81
5.5208e-81
1.10216e-80
2.19833e-80
4.38069e-80
8.72152e-80
1.73477e-79
3.44737e-79
6.84434e-79
1.3576e-78
2.69032e-78
5.32635e-78
1.05353e-77
2.08188e-77
4.1101e-77
8.10656e-77
1.59738e-76
3.14459e-76
6.18448e-76
1.21514e-75
2.38522e-75
4.67748e-75
9.16375e-75
1.79354e-74
3.50692e-74
6.85039e-74
1.33683e-73
2.60622e-73
5.07592e-73
9.87615e-73
1.91968e-72
3.72765e-72
7.23114e-72
1.40134e-71
2.71294e-71
5.24684e-71
1.01371e-70
1.95655e-70
3.77245e-70
7.26625e-70
1.39814e-69
2.68748e-69
5.16048e-69
9.89883e-69
1.89682e-68
3.63091e-68
6.94304e-68
1.32626e-67
2.53075e-67
4.82404e-67
9.1857e-67
1.74724e-66
3.31992e-66
6.30144e-66
1.19477e-65
2.26289e-65
4.28126e-65
8.09115e-65
1.52748e-64
2.88051e-64
5.42609e-64
1.02101e-63
1.91908e-63
3.6031e-63
6.75741e-63
1.26591e-62
2.36886e-62
4.42784e-62
8.26718e-62
1.54182e-61
2.87225e-61
5.34465e-61
9.93397e-61
1.8443e-60
3.42016e-60
6.33524e-60
1.17214e-59
2.1662e-59
3.99866e-59
7.37272e-59
1.3578e-58
2.49769e-58
4.58915e-58
8.42203e-58
1.5438e-57
2.82653e-57
5.16893e-57
9.44133e-57
1.72246e-56
3.13868e-56
5.71247e-56
1.03844e-55
1.88544e-55
3.41917e-55
6.19303e-55
1.12036e-54
2.02434e-54
3.65325e-54
6.58479e-54
1.18542e-53
2.1314e-53
3.82756e-53
6.86502e-53
1.22976e-52
2.20018e-52
3.93146e-52
7.01623e-52
1.25057e-51
2.22621e-51
3.95798e-51
7.028e-51
1.24634e-50
2.20744e-50
3.90469e-50
6.89806e-50
1.21705e-49
2.14453e-49
3.77392e-49
6.63272e-49
1.1642e-48
2.04078e-48
3.5727e-48
6.2464e-48
1.09067e-47
1.90188e-47
3.31208e-47
5.76028e-47
1.00049e-46
1.7354e-46
3.00614e-46
5.20042e-46
8.98432e-46
1.55006e-45
2.67071e-45
4.59534e-45
7.89626e-45
1.35499e-44
2.32198e-44
3.97364e-44
6.79086e-44
1.15895e-43
1.9752e-43
3.36168e-43
5.71351e-43
9.69724e-43
1.64358e-42
2.78183e-42
4.70179e-42
7.93579e-42
1.33755e-41
2.25122e-41
3.7837e-41
6.35042e-41
1.06433e-40
1.78128e-40
2.97696e-40
4.96817e-40
8.27943e-40
1.37779e-39
2.28953e-39
3.79913e-39
6.29505e-39
1.04157e-38
1.72088e-38
2.83912e-38
4.67721e-38
7.69414e-38
1.26387e-37
2.07305e-37
3.39533e-37
5.55289e-37
9.06817e-37
1.4787e-36
2.40771e-36
3.91458e-36
6.35514e-36
1.0302e-35
1.66753e-35
2.69514e-35
4.34953e-35
7.00899e-35
1.12777e-34
1.8119e-34
2.90668e-34
4.65596e-34
7.44676e-34
1.18924e-33
1.89636e-33
3.01934e-33
4.80007e-33
7.61946e-33
1.20765e-32
1.91117e-32
3.01991e-32
4.76461e-32
7.50581e-32
1.1806e-31
1.85415e-31
2.90749e-31
4.55225e-31
7.1165e-31
1.1108e-30
1.73117e-30
2.69384e-30
4.18534e-30
6.49261e-30
1.00562e-29
1.55517e-29
2.40129e-29
3.702e-29
5.6984e-29
8.75775e-29
1.34386e-28
2.05892e-28
3.14953e-28
4.81031e-28
7.33533e-28
1.11683e-27
1.69774e-27
2.57676e-27
3.90477e-27
5.9079e-27
8.92457e-27
1.34604e-26
2.02695e-26
3.04751e-26
4.57468e-26
6.85631e-26
1.02597e-25
1.53282e-25
2.28644e-25
3.40519e-25
5.06331e-25
7.51692e-25
1.11418e-24
1.64886e-24
2.43626e-24
3.59395e-24
5.29335e-24
7.78394e-24
1.14282e-23
1.6752e-23
2.45168e-23
3.58236e-23
5.22619e-23
7.61218e-23
1.10698e-22
1.60725e-22
2.32987e-22
3.37202e-22
4.87256e-22
7.02962e-22
1.01255e-21
1.45615e-21
2.09077e-21
2.99718e-21
4.28973e-21
6.12991e-21
8.74556e-21
1.24575e-20
1.77166e-20
2.51559e-20
3.56623e-20
5.04763e-20
7.13304e-20
1.0064e-19
1.41768e-19
1.99387e-19
2.79979e-19
3.92522e-19
5.49432e-19
7.67848e-19
1.07139e-18
1.49257e-18
2.07602e-18
2.88298e-18
3.99729e-18
5.53354e-18
7.64812e-18
1.05541e-17
1.45413e-17
2.00032e-17
2.74734e-17
3.76741e-17
5.1581e-17
7.05107e-17
9.62362e-17
1.31142e-16
1.78428e-16
2.42385e-16
3.28752e-16
4.45197e-16
6.01949e-16
8.12623e-16
1.09532e-15
1.47408e-15
1.98072e-15
2.65737e-15
3.55965e-15
4.76091e-15
6.35771e-15
8.47697e-15
1.12852e-14
1.50007e-14
1.99087e-14
2.6382e-14
3.49065e-14
4.61147e-14
6.08284e-14
8.01144e-14
1.05354e-13
1.38334e-13
1.81363e-13
2.37414e-13
3.10317e-13
4.04992e-13
5.27753e-13
6.86687e-13
8.92139e-13
1.15732e-12
1.49906e-12
1.93881e-12
2.5038e-12
3.22861e-12
4.15703e-12
5.34445e-12
6.86084e-12
8.79442e-12
1.12562e-11
1.43859e-11
1.83586e-11
2.33939e-11
2.97664e-11
3.78192e-11
4.79802e-11
6.07823e-11
7.68879e-11
9.71196e-11
1.22497e-10
1.54281e-10
1.94031e-10
2.4367e-10
3.05568e-10
3.82639e-10
4.78461e-10
5.97423e-10
7.44899e-10
9.27456e-10
1.15311e-09
1.43164e-09
1.77492e-09
2.19741e-09
2.71664e-09
3.35384e-09
4.13469e-09
5.0902e-09
6.25778e-09
7.68248e-09
9.41842e-09
1.15306e-08
1.4097e-08
1.72108e-08
2.09836e-08
2.55482e-08
3.10632e-08
3.77172e-08
4.57342e-08
5.53798e-08
6.6969e-08
8.08741e-08
9.75346e-08
1.17469e-07
1.41289e-07
1.69711e-07
2.03578e-07
2.4388e-07
2.91773e-07
3.48609e-07
4.15968e-07
4.95688e-07
5.89913e-07
7.0113e-07
8.32229e-07
9.86556e-07
1.16798e-06
1.38099e-06
1.63074e-06
1.92318e-06
2.26515e-06
2.66452e-06
3.13031e-06
3.67286e-06
4.30398e-06
5.03718e-06
5.88786e-06
6.87357e-06
8.01425e-06
9.33258e-06
1.08543e-05
1.26084e-05
1.46279e-05
1.695e-05
1.96165e-05
2.26748e-05
2.61779e-05
3.01854e-05
3.47642e-05
3.99891e-05
4.5944e-05
5.27222e-05
6.0428e-05
6.91775e-05
7.90997e-05
9.03378e-05
0.000103051
0.000117415
0.000133623
0.000151892
0.000172457
0.00019558
0.000221546
0.00025067
0.000283297
0.000319804
0.000360604
0.000406147
0.000456924
0.000513469
0.000576363
0.000646236
0.000723771
0.000809708
0.000904845
0.00101004
0.00112624
0.00125442
0.00139566
0.00155113
0.00172204
0.00190973
0.00211559
0.00234114
0.00258798
0.00285781
0.00315243
0.00347376
0.00382384
0.0042048
0.00461891
0.00506854
0.00555622
0.00608455
0.00665632
0.0072744
0.00794181
0.00866171
0.00943738
0.0102722
0.0111698
0.0121337
0.0131678
0.014276
0.0154624
0.016731
0.0180862
0.0195323
0.0210737
0.0227152
0.0244611
0.0263164
0.0282858
0.0303741
0.0325861
0.0349269
0.0374013
0.0400142
0.0427706
0.0456755
0.0487335
0.0519497
0.0553286
0.058875
0.0625933
0.0664881
0.0705635
0.0748238
0.0792728
0.0839143
0.0887519
0.0937887
0.099028
0.104472
0.110124
0.115986
0.12206
0.128347
0.134848
0.141564
0.148496
0.155644
0.163008
0.170586
0.178377
0.18638
0.194594
0.203014
0.211639
0.220466
0.229489
0.238706
0.248111
0.2577
0.267467
0.277405
0.287509
0.297772
0.308187
0.318746
0.329441
0.340264
0.351207
0.36226
0.373415
0.384662
0.395992
0.407394
0.418858
0.430374
0.441932
0.45352
0.465129
0.476747
0.488363
0.499967
0.511548
0.523093
0.534593
0.546037
0.557413
0.56871
0.579919
0.591028
0.602026
0.612905
0.623652
0.634259
0.644715
0.655011
0.665137
0.675085
0.684844
0.694408
0.703766
0.712911
0.721834
0.730529
0.738987
0.747202
0.755166
0.762872
0.770315
0.777488
0.784385
0.791001
0.797329
0.803366
0.809106
0.814544
0.819676
0.824498
0.829005
0.833195
0.837064
0.840608
0.843825
0.846712
0.849266
0.851485
0.853367
0.854911
0.856113
0.856975
0.857493
0.857668
0.857499
0.856985
0.856126
0.854924
0.853377
0.851487
0.849255
0.846682
0.84377
0.840521
0.836936
0.833019
0.828773
0.8242
0.819304
0.814089
0.80856
0.80272
0.796575
0.79013
0.783391
0.776363
0.769053
0.761467
0.753613
0.745497
0.737129
0.728514
0.719663
0.710583
0.701284
0.691774
0.682063
0.672161
0.662078
0.651824
0.64141
0.630846
0.620144
0.609313
0.598365
0.587312
0.576164
0.564934
0.553632
0.54227
0.530859
0.519411
0.507937
0.496449
0.484957
0.473473
0.462007
0.45057
0.439174
0.427827
0.416541
0.405325
0.394189
0.383142
0.372193
0.36135
0.350623
0.340018
0.329544
0.319208
0.309017
0.298977
0.289094
0.279374
0.269823
0.260444
0.251244
0.242225
0.233391
0.224746
0.216292
0.208032
0.199967
0.192101
0.184433
0.176964
0.169697
0.162629
0.155762
0.149095
0.142626
0.136356
0.130283
0.124404
0.118719
0.113225
0.107919
0.1028
0.0978634
0.0931075
0.0885288
0.084124
0.0798897
0.0758223
0.0719181
0.0681735
0.0645845
0.0611474
0.0578585
0.0547145
0.0517134
0.0488564
0.0461536
0.0436375
0.0414002
0.039689
)
;

boundaryField
{
    sides
    {
        type            zeroGradient;
    }
    empty
    {
        type            empty;
    }
}


// ************************************************************************* //
