/*--------------------------------*- C++ -*----------------------------------*\
  =========                 |
  \\      /  F ield         | OpenFOAM: The Open Source CFD Toolbox
   \\    /   O peration     | Website:  https://openfoam.org
    \\  /    A nd           | Version:  7
     \\/     M anipulation  |
\*---------------------------------------------------------------------------*/
FoamFile
{
    version     2.0;
    format      ascii;
    class       volScalarField;
    location    "2.13";
    object      T;
}
// * * * * * * * * * * * * * * * * * * * * * * * * * * * * * * * * * * * * * //

dimensions      [0 0 0 1 0 0 0];

internalField   nonuniform List<scalar> 
1000
(
0
0
0
0
0
0
0
0
0
0
0
0
0
0
0
0
0
0
0
0
0
0
0
0
0
0
0
0
0
0
0
0
0
0
0
0
0
0
0
0
0
0
0
0
0
0
0
0
0
0
0
0
0
0
0
0
0
0
0
0
0
0
0
0
0
0
0
0
0
0
0
0
0
0
0
0
0
0
0
0
0
0
0
0
0
0
0
0
0
0
0
0
0
0
0
0
0
0
0
0
0
0
0
0
0
0
0
0
0
0
0
0
0
0
0
0
0
0
0
0
0
0
0
0
0
0
0
0
0
0
0
0
0
0
0
0
0
0
0
0
0
0
0
0
0
0
0
0
0
0
0
0
0
0
0
0
0
0
0
0
0
0
0
0
0
0
0
0
0
0
0
0
0
0
0
0
0
0
0
0
0
0
0
0
0
0
0
0
0
0
0
0
0
0
0
0
0
0
0
0
0
0
0
0
0
0
0
0
0
0
0
0
0
0
0
0
0
0
0
0
0
0
0
0
0
0
0
0
0
0
0
0
0
0
0
0
0
-1.36268e-230
2.51415e-227
-2.30727e-224
1.40425e-221
-6.37628e-219
2.304e-216
-6.90087e-214
1.7622e-211
-3.91628e-209
7.69464e-207
-1.35325e-204
2.15176e-202
-3.11907e-200
4.15033e-198
-5.09953e-196
5.81532e-194
-6.18204e-192
6.15019e-190
-5.74558e-188
5.05585e-186
-4.20201e-184
3.3067e-182
-2.4693e-180
1.75339e-178
-1.18607e-176
7.65615e-175
-4.72337e-173
2.78909e-171
-1.5784e-169
8.57147e-168
-4.4717e-166
2.24353e-164
-1.0836e-162
5.04294e-161
-2.26338e-159
9.80498e-158
-4.10283e-156
1.65952e-154
-6.49291e-153
2.45886e-151
-9.01835e-150
3.20531e-148
-1.10458e-146
3.69259e-145
-1.19807e-143
3.77445e-142
-1.15513e-140
3.43557e-139
-9.93397e-138
2.79363e-136
-7.64345e-135
2.03531e-133
-5.27636e-132
1.33208e-130
-3.27601e-129
7.85051e-128
-1.83359e-126
4.17508e-125
-9.27019e-124
2.00757e-122
-4.24134e-121
8.74325e-120
-1.75898e-118
3.4542e-117
-6.62223e-116
1.23965e-114
-2.26622e-113
4.04639e-112
-7.05761e-111
1.20261e-109
-2.00223e-108
3.25745e-107
-5.1791e-106
8.04792e-105
-1.22236e-103
1.81483e-102
-2.63402e-101
3.73744e-100
-5.18469e-99
7.03205e-98
-9.3254e-97
1.20918e-95
-1.53305e-94
1.90051e-93
-2.30373e-92
2.73048e-91
-3.16435e-90
3.58556e-89
-3.97231e-88
4.30251e-87
-4.55588e-86
4.71592e-85
-4.77171e-84
4.71908e-83
-4.56116e-82
4.30808e-81
-3.97584e-80
3.58473e-79
-3.15719e-78
2.71577e-77
-2.28117e-76
1.87074e-75
-1.49749e-74
1.16981e-73
-8.91564e-73
6.62767e-72
-4.80408e-71
3.39436e-70
-2.33694e-69
1.56716e-68
-1.02321e-67
6.50126e-67
-4.01779e-66
2.41369e-65
-1.40866e-64
7.98084e-64
-4.38594e-63
2.33592e-62
-1.20445e-61
6.00548e-61
-2.89166e-60
1.34246e-59
-5.99792e-59
2.57315e-58
-1.05706e-57
4.14381e-57
-1.5432e-56
5.42694e-56
-1.7869e-55
5.43834e-55
-1.49724e-54
3.57544e-54
-6.65135e-54
5.5467e-54
2.49324e-53
-1.6723e-52
6.16985e-52
-1.64124e-51
2.92434e-51
-9.14581e-52
-1.78102e-50
8.45588e-50
-2.30791e-49
3.51308e-49
2.21441e-49
-3.38669e-48
1.16988e-47
-2.1159e-47
-1.62382e-48
1.50674e-46
-5.27642e-46
8.32201e-46
6.65909e-46
-7.69296e-45
2.06805e-44
-1.60009e-44
-8.2619e-44
3.50874e-43
-5.15503e-43
-6.99143e-43
5.12811e-42
-9.71618e-42
-5.17697e-42
7.14977e-41
-1.49037e-40
-5.54845e-41
9.98923e-40
-1.98677e-39
-1.25017e-39
1.39656e-38
-2.24795e-38
-3.15887e-38
1.86467e-37
-1.85796e-37
-6.63189e-37
2.18798e-36
-2.76489e-37
-1.10573e-35
1.93247e-35
2.70816e-35
-1.39715e-34
6.39433e-35
6.15264e-34
-1.13744e-33
-1.59692e-33
7.5289e-33
-9.96809e-34
-3.521e-32
4.19868e-32
1.2478e-31
-3.16166e-31
-2.96998e-31
1.71333e-30
-6.62332e-33
-7.78047e-30
5.46295e-30
3.12191e-29
-4.2948e-29
-1.13473e-28
2.44377e-28
3.78753e-28
-1.20276e-27
-1.17284e-27
5.44374e-27
3.42423e-27
-2.33579e-26
-9.83555e-27
9.66869e-26
3.07439e-26
-3.89858e-25
-1.19667e-25
1.53665e-24
5.8886e-25
-5.90733e-24
-3.22643e-24
2.19677e-23
1.76094e-23
-7.78163e-23
-9.11076e-23
2.55684e-22
4.38795e-22
-7.40337e-22
-1.94832e-21
1.6519e-21
7.88356e-21
-1.15753e-21
-2.84809e-20
-1.50689e-20
8.8091e-20
1.17471e-19
-2.09236e-19
-5.69449e-19
2.18817e-19
2.09816e-18
1.2121e-18
-5.75225e-18
-9.68146e-18
8.73657e-18
4.05165e-17
1.64239e-17
-1.10357e-16
-1.80289e-16
1.30612e-16
7.22605e-16
5.0777e-16
-1.56499e-15
-3.6284e-15
-1.81575e-16
1.06891e-14
1.57512e-14
-8.91739e-15
-5.9839e-14
-6.45192e-14
7.49929e-14
3.05632e-13
2.75059e-13
-4.26038e-13
-1.49496e-12
-1.33087e-12
1.91344e-12
7.09071e-12
7.33558e-12
-6.32597e-12
-3.18753e-11
-4.23692e-11
6.29868e-12
1.27007e-10
2.31709e-10
1.19487e-10
-3.77827e-10
-1.0888e-09
-1.25454e-09
2.33481e-10
3.78041e-09
7.52404e-09
6.58133e-09
-4.92166e-09
-2.79097e-08
-5.04249e-08
-4.4026e-08
2.63462e-08
1.7298e-07
3.42383e-07
3.83571e-07
6.94654e-08
-7.87075e-07
-2.11377e-06
-3.31666e-06
-3.12695e-06
2.18549e-07
8.23995e-06
2.08257e-05
3.43789e-05
4.00858e-05
2.33231e-05
-3.44684e-05
-0.000150083
-0.00032802
-0.000544922
-0.00072992
-0.000743084
-0.000355333
0.000766182
0.00306322
0.00707892
0.0134359
0.0228003
0.0358344
0.0531426
0.0752151
0.102378
0.134755
0.172239
0.214494
0.26096
0.31089
0.36339
0.417476
0.472125
0.526338
0.579182
0.629838
0.677624
0.722014
0.762646
0.799312
0.83195
0.860621
0.885488
0.906791
0.924824
0.939913
0.952399
0.962617
0.970893
0.977527
0.982792
0.98693
0.990152
0.992637
0.994538
0.995978
0.99706
0.997867
0.998463
0.9989
0.999218
0.999448
0.999613
0.999731
0.999813
0.999872
0.999912
0.99994
0.99996
0.999973
0.999982
0.999988
0.999992
0.999995
0.999997
0.999998
0.999999
0.999999
0.999999
1
1
1
1
1
1
1
1
1
1
1
1
1
1
1
1
1
1
1
1
1
1
1
1
1
0.999992
0.999979
0.999966
0.99996
0.999977
1.00003
1.00015
1.00033
1.00054
1.00073
1.00074
1.00036
0.999234
0.996937
0.992921
0.986564
0.9772
0.964166
0.946857
0.924785
0.897622
0.865245
0.827761
0.785506
0.73904
0.68911
0.63661
0.582524
0.527875
0.473662
0.420818
0.370162
0.322376
0.277986
0.237354
0.200688
0.16805
0.139379
0.114512
0.0932088
0.075176
0.0600867
0.0476014
0.0373826
0.0291066
0.0224727
0.0172078
0.0130698
0.00984802
0.00736262
0.00546239
0.00402219
0.00293991
0.00213333
0.00153707
0.00109976
0.000781503
0.000551629
0.000386814
0.000269494
0.000186569
0.000128359
8.77725e-05
5.96602e-05
4.03137e-05
2.70837e-05
1.80925e-05
1.2019e-05
7.94065e-06
5.21805e-06
3.41087e-06
2.21803e-06
1.435e-06
9.23762e-07
5.91735e-07
3.77216e-07
2.39323e-07
1.51128e-07
9.4996e-08
5.94428e-08
3.70303e-08
2.29675e-08
1.41839e-08
8.72243e-09
5.34153e-09
3.25769e-09
1.97878e-09
1.19717e-09
7.21461e-10
4.33105e-10
2.59014e-10
1.54322e-10
9.16079e-11
5.41826e-11
3.19325e-11
1.87532e-11
1.09751e-11
6.40115e-12
3.72083e-12
2.15565e-12
1.24478e-12
7.16477e-13
4.11082e-13
2.3512e-13
1.34062e-13
7.62065e-14
4.31887e-14
2.44037e-14
1.37489e-14
7.7236e-15
4.32645e-15
2.41668e-15
1.34616e-15
7.47797e-16
4.14277e-16
2.28895e-16
1.26134e-16
6.93259e-17
3.80049e-17
2.07815e-17
1.13351e-17
6.16725e-18
3.34729e-18
1.81236e-18
9.78935e-19
5.27517e-19
2.83599e-19
1.52114e-19
8.14031e-20
4.34644e-20
2.31557e-20
1.23091e-20
6.52898e-21
3.45565e-21
1.82511e-21
9.61908e-22
5.0591e-22
2.65533e-22
1.39084e-22
7.27048e-23
3.793e-23
1.9749e-23
1.02627e-23
5.32279e-24
2.75542e-24
1.42369e-24
7.3423e-25
3.77959e-25
1.94206e-25
9.96079e-26
5.09972e-26
2.60632e-26
1.32967e-26
6.77185e-27
3.44288e-27
1.74742e-27
8.85396e-28
4.47871e-28
2.26177e-28
1.14034e-28
5.74001e-29
2.88466e-29
1.44738e-29
7.25085e-30
3.62673e-30
1.81121e-30
9.03146e-31
4.49663e-31
2.23544e-31
1.10966e-31
5.50018e-32
2.72225e-32
1.34539e-32
6.63964e-33
3.27207e-33
1.61023e-33
7.91305e-34
3.88328e-34
1.90307e-34
9.31368e-35
4.55198e-35
2.22176e-35
1.08297e-35
5.27189e-36
2.563e-36
1.24442e-36
6.03435e-37
2.92241e-37
1.41352e-37
6.82843e-38
3.29458e-38
1.58762e-38
7.64117e-39
3.67324e-39
1.76366e-39
8.45796e-40
4.05137e-40
1.93834e-40
9.26301e-41
4.42154e-41
2.10813e-41
1.00399e-41
4.77606e-42
2.26948e-42
1.07721e-42
5.10735e-43
2.41889e-43
1.14437e-43
5.40818e-44
2.55311e-44
1.20401e-44
5.67195e-45
2.6692e-45
1.25482e-45
5.89294e-46
2.76466e-46
1.29572e-46
6.06655e-47
2.83752e-47
1.32589e-47
6.18937e-48
2.88643e-48
1.34479e-48
6.25937e-49
2.91065e-49
1.35219e-49
6.27588e-50
2.91008e-50
1.34813e-50
6.2396e-51
2.88525e-51
1.33295e-51
6.15252e-52
2.83727e-52
1.30726e-52
6.01778e-53
2.76776e-53
1.27187e-53
5.83952e-54
2.67878e-54
1.2278e-54
5.62269e-55
2.57273e-55
1.1762e-55
5.37284e-56
2.45226e-56
1.11833e-56
5.09589e-57
2.32015e-57
1.0555e-57
4.79794e-58
2.17923e-58
9.89025e-59
4.48507e-59
2.03231e-59
9.20182e-60
4.16314e-60
1.88206e-60
8.5019e-61
3.83767e-61
1.73098e-61
7.80171e-62
3.5137e-62
1.58131e-62
7.1113e-63
3.19568e-63
1.43503e-63
6.43942e-64
2.88748e-64
1.29384e-64
5.79339e-65
2.59226e-65
1.1591e-65
5.17914e-66
2.31256e-66
1.03188e-66
4.60117e-67
2.05027e-67
9.12974e-68
4.06269e-68
1.80666e-68
8.0288e-69
3.56563e-69
1.58247e-69
7.01862e-70
3.11088e-70
1.37795e-70
6.09964e-71
2.69834e-71
1.19292e-71
5.27049e-72
2.32711e-72
1.02686e-72
4.52828e-73
1.99566e-73
8.78965e-74
3.86893e-74
1.70194e-74
7.48229e-75
3.28748e-75
1.44354e-75
6.33487e-76
2.77835e-76
1.21781e-76
5.3348e-77
2.33562e-77
1.02196e-77
4.46901e-78
1.95318e-78
8.53143e-79
3.72439e-79
1.62496e-79
7.08572e-80
3.08804e-80
1.34505e-80
5.85535e-81
2.54758e-81
1.1078e-81
4.81461e-82
2.09133e-82
9.07924e-83
3.93951e-83
1.70845e-83
7.40507e-84
3.20794e-84
1.38897e-84
6.01082e-85
2.59983e-85
1.12391e-85
4.85616e-86
2.09715e-86
9.05199e-87
3.90514e-87
1.68387e-87
7.25706e-88
3.12604e-88
1.34589e-88
5.79175e-89
2.49111e-89
1.07093e-89
4.60171e-90
1.97634e-90
8.48388e-91
3.64012e-91
1.56109e-91
6.69162e-92
2.867e-92
1.22777e-92
5.25533e-93
2.24843e-93
9.61511e-94
4.10985e-94
1.75589e-94
7.49836e-95
3.20063e-95
1.36554e-95
5.8234e-96
2.48228e-96
1.05762e-96
4.50413e-97
1.91734e-97
8.15814e-98
3.4697e-98
1.47503e-98
6.26781e-99
2.66221e-99
1.13026e-99
4.79652e-100
2.03463e-100
8.62698e-101
3.65605e-101
1.55352e-101
5.79631e-102
)
;

boundaryField
{
    sides
    {
        type            zeroGradient;
    }
    empty
    {
        type            empty;
    }
}


// ************************************************************************* //
