/*--------------------------------*- C++ -*----------------------------------*\
  =========                 |
  \\      /  F ield         | OpenFOAM: The Open Source CFD Toolbox
   \\    /   O peration     | Website:  https://openfoam.org
    \\  /    A nd           | Version:  7
     \\/     M anipulation  |
\*---------------------------------------------------------------------------*/
FoamFile
{
    version     2.0;
    format      ascii;
    class       volScalarField;
    location    "2.22";
    object      T;
}
// * * * * * * * * * * * * * * * * * * * * * * * * * * * * * * * * * * * * * //

dimensions      [0 0 0 1 0 0 0];

internalField   nonuniform List<scalar> 
1000
(
0
0
0
0
0
0
0
0
0
0
0
0
0
0
0
0
0
0
0
0
0
0
0
0
0
0
0
0
0
0
0
0
0
0
0
0
0
0
0
0
0
0
0
0
0
0
0
0
0
0
0
0
0
0
0
0
0
0
0
0
0
0
0
0
0
0
0
0
0
0
0
0
0
0
0
0
0
0
0
0
0
0
0
0
0
0
0
0
0
0
0
0
0
0
0
0
0
0
0
0
0
0
0
0
0
0
0
0
0
0
0
0
0
0
0
0
0
0
0
0
0
0
0
0
0
0
0
0
0
0
0
0
0
0
0
0
0
0
0
0
0
0
0
0
0
0
0
0
0
0
0
0
0
0
0
0
0
0
0
0
0
0
0
0
0
0
0
0
0
0
0
0
0
0
0
0
0
0
0
0
0
0
0
0
0
0
0
0
0
0
0
0
0
0
0
0
0
0
0
0
0
0
0
0
0
0
0
0
0
0
0
0
0
0
0
0
0
0
0
0
0
0
0
0
0
0
0
0
3.26605e-201
-3.25952e-198
1.6168e-195
-5.31439e-193
1.30219e-190
-2.53703e-188
4.09371e-186
-5.6268e-184
6.72499e-182
-7.09945e-180
6.70242e-178
-5.71552e-176
4.43891e-174
-3.16152e-172
2.07715e-170
-1.26528e-168
7.17733e-167
-3.806e-165
1.89315e-163
-8.85977e-162
3.91166e-160
-1.63327e-158
6.46355e-157
-2.42922e-155
8.68634e-154
-2.96009e-152
9.62792e-151
-2.99317e-149
8.90557e-148
-2.5389e-146
6.94322e-145
-1.82329e-143
4.60199e-142
-1.11741e-140
2.61229e-139
-5.88441e-138
1.27812e-136
-2.67865e-135
5.42016e-134
-1.05953e-132
2.00199e-131
-3.65826e-130
6.46788e-129
-1.10693e-127
1.83453e-126
-2.94544e-125
4.583e-124
-6.91307e-123
1.01122e-121
-1.43483e-120
1.97537e-119
-2.63933e-118
3.42318e-117
-4.31066e-116
5.2712e-115
-6.26029e-114
7.22198e-113
-8.09363e-112
8.8124e-111
-9.32265e-110
9.58294e-109
-9.57158e-108
9.28953e-107
-8.76032e-106
8.02679e-105
-7.1454e-104
6.17918e-103
-5.19035e-102
4.23404e-101
-3.35364e-100
2.57859e-99
-1.92411e-98
1.39289e-97
-9.77876e-97
6.65486e-96
-4.38799e-95
2.80163e-94
-1.73095e-93
1.03407e-92
-5.96776e-92
3.32362e-91
-1.78404e-90
9.21598e-90
-4.57339e-89
2.17536e-88
-9.89036e-88
4.28286e-87
-1.7581e-86
6.79677e-86
-2.45111e-85
8.12211e-85
-2.40763e-84
6.02942e-84
-1.07015e-83
-1.00501e-85
1.11609e-82
-6.34036e-82
2.41091e-81
-6.87438e-81
1.31736e-80
-2.54223e-81
-1.13434e-79
5.99529e-79
-1.92041e-78
3.82551e-78
-7.59416e-79
-3.10008e-77
1.49711e-76
-4.03656e-76
4.85899e-76
1.36301e-75
-9.95913e-75
3.0248e-74
-4.14279e-74
-8.18469e-74
6.6059e-73
-1.90375e-72
1.9884e-72
7.55259e-72
-4.30951e-71
9.65253e-71
-1.17473e-71
-6.85795e-70
2.40685e-69
-2.93062e-69
-8.00782e-69
4.66356e-68
-8.85254e-68
-5.81537e-68
7.92545e-67
-1.9271e-66
1.28238e-67
1.26815e-65
-3.58922e-65
1.30212e-65
2.01084e-64
-6.06246e-64
2.46195e-64
3.24863e-63
-9.45569e-63
2.23056e-63
5.32515e-62
-1.34972e-61
-2.20208e-62
8.58096e-61
-1.69674e-60
-1.51949e-60
1.29841e-59
-1.70287e-59
-4.12194e-59
1.74618e-58
-9.1735e-59
-8.05303e-58
1.92418e-57
1.08826e-57
-1.22277e-56
1.41416e-56
4.24004e-56
-1.40111e-55
-9.49899e-57
7.37589e-55
-1.00563e-54
-2.3434e-54
8.22118e-54
8.83403e-55
-4.17206e-53
4.72891e-53
1.45643e-52
-3.96813e-52
-2.47005e-52
2.14446e-51
-1.10675e-51
-8.82858e-51
1.37985e-50
2.71666e-50
-8.73672e-50
-4.46649e-50
4.26671e-49
-1.51895e-49
-1.74704e-48
1.97438e-48
6.0907e-48
-1.26218e-47
-1.74553e-47
6.39045e-47
3.4489e-47
-2.83257e-46
1.08038e-47
1.1445e-45
-5.89867e-46
-4.30732e-45
4.14369e-45
1.53116e-44
-2.17079e-44
-5.19721e-44
9.92476e-44
1.7019e-43
-4.17786e-43
-5.44e-43
1.66146e-42
1.72266e-42
-6.33378e-42
-5.50557e-42
2.33509e-41
1.81237e-41
-8.36839e-41
-6.24578e-41
2.92197e-40
2.26426e-40
-9.93784e-40
-8.5568e-40
3.28291e-39
3.31006e-39
-1.04725e-38
-1.28488e-38
3.19435e-38
4.92052e-38
-9.16356e-38
-1.83467e-37
2.39828e-37
6.59063e-37
-5.34945e-37
-2.25911e-36
8.03508e-37
7.31039e-36
6.41287e-37
-2.20107e-35
-1.22489e-35
6.02303e-35
6.73602e-35
-1.42993e-34
-2.77623e-34
2.5979e-34
9.62146e-34
-1.60355e-34
-2.86551e-33
-1.41756e-33
7.17025e-33
8.97297e-33
-1.36711e-32
-3.50004e-32
1.14457e-32
1.05045e-31
5.19157e-32
-2.43135e-31
-3.41955e-31
3.62039e-31
1.22633e-30
1.27155e-31
-3.11824e-30
-3.21364e-30
5.10085e-30
1.32291e-29
-2.03058e-31
-3.41177e-29
-3.41015e-29
5.13149e-29
1.39931e-28
2.06872e-29
-3.26891e-28
-4.12038e-28
3.46081e-28
1.4071e-27
7.78822e-28
-2.51339e-27
-4.87751e-27
1.77512e-28
1.19283e-26
1.43714e-26
-1.03153e-26
-4.71838e-26
-3.65562e-26
6.3037e-26
1.68913e-25
7.94753e-26
-2.84046e-25
-5.73376e-25
-1.42302e-25
1.11468e-24
1.90818e-24
2.03853e-25
-4.0307e-24
-6.37647e-24
-3.82723e-25
1.37358e-23
2.16583e-23
2.50986e-24
-4.42583e-23
-7.4627e-23
-1.98188e-23
1.32853e-22
2.56881e-22
1.25374e-22
-3.56079e-22
-8.60924e-22
-6.59908e-22
7.57749e-22
2.71137e-21
2.99929e-21
-6.67528e-22
-7.60334e-21
-1.18929e-20
-4.74407e-21
1.69446e-20
4.0523e-20
3.72569e-20
-1.81335e-20
-1.1228e-19
-1.69393e-19
-7.85348e-20
2.09901e-19
5.62442e-19
6.29789e-19
2.64612e-20
-1.27031e-18
-2.526e-18
-2.28699e-18
7.735e-19
6.31141e-18
1.09908e-17
8.9355e-18
-4.81462e-18
-2.83937e-17
-4.81466e-17
-4.02325e-17
1.6539e-17
1.17965e-16
2.13217e-16
2.05547e-16
-5.25679e-18
-4.36687e-16
-9.26647e-16
-1.09745e-15
-4.66791e-16
1.24902e-15
3.70528e-15
5.59514e-15
4.75893e-15
-9.40044e-16
-1.19284e-14
-2.49279e-14
-3.18197e-14
-2.09642e-14
1.7711e-14
8.3937e-14
1.57243e-13
1.91598e-13
1.22161e-13
-1.09234e-13
-5.09003e-13
-9.77441e-13
-1.26985e-12
-1.01047e-12
2.01336e-13
2.57076e-12
5.79527e-12
8.75139e-12
9.35061e-12
4.79371e-12
-7.55248e-12
-2.8549e-11
-5.51062e-11
-7.79979e-11
-8.07192e-11
-4.08642e-11
6.43688e-11
2.47366e-10
4.94061e-10
7.45002e-10
8.78994e-10
7.08403e-10
-1.63889e-12
-1.47658e-09
-3.82714e-09
-6.89219e-09
-1.00419e-08
-1.19766e-08
-1.05885e-08
-2.98693e-09
1.41767e-08
4.39273e-08
8.75745e-08
1.426e-07
1.9982e-07
2.39995e-07
2.30351e-07
1.21841e-07
-1.515e-07
-6.69188e-07
-1.51427e-06
-2.75334e-06
-4.40246e-06
-6.37437e-06
-8.40171e-06
-9.93083e-06
-9.98081e-06
-6.96282e-06
1.54424e-06
1.90642e-05
5.05408e-05
0.0001027
0.000184451
0.000307324
0.00048592
0.000738377
0.00108682
0.00155779
0.00218257
0.00299755
0.00404435
0.0053699
0.0070264
0.00907106
0.0115657
0.0145761
0.0181714
0.022423
0.0274035
0.0331856
0.0398405
0.0474367
0.0560382
0.0657035
0.0764835
0.0884208
0.101548
0.115886
0.131445
0.148222
0.166199
0.185349
0.205628
0.22698
0.249337
0.272619
0.296737
0.321591
0.347073
0.373071
0.399466
0.426138
0.452963
0.479821
0.50659
0.533154
0.559402
0.585228
0.610533
0.635227
0.65923
0.682467
0.704878
0.726408
0.747017
0.76667
0.785345
0.803027
0.81971
0.835396
0.850095
0.863823
0.876602
0.888458
0.899424
0.909534
0.918826
0.927339
0.935117
0.9422
0.948632
0.954456
0.959714
0.964448
0.968698
0.972503
0.975901
0.978926
0.981613
0.983993
0.986095
0.987948
0.989576
0.991004
0.992253
0.993343
0.994291
0.995115
0.995828
0.996445
0.996978
0.997436
0.99783
0.998168
0.998458
0.998704
0.998912
0.999086
0.999228
0.999337
0.999412
0.99945
0.999444
0.999384
0.999259
0.999051
0.998739
0.998299
0.9977
0.996906
0.995876
0.994565
0.992921
0.990886
0.988399
0.985395
0.981805
0.977558
0.972581
0.966802
0.96015
0.952555
0.943955
0.934291
0.923512
0.911576
0.89845
0.884112
0.868553
0.851777
0.833799
0.81465
0.794371
0.77302
0.750663
0.72738
0.703263
0.678409
0.652927
0.626929
0.600533
0.573862
0.547037
0.520179
0.49341
0.466846
0.440598
0.414772
0.389467
0.364773
0.34077
0.317533
0.295122
0.273592
0.252983
0.23333
0.214655
0.196973
0.18029
0.164604
0.149905
0.136177
0.123398
0.111542
0.100576
0.0904661
0.0811743
0.0726606
0.0648834
0.0578002
0.051368
0.045544
0.0402858
0.0355519
0.0313019
0.0274968
0.0240994
0.0210741
0.0183873
0.0160074
0.0139049
0.0120521
0.0104235
0.00899558
0.00774671
0.00665708
0.00570871
0.00488524
0.00417191
0.00355544
0.0030239
0.00256664
0.00217416
0.00183805
0.00155084
0.00130596
0.00109761
0.000920733
0.000770888
0.000644211
0.000537341
0.000447368
0.000371773
0.000308388
0.000255345
0.000211046
0.000174121
0.000143402
0.000117895
9.67564e-05
7.92708e-05
6.48338e-05
5.2936e-05
4.31487e-05
3.51121e-05
2.85249e-05
2.31354e-05
1.87335e-05
1.51445e-05
1.22234e-05
9.85001e-06
7.92486e-06
6.36596e-06
5.10574e-06
4.08865e-06
3.26915e-06
2.60991e-06
2.08046e-06
1.65593e-06
1.31606e-06
1.0444e-06
8.27601e-07
6.54849e-07
5.17408e-07
4.08226e-07
3.21625e-07
2.53036e-07
1.98796e-07
1.55964e-07
1.22191e-07
9.56005e-08
7.46941e-08
5.82806e-08
4.54128e-08
3.53388e-08
2.7463e-08
2.13144e-08
1.65208e-08
1.27886e-08
9.88684e-09
7.63369e-09
5.88653e-09
4.53352e-09
3.48712e-09
2.6789e-09
2.05546e-09
1.57517e-09
1.20564e-09
9.21679e-10
7.03751e-10
5.36709e-10
4.0883e-10
3.11053e-10
2.36383e-10
1.79429e-10
1.3604e-10
1.03024e-10
7.79324e-11
5.88848e-11
4.44425e-11
3.35049e-11
2.5231e-11
1.89793e-11
1.42609e-11
1.07039e-11
8.02536e-12
6.01062e-12
4.49685e-12
3.36074e-12
2.50901e-12
1.87117e-12
1.39402e-12
1.03747e-12
7.71318e-13
5.72856e-13
4.25025e-13
3.15024e-13
2.33257e-13
1.72541e-13
1.27502e-13
9.41261e-14
6.94189e-14
5.11471e-14
3.7648e-14
2.76849e-14
2.03389e-14
1.49278e-14
1.0946e-14
8.01866e-15
5.8687e-15
4.29118e-15
3.13479e-15
2.28792e-15
1.6683e-15
1.21538e-15
8.84617e-16
6.43291e-16
4.67381e-16
3.39271e-16
2.46058e-16
1.78298e-16
1.29085e-16
9.33735e-17
6.74833e-17
4.87299e-17
3.51578e-17
2.53441e-17
1.82543e-17
1.31367e-17
9.44591e-18
6.78639e-18
4.87162e-18
3.49422e-18
2.5042e-18
1.79322e-18
1.28306e-18
9.17294e-19
6.55272e-19
4.67721e-19
3.33585e-19
2.3773e-19
1.69285e-19
1.20452e-19
8.56386e-20
6.08401e-20
4.31892e-20
3.06357e-20
2.17144e-20
1.53794e-20
1.08844e-20
7.69734e-21
5.43943e-21
3.84098e-21
2.71026e-21
1.91099e-21
1.34645e-21
9.47987e-22
6.66962e-22
4.68906e-22
3.29427e-22
2.31271e-22
1.62246e-22
1.13742e-22
7.96823e-23
5.57825e-23
3.90239e-23
2.72812e-23
1.90587e-23
1.33054e-23
9.28247e-24
6.47148e-24
4.50868e-24
3.13908e-24
2.18406e-24
1.51857e-24
1.05516e-24
7.32676e-25
5.08418e-25
3.52569e-25
2.44344e-25
1.69134e-25
1.17871e-25
7.41582e-26
)
;

boundaryField
{
    sides
    {
        type            zeroGradient;
    }
    empty
    {
        type            empty;
    }
}


// ************************************************************************* //
