/*--------------------------------*- C++ -*----------------------------------*\
  =========                 |
  \\      /  F ield         | OpenFOAM: The Open Source CFD Toolbox
   \\    /   O peration     | Website:  https://openfoam.org
    \\  /    A nd           | Version:  7
     \\/     M anipulation  |
\*---------------------------------------------------------------------------*/
FoamFile
{
    version     2.0;
    format      ascii;
    class       volScalarField;
    location    "2.93";
    object      T;
}
// * * * * * * * * * * * * * * * * * * * * * * * * * * * * * * * * * * * * * //

dimensions      [0 0 0 1 0 0 0];

internalField   nonuniform List<scalar> 
1000
(
0.003098
0.00309816
0.00309847
0.00309895
0.00309958
0.00310038
0.00310134
0.00310247
0.00310377
0.00310523
0.00310687
0.00310867
0.00311066
0.00311281
0.00311515
0.00311767
0.00312036
0.00312324
0.00312631
0.00312956
0.003133
0.00313662
0.00314044
0.00314446
0.00314867
0.00315307
0.00315768
0.00316249
0.00316749
0.00317271
0.00317813
0.00318376
0.0031896
0.00319565
0.00320191
0.0032084
0.0032151
0.00322202
0.00322916
0.00323653
0.00324412
0.00325194
0.00325999
0.00326827
0.00327679
0.00328555
0.00329454
0.00330378
0.00331325
0.00332298
0.00333295
0.00334317
0.00335364
0.00336436
0.00337534
0.00338658
0.00339808
0.00340984
0.00342187
0.00343416
0.00344673
0.00345956
0.00347267
0.00348606
0.00349973
0.00351367
0.0035279
0.00354242
0.00355723
0.00357232
0.00358771
0.0036034
0.00361938
0.00363567
0.00365226
0.00366915
0.00368635
0.00370387
0.0037217
0.00373984
0.0037583
0.00377708
0.00379619
0.00381562
0.00383539
0.00385548
0.00387591
0.00389668
0.00391778
0.00393923
0.00396103
0.00398317
0.00400566
0.00402851
0.00405171
0.00407528
0.0040992
0.00412349
0.00414815
0.00417318
0.00419858
0.00422436
0.00425052
0.00427706
0.00430399
0.0043313
0.00435901
0.00438711
0.00441561
0.00444451
0.00447381
0.00450352
0.00453363
0.00456416
0.00459511
0.00462647
0.00465826
0.00469047
0.00472311
0.00475619
0.00478969
0.00482364
0.00485802
0.00489285
0.00492813
0.00496386
0.00500004
0.00503668
0.00507378
0.00511134
0.00514938
0.00518788
0.00522686
0.00526631
0.00530625
0.00534667
0.00538758
0.00542897
0.00547087
0.00551326
0.00555615
0.00559955
0.00564346
0.00568788
0.00573281
0.00577827
0.00582424
0.00587075
0.00591778
0.00596535
0.00601345
0.0060621
0.00611129
0.00616103
0.00621131
0.00626216
0.00631356
0.00636553
0.00641807
0.00647117
0.00652485
0.0065791
0.00663394
0.00668937
0.00674538
0.00680198
0.00685919
0.00691699
0.0069754
0.00703441
0.00709404
0.00715428
0.00721515
0.00727664
0.00733875
0.0074015
0.00746488
0.00752891
0.00759357
0.00765889
0.00772485
0.00779147
0.00785875
0.0079267
0.00799531
0.00806459
0.00813455
0.00820518
0.0082765
0.00834851
0.00842121
0.00849461
0.0085687
0.0086435
0.00871901
0.00879522
0.00887216
0.00894981
0.00902819
0.0091073
0.00918714
0.00926772
0.00934903
0.0094311
0.00951391
0.00959747
0.00968179
0.00976687
0.00985272
0.00993934
0.0100267
0.0101149
0.0102039
0.0102936
0.0103841
0.0104755
0.0105676
0.0106605
0.0107542
0.0108488
0.0109441
0.0110403
0.0111373
0.0112352
0.0113338
0.0114333
0.0115337
0.0116349
0.0117369
0.0118398
0.0119436
0.0120482
0.0121536
0.01226
0.0123672
0.0124753
0.0125843
0.0126942
0.0128049
0.0129166
0.0130291
0.0131426
0.013257
0.0133722
0.0134884
0.0136056
0.0137236
0.0138426
0.0139625
0.0140833
0.0142051
0.0143278
0.0144515
0.0145761
0.0147017
0.0148282
0.0149557
0.0150842
0.0152136
0.0153441
0.0154755
0.0156079
0.0157412
0.0158756
0.016011
0.0161473
0.0162847
0.0164231
0.0165625
0.0167029
0.0168443
0.0169868
0.0171303
0.0172748
0.0174203
0.0175669
0.0177146
0.0178632
0.018013
0.0181637
0.0183156
0.0184685
0.0186224
0.0187775
0.0189336
0.0190907
0.019249
0.0194083
0.0195688
0.0197303
0.0198929
0.0200566
0.0202214
0.0203873
0.0205543
0.0207225
0.0208917
0.021062
0.0212335
0.0214061
0.0215798
0.0217547
0.0219307
0.0221078
0.022286
0.0224654
0.022646
0.0228277
0.0230105
0.0231945
0.0233796
0.023566
0.0237534
0.0239421
0.0241319
0.0243228
0.024515
0.0247083
0.0249028
0.0250985
0.0252953
0.0254934
0.0256926
0.025893
0.0260946
0.0262974
0.0265014
0.0267066
0.0269131
0.0271207
0.0273295
0.0275395
0.0277507
0.0279632
0.0281768
0.0283917
0.0286078
0.0288251
0.0290436
0.0292634
0.0294844
0.0297066
0.02993
0.0301546
0.0303805
0.0306077
0.030836
0.0310656
0.0312964
0.0315285
0.0317618
0.0319963
0.0322321
0.0324691
0.0327073
0.0329468
0.0331876
0.0334296
0.0336728
0.0339173
0.034163
0.03441
0.0346582
0.0349077
0.0351584
0.0354103
0.0356636
0.035918
0.0361737
0.0364307
0.0366889
0.0369483
0.037209
0.037471
0.0377342
0.0379986
0.0382643
0.0385313
0.0387995
0.0390689
0.0393396
0.0396115
0.0398847
0.0401591
0.0404347
0.0407116
0.0409897
0.0412691
0.0415497
0.0418316
0.0421146
0.042399
0.0426845
0.0429713
0.0432593
0.0435485
0.043839
0.0441307
0.0444236
0.0447177
0.045013
0.0453096
0.0456073
0.0459063
0.0462065
0.0465079
0.0468105
0.0471143
0.0474193
0.0477255
0.0480329
0.0483415
0.0486512
0.0489622
0.0492743
0.0495876
0.0499021
0.0502177
0.0505346
0.0508525
0.0511717
0.051492
0.0518134
0.052136
0.0524598
0.0527847
0.0531107
0.0534378
0.0537661
0.0540955
0.0544261
0.0547577
0.0550905
0.0554243
0.0557593
0.0560954
0.0564325
0.0567708
0.0571101
0.0574505
0.0577919
0.0581345
0.0584781
0.0588227
0.0591684
0.0595152
0.0598629
0.0602117
0.0605616
0.0609124
0.0612643
0.0616172
0.0619711
0.0623259
0.0626818
0.0630386
0.0633965
0.0637552
0.064115
0.0644757
0.0648373
0.0651999
0.0655635
0.0659279
0.0662933
0.0666596
0.0670268
0.0673948
0.0677638
0.0681337
0.0685044
0.068876
0.0692484
0.0696217
0.0699959
0.0703709
0.0707467
0.0711233
0.0715007
0.0718789
0.0722579
0.0726377
0.0730183
0.0733996
0.0737817
0.0741646
0.0745481
0.0749324
0.0753175
0.0757032
0.0760896
0.0764767
0.0768645
0.077253
0.0776421
0.0780319
0.0784223
0.0788133
0.079205
0.0795973
0.0799901
0.0803836
0.0807776
0.0811723
0.0815674
0.0819631
0.0823594
0.0827562
0.0831535
0.0835513
0.0839495
0.0843483
0.0847475
0.0851472
0.0855474
0.0859479
0.0863489
0.0867504
0.0871522
0.0875544
0.087957
0.0883599
0.0887632
0.0891668
0.0895708
0.0899751
0.0903797
0.0907845
0.0911897
0.0915951
0.0920008
0.0924067
0.0928129
0.0932193
0.0936258
0.0940326
0.0944395
0.0948466
0.0952539
0.0956613
0.0960688
0.0964765
0.0968842
0.097292
0.0976999
0.0981079
0.0985159
0.0989239
0.099332
0.09974
0.100148
0.100556
0.100964
0.101372
0.10178
0.102188
0.102595
0.103003
0.103411
0.103818
0.104225
0.104632
0.105039
0.105446
0.105852
0.106258
0.106664
0.10707
0.107476
0.107881
0.108286
0.10869
0.109095
0.109499
0.109902
0.110305
0.110708
0.111111
0.111513
0.111915
0.112316
0.112716
0.113117
0.113516
0.113916
0.114315
0.114713
0.11511
0.115508
0.115904
0.1163
0.116695
0.11709
0.117484
0.117878
0.118271
0.118663
0.119054
0.119445
0.119835
0.120224
0.120612
0.121
0.121387
0.121773
0.122159
0.122543
0.122927
0.123309
0.123691
0.124072
0.124452
0.124831
0.12521
0.125587
0.125963
0.126338
0.126713
0.127086
0.127458
0.12783
0.1282
0.128569
0.128937
0.129304
0.129669
0.130034
0.130398
0.13076
0.131121
0.131481
0.13184
0.132197
0.132554
0.132909
0.133262
0.133615
0.133966
0.134316
0.134664
0.135012
0.135357
0.135702
0.136045
0.136387
0.136727
0.137066
0.137403
0.137739
0.138074
0.138407
0.138738
0.139068
0.139397
0.139724
0.140049
0.140373
0.140695
0.141016
0.141335
0.141653
0.141969
0.142283
0.142595
0.142906
0.143215
0.143523
0.143829
0.144133
0.144435
0.144736
0.145035
0.145332
0.145627
0.14592
0.146212
0.146502
0.14679
0.147076
0.147361
0.147643
0.147924
0.148202
0.148479
0.148754
0.149027
0.149298
0.149567
0.149834
0.1501
0.150363
0.150624
0.150883
0.151141
0.151396
0.151649
0.1519
0.152149
0.152396
0.152641
0.152884
0.153125
0.153364
0.153601
0.153835
0.154068
0.154298
0.154526
0.154752
0.154976
0.155198
0.155417
0.155635
0.15585
0.156063
0.156273
0.156482
0.156688
0.156893
0.157094
0.157294
0.157492
0.157687
0.15788
0.15807
0.158259
0.158445
0.158629
0.15881
0.15899
0.159167
0.159341
0.159514
0.159684
0.159852
0.160017
0.16018
0.160341
0.1605
0.160656
0.16081
0.160961
0.16111
0.161257
0.161401
0.161544
0.161683
0.161821
0.161956
0.162088
0.162219
0.162347
0.162472
0.162595
0.162716
0.162835
0.162951
0.163065
0.163176
0.163285
0.163391
0.163496
0.163598
0.163697
0.163794
0.163889
0.163981
0.164071
0.164159
0.164244
0.164327
0.164408
0.164486
0.164562
0.164636
0.164707
0.164776
0.164842
0.164906
0.164968
0.165027
0.165085
0.165139
0.165192
0.165242
0.16529
0.165336
0.165379
0.16542
0.165459
0.165495
0.165529
0.165561
0.165591
0.165618
0.165643
0.165666
0.165687
0.165705
0.165721
0.165735
0.165747
0.165756
0.165764
0.165769
0.165772
0.165773
0.165772
0.165768
0.165763
0.165755
0.165745
0.165733
0.165719
0.165703
0.165685
0.165665
0.165643
0.165618
0.165592
0.165564
0.165534
0.165501
0.165467
0.165431
0.165393
0.165353
0.165311
0.165267
0.165221
0.165174
0.165124
0.165073
0.16502
0.164965
0.164908
0.164849
0.164789
0.164727
0.164663
0.164598
0.16453
0.164461
0.164391
0.164319
0.164245
0.164169
0.164092
0.164014
0.163934
0.163852
0.163769
0.163684
0.163598
0.16351
0.163421
0.16333
0.163238
0.163145
0.16305
0.162954
0.162857
0.162758
0.162659
0.162557
0.162455
0.162351
0.162247
0.162141
0.162034
0.161925
0.161816
0.161706
0.161594
0.161482
0.161369
0.161254
0.161139
0.161023
0.160905
0.160787
0.160668
0.160549
0.160428
0.160307
0.160185
0.160062
0.159939
0.159814
0.15969
0.159564
0.159438
0.159312
0.159185
0.159057
0.158929
0.158801
0.158672
0.158542
0.158413
0.158283
0.158152
0.158022
0.157891
0.15776
0.157629
0.157497
0.157366
0.157234
0.157102
0.156971
0.156839
0.156707
0.156575
0.156444
0.156312
0.156181
0.15605
0.155919
0.155788
0.155658
0.155528
0.155398
0.155268
0.155139
0.155011
0.154883
0.154755
0.154628
0.154501
0.154375
0.15425
0.154125
0.154002
0.153878
0.153756
0.153634
0.153513
0.153393
0.153274
0.153156
0.153039
0.152923
0.152808
0.152694
0.152581
0.152469
0.152358
0.152249
0.15214
0.152033
0.151928
0.151823
0.151721
0.151619
0.151519
0.15142
0.151323
0.151228
0.151134
0.151041
0.150951
0.150862
0.150774
0.150689
0.150605
0.150523
0.150443
0.150365
0.150289
0.150215
0.150142
0.150072
0.150004
0.149938
0.149874
0.149812
0.149753
0.149695
0.14964
0.149587
0.149537
0.149489
0.149443
0.1494
0.149359
0.149321
0.149285
0.149252
0.149221
0.149193
0.149168
0.149145
0.149125
0.149108
0.149094
0.149082
0.149074
0.149068
0.149065
)
;

boundaryField
{
    sides
    {
        type            zeroGradient;
    }
    empty
    {
        type            empty;
    }
}


// ************************************************************************* //
