/*--------------------------------*- C++ -*----------------------------------*\
  =========                 |
  \\      /  F ield         | OpenFOAM: The Open Source CFD Toolbox
   \\    /   O peration     | Website:  https://openfoam.org
    \\  /    A nd           | Version:  7
     \\/     M anipulation  |
\*---------------------------------------------------------------------------*/
FoamFile
{
    version     2.0;
    format      ascii;
    class       volScalarField;
    location    "4.72";
    object      T;
}
// * * * * * * * * * * * * * * * * * * * * * * * * * * * * * * * * * * * * * //

dimensions      [0 0 0 1 0 0 0];

internalField   nonuniform List<scalar> 
1000
(
0.0694811
0.0694823
0.0694847
0.0694883
0.069493
0.069499
0.0695061
0.0695145
0.069524
0.0695347
0.0695466
0.0695597
0.069574
0.0695895
0.0696061
0.069624
0.069643
0.0696632
0.0696846
0.0697072
0.0697309
0.0697559
0.069782
0.0698093
0.0698378
0.0698675
0.0698983
0.0699303
0.0699635
0.0699979
0.0700334
0.0700701
0.070108
0.070147
0.0701873
0.0702286
0.0702712
0.0703149
0.0703597
0.0704057
0.0704529
0.0705012
0.0705507
0.0706013
0.0706531
0.070706
0.0707601
0.0708153
0.0708717
0.0709292
0.0709878
0.0710476
0.0711085
0.0711705
0.0712337
0.0712979
0.0713633
0.0714299
0.0714975
0.0715663
0.0716361
0.0717071
0.0717792
0.0718524
0.0719267
0.0720021
0.0720785
0.0721561
0.0722348
0.0723145
0.0723954
0.0724773
0.0725603
0.0726444
0.0727295
0.0728157
0.072903
0.0729914
0.0730808
0.0731712
0.0732627
0.0733553
0.0734489
0.0735435
0.0736392
0.0737359
0.0738337
0.0739324
0.0740322
0.0741331
0.0742349
0.0743377
0.0744416
0.0745464
0.0746523
0.0747591
0.074867
0.0749758
0.0750856
0.0751964
0.0753081
0.0754209
0.0755346
0.0756492
0.0757649
0.0758814
0.0759989
0.0761174
0.0762368
0.0763572
0.0764784
0.0766006
0.0767238
0.0768478
0.0769727
0.0770986
0.0772254
0.077353
0.0774816
0.077611
0.0777413
0.0778725
0.0780046
0.0781375
0.0782713
0.078406
0.0785415
0.0786778
0.078815
0.0789531
0.079092
0.0792317
0.0793722
0.0795135
0.0796556
0.0797986
0.0799423
0.0800869
0.0802322
0.0803783
0.0805252
0.0806729
0.0808213
0.0809705
0.0811204
0.0812711
0.0814225
0.0815747
0.0817276
0.0818812
0.0820356
0.0821906
0.0823464
0.0825029
0.08266
0.0828179
0.0829764
0.0831356
0.0832955
0.0834561
0.0836173
0.0837791
0.0839417
0.0841048
0.0842686
0.084433
0.084598
0.0847637
0.0849299
0.0850968
0.0852642
0.0854323
0.0856009
0.0857701
0.0859399
0.0861102
0.0862811
0.0864525
0.0866245
0.086797
0.0869701
0.0871436
0.0873177
0.0874923
0.0876674
0.087843
0.0880191
0.0881957
0.0883727
0.0885502
0.0887282
0.0889066
0.0890855
0.0892648
0.0894446
0.0896247
0.0898053
0.0899863
0.0901678
0.0903496
0.0905318
0.0907144
0.0908974
0.0910807
0.0912644
0.0914485
0.0916329
0.0918176
0.0920027
0.0921881
0.0923739
0.0925599
0.0927463
0.0929329
0.0931199
0.0933071
0.0934946
0.0936824
0.0938704
0.0940587
0.0942472
0.094436
0.094625
0.0948143
0.0950037
0.0951934
0.0953832
0.0955733
0.0957635
0.095954
0.0961446
0.0963353
0.0965263
0.0967173
0.0969086
0.0970999
0.0972914
0.097483
0.0976747
0.0978665
0.0980584
0.0982504
0.0984425
0.0986347
0.0988269
0.0990192
0.0992116
0.099404
0.0995964
0.0997888
0.0999813
0.100174
0.100366
0.100559
0.100751
0.100944
0.101136
0.101329
0.101521
0.101713
0.101906
0.102098
0.10229
0.102482
0.102674
0.102866
0.103058
0.103249
0.103441
0.103632
0.103824
0.104015
0.104206
0.104397
0.104588
0.104778
0.104969
0.105159
0.105349
0.105539
0.105728
0.105918
0.106107
0.106296
0.106484
0.106673
0.106861
0.107049
0.107237
0.107424
0.107611
0.107798
0.107985
0.108171
0.108357
0.108542
0.108728
0.108913
0.109097
0.109281
0.109465
0.109649
0.109832
0.110015
0.110197
0.110379
0.110561
0.110742
0.110923
0.111103
0.111283
0.111463
0.111642
0.11182
0.111999
0.112176
0.112354
0.11253
0.112707
0.112882
0.113058
0.113232
0.113407
0.11358
0.113754
0.113926
0.114098
0.11427
0.114441
0.114611
0.114781
0.114951
0.115119
0.115287
0.115455
0.115622
0.115788
0.115954
0.116119
0.116284
0.116447
0.116611
0.116773
0.116935
0.117096
0.117257
0.117417
0.117576
0.117734
0.117892
0.118049
0.118205
0.118361
0.118516
0.11867
0.118824
0.118977
0.119129
0.11928
0.11943
0.11958
0.119729
0.119877
0.120025
0.120171
0.120317
0.120462
0.120606
0.12075
0.120892
0.121034
0.121175
0.121315
0.121454
0.121593
0.12173
0.121867
0.122003
0.122138
0.122272
0.122405
0.122537
0.122669
0.122799
0.122929
0.123057
0.123185
0.123312
0.123438
0.123563
0.123687
0.12381
0.123933
0.124054
0.124174
0.124294
0.124412
0.12453
0.124646
0.124762
0.124876
0.12499
0.125102
0.125214
0.125324
0.125434
0.125542
0.12565
0.125756
0.125862
0.125966
0.12607
0.126172
0.126273
0.126374
0.126473
0.126571
0.126668
0.126764
0.126859
0.126953
0.127046
0.127138
0.127229
0.127318
0.127407
0.127494
0.127581
0.127666
0.12775
0.127833
0.127915
0.127996
0.128076
0.128154
0.128232
0.128308
0.128383
0.128457
0.12853
0.128602
0.128673
0.128743
0.128811
0.128878
0.128944
0.129009
0.129073
0.129136
0.129197
0.129258
0.129317
0.129375
0.129432
0.129487
0.129542
0.129595
0.129647
0.129698
0.129748
0.129796
0.129844
0.12989
0.129935
0.129979
0.130021
0.130063
0.130103
0.130142
0.13018
0.130216
0.130252
0.130286
0.130319
0.130351
0.130381
0.130411
0.130439
0.130466
0.130491
0.130516
0.130539
0.130561
0.130582
0.130602
0.13062
0.130637
0.130653
0.130668
0.130681
0.130693
0.130705
0.130714
0.130723
0.13073
0.130736
0.130741
0.130745
0.130747
0.130749
0.130749
0.130747
0.130745
0.130741
0.130736
0.13073
0.130723
0.130714
0.130705
0.130693
0.130681
0.130668
0.130653
0.130637
0.13062
0.130602
0.130582
0.130561
0.130539
0.130516
0.130491
0.130466
0.130439
0.130411
0.130381
0.130351
0.130319
0.130286
0.130252
0.130216
0.13018
0.130142
0.130103
0.130063
0.130021
0.129979
0.129935
0.12989
0.129844
0.129796
0.129748
0.129698
0.129647
0.129595
0.129542
0.129487
0.129432
0.129375
0.129317
0.129258
0.129197
0.129136
0.129073
0.129009
0.128944
0.128878
0.128811
0.128743
0.128673
0.128602
0.12853
0.128457
0.128383
0.128308
0.128232
0.128154
0.128076
0.127996
0.127915
0.127833
0.12775
0.127666
0.127581
0.127494
0.127407
0.127318
0.127229
0.127138
0.127046
0.126953
0.126859
0.126764
0.126668
0.126571
0.126473
0.126374
0.126273
0.126172
0.12607
0.125966
0.125862
0.125756
0.12565
0.125542
0.125434
0.125324
0.125214
0.125102
0.12499
0.124876
0.124762
0.124646
0.12453
0.124412
0.124294
0.124174
0.124054
0.123933
0.12381
0.123687
0.123563
0.123438
0.123312
0.123185
0.123057
0.122929
0.122799
0.122669
0.122537
0.122405
0.122272
0.122138
0.122003
0.121867
0.12173
0.121593
0.121454
0.121315
0.121175
0.121034
0.120892
0.12075
0.120606
0.120462
0.120317
0.120171
0.120025
0.119877
0.119729
0.11958
0.11943
0.11928
0.119129
0.118977
0.118824
0.11867
0.118516
0.118361
0.118205
0.118049
0.117892
0.117734
0.117576
0.117417
0.117257
0.117096
0.116935
0.116773
0.116611
0.116447
0.116284
0.116119
0.115954
0.115788
0.115622
0.115455
0.115287
0.115119
0.114951
0.114781
0.114611
0.114441
0.11427
0.114098
0.113926
0.113754
0.11358
0.113407
0.113232
0.113058
0.112882
0.112707
0.11253
0.112354
0.112176
0.111999
0.11182
0.111642
0.111463
0.111283
0.111103
0.110923
0.110742
0.110561
0.110379
0.110197
0.110015
0.109832
0.109649
0.109465
0.109281
0.109097
0.108913
0.108728
0.108542
0.108357
0.108171
0.107985
0.107798
0.107611
0.107424
0.107237
0.107049
0.106861
0.106673
0.106484
0.106296
0.106107
0.105918
0.105728
0.105539
0.105349
0.105159
0.104969
0.104778
0.104588
0.104397
0.104206
0.104015
0.103824
0.103632
0.103441
0.103249
0.103058
0.102866
0.102674
0.102482
0.10229
0.102098
0.101906
0.101713
0.101521
0.101329
0.101136
0.100944
0.100751
0.100559
0.100366
0.100174
0.0999813
0.0997888
0.0995964
0.099404
0.0992116
0.0990192
0.0988269
0.0986347
0.0984425
0.0982504
0.0980584
0.0978665
0.0976747
0.097483
0.0972914
0.0970999
0.0969086
0.0967173
0.0965263
0.0963353
0.0961446
0.095954
0.0957635
0.0955733
0.0953832
0.0951934
0.0950037
0.0948143
0.094625
0.094436
0.0942472
0.0940587
0.0938704
0.0936824
0.0934946
0.0933071
0.0931199
0.0929329
0.0927463
0.0925599
0.0923739
0.0921881
0.0920027
0.0918176
0.0916329
0.0914485
0.0912644
0.0910807
0.0908974
0.0907144
0.0905318
0.0903496
0.0901678
0.0899863
0.0898053
0.0896247
0.0894446
0.0892648
0.0890855
0.0889066
0.0887282
0.0885502
0.0883727
0.0881957
0.0880191
0.087843
0.0876674
0.0874923
0.0873177
0.0871436
0.0869701
0.086797
0.0866245
0.0864525
0.0862811
0.0861102
0.0859399
0.0857701
0.0856009
0.0854323
0.0852642
0.0850968
0.0849299
0.0847637
0.084598
0.084433
0.0842686
0.0841048
0.0839417
0.0837791
0.0836173
0.0834561
0.0832955
0.0831356
0.0829764
0.0828179
0.08266
0.0825029
0.0823464
0.0821906
0.0820356
0.0818812
0.0817276
0.0815747
0.0814225
0.0812711
0.0811204
0.0809705
0.0808213
0.0806729
0.0805252
0.0803783
0.0802322
0.0800869
0.0799423
0.0797986
0.0796556
0.0795135
0.0793722
0.0792317
0.079092
0.0789531
0.078815
0.0786778
0.0785415
0.078406
0.0782713
0.0781375
0.0780046
0.0778725
0.0777413
0.077611
0.0774816
0.077353
0.0772254
0.0770986
0.0769727
0.0768478
0.0767238
0.0766006
0.0764784
0.0763572
0.0762368
0.0761174
0.0759989
0.0758814
0.0757649
0.0756492
0.0755346
0.0754209
0.0753081
0.0751964
0.0750856
0.0749758
0.074867
0.0747591
0.0746523
0.0745464
0.0744416
0.0743377
0.0742349
0.0741331
0.0740322
0.0739324
0.0738337
0.0737359
0.0736392
0.0735435
0.0734489
0.0733553
0.0732627
0.0731712
0.0730808
0.0729914
0.072903
0.0728157
0.0727295
0.0726444
0.0725603
0.0724773
0.0723954
0.0723145
0.0722348
0.0721561
0.0720785
0.0720021
0.0719267
0.0718524
0.0717792
0.0717071
0.0716361
0.0715663
0.0714975
0.0714299
0.0713633
0.0712979
0.0712337
0.0711705
0.0711085
0.0710476
0.0709878
0.0709292
0.0708717
0.0708153
0.0707601
0.070706
0.0706531
0.0706013
0.0705507
0.0705012
0.0704529
0.0704057
0.0703597
0.0703149
0.0702712
0.0702286
0.0701873
0.070147
0.070108
0.0700701
0.0700334
0.0699979
0.0699635
0.0699303
0.0698983
0.0698675
0.0698378
0.0698093
0.069782
0.0697559
0.0697309
0.0697072
0.0696846
0.0696632
0.069643
0.069624
0.0696061
0.0695895
0.069574
0.0695597
0.0695466
0.0695347
0.069524
0.0695145
0.0695061
0.069499
0.069493
0.0694883
0.0694847
0.0694823
0.0694811
)
;

boundaryField
{
    sides
    {
        type            zeroGradient;
    }
    empty
    {
        type            empty;
    }
}


// ************************************************************************* //
