/*--------------------------------*- C++ -*----------------------------------*\
  =========                 |
  \\      /  F ield         | OpenFOAM: The Open Source CFD Toolbox
   \\    /   O peration     | Website:  https://openfoam.org
    \\  /    A nd           | Version:  7
     \\/     M anipulation  |
\*---------------------------------------------------------------------------*/
FoamFile
{
    version     2.0;
    format      ascii;
    class       volScalarField;
    location    "1.22";
    object      T;
}
// * * * * * * * * * * * * * * * * * * * * * * * * * * * * * * * * * * * * * //

dimensions      [0 0 0 1 0 0 0];

internalField   nonuniform List<scalar> 
1000
(
0.00367633
0.00367757
0.00368006
0.00368379
0.00368876
0.00369498
0.00370244
0.00371115
0.00372111
0.00373233
0.00374479
0.00375851
0.00377349
0.00378973
0.00380723
0.00382599
0.00384603
0.00386734
0.00388993
0.0039138
0.00393896
0.0039654
0.00399315
0.00402219
0.00405253
0.00408419
0.00411716
0.00415146
0.00418708
0.00422404
0.00426234
0.00430199
0.00434299
0.00438536
0.00442909
0.0044742
0.00452069
0.00456858
0.00461787
0.00466857
0.00472069
0.00477424
0.00482922
0.00488565
0.00494353
0.00500288
0.0050637
0.00512601
0.00518982
0.00525513
0.00532196
0.00539032
0.00546021
0.00553166
0.00560467
0.00567926
0.00575543
0.00583321
0.00591259
0.0059936
0.00607625
0.00616054
0.0062465
0.00633414
0.00642347
0.0065145
0.00660725
0.00670174
0.00679797
0.00689596
0.00699574
0.0070973
0.00720067
0.00730586
0.00741289
0.00752178
0.00763254
0.00774518
0.00785972
0.00797618
0.00809458
0.00821493
0.00833725
0.00846156
0.00858787
0.0087162
0.00884657
0.00897899
0.00911349
0.00925009
0.00938879
0.00952963
0.00967261
0.00981776
0.00996509
0.0101146
0.0102664
0.0104204
0.0105767
0.0107352
0.0108961
0.0110592
0.0112248
0.0113926
0.0115629
0.0117355
0.0119106
0.0120882
0.0122681
0.0124506
0.0126356
0.0128231
0.0130132
0.0132058
0.013401
0.0135988
0.0137993
0.0140024
0.0142082
0.0144166
0.0146278
0.0148418
0.0150585
0.015278
0.0155003
0.0157254
0.0159534
0.0161842
0.016418
0.0166546
0.0168942
0.0171368
0.0173823
0.0176309
0.0178825
0.0181371
0.0183948
0.0186556
0.0189196
0.0191866
0.0194568
0.0197303
0.0200069
0.0202867
0.0205698
0.0208562
0.0211459
0.0214389
0.0217352
0.0220349
0.022338
0.0226445
0.0229544
0.0232678
0.0235847
0.023905
0.0242289
0.0245563
0.0248872
0.0252218
0.0255599
0.0259017
0.0262471
0.0265962
0.026949
0.0273054
0.0276656
0.0280296
0.0283973
0.0287688
0.0291441
0.0295233
0.0299063
0.0302931
0.0306839
0.0310785
0.0314771
0.0318796
0.0322861
0.0326965
0.033111
0.0335294
0.0339519
0.0343785
0.0348091
0.0352438
0.0356826
0.0361255
0.0365726
0.0370237
0.0374791
0.0379386
0.0384024
0.0388703
0.0393424
0.0398188
0.0402995
0.0407844
0.0412735
0.041767
0.0422648
0.0427668
0.0432732
0.043784
0.044299
0.0448185
0.0453422
0.0458704
0.046403
0.0469399
0.0474813
0.048027
0.0485772
0.0491318
0.0496908
0.0502542
0.0508221
0.0513945
0.0519713
0.0525525
0.0531382
0.0537284
0.0543231
0.0549222
0.0555257
0.0561338
0.0567463
0.0573633
0.0579848
0.0586107
0.0592411
0.059876
0.0605153
0.0611591
0.0618074
0.0624601
0.0631173
0.0637789
0.064445
0.0651154
0.0657904
0.0664697
0.0671534
0.0678416
0.0685341
0.069231
0.0699323
0.0706379
0.0713479
0.0720622
0.0727809
0.0735038
0.0742311
0.0749626
0.0756984
0.0764384
0.0771827
0.0779311
0.0786838
0.0794406
0.0802016
0.0809667
0.0817359
0.0825092
0.0832866
0.084068
0.0848534
0.0856429
0.0864362
0.0872336
0.0880348
0.0888399
0.0896489
0.0904617
0.0912783
0.0920987
0.0929228
0.0937506
0.094582
0.0954171
0.0962558
0.0970981
0.0979439
0.0987932
0.099646
0.100502
0.101362
0.102225
0.103091
0.10396
0.104833
0.105709
0.106588
0.10747
0.108355
0.109243
0.110134
0.111028
0.111924
0.112824
0.113726
0.114631
0.115539
0.116449
0.117362
0.118278
0.119195
0.120116
0.121038
0.121963
0.12289
0.123819
0.12475
0.125684
0.126619
0.127556
0.128495
0.129436
0.130379
0.131323
0.132269
0.133216
0.134165
0.135116
0.136068
0.137021
0.137975
0.13893
0.139887
0.140844
0.141803
0.142762
0.143722
0.144683
0.145645
0.146607
0.147569
0.148532
0.149496
0.15046
0.151423
0.152388
0.153352
0.154316
0.15528
0.156244
0.157207
0.158171
0.159133
0.160096
0.161058
0.162019
0.162979
0.163939
0.164898
0.165855
0.166812
0.167767
0.168722
0.169675
0.170626
0.171577
0.172525
0.173472
0.174417
0.175361
0.176302
0.177242
0.178179
0.179114
0.180047
0.180978
0.181906
0.182832
0.183755
0.184675
0.185593
0.186508
0.187419
0.188328
0.189234
0.190136
0.191036
0.191931
0.192824
0.193712
0.194597
0.195479
0.196356
0.19723
0.198099
0.198965
0.199826
0.200683
0.201536
0.202384
0.203227
0.204066
0.204901
0.20573
0.206555
0.207375
0.208189
0.208999
0.209803
0.210602
0.211396
0.212184
0.212966
0.213743
0.214514
0.21528
0.216039
0.216793
0.21754
0.218281
0.219016
0.219745
0.220467
0.221183
0.221893
0.222595
0.223292
0.223981
0.224663
0.225339
0.226007
0.226669
0.227323
0.22797
0.22861
0.229242
0.229867
0.230485
0.231094
0.231697
0.232291
0.232878
0.233457
0.234028
0.23459
0.235145
0.235692
0.236231
0.236761
0.237283
0.237797
0.238302
0.238799
0.239287
0.239767
0.240238
0.2407
0.241153
0.241598
0.242034
0.242461
0.242879
0.243288
0.243687
0.244078
0.24446
0.244832
0.245195
0.245549
0.245894
0.246229
0.246554
0.246871
0.247177
0.247475
0.247762
0.24804
0.248309
0.248567
0.248816
0.249056
0.249285
0.249505
0.249715
0.249915
0.250106
0.250286
0.250457
0.250617
0.250768
0.250908
0.251039
0.25116
0.251271
0.251371
0.251462
0.251543
0.251613
0.251674
0.251724
0.251764
0.251795
0.251815
0.251825
0.251825
0.251815
0.251795
0.251764
0.251724
0.251674
0.251613
0.251543
0.251462
0.251371
0.251271
0.25116
0.251039
0.250908
0.250768
0.250617
0.250457
0.250286
0.250106
0.249915
0.249715
0.249505
0.249285
0.249056
0.248816
0.248567
0.248309
0.24804
0.247762
0.247475
0.247177
0.246871
0.246554
0.246229
0.245894
0.245549
0.245195
0.244832
0.24446
0.244078
0.243687
0.243288
0.242879
0.242461
0.242034
0.241598
0.241153
0.2407
0.240238
0.239767
0.239287
0.238799
0.238302
0.237797
0.237283
0.236761
0.236231
0.235692
0.235145
0.23459
0.234028
0.233457
0.232878
0.232291
0.231697
0.231094
0.230485
0.229867
0.229242
0.22861
0.22797
0.227323
0.226669
0.226007
0.225339
0.224663
0.223981
0.223292
0.222595
0.221893
0.221183
0.220467
0.219745
0.219016
0.218281
0.21754
0.216793
0.216039
0.21528
0.214514
0.213743
0.212966
0.212184
0.211396
0.210602
0.209803
0.208999
0.208189
0.207375
0.206555
0.20573
0.204901
0.204066
0.203227
0.202384
0.201536
0.200683
0.199826
0.198965
0.198099
0.19723
0.196356
0.195479
0.194597
0.193712
0.192824
0.191931
0.191036
0.190136
0.189234
0.188328
0.187419
0.186508
0.185593
0.184675
0.183755
0.182832
0.181906
0.180978
0.180047
0.179114
0.178179
0.177242
0.176302
0.175361
0.174417
0.173472
0.172525
0.171577
0.170626
0.169675
0.168722
0.167767
0.166812
0.165855
0.164898
0.163939
0.162979
0.162019
0.161058
0.160096
0.159133
0.158171
0.157207
0.156244
0.15528
0.154316
0.153352
0.152388
0.151423
0.15046
0.149496
0.148532
0.147569
0.146607
0.145645
0.144683
0.143722
0.142762
0.141803
0.140844
0.139887
0.13893
0.137975
0.137021
0.136068
0.135116
0.134165
0.133216
0.132269
0.131323
0.130379
0.129436
0.128495
0.127556
0.126619
0.125684
0.12475
0.123819
0.12289
0.121963
0.121038
0.120116
0.119195
0.118278
0.117362
0.116449
0.115539
0.114631
0.113726
0.112824
0.111924
0.111028
0.110134
0.109243
0.108355
0.10747
0.106588
0.105709
0.104833
0.10396
0.103091
0.102225
0.101362
0.100502
0.099646
0.0987932
0.0979439
0.0970981
0.0962558
0.0954171
0.094582
0.0937506
0.0929228
0.0920987
0.0912783
0.0904617
0.0896489
0.0888399
0.0880348
0.0872336
0.0864362
0.0856429
0.0848534
0.084068
0.0832866
0.0825092
0.0817359
0.0809667
0.0802016
0.0794406
0.0786838
0.0779311
0.0771827
0.0764384
0.0756984
0.0749626
0.0742311
0.0735038
0.0727809
0.0720622
0.0713479
0.0706379
0.0699323
0.069231
0.0685341
0.0678416
0.0671534
0.0664697
0.0657904
0.0651154
0.064445
0.0637789
0.0631173
0.0624601
0.0618074
0.0611591
0.0605153
0.059876
0.0592411
0.0586107
0.0579848
0.0573633
0.0567463
0.0561338
0.0555257
0.0549222
0.0543231
0.0537284
0.0531382
0.0525525
0.0519713
0.0513945
0.0508221
0.0502542
0.0496908
0.0491318
0.0485772
0.048027
0.0474813
0.0469399
0.046403
0.0458704
0.0453422
0.0448185
0.044299
0.043784
0.0432732
0.0427668
0.0422648
0.041767
0.0412735
0.0407844
0.0402995
0.0398188
0.0393424
0.0388703
0.0384024
0.0379386
0.0374791
0.0370237
0.0365726
0.0361255
0.0356826
0.0352438
0.0348091
0.0343785
0.0339519
0.0335294
0.033111
0.0326965
0.0322861
0.0318796
0.0314771
0.0310785
0.0306839
0.0302931
0.0299063
0.0295233
0.0291441
0.0287688
0.0283973
0.0280296
0.0276656
0.0273054
0.026949
0.0265962
0.0262471
0.0259017
0.0255599
0.0252218
0.0248872
0.0245563
0.0242289
0.023905
0.0235847
0.0232678
0.0229544
0.0226445
0.022338
0.0220349
0.0217352
0.0214389
0.0211459
0.0208562
0.0205698
0.0202867
0.0200069
0.0197303
0.0194568
0.0191866
0.0189196
0.0186556
0.0183948
0.0181371
0.0178825
0.0176309
0.0173823
0.0171368
0.0168942
0.0166546
0.016418
0.0161842
0.0159534
0.0157254
0.0155003
0.015278
0.0150585
0.0148418
0.0146278
0.0144166
0.0142082
0.0140024
0.0137993
0.0135988
0.013401
0.0132058
0.0130132
0.0128231
0.0126356
0.0124506
0.0122681
0.0120882
0.0119106
0.0117355
0.0115629
0.0113926
0.0112248
0.0110592
0.0108961
0.0107352
0.0105767
0.0104204
0.0102664
0.0101146
0.00996509
0.00981776
0.00967261
0.00952963
0.00938879
0.00925009
0.00911349
0.00897899
0.00884657
0.0087162
0.00858787
0.00846156
0.00833725
0.00821493
0.00809458
0.00797618
0.00785972
0.00774518
0.00763254
0.00752178
0.00741289
0.00730586
0.00720067
0.0070973
0.00699574
0.00689596
0.00679797
0.00670174
0.00660725
0.0065145
0.00642347
0.00633414
0.0062465
0.00616054
0.00607625
0.0059936
0.00591259
0.00583321
0.00575543
0.00567926
0.00560467
0.00553166
0.00546021
0.00539032
0.00532196
0.00525513
0.00518982
0.00512601
0.0050637
0.00500288
0.00494353
0.00488565
0.00482922
0.00477424
0.00472069
0.00466857
0.00461787
0.00456858
0.00452069
0.0044742
0.00442909
0.00438536
0.00434299
0.00430199
0.00426234
0.00422404
0.00418708
0.00415146
0.00411716
0.00408419
0.00405253
0.00402219
0.00399315
0.0039654
0.00393896
0.0039138
0.00388993
0.00386734
0.00384603
0.00382599
0.00380723
0.00378973
0.00377349
0.00375851
0.00374479
0.00373233
0.00372111
0.00371115
0.00370244
0.00369498
0.00368876
0.00368379
0.00368006
0.00367757
0.00367633
)
;

boundaryField
{
    sides
    {
        type            zeroGradient;
    }
    empty
    {
        type            empty;
    }
}


// ************************************************************************* //
