/*--------------------------------*- C++ -*----------------------------------*\
  =========                 |
  \\      /  F ield         | OpenFOAM: The Open Source CFD Toolbox
   \\    /   O peration     | Website:  https://openfoam.org
    \\  /    A nd           | Version:  7
     \\/     M anipulation  |
\*---------------------------------------------------------------------------*/
FoamFile
{
    version     2.0;
    format      ascii;
    class       volScalarField;
    location    "4.56";
    object      T;
}
// * * * * * * * * * * * * * * * * * * * * * * * * * * * * * * * * * * * * * //

dimensions      [0 0 0 1 0 0 0];

internalField   nonuniform List<scalar> 
1000
(
0
0
0
0
0
0
0
0
0
0
0
0
0
0
0
0
0
0
0
0
0
0
0
0
0
0
0
0
0
0
0
0
0
0
0
0
0
0
0
0
0
0
0
0
0
0
0
0
0
0
0
0
0
0
0
0
4.94066e-323
3.55727e-322
-4.76477e-320
7.21479e-319
2.51658e-317
-1.19542e-315
6.23135e-315
8.7967e-313
-2.69468e-311
-7.77008e-311
2.5105e-308
-5.94981e-307
-5.42917e-306
6.57812e-304
-1.39099e-302
-1.5962e-301
1.65275e-299
-3.61056e-298
-2.94181e-297
3.9789e-295
-1.02216e-293
-2.9861e-294
8.71814e-291
-2.92734e-289
2.77446e-288
1.48147e-286
-7.63194e-285
1.54451e-283
6.39111e-283
-1.52984e-280
5.35426e-279
-8.24474e-278
-1.15983e-276
1.15289e-274
-3.78982e-273
6.35359e-272
4.18478e-271
-7.03756e-269
2.75064e-267
-6.51919e-266
7.08011e-265
2.06007e-263
-1.54126e-261
5.64925e-260
-1.47453e-258
2.645e-257
-1.22621e-256
-1.51553e-254
8.74445e-253
-3.3233e-251
1.04961e-249
-2.94974e-248
7.60664e-247
-1.83084e-245
4.15715e-244
-8.97004e-243
1.84902e-241
-3.65573e-240
6.95434e-239
-1.2761e-237
2.26343e-236
-3.88738e-235
6.47441e-234
-1.04701e-232
1.64586e-231
-2.51738e-230
3.74966e-229
-5.44323e-228
7.7062e-227
-1.06466e-225
1.43619e-224
-1.8926e-223
2.43756e-222
-3.06958e-221
3.78091e-220
-4.55679e-219
5.37531e-218
-6.20809e-217
7.02161e-216
-7.77939e-215
8.44462e-214
-8.98315e-213
9.36635e-212
-9.57365e-211
9.59435e-210
-9.42848e-209
9.08674e-208
-8.58933e-207
7.96407e-206
-7.24384e-205
6.46379e-204
-5.65865e-203
4.86027e-202
-4.09582e-201
3.38657e-200
-2.74735e-199
2.18674e-198
-1.70765e-197
1.30826e-196
-9.83246e-196
7.24883e-195
-5.2417e-194
3.71731e-193
-2.58512e-192
1.76265e-191
-1.17817e-190
7.71845e-190
-4.95487e-189
3.11609e-188
-1.9193e-187
1.15743e-186
-6.83145e-186
3.94482e-185
-2.22761e-184
1.22951e-183
-6.62904e-183
3.48905e-182
-1.79131e-181
8.96302e-181
-4.36624e-180
2.06821e-179
-9.51204e-179
4.23997e-178
-1.82763e-177
7.59648e-177
-3.03325e-176
1.1576e-175
-4.1917e-175
1.42405e-174
-4.45393e-174
1.23595e-173
-2.77363e-173
3.29776e-173
1.16256e-172
-1.12832e-171
5.75481e-171
-2.28193e-170
7.46519e-170
-1.9546e-169
3.35717e-169
1.88448e-169
-4.85211e-168
2.62816e-167
-9.87831e-167
2.79155e-166
-5.13065e-166
-1.2037e-166
6.13242e-165
-3.2374e-164
1.11392e-163
-2.61052e-163
2.35201e-163
1.445e-162
-9.9245e-162
3.6504e-161
-8.63181e-161
7.09378e-161
5.02202e-160
-3.18207e-159
1.0655e-158
-2.06664e-158
-3.82941e-159
2.16394e-157
-9.79613e-157
2.50476e-156
-2.31177e-156
-1.2869e-155
7.94447e-155
-2.3573e-154
3.13129e-154
7.76684e-154
-6.19046e-153
1.95257e-152
-2.74854e-152
-5.78997e-152
4.82625e-151
-1.47616e-150
1.80365e-150
5.50639e-150
-3.7446e-149
1.00656e-148
-7.50377e-149
-5.59405e-148
2.76885e-147
-5.81845e-147
-1.14059e-147
5.21484e-146
-1.82073e-145
2.37093e-145
6.20293e-145
-4.11388e-144
9.53099e-144
-5.31804e-145
-7.34609e-143
2.54994e-142
-2.88026e-142
-1.01638e-141
5.58673e-141
-1.04974e-140
-8.60415e-141
1.07236e-139
-2.75454e-139
6.07913e-140
1.8655e-138
-6.18793e-138
5.07232e-138
3.01074e-137
-1.26691e-136
1.55107e-136
4.61355e-136
-2.44383e-135
3.68599e-135
6.92601e-135
-4.536e-134
7.67893e-134
1.06585e-133
-8.21362e-133
1.46204e-132
1.77042e-132
-1.46216e-131
2.58364e-131
3.26345e-131
-2.56344e-130
4.24026e-130
6.54413e-130
-4.40903e-129
6.37607e-129
1.35906e-128
-7.3729e-128
8.46554e-128
2.79187e-127
-1.18222e-126
8.95305e-127
5.49995e-126
-1.78223e-125
4.42458e-126
1.01836e-124
-2.45113e-124
-1.12478e-124
1.74377e-123
-2.90773e-123
-4.70121e-123
2.71019e-122
-2.55667e-122
-1.12454e-121
3.7119e-121
-4.38085e-122
-2.11274e-120
4.214e-120
4.58183e-120
-3.29325e-119
3.28305e-119
1.31613e-118
-4.20092e-118
-2.27831e-119
2.42893e-117
-3.98242e-117
-7.03131e-117
3.3927e-116
-1.59845e-116
-1.62753e-115
3.46336e-115
3.53693e-115
-2.44208e-114
1.78996e-114
1.05578e-113
-2.52989e-113
-1.97773e-113
1.63784e-112
-1.27315e-112
-6.89528e-112
1.62309e-111
1.41155e-111
-1.03734e-110
6.36355e-111
4.54206e-110
-9.10443e-110
-1.17987e-109
6.11715e-109
-1.49761e-109
-2.91468e-108
4.21618e-108
9.6863e-108
-3.21915e-107
-1.16867e-107
1.72271e-106
-1.31215e-106
-7.03213e-106
1.38569e-105
1.97337e-105
-8.72465e-105
-7.22917e-106
4.25498e-104
-3.78869e-104
-1.66083e-103
3.3489e-103
4.74439e-103
-1.99916e-102
-4.44932e-103
9.68255e-102
-6.19111e-102
-3.94609e-101
6.07303e-101
1.31604e-100
-3.79783e-100
-3.03943e-100
1.94234e-99
-6.68709e-101
-8.63962e-99
6.3918e-99
3.3909e-98
-5.1071e-98
-1.15508e-97
2.97832e-97
3.16978e-97
-1.48701e-96
-4.8434e-97
6.684e-96
-1.70288e-96
-2.76032e-95
2.20163e-95
1.05432e-94
-1.46127e-94
-3.7109e-94
7.8771e-94
1.1824e-93
-3.79536e-93
-3.24498e-93
1.69693e-92
6.45511e-93
-7.17557e-92
6.41858e-94
2.90208e-91
-1.03074e-91
-1.13094e-90
7.72086e-91
4.26928e-90
-4.3029e-90
-1.56769e-89
2.10557e-89
5.61944e-89
-9.54495e-89
-1.97292e-88
4.10878e-88
6.80801e-88
-1.70279e-87
-2.31823e-87
6.85258e-87
7.82705e-87
-2.6934e-86
-2.63572e-86
1.03817e-85
8.91462e-86
-3.93566e-85
-3.05192e-85
1.47037e-84
1.06552e-84
-5.42084e-84
-3.81524e-84
1.97348e-83
1.40431e-83
-7.09507e-83
-5.30423e-83
2.5178e-82
2.04511e-82
-8.80916e-82
-7.99079e-82
3.03325e-81
3.13978e-81
-1.02517e-80
-1.23194e-80
3.38828e-80
4.7983e-80
-1.08933e-79
-1.84633e-79
3.38035e-79
6.99111e-79
-1.00011e-78
-2.59612e-78
2.76106e-78
9.42472e-78
-6.80315e-78
-3.33387e-77
1.32064e-77
1.14478e-76
-8.65171e-78
-3.79767e-76
-9.61976e-77
1.20923e-75
7.3698e-76
-3.66008e-75
-3.74696e-75
1.03649e-74
1.61231e-74
-2.66558e-74
-6.25226e-74
5.80813e-74
2.23493e-73
-8.32707e-74
-7.41429e-73
-8.67954e-74
2.27535e-72
1.38608e-72
-6.36793e-72
-7.54372e-72
1.56949e-71
3.15298e-71
-3.09532e-71
-1.13336e-70
3.03247e-71
3.60969e-70
1.19037e-70
-1.01637e-69
-9.7111e-70
2.44437e-69
4.42133e-69
-4.46132e-69
-1.59722e-68
2.72592e-69
4.88228e-68
2.49086e-68
-1.2575e-67
-1.59849e-67
2.52964e-67
6.43481e-67
-2.65179e-67
-2.04658e-66
-7.5859e-67
5.28376e-66
6.18813e-66
-1.02475e-65
-2.55399e-65
8.76485e-66
7.89499e-65
3.9292e-65
-1.88853e-64
-2.66098e-64
3.02624e-64
9.94609e-64
1.46695e-65
-2.73038e-63
-2.42936e-63
5.33778e-63
1.14102e-62
-4.24984e-63
-3.48857e-62
-2.06117e-62
7.50966e-62
1.26066e-61
-8.22268e-62
-4.16466e-61
-1.8275e-61
9.31289e-61
1.40213e-60
-1.07472e-60
-4.78143e-60
-2.0023e-60
1.05215e-59
1.60702e-59
-1.08237e-59
-5.32093e-59
-2.8004e-59
1.08153e-58
1.88405e-58
-7.52044e-59
-5.66563e-58
-4.29459e-58
9.74257e-58
2.18314e-57
-2.56225e-59
-5.57274e-57
-6.29607e-57
6.83992e-57
2.37919e-56
1.05668e-56
-4.72492e-56
-8.23699e-56
1.97236e-56
2.28765e-55
2.27573e-55
-2.89859e-55
-9.17849e-55
-4.17624e-55
1.73977e-54
3.20074e-54
-2.32758e-55
-8.11703e-54
-9.78226e-54
7.19503e-54
3.30384e-53
2.55067e-53
-4.64974e-53
-1.22693e-52
-5.05253e-53
2.27341e-52
4.2569e-52
3.0145e-53
-9.74974e-52
-1.40153e-51
3.94454e-52
3.8684e-51
4.43441e-51
-2.94993e-51
-1.45951e-50
-1.36567e-50
1.48965e-50
5.32689e-50
4.15761e-50
-6.44196e-50
-1.90338e-49
-1.27643e-49
2.54937e-49
6.71541e-49
4.04731e-49
-9.4864e-49
-2.35289e-48
-1.35532e-48
3.35797e-48
8.21099e-48
4.84676e-48
-1.13367e-47
-2.85444e-47
-1.83935e-47
3.63086e-47
9.85882e-47
7.26216e-47
-1.08567e-46
-3.36483e-46
-2.9131e-46
2.91985e-46
1.12554e-45
1.16292e-45
-6.38055e-46
-3.64708e-45
-4.54684e-45
6.69279e-46
1.12545e-44
1.71912e-44
3.61032e-45
-3.21707e-44
-6.21154e-44
-3.3571e-44
8.06163e-44
2.11546e-43
1.83712e-43
-1.51238e-43
-6.65626e-43
-8.19618e-43
3.84563e-44
1.86695e-42
3.1875e-42
1.5179e-42
-4.29483e-42
-1.0935e-41
-1.00885e-41
5.82503e-42
3.24372e-41
4.57383e-41
1.21399e-41
-7.73496e-41
-1.67247e-40
-1.38042e-40
1.0903e-40
4.99624e-40
6.87832e-40
1.9665e-40
-1.1187e-39
-2.51475e-39
-2.30536e-39
1.07607e-39
6.99244e-39
1.09398e-38
5.78659e-39
-1.24375e-38
-3.62301e-38
-4.29655e-38
-5.25451e-39
8.17831e-38
1.69992e-37
1.5631e-37
-5.7592e-38
-4.46506e-37
-7.55427e-37
-5.39039e-37
5.41965e-37
2.2239e-36
3.27799e-36
1.82347e-36
-3.30953e-36
-1.05294e-35
-1.42199e-35
-6.44199e-36
1.70731e-35
4.84196e-35
6.27368e-35
2.60219e-35
-7.92855e-35
-2.18453e-34
-2.83968e-34
-1.27124e-34
3.35473e-34
9.68033e-34
1.31669e-33
7.19699e-34
-1.26264e-33
-4.18081e-33
-6.18441e-33
-4.31428e-33
3.84342e-33
1.72812e-32
2.88839e-32
2.56133e-32
-5.64009e-33
-6.60108e-32
-1.30922e-31
-1.45247e-31
-4.08606e-32
2.15904e-31
5.57771e-31
7.69449e-31
5.20643e-31
-4.66924e-31
-2.12339e-30
-3.72378e-30
-3.81715e-30
-6.9271e-31
6.45286e-30
1.58888e-29
2.21216e-29
1.64655e-29
-9.20686e-30
-5.52784e-29
-1.05947e-28
-1.24883e-28
-6.25492e-29
1.18593e-28
4.02124e-28
6.73868e-28
7.07519e-28
2.20416e-28
-9.70729e-28
-2.7076e-27
-4.2513e-27
-4.22382e-27
-9.55525e-28
6.59817e-27
1.74448e-26
2.71412e-26
2.73657e-26
7.77224e-27
-3.88359e-26
-1.08188e-25
-1.75535e-25
-1.91305e-25
-8.9055e-26
1.87114e-25
6.33962e-25
1.12957e-24
1.39027e-24
9.88226e-25
-5.20089e-25
-3.3235e-24
-6.96943e-24
-9.98319e-24
-9.73331e-24
-2.87372e-24
1.33224e-23
3.86368e-23
6.69697e-23
8.39089e-23
6.67344e-23
-1.06853e-23
-1.65987e-22
-3.89112e-22
-6.19295e-22
-7.27297e-22
-5.18029e-22
2.2733e-22
1.65289e-21
3.66976e-21
5.76238e-21
6.82683e-21
5.15833e-21
-1.25538e-21
-1.39781e-20
-3.28284e-20
-5.41561e-20
-6.91277e-20
-6.28869e-20
-1.58818e-20
9.11059e-20
2.66945e-19
4.94942e-19
7.14425e-19
8.04599e-19
5.80447e-19
-1.85272e-19
-1.69778e-18
-4.02042e-18
-6.89694e-18
-9.53679e-18
-1.04205e-17
-7.23033e-18
2.93894e-18
2.28959e-17
5.40102e-17
9.41096e-17
1.34724e-16
1.58147e-16
1.35316e-16
2.61931e-17
-2.15002e-16
-6.26894e-16
-1.21768e-15
-1.93002e-15
-2.5955e-15
-2.88527e-15
-2.27147e-15
-2.40538e-17
4.71991e-15
1.2767e-14
2.45051e-14
3.93205e-14
5.47767e-14
6.55951e-14
6.25834e-14
3.18183e-14
-4.53973e-14
-1.91011e-13
-4.26054e-13
-7.62515e-13
-1.18983e-12
-1.65479e-12
-2.03441e-12
-2.10283e-12
-1.49633e-12
3.15597e-13
4.03831e-12
1.05164e-11
2.06208e-11
3.50126e-11
5.37261e-11
7.55012e-11
9.67948e-11
1.10407e-10
1.03693e-10
5.63999e-11
-6.1709e-11
-2.9307e-10
-6.93687e-10
-1.33249e-09
-2.28686e-09
-3.63149e-09
-5.41661e-09
-7.62973e-09
-1.0133e-08
-1.25656e-08
-1.4196e-08
-1.37073e-08
-8.88883e-09
3.79303e-09
2.97857e-08
7.72475e-08
1.58108e-07
2.8946e-07
4.95362e-07
8.09149e-07
1.27635e-06
1.95835e-06
2.93692e-06
4.31979e-06
6.24743e-06
8.90114e-06
1.25129e-05
1.73766e-05
2.38621e-05
3.24304e-05
4.36517e-05
5.8227e-05
7.70103e-05
0.000101036
0.00013155
0.000170036
0.000218262
0.000278307
0.000352615
0.000444029
0.000555847
0.000691866
0.000856436
0.00105451
0.0012917
0.00157433
0.00190947
0.00230503
0.00276975
0.00331328
0.00394619
0.00468002
0.0055273
0.00650155
0.00761727
0.00888996
0.0103361
0.011973
0.013819
0.0158931
0.0182152
0.0208055
0.0236852
0.0268754
0.0303977
0.0342738
0.0385252
0.0431733
0.048239
0.0537423
0.0597028
0.0661387
0.0730672
0.0805037
0.0884622
0.0969548
0.105992
0.11558
0.125727
0.136433
0.147701
0.159527
0.171906
0.184831
0.19829
0.21227
0.226755
0.241725
0.257158
0.273029
0.289312
0.305978
0.322995
0.340329
0.357947
0.375811
0.393883
0.412126
0.430499
0.448963
0.467478
0.486004
0.5045
0.522929
0.541252
0.55943
0.577429
0.595214
0.612751
0.630009
0.646959
0.663574
0.679828
0.695698
0.711164
0.726207
0.740811
0.754962
0.768649
0.781862
0.794595
0.806842
0.818601
0.829871
0.840653
0.85095
0.860765
0.870106
0.878979
0.887393
0.895356
0.90288
0.909976
0.916655
0.922929
0.928811
0.934314
0.93945
0.944232
0.948672
0.952781
0.956572
0.960054
0.963237
0.96613
0.968742
0.971078
0.973145
0.974947
0.976486
0.977764
0.978781
0.979535
0.980024
0.980244
0.980188
0.979848
0.979216
0.978282
0.977034
0.97546
0.973545
0.971274
0.968633
0.965605
0.962172
0.958319
0.954028
0.949282
0.944064
0.938358
0.93215
0.925424
0.918167
0.910369
0.902018
0.893107
0.883629
0.873581
0.862961
0.85177
0.840011
0.827691
0.814818
0.801405
0.787464
0.773015
0.758076
0.742669
0.726821
0.710557
0.693915
0.676886
0.659691
0.641521
0.626174
0.597042
)
;

boundaryField
{
    sides
    {
        type            zeroGradient;
    }
    empty
    {
        type            empty;
    }
}


// ************************************************************************* //
