/*--------------------------------*- C++ -*----------------------------------*\
  =========                 |
  \\      /  F ield         | OpenFOAM: The Open Source CFD Toolbox
   \\    /   O peration     | Website:  https://openfoam.org
    \\  /    A nd           | Version:  7
     \\/     M anipulation  |
\*---------------------------------------------------------------------------*/
FoamFile
{
    version     2.0;
    format      ascii;
    class       volScalarField;
    location    "2.61";
    object      T;
}
// * * * * * * * * * * * * * * * * * * * * * * * * * * * * * * * * * * * * * //

dimensions      [0 0 0 1 0 0 0];

internalField   nonuniform List<scalar> 
1000
(
1.37758e-67
1.82011e-67
2.84617e-67
4.78234e-67
8.24387e-67
1.43285e-66
2.49619e-66
4.35016e-66
7.57888e-66
1.31973e-65
2.29674e-65
3.99465e-65
6.94354e-65
1.20619e-64
2.09402e-64
3.63311e-64
6.29949e-64
1.0916e-63
1.89037e-63
3.2716e-63
5.65848e-63
9.78061e-63
1.6895e-62
2.91658e-62
5.03169e-62
8.67516e-62
1.49473e-61
2.57377e-61
4.42893e-61
7.61634e-61
1.30892e-60
2.24802e-60
3.85836e-60
6.61793e-60
1.13438e-59
1.94316e-59
3.3264e-59
5.69053e-59
9.72846e-59
1.66206e-58
2.83767e-58
4.84157e-58
8.25505e-58
1.40657e-57
2.39503e-57
4.07538e-57
6.92995e-57
1.1776e-56
1.99972e-56
3.39348e-56
5.7547e-56
9.75218e-56
1.65151e-55
2.79487e-55
4.72651e-55
7.98763e-55
1.34894e-54
2.27647e-54
3.8391e-54
6.46978e-54
1.08954e-53
1.83354e-53
3.0834e-53
5.18156e-53
8.70123e-53
1.46012e-52
2.44843e-52
4.10272e-52
6.86979e-52
1.14948e-51
1.92195e-51
3.21119e-51
5.36134e-51
8.94463e-51
1.49119e-50
2.48417e-50
4.13533e-50
6.87886e-50
1.1434e-49
1.89915e-49
3.15205e-49
5.22759e-49
8.6633e-49
1.43462e-48
2.37389e-48
3.92515e-48
6.48514e-48
1.07066e-47
1.76624e-47
2.91149e-47
4.79563e-47
7.89296e-47
1.29807e-46
2.13313e-46
3.50265e-46
5.74695e-46
9.42186e-46
1.54346e-45
2.52644e-45
4.13218e-45
6.75311e-45
1.10276e-44
1.79934e-44
2.93358e-44
4.77894e-44
7.77884e-44
1.26516e-43
2.05601e-43
3.3385e-43
5.41655e-43
8.78088e-43
1.42232e-42
2.30195e-42
3.72252e-42
6.01476e-42
9.71041e-42
1.56637e-41
2.52457e-41
4.06553e-41
6.54154e-41
1.05166e-40
1.68929e-40
2.71121e-40
4.34763e-40
6.96578e-40
1.1151e-39
1.78355e-39
2.85024e-39
4.55094e-39
7.26013e-39
1.1572e-38
1.84286e-38
2.93223e-38
4.66143e-38
7.40387e-38
1.17493e-37
1.86287e-37
2.95097e-37
4.67046e-37
7.38525e-37
1.16676e-36
1.84164e-36
2.90426e-36
4.57586e-36
7.20301e-36
1.13282e-35
1.77995e-35
2.79419e-35
4.38233e-35
6.86676e-35
1.07497e-34
1.68127e-34
2.62708e-34
4.10111e-34
6.39621e-34
9.96633e-34
1.55145e-33
2.41284e-33
3.74891e-33
5.81927e-33
9.02437e-33
1.39813e-32
2.16402e-32
3.34622e-32
5.16926e-32
7.97773e-32
1.23e-31
1.89457e-31
2.91532e-31
4.48164e-31
6.88268e-31
1.05596e-30
1.61848e-30
2.47819e-30
3.79077e-30
5.79275e-30
8.84311e-30
1.34861e-29
2.05461e-29
3.12702e-29
4.75434e-29
7.22114e-29
1.09566e-28
1.66073e-28
2.51464e-28
3.80366e-28
5.74747e-28
8.67561e-28
1.30819e-27
1.97053e-27
2.96512e-27
4.45699e-27
6.69241e-27
1.00383e-26
1.50411e-26
2.2513e-26
3.36606e-26
5.02741e-26
7.50063e-26
1.11785e-25
1.66416e-25
2.47477e-25
3.67622e-25
5.45498e-25
8.0855e-25
1.19713e-24
1.77051e-24
2.6156e-24
3.85978e-24
5.68942e-24
8.377e-24
1.23203e-23
1.80994e-23
2.65593e-23
3.89294e-23
5.69961e-23
8.33521e-23
1.21756e-22
1.77651e-22
2.58907e-22
3.76894e-22
5.48014e-22
7.95901e-22
1.15457e-21
1.67292e-21
2.42113e-21
3.49987e-21
5.05327e-21
7.28752e-21
1.04971e-20
1.51024e-20
2.1702e-20
3.11483e-20
4.46527e-20
6.39347e-20
9.14324e-20
1.30598e-19
1.86314e-19
2.65475e-19
3.77808e-19
5.37012e-19
7.62364e-19
1.08095e-18
1.53076e-18
2.16507e-18
3.05839e-18
4.31491e-18
6.08004e-18
8.55646e-18
1.20263e-17
1.6882e-17
2.3668e-17
3.31396e-17
4.63424e-17
6.47221e-17
9.02753e-17
1.25755e-16
1.74953e-16
2.43082e-16
3.37303e-16
4.67435e-16
6.46926e-16
8.94166e-16
1.23427e-15
1.70149e-15
2.34247e-15
3.22063e-15
4.42212e-15
6.06374e-15
8.30365e-15
1.13557e-14
1.55087e-14
2.11519e-14
2.88094e-14
3.91859e-14
5.32273e-14
7.22014e-14
9.78051e-14
1.32307e-13
1.78732e-13
2.41115e-13
3.2482e-13
4.36978e-13
5.87044e-13
7.87545e-13
1.05505e-12
1.41143e-12
1.88553e-12
2.51532e-12
3.35073e-12
4.45727e-12
5.92079e-12
7.85363e-12
1.04025e-11
1.37589e-11
1.81721e-11
2.39662e-11
3.1562e-11
4.1505e-11
5.4501e-11
7.1462e-11
9.35645e-11
1.22324e-10
1.59688e-10
2.08158e-10
2.70939e-10
3.52135e-10
4.56984e-10
5.9217e-10
7.66204e-10
9.89903e-10
1.277e-09
1.64488e-09
2.11556e-09
2.71682e-09
3.48368e-09
4.46022e-09
5.70183e-09
7.27798e-09
9.27563e-09
1.18035e-08
1.49973e-08
1.90259e-08
2.40995e-08
3.0479e-08
3.84876e-08
4.85251e-08
6.10854e-08
7.67769e-08
9.63487e-08
1.20721e-07
1.5102e-07
1.88629e-07
2.35231e-07
2.92885e-07
3.64094e-07
4.51898e-07
5.59988e-07
6.92829e-07
8.55818e-07
1.05546e-06
1.2996e-06
1.59765e-06
1.9609e-06
2.40288e-06
2.93974e-06
3.59074e-06
4.37883e-06
5.33124e-06
6.48029e-06
7.86421e-06
9.52817e-06
1.15254e-05
1.39185e-05
1.67812e-05
2.01995e-05
2.42742e-05
2.91232e-05
3.48833e-05
4.17141e-05
4.98003e-05
5.9356e-05
7.06286e-05
8.39032e-05
9.95078e-05
0.000117819
0.000139269
0.000164351
0.000193628
0.000227742
0.00026742
0.000313488
0.00036688
0.000428649
0.000499982
0.000582213
0.000676836
0.000785523
0.000910138
0.00105276
0.00121569
0.00140149
0.00161298
0.00185327
0.0021258
0.00243433
0.00278296
0.00317619
0.00361892
0.00411646
0.00467457
0.00529947
0.00599786
0.00677695
0.00764444
0.0086086
0.0096782
0.0108626
0.0121716
0.0136157
0.0152058
0.0169535
0.0188707
0.02097
0.0232644
0.0257672
0.0284924
0.031454
0.0346666
0.0381448
0.0419035
0.0459577
0.0503223
0.0550122
0.0600422
0.0654265
0.0711794
0.0773143
0.0838442
0.0907812
0.0981368
0.105921
0.114144
0.122814
0.131936
0.141517
0.15156
0.162068
0.173041
0.184477
0.196374
0.208726
0.221526
0.234765
0.248431
0.262511
0.276991
0.291852
0.307075
0.32264
0.338523
0.354699
0.371143
0.387826
0.404719
0.421793
0.439015
0.456353
0.473776
0.491248
0.508737
0.526209
0.543631
0.560968
0.578188
0.595258
0.612148
0.628827
0.645265
0.661435
0.677309
0.692865
0.708077
0.722925
0.737389
0.751451
0.765096
0.77831
0.79108
0.803398
0.815255
0.826646
0.837565
0.848011
0.857983
0.867482
0.87651
0.88507
0.893168
0.90081
0.908003
0.914754
0.921073
0.926967
0.932448
0.937523
0.942205
0.946501
0.950423
0.95398
0.957181
0.960034
0.962548
0.964731
0.966588
0.968127
0.969352
0.970267
0.970875
0.971179
0.971179
0.970875
0.970267
0.969352
0.968127
0.966588
0.964731
0.962548
0.960034
0.957181
0.95398
0.950423
0.946501
0.942205
0.937523
0.932448
0.926967
0.921073
0.914754
0.908003
0.90081
0.893168
0.88507
0.87651
0.867482
0.857983
0.848011
0.837565
0.826646
0.815255
0.803398
0.79108
0.77831
0.765096
0.751451
0.737389
0.722925
0.708077
0.692865
0.677309
0.661435
0.645265
0.628827
0.612148
0.595258
0.578188
0.560968
0.543631
0.526209
0.508737
0.491248
0.473776
0.456353
0.439015
0.421793
0.404719
0.387826
0.371143
0.354699
0.338523
0.32264
0.307075
0.291852
0.276991
0.262511
0.248431
0.234765
0.221526
0.208726
0.196374
0.184477
0.173041
0.162068
0.15156
0.141517
0.131936
0.122814
0.114144
0.105921
0.0981368
0.0907812
0.0838442
0.0773143
0.0711794
0.0654265
0.0600422
0.0550122
0.0503223
0.0459577
0.0419035
0.0381448
0.0346666
0.031454
0.0284924
0.0257672
0.0232644
0.02097
0.0188707
0.0169535
0.0152058
0.0136157
0.0121716
0.0108626
0.0096782
0.0086086
0.00764444
0.00677695
0.00599786
0.00529947
0.00467457
0.00411646
0.00361892
0.00317619
0.00278296
0.00243433
0.0021258
0.00185327
0.00161298
0.00140149
0.00121569
0.00105276
0.000910138
0.000785523
0.000676836
0.000582213
0.000499982
0.000428649
0.00036688
0.000313488
0.00026742
0.000227742
0.000193628
0.000164351
0.000139269
0.000117819
9.95078e-05
8.39032e-05
7.06286e-05
5.9356e-05
4.98003e-05
4.17141e-05
3.48833e-05
2.91232e-05
2.42742e-05
2.01995e-05
1.67812e-05
1.39185e-05
1.15254e-05
9.52817e-06
7.86421e-06
6.48029e-06
5.33124e-06
4.37883e-06
3.59074e-06
2.93974e-06
2.40288e-06
1.9609e-06
1.59765e-06
1.2996e-06
1.05546e-06
8.55818e-07
6.92829e-07
5.59988e-07
4.51898e-07
3.64094e-07
2.92885e-07
2.35231e-07
1.88629e-07
1.5102e-07
1.20721e-07
9.63487e-08
7.67769e-08
6.10854e-08
4.85251e-08
3.84876e-08
3.0479e-08
2.40995e-08
1.90259e-08
1.49973e-08
1.18035e-08
9.27563e-09
7.27798e-09
5.70183e-09
4.46022e-09
3.48368e-09
2.71682e-09
2.11556e-09
1.64488e-09
1.277e-09
9.89903e-10
7.66204e-10
5.9217e-10
4.56984e-10
3.52135e-10
2.70939e-10
2.08158e-10
1.59688e-10
1.22324e-10
9.35645e-11
7.1462e-11
5.4501e-11
4.1505e-11
3.1562e-11
2.39662e-11
1.81721e-11
1.37589e-11
1.04025e-11
7.85363e-12
5.92079e-12
4.45727e-12
3.35073e-12
2.51532e-12
1.88553e-12
1.41143e-12
1.05505e-12
7.87545e-13
5.87044e-13
4.36978e-13
3.2482e-13
2.41115e-13
1.78732e-13
1.32307e-13
9.78051e-14
7.22014e-14
5.32273e-14
3.91859e-14
2.88094e-14
2.11519e-14
1.55087e-14
1.13557e-14
8.30365e-15
6.06374e-15
4.42212e-15
3.22063e-15
2.34247e-15
1.70149e-15
1.23427e-15
8.94166e-16
6.46926e-16
4.67435e-16
3.37303e-16
2.43082e-16
1.74953e-16
1.25755e-16
9.02753e-17
6.47221e-17
4.63424e-17
3.31396e-17
2.3668e-17
1.6882e-17
1.20263e-17
8.55646e-18
6.08004e-18
4.31491e-18
3.05839e-18
2.16507e-18
1.53076e-18
1.08095e-18
7.62364e-19
5.37012e-19
3.77808e-19
2.65475e-19
1.86314e-19
1.30598e-19
9.14324e-20
6.39347e-20
4.46527e-20
3.11483e-20
2.1702e-20
1.51024e-20
1.04971e-20
7.28752e-21
5.05327e-21
3.49987e-21
2.42113e-21
1.67292e-21
1.15457e-21
7.95901e-22
5.48014e-22
3.76894e-22
2.58907e-22
1.77651e-22
1.21756e-22
8.33521e-23
5.69961e-23
3.89294e-23
2.65593e-23
1.80994e-23
1.23203e-23
8.377e-24
5.68942e-24
3.85978e-24
2.6156e-24
1.77051e-24
1.19713e-24
8.0855e-25
5.45498e-25
3.67622e-25
2.47477e-25
1.66416e-25
1.11785e-25
7.50063e-26
5.02741e-26
3.36606e-26
2.2513e-26
1.50411e-26
1.00383e-26
6.69241e-27
4.45699e-27
2.96512e-27
1.97053e-27
1.30819e-27
8.67561e-28
5.74747e-28
3.80366e-28
2.51464e-28
1.66073e-28
1.09566e-28
7.22114e-29
4.75434e-29
3.12702e-29
2.05461e-29
1.34861e-29
8.84311e-30
5.79275e-30
3.79077e-30
2.47819e-30
1.61848e-30
1.05596e-30
6.88268e-31
4.48164e-31
2.91532e-31
1.89457e-31
1.23e-31
7.97773e-32
5.16926e-32
3.34622e-32
2.16402e-32
1.39813e-32
9.02437e-33
5.81927e-33
3.74891e-33
2.41284e-33
1.55145e-33
9.96633e-34
6.39621e-34
4.10111e-34
2.62708e-34
1.68127e-34
1.07497e-34
6.86676e-35
4.38233e-35
2.79419e-35
1.77995e-35
1.13282e-35
7.20301e-36
4.57586e-36
2.90426e-36
1.84164e-36
1.16676e-36
7.38525e-37
4.67046e-37
2.95097e-37
1.86287e-37
1.17493e-37
7.40387e-38
4.66143e-38
2.93223e-38
1.84286e-38
1.1572e-38
7.26013e-39
4.55094e-39
2.85024e-39
1.78355e-39
1.1151e-39
6.96578e-40
4.34763e-40
2.71121e-40
1.68929e-40
1.05166e-40
6.54154e-41
4.06553e-41
2.52457e-41
1.56637e-41
9.71041e-42
6.01476e-42
3.72252e-42
2.30195e-42
1.42232e-42
8.78088e-43
5.41655e-43
3.3385e-43
2.05601e-43
1.26516e-43
7.77884e-44
4.77894e-44
2.93358e-44
1.79934e-44
1.10276e-44
6.75311e-45
4.13218e-45
2.52644e-45
1.54346e-45
9.42186e-46
5.74695e-46
3.50265e-46
2.13313e-46
1.29807e-46
7.89296e-47
4.79563e-47
2.91149e-47
1.76624e-47
1.07066e-47
6.48514e-48
3.92515e-48
2.37389e-48
1.43462e-48
8.6633e-49
5.22759e-49
3.15205e-49
1.89915e-49
1.1434e-49
6.87886e-50
4.13533e-50
2.48417e-50
1.49119e-50
8.94463e-51
5.36134e-51
3.21119e-51
1.92195e-51
1.14948e-51
6.86979e-52
4.10272e-52
2.44843e-52
1.46012e-52
8.70123e-53
5.18156e-53
3.0834e-53
1.83354e-53
1.08954e-53
6.46978e-54
3.8391e-54
2.27647e-54
1.34894e-54
7.98763e-55
4.72651e-55
2.79487e-55
1.65151e-55
9.75218e-56
5.7547e-56
3.39348e-56
1.99972e-56
1.1776e-56
6.92995e-57
4.07538e-57
2.39503e-57
1.40657e-57
8.25505e-58
4.84157e-58
2.83767e-58
1.66206e-58
9.72846e-59
5.69053e-59
3.3264e-59
1.94316e-59
1.13438e-59
6.61793e-60
3.85836e-60
2.24802e-60
1.30892e-60
7.61634e-61
4.42893e-61
2.57377e-61
1.49473e-61
8.67516e-62
5.03169e-62
2.91658e-62
1.6895e-62
9.78061e-63
5.65848e-63
3.2716e-63
1.89037e-63
1.0916e-63
6.29949e-64
3.63311e-64
2.09402e-64
1.20619e-64
6.94354e-65
3.99465e-65
2.29674e-65
1.31973e-65
7.57888e-66
4.35016e-66
2.49619e-66
1.43285e-66
8.24387e-67
4.78234e-67
2.84617e-67
1.82011e-67
1.37758e-67
)
;

boundaryField
{
    sides
    {
        type            zeroGradient;
    }
    empty
    {
        type            empty;
    }
}


// ************************************************************************* //
