/*--------------------------------*- C++ -*----------------------------------*\
  =========                 |
  \\      /  F ield         | OpenFOAM: The Open Source CFD Toolbox
   \\    /   O peration     | Website:  https://openfoam.org
    \\  /    A nd           | Version:  7
     \\/     M anipulation  |
\*---------------------------------------------------------------------------*/
FoamFile
{
    version     2.0;
    format      ascii;
    class       volScalarField;
    location    "2.71";
    object      T;
}
// * * * * * * * * * * * * * * * * * * * * * * * * * * * * * * * * * * * * * //

dimensions      [0 0 0 1 0 0 0];

internalField   nonuniform List<scalar> 
1000
(
0
0
0
0
0
0
0
0
0
0
0
0
0
0
0
0
0
0
0
0
0
0
0
0
0
0
0
0
0
0
0
0
0
0
0
0
0
0
0
0
0
0
0
0
0
0
0
0
0
0
0
0
0
0
0
0
0
0
0
0
0
0
0
0
0
0
0
0
0
0
0
0
0
0
0
0
0
0
0
0
0
0
0
0
0
0
0
0
0
0
0
0
0
0
0
0
0
0
0
0
0
0
0
0
0
0
0
0
0
0
0
0
0
0
0
0
0
0
0
0
0
0
0
0
0
0
0
0
0
0
0
0
0
0
0
0
0
0
0
0
0
0
0
0
0
0
0
0
0
0
0
0
-9.88131e-324
-1.94168e-320
-3.32922e-317
-5.496e-314
-8.71966e-311
-1.32682e-307
-1.93197e-304
-2.68519e-301
-3.55228e-298
-4.4588e-295
-5.29091e-292
-5.91058e-289
-6.18591e-286
-6.03042e-283
-5.43809e-280
-4.49755e-277
-3.37446e-274
-2.26397e-271
-1.33112e-268
-6.65191e-266
-2.67937e-263
-7.73962e-261
-9.98911e-259
3.32326e-256
1.91507e-253
1.38399e-251
-1.52311e-248
-2.54024e-246
1.35502e-243
1.43632e-241
-1.42558e-238
1.75522e-236
7.77689e-234
-4.43537e-231
1.26879e-228
-2.63011e-226
4.38476e-224
-6.17711e-222
7.57151e-220
-8.23388e-218
8.05666e-216
-7.16921e-214
5.85076e-212
-4.40912e-210
3.08574e-208
-2.01522e-206
1.23319e-204
-7.09643e-203
3.85226e-201
-1.97817e-199
9.63301e-198
-4.45836e-196
1.96506e-194
-8.2633e-193
3.32071e-191
-1.27722e-189
4.70829e-188
-1.66565e-186
5.6616e-185
-1.85101e-183
5.8269e-182
-1.76781e-180
5.17358e-179
-1.46171e-177
3.99008e-176
-1.0531e-174
2.68918e-173
-6.64834e-172
1.59224e-170
-3.69619e-169
8.32111e-168
-1.81764e-166
3.85428e-165
-7.93742e-164
1.58819e-162
-3.08877e-161
5.84107e-160
-1.07443e-158
1.92305e-157
-3.35018e-156
5.68251e-155
-9.38706e-154
1.51061e-152
-2.36875e-151
3.62019e-150
-5.39368e-149
7.83557e-148
-1.11013e-146
1.53415e-145
-2.06838e-144
2.72099e-143
-3.49316e-142
4.37687e-141
-5.35317e-140
6.39159e-139
-7.45069e-138
8.48028e-137
-9.42496e-136
1.02289e-134
-1.08413e-133
1.12215e-132
-1.13434e-131
1.11985e-130
-1.07971e-129
1.01664e-128
-9.3483e-128
8.39418e-127
-7.35999e-126
6.30078e-125
-5.26607e-124
4.2964e-123
-3.42127e-122
2.65869e-121
-2.01588e-120
1.49104e-119
-1.07557e-118
7.56488e-118
-5.18614e-117
3.46434e-116
-2.25405e-115
1.42788e-114
-8.80213e-114
5.27737e-113
-3.07544e-112
1.74079e-111
-9.56272e-111
5.09327e-110
-2.62732e-109
1.31088e-108
-6.31639e-108
2.9337e-107
-1.31037e-106
5.61219e-106
-2.29606e-105
8.92756e-105
-3.27541e-104
1.12178e-103
-3.52373e-103
9.82217e-103
-2.24842e-102
3.14241e-102
5.02928e-102
-6.25617e-101
3.10481e-100
-1.1296e-99
3.19241e-99
-6.30293e-99
2.57002e-99
4.82348e-98
-2.79428e-97
9.86063e-97
-2.37508e-96
2.64169e-96
9.11154e-96
-6.88764e-95
2.472e-94
-5.43627e-94
3.09333e-94
3.41747e-93
-1.81334e-92
5.06857e-92
-6.48538e-92
-1.54629e-91
1.20423e-90
-3.72142e-90
5.25602e-90
9.42365e-90
-8.03432e-89
2.38158e-88
-2.73614e-88
-8.52916e-88
5.33277e-87
-1.293e-86
5.53406e-87
7.92625e-86
-3.19232e-85
5.03113e-85
6.73998e-85
-5.96038e-84
1.46073e-83
-3.8727e-84
-9.27543e-83
3.17072e-82
-3.1778e-82
-1.26212e-81
5.95485e-81
-8.6949e-81
-1.56998e-80
1.03196e-79
-1.81021e-79
-1.93127e-79
1.7132e-78
-3.25232e-78
-2.69702e-78
2.78125e-77
-5.23678e-77
-4.74392e-77
4.43623e-76
-7.56895e-76
-9.78598e-76
6.88114e-75
-9.5116e-75
-2.05364e-74
1.01427e-73
-9.36942e-74
-4.02107e-73
1.37113e-72
-4.22503e-73
-7.05776e-72
1.60556e-71
9.55093e-72
-1.08015e-70
1.43525e-70
3.41651e-70
-1.38632e-69
5.14155e-70
6.63704e-69
-1.36753e-68
-1.33499e-68
9.33666e-68
-7.39175e-68
-3.7492e-67
9.35552e-67
5.74459e-67
-5.57707e-66
4.78244e-66
2.15592e-65
-5.21882e-65
-3.9655e-65
3.0601e-64
-1.80722e-64
-1.26586e-63
2.3395e-63
3.39089e-63
-1.48221e-62
-3.67306e-65
6.92579e-62
-7.0187e-62
-2.49572e-61
5.60278e-61
6.11199e-61
-3.07798e-60
-3.92866e-62
1.37161e-59
-1.11005e-59
-5.13054e-59
8.77677e-59
1.56686e-58
-4.89145e-58
-3.30545e-58
2.29181e-57
-7.46555e-59
-9.53139e-57
5.92551e-57
3.59524e-56
-4.36722e-56
-1.23744e-55
2.37248e-55
3.85889e-55
-1.11709e-54
-1.0598e-54
4.8158e-54
2.34727e-54
-1.9525e-53
-2.67446e-54
7.56634e-53
-1.11185e-53
-2.83444e-52
1.08961e-52
1.03548e-51
-6.0425e-52
-3.71579e-51
2.77044e-51
1.31771e-50
-1.14343e-50
-4.64067e-50
4.3868e-50
1.62882e-49
-1.58611e-49
-5.7088e-49
5.42789e-49
1.9984e-48
-1.75285e-48
-6.97588e-48
5.27894e-48
2.42056e-47
-1.4417e-47
-8.31128e-47
3.32346e-47
2.80802e-46
-4.8841e-47
-9.27226e-46
-7.54866e-47
2.96822e-45
1.10131e-45
-9.11685e-45
-6.46414e-45
2.64813e-44
2.9848e-44
-7.1069e-44
-1.20737e-43
1.68428e-43
4.42682e-43
-3.12462e-43
-1.48643e-42
2.16446e-43
4.55784e-42
1.73302e-42
-1.25581e-41
-1.20812e-41
2.98522e-41
5.27832e-41
-5.44702e-41
-1.86016e-40
3.71441e-41
5.54688e-40
2.67663e-40
-1.38056e-39
-1.72456e-39
2.61117e-39
6.71589e-39
-2.15843e-39
-2.01288e-38
-9.89458e-39
4.68806e-38
6.50798e-38
-7.22404e-38
-2.35823e-37
-1.06372e-38
6.17259e-37
5.79748e-37
-1.09769e-36
-2.53308e-36
4.83306e-37
7.03583e-36
5.56993e-36
-1.26153e-35
-2.68625e-35
4.93016e-36
7.32443e-35
6.39303e-35
-1.16674e-34
-2.85232e-34
-1.88274e-35
6.8784e-34
8.13604e-34
-7.758e-34
-2.88359e-33
-1.44237e-33
5.32924e-33
9.81687e-33
-1.09388e-33
-2.49482e-32
-2.80029e-32
2.48181e-32
9.77764e-32
6.52185e-32
-1.47332e-31
-3.4445e-31
-1.05462e-31
6.65663e-31
1.13526e-30
-1.33373e-32
-2.64548e-30
-3.61015e-30
1.06696e-30
9.77191e-30
1.13961e-29
-5.98057e-30
-3.45085e-29
-3.66547e-29
2.41365e-29
1.18276e-28
1.2241e-28
-8.0542e-29
-3.95726e-28
-4.26543e-28
2.20776e-28
1.28901e-27
1.53419e-27
-4.16979e-28
-4.04032e-27
-5.57352e-27
-1.70205e-28
1.19031e-26
1.99248e-26
7.07042e-27
-3.1483e-26
-6.81824e-26
-4.7197e-26
6.68219e-26
2.16283e-25
2.29709e-25
-6.50413e-26
-6.06163e-25
-9.28757e-25
-3.52189e-25
1.35218e-24
3.17917e-24
2.87279e-24
-1.52314e-24
-8.87928e-24
-1.31317e-23
-5.56339e-24
1.73566e-23
4.42904e-23
4.70091e-23
-3.9677e-24
-1.06372e-22
-1.95898e-22
-1.55172e-22
1.09114e-22
5.37822e-22
8.27752e-22
5.10418e-22
-7.1476e-22
-2.49068e-21
-3.50648e-21
-1.88404e-21
3.47755e-21
1.10022e-20
1.53022e-20
8.64399e-21
-1.38797e-20
-4.67765e-20
-6.89242e-20
-4.77344e-20
4.20737e-20
1.87952e-19
3.13051e-19
2.80798e-19
-4.38855e-20
-6.75026e-19
-1.37289e-18
-1.59584e-18
-6.56383e-19
1.85187e-18
5.44118e-18
8.23848e-18
7.11307e-18
-1.09199e-18
-1.71191e-17
-3.63344e-17
-4.6942e-17
-3.17773e-17
2.42513e-17
1.21055e-16
2.28445e-16
2.7801e-16
1.73639e-16
-1.68906e-16
-7.52456e-16
-1.41633e-15
-1.78272e-15
-1.29219e-15
6.11065e-16
4.11872e-15
8.57862e-15
1.20721e-14
1.13506e-14
2.50163e-15
-1.73591e-14
-4.73721e-14
-7.97542e-14
-9.7461e-14
-7.47332e-14
1.70953e-14
1.96687e-13
4.52749e-13
7.20616e-13
8.63804e-13
6.74147e-13
-9.23844e-14
-1.62823e-12
-3.92822e-12
-6.59776e-12
-8.65927e-12
-8.44071e-12
-3.67003e-12
8.07537e-12
2.84261e-11
5.67195e-11
8.80322e-11
1.11096e-10
1.06802e-10
4.83894e-11
-9.51905e-11
-3.5109e-10
-7.28066e-10
-1.195e-09
-1.65341e-09
-1.90783e-09
-1.64156e-09
-4.10773e-10
2.32475e-09
7.11053e-09
1.43184e-08
2.38527e-08
3.47211e-08
4.44674e-08
4.84947e-08
3.93576e-08
6.17601e-09
-6.55772e-08
-1.93531e-07
-3.96568e-07
-6.90934e-07
-1.08335e-06
-1.55993e-06
-2.06944e-06
-2.49927e-06
-2.64212e-06
-2.15142e-06
-4.83188e-07
3.17769e-06
1.00091e-05
2.16628e-05
4.03968e-05
6.92295e-05
0.000112116
0.000174145
0.000261758
0.000382981
0.000547669
0.000767764
0.00105754
0.00143386
0.00191638
0.00252779
0.00329394
0.00424396
0.00541037
0.00682898
0.00853891
0.0105823
0.0130043
0.0158523
0.019176
0.0230263
0.0274554
0.0325155
0.0382583
0.0447341
0.051991
0.0600743
0.0690251
0.0788798
0.0896691
0.101418
0.114142
0.127854
0.142553
0.158233
0.17488
0.192467
0.210963
0.230327
0.250507
0.271448
0.293084
0.315345
0.338153
0.361429
0.385086
0.409037
0.433191
0.45746
0.481752
0.505979
0.530052
0.55389
0.577411
0.600539
0.623205
0.645344
0.666895
0.687808
0.708036
0.727539
0.746286
0.76425
0.781412
0.797758
0.813282
0.827983
0.841863
0.854931
0.867201
0.87869
0.889417
0.899406
0.908683
0.917277
0.925217
0.932533
0.939258
0.945423
0.951062
0.956206
0.960888
0.965139
0.968989
0.972469
0.975605
0.978426
0.980958
0.983225
0.985251
0.987056
0.988662
0.990088
0.99135
0.992464
0.993446
0.994308
0.995061
0.995716
0.99628
0.99676
0.99716
0.997483
0.99773
0.997899
0.997984
0.99798
0.997876
0.99766
0.997315
0.996821
0.996155
0.995291
0.994197
0.992841
0.991184
0.989185
0.986801
0.983985
0.980688
0.97686
0.97245
0.967406
0.961676
0.955212
0.947964
0.939889
0.930944
0.921095
0.91031
0.898566
0.885844
0.872135
0.857438
0.841759
0.825114
0.807528
0.789032
0.76967
0.74949
0.72855
0.706914
0.684654
0.661846
0.63857
0.614914
0.590963
0.566808
0.54254
0.518248
0.494021
0.469947
0.44611
0.422589
0.399461
0.376795
0.354656
0.333105
0.312192
0.291964
0.272461
0.253714
0.23575
0.218588
0.202242
0.186718
0.172017
0.158137
0.145069
0.132799
0.12131
0.110583
0.100594
0.0913165
0.0827229
0.0747834
0.0674672
0.0607424
0.0545768
0.0489379
0.0437935
0.0391115
0.0348607
0.0310105
0.0275314
0.024395
0.0215739
0.0190423
0.0167755
0.0147505
0.0129454
0.0113399
0.00991494
0.00865298
0.00753773
0.00655422
0.00568867
0.00492852
0.0042623
0.00367957
0.00317089
0.00272774
0.00234242
0.00200806
0.00171846
0.00146811
0.00125211
0.00106609
0.000906183
0.000768983
0.00065148
0.000551027
0.000465305
0.000392283
0.00033019
0.000277482
0.000232819
0.000195038
0.000163133
0.000136235
0.000113597
9.45762e-05
7.86205e-05
6.5258e-05
5.40855e-05
4.4759e-05
3.6986e-05
3.05181e-05
2.51445e-05
2.06871e-05
1.69953e-05
1.39425e-05
1.14217e-05
9.34354e-06
7.63277e-06
6.22657e-06
5.07241e-06
4.12651e-06
3.35242e-06
2.71985e-06
2.20367e-06
1.78306e-06
1.44082e-06
1.16273e-06
9.37078e-07
7.54237e-07
6.06285e-07
4.86728e-07
3.90248e-07
3.12495e-07
2.49917e-07
1.9962e-07
1.59247e-07
1.26882e-07
1.0097e-07
8.02515e-08
6.37068e-08
5.05119e-08
4.00019e-08
3.16408e-08
2.49977e-08
1.9726e-08
1.55478e-08
1.22404e-08
9.62533e-09
7.56026e-09
5.93145e-09
4.64827e-09
3.63857e-09
2.845e-09
2.22202e-09
1.73353e-09
1.35094e-09
1.05163e-09
8.17743e-10
6.35184e-10
4.92848e-10
3.81999e-10
2.95765e-10
2.28756e-10
1.76742e-10
1.36412e-10
1.05175e-10
8.10068e-11
6.23281e-11
4.79073e-11
3.67856e-11
2.82171e-11
2.16228e-11
1.65529e-11
1.26592e-11
9.67179e-12
7.3821e-12
5.62895e-12
4.28797e-12
3.26329e-12
2.48108e-12
1.88456e-12
1.4301e-12
1.0842e-12
8.21192e-13
6.21401e-13
4.69779e-13
3.54824e-13
2.67751e-13
2.0186e-13
1.52046e-13
1.1442e-13
8.60278e-14
6.46226e-14
4.85001e-14
3.63675e-14
2.72459e-14
2.03941e-14
1.52521e-14
1.13966e-14
8.50835e-15
6.34659e-15
4.73002e-15
3.52221e-15
2.62058e-15
1.94811e-15
1.44699e-15
1.07387e-15
7.96304e-16
5.89986e-16
4.36803e-16
3.22827e-16
2.40693e-16
1.61769e-16
)
;

boundaryField
{
    sides
    {
        type            zeroGradient;
    }
    empty
    {
        type            empty;
    }
}


// ************************************************************************* //
