/*--------------------------------*- C++ -*----------------------------------*\
  =========                 |
  \\      /  F ield         | OpenFOAM: The Open Source CFD Toolbox
   \\    /   O peration     | Website:  https://openfoam.org
    \\  /    A nd           | Version:  7
     \\/     M anipulation  |
\*---------------------------------------------------------------------------*/
FoamFile
{
    version     2.0;
    format      ascii;
    class       volScalarField;
    location    "3.48";
    object      T;
}
// * * * * * * * * * * * * * * * * * * * * * * * * * * * * * * * * * * * * * //

dimensions      [0 0 0 1 0 0 0];

internalField   nonuniform List<scalar> 
1000
(
0.00387933
0.00387946
0.00387972
0.00388012
0.00388064
0.0038813
0.0038821
0.00388303
0.0038841
0.00388532
0.00388667
0.00388817
0.00388981
0.00389159
0.00389353
0.00389561
0.00389784
0.00390022
0.00390276
0.00390545
0.00390829
0.0039113
0.00391446
0.00391778
0.00392126
0.0039249
0.00392871
0.00393269
0.00393683
0.00394114
0.00394562
0.00395028
0.0039551
0.00396011
0.00396529
0.00397064
0.00397618
0.0039819
0.0039878
0.00399389
0.00400016
0.00400662
0.00401327
0.00402011
0.00402715
0.00403438
0.0040418
0.00404943
0.00405725
0.00406527
0.0040735
0.00408193
0.00409057
0.00409942
0.00410848
0.00411775
0.00412723
0.00413693
0.00414684
0.00415698
0.00416733
0.00417791
0.00418871
0.00419974
0.00421099
0.00422248
0.0042342
0.00424615
0.00425834
0.00427076
0.00428342
0.00429633
0.00430948
0.00432287
0.00433651
0.0043504
0.00436454
0.00437894
0.00439359
0.00440849
0.00442366
0.00443908
0.00445477
0.00447073
0.00448695
0.00450344
0.0045202
0.00453724
0.00455455
0.00457213
0.00459
0.00460815
0.00462658
0.0046453
0.00466431
0.00468361
0.0047032
0.00472308
0.00474327
0.00476375
0.00478453
0.00480561
0.004827
0.0048487
0.00487071
0.00489303
0.00491567
0.00493862
0.00496189
0.00498548
0.0050094
0.00503364
0.00505821
0.00508312
0.00510835
0.00513392
0.00515983
0.00518608
0.00521267
0.0052396
0.00526688
0.00529452
0.0053225
0.00535084
0.00537954
0.00540859
0.00543801
0.00546779
0.00549794
0.00552845
0.00555934
0.0055906
0.00562224
0.00565426
0.00568666
0.00571945
0.00575262
0.00578618
0.00582013
0.00585448
0.00588922
0.00592437
0.00595991
0.00599586
0.00603222
0.00606899
0.00610617
0.00614377
0.00618178
0.00622021
0.00625907
0.00629836
0.00633807
0.00637821
0.00641879
0.0064598
0.00650126
0.00654315
0.0065855
0.00662828
0.00667152
0.00671521
0.00675936
0.00680397
0.00684903
0.00689457
0.00694056
0.00698703
0.00703397
0.00708139
0.00712928
0.00717766
0.00722652
0.00727586
0.00732569
0.00737602
0.00742684
0.00747816
0.00752998
0.00758231
0.00763514
0.00768848
0.00774233
0.0077967
0.00785158
0.00790699
0.00796292
0.00801938
0.00807636
0.00813388
0.00819194
0.00825053
0.00830967
0.00836935
0.00842957
0.00849035
0.00855168
0.00861357
0.00867601
0.00873902
0.0088026
0.00886674
0.00893145
0.00899673
0.0090626
0.00912904
0.00919607
0.00926368
0.00933188
0.00940067
0.00947006
0.00954005
0.00961063
0.00968182
0.00975362
0.00982603
0.00989905
0.00997269
0.0100469
0.0101218
0.0101973
0.0102735
0.0103502
0.0104276
0.0105056
0.0105843
0.0106636
0.0107436
0.0108242
0.0109055
0.0109874
0.01107
0.0111532
0.0112371
0.0113217
0.0114069
0.0114928
0.0115794
0.0116667
0.0117547
0.0118433
0.0119326
0.0120226
0.0121134
0.0122048
0.0122969
0.0123897
0.0124832
0.0125774
0.0126724
0.012768
0.0128644
0.0129615
0.0130593
0.0131579
0.0132571
0.0133571
0.0134579
0.0135594
0.0136616
0.0137646
0.0138683
0.0139727
0.014078
0.0141839
0.0142907
0.0143982
0.0145064
0.0146155
0.0147253
0.0148358
0.0149472
0.0150593
0.0151722
0.0152859
0.0154004
0.0155157
0.0156317
0.0157486
0.0158662
0.0159847
0.016104
0.016224
0.0163449
0.0164666
0.0165891
0.0167124
0.0168366
0.0169615
0.0170873
0.0172139
0.0173414
0.0174696
0.0175988
0.0177287
0.0178595
0.0179911
0.0181236
0.018257
0.0183911
0.0185262
0.0186621
0.0187988
0.0189364
0.0190749
0.0192142
0.0193544
0.0194955
0.0196374
0.0197802
0.0199239
0.0200685
0.020214
0.0203603
0.0205075
0.0206556
0.0208046
0.0209545
0.0211053
0.021257
0.0214096
0.0215631
0.0217175
0.0218727
0.0220289
0.022186
0.0223441
0.022503
0.0226628
0.0228236
0.0229853
0.0231479
0.0233114
0.0234758
0.0236412
0.0238075
0.0239747
0.0241428
0.0243119
0.024482
0.0246529
0.0248248
0.0249976
0.0251714
0.0253461
0.0255217
0.0256983
0.0258759
0.0260544
0.0262338
0.0264142
0.0265955
0.0267778
0.0269611
0.0271453
0.0273304
0.0275165
0.0277036
0.0278916
0.0280806
0.0282706
0.0284615
0.0286533
0.0288462
0.02904
0.0292347
0.0294305
0.0296272
0.0298248
0.0300235
0.0302231
0.0304236
0.0306252
0.0308277
0.0310312
0.0312357
0.0314411
0.0316475
0.0318549
0.0320632
0.0322725
0.0324828
0.0326941
0.0329063
0.0331196
0.0333338
0.0335489
0.0337651
0.0339822
0.0342003
0.0344193
0.0346394
0.0348604
0.0350824
0.0353053
0.0355293
0.0357542
0.0359801
0.0362069
0.0364347
0.0366635
0.0368933
0.037124
0.0373557
0.0375884
0.037822
0.0380566
0.0382922
0.0385287
0.0387662
0.0390047
0.0392441
0.0394845
0.0397258
0.0399681
0.0402114
0.0404556
0.0407008
0.0409469
0.041194
0.041442
0.041691
0.0419409
0.0421918
0.0424436
0.0426963
0.04295
0.0432047
0.0434602
0.0437167
0.0439742
0.0442325
0.0444918
0.0447521
0.0450132
0.0452753
0.0455383
0.0458022
0.046067
0.0463328
0.0465994
0.046867
0.0471355
0.0474048
0.0476751
0.0479463
0.0482183
0.0484913
0.0487651
0.0490399
0.0493155
0.049592
0.0498694
0.0501476
0.0504267
0.0507067
0.0509876
0.0512693
0.0515519
0.0518353
0.0521196
0.0524047
0.0526906
0.0529775
0.0532651
0.0535536
0.0538429
0.054133
0.054424
0.0547157
0.0550083
0.0553017
0.0555959
0.0558909
0.0561867
0.0564832
0.0567806
0.0570788
0.0573777
0.0576774
0.0579779
0.0582791
0.0585811
0.0588839
0.0591874
0.0594916
0.0597966
0.0601023
0.0604088
0.0607159
0.0610238
0.0613325
0.0616418
0.0619518
0.0622625
0.062574
0.0628861
0.0631989
0.0635123
0.0638265
0.0641413
0.0644567
0.0647729
0.0650896
0.065407
0.0657251
0.0660437
0.066363
0.066683
0.0670035
0.0673246
0.0676464
0.0679687
0.0682916
0.0686151
0.0689392
0.0692638
0.069589
0.0699148
0.0702411
0.0705679
0.0708953
0.0712232
0.0715516
0.0718805
0.07221
0.0725399
0.0728703
0.0732012
0.0735326
0.0738645
0.0741968
0.0745296
0.0748628
0.0751965
0.0755306
0.0758651
0.0762001
0.0765354
0.0768712
0.0772073
0.0775439
0.0778808
0.0782181
0.0785557
0.0788937
0.0792321
0.0795708
0.0799098
0.0802492
0.0805888
0.0809288
0.0812691
0.0816097
0.0819505
0.0822916
0.082633
0.0829746
0.0833165
0.0836586
0.084001
0.0843436
0.0846864
0.0850294
0.0853726
0.0857159
0.0860595
0.0864032
0.0867471
0.0870911
0.0874353
0.0877796
0.0881241
0.0884686
0.0888133
0.0891581
0.0895029
0.0898478
0.0901928
0.0905379
0.090883
0.0912281
0.0915733
0.0919185
0.0922637
0.0926089
0.0929541
0.0932993
0.0936445
0.0939896
0.0943347
0.0946798
0.0950247
0.0953696
0.0957144
0.0960592
0.0964038
0.0967483
0.0970927
0.0974369
0.0977811
0.098125
0.0984688
0.0988124
0.0991559
0.0994991
0.0998422
0.100185
0.100528
0.10087
0.101212
0.101554
0.101896
0.102237
0.102578
0.102919
0.103259
0.1036
0.10394
0.104279
0.104618
0.104957
0.105296
0.105634
0.105971
0.106309
0.106646
0.106982
0.107318
0.107654
0.107989
0.108324
0.108658
0.108992
0.109325
0.109658
0.10999
0.110322
0.110653
0.110984
0.111314
0.111644
0.111973
0.112302
0.112629
0.112957
0.113284
0.11361
0.113935
0.11426
0.114584
0.114908
0.115231
0.115553
0.115874
0.116195
0.116515
0.116835
0.117153
0.117471
0.117788
0.118105
0.11842
0.118735
0.119049
0.119363
0.119675
0.119987
0.120298
0.120608
0.120917
0.121225
0.121533
0.121839
0.122145
0.12245
0.122754
0.123057
0.123359
0.12366
0.12396
0.124259
0.124558
0.124855
0.125151
0.125447
0.125741
0.126035
0.126327
0.126618
0.126909
0.127198
0.127486
0.127774
0.12806
0.128345
0.128629
0.128912
0.129194
0.129474
0.129754
0.130032
0.13031
0.130586
0.130861
0.131135
0.131408
0.131679
0.131949
0.132219
0.132487
0.132754
0.133019
0.133284
0.133547
0.133809
0.134069
0.134329
0.134587
0.134844
0.1351
0.135354
0.135607
0.135859
0.136109
0.136359
0.136607
0.136853
0.137099
0.137343
0.137585
0.137826
0.138066
0.138305
0.138542
0.138778
0.139013
0.139246
0.139478
0.139708
0.139937
0.140165
0.140391
0.140616
0.140839
0.141061
0.141281
0.1415
0.141718
0.141934
0.142149
0.142363
0.142574
0.142785
0.142994
0.143201
0.143407
0.143612
0.143815
0.144017
0.144217
0.144416
0.144613
0.144809
0.145003
0.145196
0.145387
0.145577
0.145765
0.145952
0.146137
0.14632
0.146503
0.146683
0.146862
0.14704
0.147216
0.147391
0.147564
0.147735
0.147905
0.148074
0.148241
0.148406
0.14857
0.148733
0.148893
0.149053
0.14921
0.149367
0.149521
0.149675
0.149826
0.149976
0.150125
0.150272
0.150417
0.150561
0.150704
0.150845
0.150984
0.151122
0.151258
0.151393
0.151527
0.151658
0.151789
0.151917
0.152045
0.15217
0.152295
0.152417
0.152538
0.152658
0.152776
0.152893
0.153008
0.153122
0.153234
0.153345
0.153454
0.153562
0.153668
0.153773
0.153876
0.153978
0.154079
0.154178
0.154275
0.154372
0.154466
0.15456
0.154651
0.154742
0.154831
0.154919
0.155005
0.15509
0.155173
0.155255
0.155336
0.155415
0.155493
0.155569
0.155645
0.155718
0.155791
0.155862
0.155932
0.156
0.156068
0.156134
0.156198
0.156262
0.156324
0.156384
0.156444
0.156502
0.156559
0.156615
0.15667
0.156723
0.156775
0.156826
0.156876
0.156924
0.156972
0.157018
0.157063
0.157107
0.15715
0.157191
0.157232
0.157271
0.15731
0.157347
0.157383
0.157418
0.157452
0.157485
0.157517
0.157548
0.157578
0.157607
0.157635
0.157662
0.157688
0.157713
0.157737
0.15776
0.157783
0.157804
0.157825
0.157844
0.157863
0.157881
0.157898
0.157914
0.15793
0.157944
0.157958
0.157971
0.157983
0.157995
0.158006
0.158016
0.158025
0.158034
0.158041
0.158049
0.158055
0.158061
0.158067
0.158071
0.158075
0.158079
0.158082
0.158084
0.158086
0.158087
0.158088
0.158088
0.158088
0.158087
0.158085
0.158084
0.158082
0.158079
0.158076
0.158073
0.158069
0.158065
0.15806
0.158055
0.15805
0.158044
0.158038
0.158032
0.158026
0.158019
0.158012
0.158005
0.157998
0.15799
0.157982
0.157974
0.157966
0.157958
0.15795
0.157941
0.157932
0.157924
0.157915
0.157906
0.157897
0.157888
0.157879
0.157869
0.15786
0.157851
0.157842
0.157833
0.157824
0.157815
0.157806
0.157797
0.157789
0.15778
0.157771
0.157763
0.157755
0.157747
0.157739
0.157731
0.157723
0.157716
0.157708
0.157701
0.157695
0.157688
0.157682
0.157676
0.15767
0.157664
0.157659
0.157654
0.157649
0.157645
0.15764
0.157637
0.157633
0.15763
0.157627
0.157624
0.157622
0.15762
0.157619
0.157618
0.157617
0.157617
)
;

boundaryField
{
    sides
    {
        type            zeroGradient;
    }
    empty
    {
        type            empty;
    }
}


// ************************************************************************* //
