/*--------------------------------*- C++ -*----------------------------------*\
  =========                 |
  \\      /  F ield         | OpenFOAM: The Open Source CFD Toolbox
   \\    /   O peration     | Website:  https://openfoam.org
    \\  /    A nd           | Version:  7
     \\/     M anipulation  |
\*---------------------------------------------------------------------------*/
FoamFile
{
    version     2.0;
    format      ascii;
    class       volScalarField;
    location    "3.76";
    object      T;
}
// * * * * * * * * * * * * * * * * * * * * * * * * * * * * * * * * * * * * * //

dimensions      [0 0 0 1 0 0 0];

internalField   nonuniform List<scalar> 
1000
(
0
0
0
0
0
0
0
0
0
0
0
0
0
0
0
0
0
0
0
0
0
0
0
0
0
0
0
0
0
0
0
0
0
0
0
0
0
0
0
0
0
0
0
0
0
0
0
0
0
0
0
0
0
0
0
0
0
0
0
0
0
0
0
0
0
0
0
0
0
0
0
0
0
0
0
0
0
0
0
0
0
0
0
0
0
0
0
0
0
0
0
0
0
0
0
0
0
0
0
0
0
0
0
0
0
0
0
0
0
0
0
0
0
0
0
0
0
0
0
0
0
0
0
0
0
0
0
0
0
0
0
0
0
0
0
0
0
0
0
0
0
0
0
0
0
0
0
0
0
0
0
0
0
0
0
0
0
0
0
0
0
0
0
0
0
0
0
0
0
0
0
0
0
0
0
0
0
0
0
0
0
0
0
0
0
0
0
0
0
0
0
0
0
0
0
0
0
0
0
0
0
1.97626e-323
1.25493e-321
5.15459e-320
2.08908e-318
8.44273e-317
3.40362e-315
1.36875e-313
5.49069e-312
2.19707e-310
8.76935e-309
3.49134e-307
1.38647e-305
5.49184e-304
2.16974e-302
8.55009e-301
3.36049e-299
1.31734e-297
5.15045e-296
2.00836e-294
7.81052e-293
3.02937e-291
1.1718e-289
4.52035e-288
1.73902e-286
6.67182e-285
2.5526e-283
9.73892e-282
3.7053e-280
1.40576e-278
5.31827e-277
2.00627e-275
7.54678e-274
2.83061e-272
1.05861e-270
3.94748e-269
1.46767e-267
5.44061e-266
2.01082e-264
7.40962e-263
2.72212e-261
9.97009e-260
3.64051e-258
1.32522e-256
4.80916e-255
1.73978e-253
6.27419e-252
2.25552e-250
8.08269e-249
2.88718e-247
1.02799e-245
3.64837e-244
1.29059e-242
4.55037e-241
1.59907e-239
5.60069e-238
1.95505e-236
6.80148e-235
2.35815e-233
8.14801e-232
2.80564e-230
9.62727e-229
3.29196e-227
1.12169e-225
3.80848e-224
1.28848e-222
4.34347e-221
1.45889e-219
4.88227e-218
1.62788e-216
5.4077e-215
1.78971e-213
5.90088e-212
1.93824e-210
6.34217e-209
2.06728e-207
6.71239e-206
2.171e-204
6.99414e-203
2.24433e-201
7.17306e-200
2.28336e-198
7.23907e-197
2.28568e-195
7.1872e-194
2.25061e-192
7.01817e-191
2.17929e-189
6.73846e-188
2.07465e-186
6.35994e-185
1.9412e-183
5.89903e-182
1.78471e-180
5.3755e-179
1.61181e-177
4.81105e-176
1.42948e-174
4.2278e-173
1.2446e-171
3.64676e-170
1.06348e-168
3.0866e-167
8.9154e-166
2.56267e-164
7.33021e-163
2.08639e-161
5.90894e-160
1.6651e-158
4.66839e-157
1.30218e-155
3.61353e-154
9.97538e-153
2.73932e-151
7.48255e-150
2.03297e-148
5.49367e-147
1.47647e-145
3.94633e-144
1.04893e-142
2.77244e-141
7.28643e-140
1.90407e-138
4.94696e-137
1.27779e-135
3.28112e-134
8.37528e-133
2.12503e-131
5.35912e-130
1.34325e-128
3.34603e-127
8.28292e-126
2.03746e-124
4.97989e-123
1.20933e-121
2.91766e-120
6.99295e-119
1.66491e-117
3.93724e-116
9.24773e-115
2.15718e-113
4.99704e-112
1.14943e-110
2.62517e-109
5.95257e-108
1.33995e-106
2.99414e-105
6.64077e-104
1.46181e-102
3.19336e-101
6.92234e-100
1.4889e-98
3.17718e-97
6.72577e-96
1.41229e-94
2.94132e-93
6.07509e-92
1.24426e-90
2.52679e-89
5.08721e-88
1.0153e-86
2.00846e-85
3.93764e-84
7.64995e-83
1.47258e-81
2.8083e-80
5.30512e-79
9.92606e-78
1.8392e-76
3.37438e-75
6.12927e-74
1.10207e-72
1.96125e-71
3.45392e-70
6.01838e-69
1.03744e-67
1.76887e-66
2.98263e-65
4.97278e-64
8.1963e-63
1.33529e-61
2.14976e-60
3.41962e-59
5.37341e-58
8.33906e-57
1.27787e-55
1.93315e-54
2.88638e-53
4.25256e-52
6.18089e-51
8.8603e-50
1.25236e-48
1.74495e-47
2.396e-46
3.2413e-45
4.3187e-44
5.66572e-43
7.31629e-42
9.29647e-41
1.16196e-39
1.42808e-38
1.72525e-37
2.04795e-36
2.38773e-35
2.73321e-34
3.0704e-33
3.38345e-32
3.65565e-31
3.87079e-30
4.01462e-29
4.07633e-28
4.0498e-27
3.93445e-26
3.73557e-25
3.46396e-24
3.13502e-23
2.76728e-22
2.38059e-21
1.99431e-20
1.62562e-19
1.28818e-18
9.91434e-18
7.40372e-17
5.35894e-16
3.75547e-15
2.545e-14
1.66569e-13
1.05147e-12
6.3923e-12
3.73676e-11
2.0969e-10
1.1275e-09
5.7977e-09
2.84495e-08
1.32914e-07
5.89738e-07
2.47832e-06
9.83517e-06
3.67394e-05
0.000128732
0.000421503
0.00128437
0.0036262
0.00944242
0.0225696
0.0492887
0.0979303
0.176449
0.287881
0.425864
0.574136
0.712119
0.823551
0.90207
0.950711
0.97743
0.990558
0.996374
0.998716
0.999578
0.999871
0.999963
0.99999
0.999998
0.999999
1
1
1
1
1
1
1
1
1
1
1
1
1
1
1
1
1
1
1
1
1
1
1
1
1
1
1
1
1
1
1
1
1
1
1
1
1
1
1
1
1
1
1
1
1
1
1
1
1
1
1
1
1
1
1
1
1
1
1
1
1
1
1
1
1
1
1
1
1
1
0.999999
0.999998
0.99999
0.999963
0.999871
0.999578
0.998716
0.996374
0.990558
0.97743
0.950711
0.90207
0.823551
0.712119
0.574136
0.425864
0.287881
0.176449
0.0979303
0.0492887
0.0225696
0.00944242
0.0036262
0.00128437
0.000421503
0.000128732
3.67394e-05
9.83517e-06
2.47832e-06
5.89738e-07
1.32914e-07
2.84495e-08
5.7977e-09
1.1275e-09
2.0969e-10
3.73676e-11
6.3923e-12
1.05147e-12
1.66569e-13
2.545e-14
3.75547e-15
5.35894e-16
7.40372e-17
9.91434e-18
1.28818e-18
1.62562e-19
1.99431e-20
2.38059e-21
2.76728e-22
3.13502e-23
3.46396e-24
3.73557e-25
3.93445e-26
4.0498e-27
4.07633e-28
4.01462e-29
3.87079e-30
3.65565e-31
3.38345e-32
3.0704e-33
2.73321e-34
2.38773e-35
2.04795e-36
1.72525e-37
1.42808e-38
1.16196e-39
9.29647e-41
7.31629e-42
5.66572e-43
4.3187e-44
3.2413e-45
2.396e-46
1.74495e-47
1.25236e-48
8.8603e-50
6.18089e-51
4.25256e-52
2.88638e-53
1.93315e-54
1.27787e-55
8.33906e-57
5.37341e-58
3.41962e-59
2.14976e-60
1.33529e-61
8.1963e-63
4.97278e-64
2.98263e-65
1.76887e-66
1.03744e-67
6.01838e-69
3.45392e-70
1.96125e-71
1.10207e-72
6.12927e-74
3.37438e-75
1.8392e-76
9.92606e-78
5.30512e-79
2.8083e-80
1.47258e-81
7.64995e-83
3.93764e-84
2.00846e-85
1.0153e-86
5.08721e-88
2.52679e-89
1.24426e-90
6.07509e-92
2.94132e-93
1.41229e-94
6.72577e-96
3.17718e-97
1.4889e-98
6.92234e-100
3.19336e-101
1.46181e-102
6.64077e-104
2.99414e-105
1.33995e-106
5.95257e-108
2.62517e-109
1.14943e-110
4.99704e-112
2.15718e-113
9.24773e-115
3.93724e-116
1.66491e-117
6.99295e-119
2.91766e-120
1.20933e-121
4.97989e-123
2.03746e-124
8.28292e-126
3.34603e-127
1.34325e-128
5.35912e-130
2.12503e-131
8.37528e-133
3.28112e-134
1.27779e-135
4.94696e-137
1.90407e-138
7.28643e-140
2.77244e-141
1.04893e-142
3.94633e-144
1.47647e-145
5.49367e-147
2.03297e-148
7.48255e-150
2.73932e-151
9.97538e-153
3.61353e-154
1.30218e-155
4.66839e-157
1.6651e-158
5.90894e-160
2.08639e-161
7.33021e-163
2.56267e-164
8.9154e-166
3.0866e-167
1.06348e-168
3.64676e-170
1.2446e-171
4.2278e-173
1.42948e-174
4.81105e-176
1.61181e-177
5.3755e-179
1.78471e-180
5.89903e-182
1.9412e-183
6.35994e-185
2.07465e-186
6.73846e-188
2.17929e-189
7.01817e-191
2.25061e-192
7.1872e-194
2.28568e-195
7.23907e-197
2.28336e-198
7.17306e-200
2.24433e-201
6.99414e-203
2.171e-204
6.71239e-206
2.06728e-207
6.34217e-209
1.93824e-210
5.90088e-212
1.78971e-213
5.4077e-215
1.62788e-216
4.88227e-218
1.45889e-219
4.34347e-221
1.28848e-222
3.80848e-224
1.12169e-225
3.29196e-227
9.62727e-229
2.80564e-230
8.14801e-232
2.35815e-233
6.80148e-235
1.95505e-236
5.60069e-238
1.59907e-239
4.55037e-241
1.29059e-242
3.64837e-244
1.02799e-245
2.88718e-247
8.08269e-249
2.25552e-250
6.27419e-252
1.73978e-253
4.80916e-255
1.32522e-256
3.64051e-258
9.97009e-260
2.72212e-261
7.40962e-263
2.01082e-264
5.44061e-266
1.46767e-267
3.94748e-269
1.05861e-270
2.83061e-272
7.54678e-274
2.00627e-275
5.31827e-277
1.40576e-278
3.7053e-280
9.73892e-282
2.5526e-283
6.67182e-285
1.73902e-286
4.52035e-288
1.1718e-289
3.02937e-291
7.81052e-293
2.00836e-294
5.15045e-296
1.31734e-297
3.36049e-299
8.55009e-301
2.16974e-302
5.49184e-304
1.38647e-305
3.49134e-307
8.76935e-309
2.19707e-310
5.49069e-312
1.36875e-313
3.40362e-315
8.44273e-317
2.08908e-318
5.1536e-320
1.25493e-321
1.97626e-323
0
0
0
0
0
0
0
0
0
0
0
0
0
0
0
0
0
0
0
0
0
0
0
0
0
0
0
0
0
0
0
0
0
0
0
0
0
0
0
0
0
0
0
0
0
0
0
0
0
0
0
0
0
0
0
0
0
0
0
0
0
0
0
0
0
0
0
0
0
0
0
0
0
0
0
0
0
0
0
0
0
0
0
0
0
0
0
0
0
0
0
0
0
0
0
0
0
0
0
0
0
0
0
0
0
0
0
0
0
0
0
0
0
0
0
0
0
0
0
0
0
0
0
0
0
0
0
0
0
0
0
0
0
0
0
0
0
0
0
0
0
0
0
0
0
0
0
0
0
0
0
0
0
0
0
0
0
0
0
0
0
0
0
0
0
0
0
0
0
0
0
0
0
0
0
0
0
0
0
0
0
0
0
0
0
0
0
0
0
0
0
0
0
0
0
0
0
0
0
0
0
)
;

boundaryField
{
    sides
    {
        type            zeroGradient;
    }
    empty
    {
        type            empty;
    }
}


// ************************************************************************* //
