/*--------------------------------*- C++ -*----------------------------------*\
  =========                 |
  \\      /  F ield         | OpenFOAM: The Open Source CFD Toolbox
   \\    /   O peration     | Website:  https://openfoam.org
    \\  /    A nd           | Version:  7
     \\/     M anipulation  |
\*---------------------------------------------------------------------------*/
FoamFile
{
    version     2.0;
    format      ascii;
    class       volScalarField;
    location    "2.87";
    object      T;
}
// * * * * * * * * * * * * * * * * * * * * * * * * * * * * * * * * * * * * * //

dimensions      [0 0 0 1 0 0 0];

internalField   nonuniform List<scalar> 
1000
(
0.0385794
0.0385816
0.038586
0.0385925
0.0386012
0.0386121
0.0386252
0.0386405
0.0386579
0.0386775
0.0386993
0.0387233
0.0387494
0.0387778
0.0388083
0.0388409
0.0388758
0.0389128
0.038952
0.0389934
0.0390369
0.0390826
0.0391305
0.0391805
0.0392328
0.0392871
0.0393437
0.0394024
0.0394633
0.0395263
0.0395915
0.0396588
0.0397283
0.0398
0.0398738
0.0399498
0.0400279
0.0401081
0.0401906
0.0402751
0.0403618
0.0404506
0.0405416
0.0406347
0.04073
0.0408273
0.0409268
0.0410285
0.0411322
0.0412381
0.0413461
0.0414562
0.0415685
0.0416828
0.0417993
0.0419178
0.0420385
0.0421613
0.0422862
0.0424131
0.0425422
0.0426734
0.0428066
0.0429419
0.0430793
0.0432188
0.0433604
0.043504
0.0436497
0.0437974
0.0439473
0.0440991
0.0442531
0.0444091
0.0445671
0.0447272
0.0448893
0.0450534
0.0452196
0.0453878
0.045558
0.0457303
0.0459045
0.0460808
0.0462591
0.0464393
0.0466216
0.0468059
0.0469921
0.0471803
0.0473705
0.0475627
0.0477569
0.047953
0.0481511
0.0483511
0.0485531
0.048757
0.0489629
0.0491707
0.0493804
0.049592
0.0498056
0.0500211
0.0502385
0.0504577
0.0506789
0.050902
0.0511269
0.0513538
0.0515825
0.051813
0.0520455
0.0522797
0.0525159
0.0527538
0.0529936
0.0532353
0.0534787
0.053724
0.053971
0.0542199
0.0544706
0.054723
0.0549773
0.0552333
0.0554911
0.0557506
0.0560119
0.0562749
0.0565397
0.0568062
0.0570744
0.0573444
0.057616
0.0578894
0.0581645
0.0584412
0.0587196
0.0589997
0.0592814
0.0595648
0.0598499
0.0601365
0.0604248
0.0607148
0.0610063
0.0612994
0.0615942
0.0618905
0.0621884
0.0624878
0.0627889
0.0630914
0.0633956
0.0637012
0.0640084
0.0643171
0.0646273
0.0649389
0.0652521
0.0655668
0.0658829
0.0662004
0.0665195
0.0668399
0.0671618
0.0674851
0.0678098
0.0681359
0.0684634
0.0687922
0.0691225
0.0694541
0.069787
0.0701213
0.0704568
0.0707937
0.0711319
0.0714714
0.0718122
0.0721543
0.0724976
0.0728421
0.0731879
0.0735349
0.0738831
0.0742325
0.0745831
0.0749349
0.0752879
0.075642
0.0759972
0.0763536
0.0767111
0.0770697
0.0774294
0.0777902
0.0781521
0.078515
0.078879
0.0792439
0.07961
0.079977
0.080345
0.080714
0.0810839
0.0814549
0.0818267
0.0821995
0.0825732
0.0829478
0.0833233
0.0836997
0.084077
0.0844551
0.084834
0.0852137
0.0855943
0.0859757
0.0863578
0.0867407
0.0871244
0.0875088
0.0878939
0.0882797
0.0886662
0.0890535
0.0894413
0.0898299
0.0902191
0.0906089
0.0909993
0.0913903
0.0917819
0.092174
0.0925667
0.09296
0.0933537
0.093748
0.0941428
0.094538
0.0949337
0.0953298
0.0957264
0.0961234
0.0965208
0.0969185
0.0973167
0.0977152
0.098114
0.0985132
0.0989126
0.0993124
0.0997124
0.100113
0.100513
0.100914
0.101315
0.101716
0.102117
0.102519
0.10292
0.103322
0.103724
0.104126
0.104528
0.10493
0.105332
0.105735
0.106137
0.106539
0.106941
0.107343
0.107746
0.108148
0.108549
0.108951
0.109353
0.109755
0.110156
0.110557
0.110958
0.111359
0.11176
0.11216
0.11256
0.11296
0.11336
0.113759
0.114158
0.114557
0.114955
0.115353
0.11575
0.116148
0.116544
0.11694
0.117336
0.117731
0.118126
0.11852
0.118914
0.119307
0.1197
0.120092
0.120483
0.120874
0.121264
0.121654
0.122043
0.122431
0.122818
0.123205
0.123591
0.123976
0.124361
0.124744
0.125127
0.125509
0.12589
0.12627
0.12665
0.127028
0.127406
0.127783
0.128158
0.128533
0.128907
0.12928
0.129651
0.130022
0.130392
0.13076
0.131128
0.131494
0.131859
0.132224
0.132587
0.132948
0.133309
0.133668
0.134026
0.134383
0.134739
0.135093
0.135446
0.135798
0.136149
0.136498
0.136846
0.137192
0.137537
0.13788
0.138223
0.138563
0.138903
0.13924
0.139577
0.139911
0.140245
0.140576
0.140906
0.141235
0.141562
0.141887
0.142211
0.142533
0.142853
0.143172
0.143489
0.143805
0.144118
0.14443
0.144741
0.145049
0.145356
0.14566
0.145963
0.146265
0.146564
0.146862
0.147157
0.147451
0.147743
0.148033
0.148321
0.148607
0.148891
0.149173
0.149454
0.149732
0.150008
0.150282
0.150554
0.150824
0.151092
0.151358
0.151622
0.151884
0.152143
0.152401
0.152656
0.152909
0.15316
0.153409
0.153655
0.1539
0.154142
0.154382
0.154619
0.154855
0.155088
0.155319
0.155547
0.155773
0.155997
0.156219
0.156438
0.156655
0.156869
0.157081
0.157291
0.157498
0.157703
0.157906
0.158106
0.158303
0.158498
0.158691
0.158881
0.159069
0.159254
0.159437
0.159617
0.159795
0.15997
0.160143
0.160313
0.16048
0.160645
0.160808
0.160967
0.161125
0.161279
0.161431
0.16158
0.161727
0.161871
0.162013
0.162152
0.162288
0.162421
0.162552
0.16268
0.162806
0.162928
0.163048
0.163166
0.163281
0.163392
0.163502
0.163608
0.163712
0.163813
0.163911
0.164007
0.1641
0.16419
0.164277
0.164361
0.164443
0.164522
0.164598
0.164671
0.164742
0.16481
0.164875
0.164937
0.164996
0.165053
0.165107
0.165158
0.165206
0.165251
0.165294
0.165333
0.16537
0.165404
0.165435
0.165464
0.165489
0.165512
0.165532
0.165549
0.165563
0.165574
0.165583
0.165589
0.165591
0.165591
0.165589
0.165583
0.165574
0.165563
0.165549
0.165532
0.165512
0.165489
0.165464
0.165435
0.165404
0.16537
0.165333
0.165294
0.165251
0.165206
0.165158
0.165107
0.165053
0.164996
0.164937
0.164875
0.16481
0.164742
0.164671
0.164598
0.164522
0.164443
0.164361
0.164277
0.16419
0.1641
0.164007
0.163911
0.163813
0.163712
0.163608
0.163502
0.163392
0.163281
0.163166
0.163048
0.162928
0.162806
0.16268
0.162552
0.162421
0.162288
0.162152
0.162013
0.161871
0.161727
0.16158
0.161431
0.161279
0.161125
0.160967
0.160808
0.160645
0.16048
0.160313
0.160143
0.15997
0.159795
0.159617
0.159437
0.159254
0.159069
0.158881
0.158691
0.158498
0.158303
0.158106
0.157906
0.157703
0.157498
0.157291
0.157081
0.156869
0.156655
0.156438
0.156219
0.155997
0.155773
0.155547
0.155319
0.155088
0.154855
0.154619
0.154382
0.154142
0.1539
0.153655
0.153409
0.15316
0.152909
0.152656
0.152401
0.152143
0.151884
0.151622
0.151358
0.151092
0.150824
0.150554
0.150282
0.150008
0.149732
0.149454
0.149173
0.148891
0.148607
0.148321
0.148033
0.147743
0.147451
0.147157
0.146862
0.146564
0.146265
0.145963
0.14566
0.145356
0.145049
0.144741
0.14443
0.144118
0.143805
0.143489
0.143172
0.142853
0.142533
0.142211
0.141887
0.141562
0.141235
0.140906
0.140576
0.140245
0.139911
0.139577
0.13924
0.138903
0.138563
0.138223
0.13788
0.137537
0.137192
0.136846
0.136498
0.136149
0.135798
0.135446
0.135093
0.134739
0.134383
0.134026
0.133668
0.133309
0.132948
0.132587
0.132224
0.131859
0.131494
0.131128
0.13076
0.130392
0.130022
0.129651
0.12928
0.128907
0.128533
0.128158
0.127783
0.127406
0.127028
0.12665
0.12627
0.12589
0.125509
0.125127
0.124744
0.124361
0.123976
0.123591
0.123205
0.122818
0.122431
0.122043
0.121654
0.121264
0.120874
0.120483
0.120092
0.1197
0.119307
0.118914
0.11852
0.118126
0.117731
0.117336
0.11694
0.116544
0.116148
0.11575
0.115353
0.114955
0.114557
0.114158
0.113759
0.11336
0.11296
0.11256
0.11216
0.11176
0.111359
0.110958
0.110557
0.110156
0.109755
0.109353
0.108951
0.108549
0.108148
0.107746
0.107343
0.106941
0.106539
0.106137
0.105735
0.105332
0.10493
0.104528
0.104126
0.103724
0.103322
0.10292
0.102519
0.102117
0.101716
0.101315
0.100914
0.100513
0.100113
0.0997124
0.0993124
0.0989126
0.0985132
0.098114
0.0977152
0.0973167
0.0969185
0.0965208
0.0961234
0.0957264
0.0953298
0.0949337
0.094538
0.0941428
0.093748
0.0933537
0.09296
0.0925667
0.092174
0.0917819
0.0913903
0.0909993
0.0906089
0.0902191
0.0898299
0.0894413
0.0890535
0.0886662
0.0882797
0.0878939
0.0875088
0.0871244
0.0867407
0.0863578
0.0859757
0.0855943
0.0852137
0.084834
0.0844551
0.084077
0.0836997
0.0833233
0.0829478
0.0825732
0.0821995
0.0818267
0.0814549
0.0810839
0.080714
0.080345
0.079977
0.07961
0.0792439
0.078879
0.078515
0.0781521
0.0777902
0.0774294
0.0770697
0.0767111
0.0763536
0.0759972
0.075642
0.0752879
0.0749349
0.0745831
0.0742325
0.0738831
0.0735349
0.0731879
0.0728421
0.0724976
0.0721543
0.0718122
0.0714714
0.0711319
0.0707937
0.0704568
0.0701213
0.069787
0.0694541
0.0691225
0.0687922
0.0684634
0.0681359
0.0678098
0.0674851
0.0671618
0.0668399
0.0665195
0.0662004
0.0658829
0.0655668
0.0652521
0.0649389
0.0646273
0.0643171
0.0640084
0.0637012
0.0633956
0.0630914
0.0627889
0.0624878
0.0621884
0.0618905
0.0615942
0.0612994
0.0610063
0.0607148
0.0604248
0.0601365
0.0598499
0.0595648
0.0592814
0.0589997
0.0587196
0.0584412
0.0581645
0.0578894
0.057616
0.0573444
0.0570744
0.0568062
0.0565397
0.0562749
0.0560119
0.0557506
0.0554911
0.0552333
0.0549773
0.054723
0.0544706
0.0542199
0.053971
0.053724
0.0534787
0.0532353
0.0529936
0.0527538
0.0525159
0.0522797
0.0520455
0.051813
0.0515825
0.0513538
0.0511269
0.050902
0.0506789
0.0504577
0.0502385
0.0500211
0.0498056
0.049592
0.0493804
0.0491707
0.0489629
0.048757
0.0485531
0.0483511
0.0481511
0.047953
0.0477569
0.0475627
0.0473705
0.0471803
0.0469921
0.0468059
0.0466216
0.0464393
0.0462591
0.0460808
0.0459045
0.0457303
0.045558
0.0453878
0.0452196
0.0450534
0.0448893
0.0447272
0.0445671
0.0444091
0.0442531
0.0440991
0.0439473
0.0437974
0.0436497
0.043504
0.0433604
0.0432188
0.0430793
0.0429419
0.0428066
0.0426734
0.0425422
0.0424131
0.0422862
0.0421613
0.0420385
0.0419178
0.0417993
0.0416828
0.0415685
0.0414562
0.0413461
0.0412381
0.0411322
0.0410285
0.0409268
0.0408273
0.04073
0.0406347
0.0405416
0.0404506
0.0403618
0.0402751
0.0401906
0.0401081
0.0400279
0.0399498
0.0398738
0.0398
0.0397283
0.0396588
0.0395915
0.0395263
0.0394633
0.0394024
0.0393437
0.0392871
0.0392328
0.0391805
0.0391305
0.0390826
0.0390369
0.0389934
0.038952
0.0389128
0.0388758
0.0388409
0.0388083
0.0387778
0.0387494
0.0387233
0.0386993
0.0386775
0.0386579
0.0386405
0.0386252
0.0386121
0.0386012
0.0385925
0.038586
0.0385816
0.0385794
)
;

boundaryField
{
    sides
    {
        type            zeroGradient;
    }
    empty
    {
        type            empty;
    }
}


// ************************************************************************* //
