/*--------------------------------*- C++ -*----------------------------------*\
  =========                 |
  \\      /  F ield         | OpenFOAM: The Open Source CFD Toolbox
   \\    /   O peration     | Website:  https://openfoam.org
    \\  /    A nd           | Version:  7
     \\/     M anipulation  |
\*---------------------------------------------------------------------------*/
FoamFile
{
    version     2.0;
    format      ascii;
    class       volScalarField;
    location    "0.46";
    object      T;
}
// * * * * * * * * * * * * * * * * * * * * * * * * * * * * * * * * * * * * * //

dimensions      [0 0 0 1 0 0 0];

internalField   nonuniform List<scalar> 
1000
(
0
0
0
0
0
0
0
0
0
0
0
0
0
0
0
0
0
0
0
0
0
0
0
0
0
0
0
0
0
0
0
0
0
0
0
0
0
0
0
0
0
0
0
0
0
0
0
0
0
0
0
0
0
0
0
0
0
0
0
0
0
0
0
0
0
0
0
0
0
0
0
0
0
0
0
0
0
0
0
0
0
0
0
0
0
0
0
0
0
0
0
0
0
0
0
0
0
0
0
0
0
0
0
0
0
0
0
0
0
0
0
0
0
0
0
0
0
0
0
0
0
0
0
0
0
0
0
0
0
0
0
0
0
0
0
0
0
0
0
0
0
0
0
0
0
0
0
0
0
0
0
0
0
0
0
0
0
0
0
0
0
0
0
0
0
0
0
0
0
0
0
0
0
0
0
0
0
0
0
0
0
0
0
0
0
0
0
0
0
0
0
0
0
0
0
0
0
0
0
0
0
0
0
0
0
0
0
0
0
0
0
0
0
0
0
0
0
0
0
0
0
0
0
0
0
0
0
0
0
0
0
0
0
0
0
0
0
0
0
0
0
0
0
0
0
0
0
0
0
0
0
0
0
0
0
0
0
0
0
0
0
0
0
0
0
0
1.38338e-322
1.13487e-320
9.29313e-319
7.59931e-317
6.20742e-315
5.06487e-313
4.12801e-311
3.36064e-309
2.73282e-307
2.21972e-305
1.80086e-303
1.45933e-301
1.18117e-299
9.54877e-298
7.71006e-296
6.2178e-294
5.00815e-292
4.0288e-290
3.23687e-288
2.59728e-286
2.08138e-284
1.66578e-282
1.33141e-280
1.06274e-278
8.47136e-277
6.74355e-275
5.36074e-273
4.25555e-271
3.37344e-269
2.67037e-267
2.11078e-265
1.66603e-263
1.31304e-261
1.0333e-259
8.11928e-258
6.37008e-256
4.99e-254
3.9028e-252
3.04764e-250
2.37604e-248
1.84944e-246
1.43719e-244
1.11497e-242
8.6354e-241
6.67668e-239
5.15335e-237
3.97063e-235
3.05394e-233
2.34468e-231
1.79687e-229
1.37452e-227
1.04949e-225
7.99804e-224
6.08357e-222
4.6184e-220
3.49923e-218
2.64599e-216
1.99676e-214
1.50376e-212
1.13013e-210
8.4755e-209
6.34274e-207
4.73641e-205
3.52915e-203
2.62376e-201
1.94626e-199
1.44039e-197
1.06354e-195
7.83436e-194
5.75724e-192
4.22058e-190
3.08645e-188
2.25144e-186
1.63817e-184
1.18888e-182
8.60561e-181
6.21254e-179
4.47285e-177
3.21149e-175
2.29942e-173
1.64173e-171
1.16878e-169
8.29645e-168
5.87165e-166
4.14299e-164
2.91429e-162
2.04358e-160
1.42846e-158
9.95269e-157
6.91164e-155
4.78372e-153
3.29966e-151
2.26811e-149
1.55354e-147
1.06027e-145
7.20971e-144
4.88423e-142
3.29626e-140
2.21596e-138
1.48383e-136
9.89596e-135
6.57272e-133
4.34722e-131
2.863e-129
1.87731e-127
1.22552e-125
7.96392e-124
5.15134e-122
3.31632e-120
2.12467e-118
1.3545e-116
8.59157e-115
5.42156e-113
3.40316e-111
2.12469e-109
1.3192e-107
8.14465e-106
4.99944e-104
3.05069e-102
1.85029e-100
1.11528e-98
6.67982e-97
3.97475e-95
2.34935e-93
1.37913e-91
8.039e-90
4.6522e-88
2.67233e-86
1.52338e-84
8.61631e-83
4.8343e-81
2.68996e-79
1.48406e-77
8.11604e-76
4.39853e-74
2.36169e-72
1.25593e-70
6.61304e-69
3.44663e-67
1.77746e-65
9.067e-64
4.57327e-62
2.27992e-60
1.12296e-58
5.46225e-57
2.62267e-55
1.24242e-53
5.80392e-52
2.6722e-50
1.21187e-48
5.41023e-47
2.37609e-45
1.02587e-43
4.35088e-42
1.81121e-40
7.39418e-39
2.9576e-37
1.15793e-35
4.43245e-34
1.65699e-32
6.04164e-31
2.14559e-29
7.4103e-28
2.48486e-26
8.07509e-25
2.53803e-23
7.69793e-22
2.24746e-20
6.29846e-19
1.68898e-17
4.31823e-16
1.04832e-14
2.40507e-13
5.18577e-12
1.04407e-10
1.94766e-09
3.33492e-08
5.18101e-07
7.19706e-06
8.77153e-05
0.000914344
0.00786467
0.0528963
0.254711
0.745289
0.947104
0.992135
0.999086
0.999912
0.999993
0.999999
1
1
1
1
1
1
1
1
1
1
1
1
1
1
1
1
1
1
1
1
1
1
1
1
1
1
1
1
1
1
1
1
1
1
1
1
1
1
1
1
1
1
1
1
1
1
1
1
1
1
1
1
1
1
1
1
1
1
1
1
1
1
1
1
1
1
1
1
1
1
1
1
1
1
1
1
1
1
1
1
1
1
1
1
1
1
0.999999
0.999993
0.999912
0.999086
0.992135
0.947104
0.745289
0.254711
0.0528963
0.00786467
0.000914344
8.77153e-05
7.19706e-06
5.18101e-07
3.33492e-08
1.94766e-09
1.04407e-10
5.18577e-12
2.40507e-13
1.04832e-14
4.31823e-16
1.68898e-17
6.29846e-19
2.24746e-20
7.69793e-22
2.53803e-23
8.07509e-25
2.48486e-26
7.4103e-28
2.14559e-29
6.04164e-31
1.65699e-32
4.43245e-34
1.15793e-35
2.9576e-37
7.39418e-39
1.81121e-40
4.35088e-42
1.02587e-43
2.37609e-45
5.41023e-47
1.21187e-48
2.6722e-50
5.80392e-52
1.24242e-53
2.62267e-55
5.46225e-57
1.12296e-58
2.27992e-60
4.57327e-62
9.067e-64
1.77746e-65
3.44663e-67
6.61304e-69
1.25593e-70
2.36169e-72
4.39853e-74
8.11604e-76
1.48406e-77
2.68996e-79
4.8343e-81
8.61631e-83
1.52338e-84
2.67233e-86
4.6522e-88
8.039e-90
1.37913e-91
2.34935e-93
3.97475e-95
6.67982e-97
1.11528e-98
1.85029e-100
3.05069e-102
4.99944e-104
8.14465e-106
1.3192e-107
2.12469e-109
3.40316e-111
5.42156e-113
8.59157e-115
1.3545e-116
2.12467e-118
3.31632e-120
5.15134e-122
7.96392e-124
1.22552e-125
1.87731e-127
2.863e-129
4.34722e-131
6.57272e-133
9.89596e-135
1.48383e-136
2.21596e-138
3.29626e-140
4.88423e-142
7.20971e-144
1.06027e-145
1.55354e-147
2.26811e-149
3.29966e-151
4.78372e-153
6.91164e-155
9.95269e-157
1.42846e-158
2.04358e-160
2.91429e-162
4.14299e-164
5.87165e-166
8.29645e-168
1.16878e-169
1.64173e-171
2.29942e-173
3.21149e-175
4.47285e-177
6.21254e-179
8.60561e-181
1.18888e-182
1.63817e-184
2.25144e-186
3.08645e-188
4.22058e-190
5.75724e-192
7.83436e-194
1.06354e-195
1.44039e-197
1.94626e-199
2.62376e-201
3.52915e-203
4.73641e-205
6.34274e-207
8.4755e-209
1.13013e-210
1.50376e-212
1.99676e-214
2.64599e-216
3.49923e-218
4.6184e-220
6.08357e-222
7.99804e-224
1.04949e-225
1.37452e-227
1.79687e-229
2.34468e-231
3.05394e-233
3.97063e-235
5.15335e-237
6.67668e-239
8.6354e-241
1.11497e-242
1.43719e-244
1.84944e-246
2.37604e-248
3.04764e-250
3.9028e-252
4.99e-254
6.37008e-256
8.11928e-258
1.0333e-259
1.31304e-261
1.66603e-263
2.11078e-265
2.67037e-267
3.37344e-269
4.25555e-271
5.36074e-273
6.74355e-275
8.47136e-277
1.06274e-278
1.33141e-280
1.66578e-282
2.08138e-284
2.59728e-286
3.23687e-288
4.0288e-290
5.00815e-292
6.2178e-294
7.71006e-296
9.54877e-298
1.18117e-299
1.45933e-301
1.80086e-303
2.21972e-305
2.73282e-307
3.36064e-309
4.12801e-311
5.06487e-313
6.20742e-315
7.59931e-317
9.29313e-319
1.13487e-320
1.38338e-322
0
0
0
0
0
0
0
0
0
0
0
0
0
0
0
0
0
0
0
0
0
0
0
0
0
0
0
0
0
0
0
0
0
0
0
0
0
0
0
0
0
0
0
0
0
0
0
0
0
0
0
0
0
0
0
0
0
0
0
0
0
0
0
0
0
0
0
0
0
0
0
0
0
0
0
0
0
0
0
0
0
0
0
0
0
0
0
0
0
0
0
0
0
0
0
0
0
0
0
0
0
0
0
0
0
0
0
0
0
0
0
0
0
0
0
0
0
0
0
0
0
0
0
0
0
0
0
0
0
0
0
0
0
0
0
0
0
0
0
0
0
0
0
0
0
0
0
0
0
0
0
0
0
0
0
0
0
0
0
0
0
0
0
0
0
0
0
0
0
0
0
0
0
0
0
0
0
0
0
0
0
0
0
0
0
0
0
0
0
0
0
0
0
0
0
0
0
0
0
0
0
0
0
0
0
0
0
0
0
0
0
0
0
0
0
0
0
0
0
0
0
0
0
0
0
0
0
0
0
0
0
0
0
0
0
0
0
0
0
0
0
0
0
0
0
0
0
0
0
0
0
0
0
0
0
0
0
0
0
0
0
0
0
0
0
0
)
;

boundaryField
{
    sides
    {
        type            zeroGradient;
    }
    empty
    {
        type            empty;
    }
}


// ************************************************************************* //
