/*--------------------------------*- C++ -*----------------------------------*\
  =========                 |
  \\      /  F ield         | OpenFOAM: The Open Source CFD Toolbox
   \\    /   O peration     | Website:  https://openfoam.org
    \\  /    A nd           | Version:  7
     \\/     M anipulation  |
\*---------------------------------------------------------------------------*/
FoamFile
{
    version     2.0;
    format      ascii;
    class       volScalarField;
    location    "0.61";
    object      T;
}
// * * * * * * * * * * * * * * * * * * * * * * * * * * * * * * * * * * * * * //

dimensions      [0 0 0 1 0 0 0];

internalField   nonuniform List<scalar> 
1000
(
0
0
0
0
0
0
0
0
0
0
0
0
0
0
0
0
0
0
0
0
0
0
0
0
0
0
0
0
0
0
0
0
0
0
0
0
0
0
0
0
0
0
0
0
0
0
0
0
0
0
0
0
0
0
0
0
0
0
0
0
0
0
0
0
0
0
0
0
0
0
0
0
0
0
0
0
0
0
0
0
0
0
0
0
0
0
0
0
0
0
0
0
0
0
0
0
0
0
0
0
0
0
0
0
0
0
0
0
0
0
0
0
0
0
0
0
0
0
0
0
0
0
0
0
0
0
0
0
0
0
0
0
0
0
0
0
0
0
0
0
0
0
0
0
0
0
0
0
0
0
0
0
0
0
0
0
0
0
0
0
0
0
0
0
0
0
0
0
0
0
0
0
0
0
0
0
0
0
0
0
0
0
0
0
0
0
0
0
0
0
0
0
0
0
0
0
0
0
0
0
0
0
0
0
0
0
0
0
0
0
0
0
0
0
0
0
0
0
0
0
0
0
0
0
0
0
0
0
0
0
0
0
0
0
0
0
0
0
0
0
0
0
0
0
0
0
0
0
0
0
0
-2.47033e-323
-3.4881e-321
-4.86571e-319
-6.77154e-317
-9.40184e-315
-1.3023e-312
-1.79957e-310
-2.48068e-308
-3.41119e-306
-4.67907e-304
-6.40199e-302
-8.73695e-300
-1.18926e-297
-1.61456e-295
-2.18611e-293
-2.95199e-291
-3.97529e-289
-5.33846e-287
-7.14889e-285
-9.54595e-283
-1.27099e-280
-1.68727e-278
-2.23322e-276
-2.94689e-274
-3.87668e-272
-5.08395e-270
-6.6461e-268
-8.66036e-266
-1.12483e-263
-1.45612e-261
-1.87866e-259
-2.41552e-257
-3.09503e-255
-3.95172e-253
-5.02746e-251
-6.37277e-249
-8.0482e-247
-1.01259e-244
-1.26912e-242
-1.58447e-240
-1.97034e-238
-2.44034e-236
-3.01008e-234
-3.69738e-232
-4.52237e-230
-5.50759e-228
-6.678e-226
-8.06094e-224
-9.68597e-222
-1.15846e-219
-1.379e-217
-1.63362e-215
-1.92576e-213
-2.25878e-211
-2.63589e-209
-3.05996e-207
-3.53341e-205
-4.05803e-203
-4.6348e-201
-5.2637e-199
-5.94353e-197
-6.67169e-195
-7.44409e-193
-8.25494e-191
-9.09669e-189
-9.96e-187
-1.08337e-184
-1.1705e-182
-1.25596e-180
-1.33818e-178
-1.41553e-176
-1.48632e-174
-1.54886e-172
-1.60154e-170
-1.64286e-168
-1.67153e-166
-1.68649e-164
-1.68699e-162
-1.67263e-160
-1.64337e-158
-1.5996e-156
-1.54209e-154
-1.47201e-152
-1.39086e-150
-1.30046e-148
-1.20284e-146
-1.10019e-144
-9.9477e-143
-8.88802e-141
-7.84408e-139
-6.83516e-137
-5.878e-135
-4.98631e-133
-4.17038e-131
-3.43704e-129
-2.7897e-127
-2.22855e-125
-1.75104e-123
-1.35229e-121
-1.02567e-119
-7.634e-118
-5.57072e-116
-3.98163e-114
-2.78442e-112
-1.90292e-110
-1.26927e-108
-8.251e-107
-5.21886e-105
-3.20603e-103
-1.90888e-101
-1.09894e-99
-6.10011e-98
-3.25418e-96
-1.66172e-94
-8.08269e-93
-3.72156e-91
-1.60874e-89
-6.45435e-88
-2.36239e-86
-7.66466e-85
-2.08144e-83
-4.02934e-82
-1.13202e-81
3.38649e-79
1.79668e-77
5.23378e-76
6.18413e-75
-2.44632e-73
-1.60491e-71
-3.80746e-70
1.83161e-69
4.30445e-67
1.1594e-65
-8.55171e-65
-1.33274e-62
-2.22298e-61
8.28789e-60
3.51326e-58
-3.0016e-57
-3.63003e-55
1.82137e-55
3.3986e-52
-7.65321e-53
-3.14005e-49
2.3378e-48
2.60792e-46
-6.1066e-45
-1.15705e-43
8.23369e-42
-1.32636e-40
-2.80949e-39
2.23115e-37
-7.29933e-36
1.67834e-34
-3.0485e-33
4.59401e-32
-5.89477e-31
6.5391e-30
-6.32825e-29
5.36893e-28
-3.99931e-27
2.61089e-26
-1.48517e-25
7.27588e-25
-3.00294e-24
9.97947e-24
-2.37328e-23
2.13238e-23
1.28708e-22
-7.75384e-22
2.08066e-21
-1.443e-21
-1.17288e-20
5.00297e-20
-6.57795e-20
-1.71881e-19
9.01723e-19
-1.03396e-18
-3.4558e-18
1.33623e-17
-4.33908e-18
-6.89886e-17
1.2962e-16
1.88539e-16
-9.01165e-16
5.22743e-17
4.29609e-15
-3.86666e-15
-1.6651e-14
2.70567e-14
5.74815e-14
-1.33947e-13
-1.92541e-13
5.56706e-13
6.80696e-13
-2.0425e-12
-2.63646e-12
6.62044e-12
1.07349e-11
-1.8059e-11
-4.23992e-11
3.49273e-11
1.50409e-10
-4.62122e-12
-4.42623e-10
-3.43871e-10
9.34587e-10
1.82148e-09
-6.62482e-10
-5.49124e-09
-4.54447e-09
8.42326e-09
2.19151e-08
8.38912e-09
-4.11265e-08
-7.90591e-08
-2.21068e-08
1.48205e-07
2.88609e-07
1.44864e-07
-3.96877e-07
-1.02222e-06
-9.85748e-07
3.90616e-07
2.88932e-06
4.83883e-06
3.53376e-06
-3.08526e-06
-1.40514e-05
-2.36609e-05
-2.20516e-05
9.30406e-07
4.89807e-05
0.000111794
0.000160099
0.000146949
1.79745e-05
-0.000268701
-0.000714757
-0.00125043
-0.00170559
-0.00178923
-0.00108266
0.000950655
0.00493808
0.011556
0.0214779
0.035318
0.0535782
0.0766018
0.104542
0.137344
0.174746
0.216295
0.261375
0.309242
0.359075
0.410012
0.4612
0.511828
0.561163
0.608569
0.653523
0.695623
0.734584
0.770237
0.802514
0.831437
0.857104
0.879667
0.899326
0.916308
0.930855
0.94322
0.953648
0.962379
0.969636
0.975628
0.980542
0.984547
0.987789
0.9904
0.992489
0.994151
0.995466
0.996502
0.997313
0.997945
0.998435
0.998813
0.999103
0.999325
0.999494
0.999622
0.999719
0.999792
0.999846
0.999887
0.999917
0.999939
0.999956
0.999968
0.999977
0.999983
0.999988
0.999991
0.999994
0.999996
0.999997
0.999998
0.999998
0.999999
0.999999
0.999999
1
1
1
1
1
1
1
1
1
1
0.999997
0.999995
0.999996
1
1.00001
1.00002
1.00002
0.999999
0.999951
0.999888
0.99984
0.999853
0.999982
1.00027
1.00071
1.00125
1.00171
1.00179
1.00108
0.999049
0.995062
0.988444
0.978522
0.964682
0.946422
0.923398
0.895458
0.862656
0.825254
0.783705
0.738625
0.690758
0.640925
0.589988
0.5388
0.488172
0.438837
0.391431
0.346477
0.304377
0.265416
0.229763
0.197486
0.168563
0.142896
0.120333
0.100674
0.0836924
0.0691446
0.0567804
0.0463521
0.0376213
0.0303636
0.0243717
0.0194576
0.0154533
0.0122105
0.00960024
0.0075113
0.00584902
0.00453351
0.00349797
0.00268703
0.00205517
0.00156525
0.00118719
0.000896807
0.000674773
0.000505747
0.000377626
0.000280917
0.000208216
0.000153782
0.000113184
8.3019e-05
6.06901e-05
4.42215e-05
3.21183e-05
2.32542e-05
1.67845e-05
1.2078e-05
8.66548e-06
6.19897e-06
4.42183e-06
3.1453e-06
2.23111e-06
1.57835e-06
1.11359e-06
7.8363e-07
5.50021e-07
3.85078e-07
2.6893e-07
1.87356e-07
1.30212e-07
9.0284e-08
6.2454e-08
4.31039e-08
2.96822e-08
2.03945e-08
1.39825e-08
9.56587e-09
6.53052e-09
4.44906e-09
3.02482e-09
2.05237e-09
1.38979e-09
9.39272e-10
6.33575e-10
4.26559e-10
2.86647e-10
1.92272e-10
1.28734e-10
8.60382e-11
5.74014e-11
3.82293e-11
2.54169e-11
1.68699e-11
1.11783e-11
7.39477e-12
4.88388e-12
3.22038e-12
2.12012e-12
1.39359e-12
9.14614e-13
5.99347e-13
3.92162e-13
2.56216e-13
1.67152e-13
1.08889e-13
7.08333e-14
4.60125e-14
2.98475e-14
1.93349e-14
1.25078e-14
8.08048e-15
5.21332e-15
3.35908e-15
2.16153e-15
1.38914e-15
8.91616e-16
5.71563e-16
3.65942e-16
2.34006e-16
1.49456e-16
9.5341e-17
6.07478e-17
3.86609e-17
2.45758e-17
1.56044e-17
9.89673e-18
6.26972e-18
3.96755e-18
2.50795e-18
1.58359e-18
9.98845e-19
6.29348e-19
3.96119e-19
2.49062e-19
1.56437e-19
9.81584e-20
6.15285e-20
3.85291e-20
2.4103e-20
1.50635e-20
9.40501e-21
5.86643e-21
3.65573e-21
2.27595e-21
1.41562e-21
8.79685e-22
5.46146e-22
3.38763e-22
2.09938e-22
1.29987e-22
8.04127e-23
4.97014e-23
3.06927e-23
1.89378e-23
1.16749e-23
7.19134e-24
4.42592e-24
2.72168e-24
1.6723e-24
1.02668e-24
6.29807e-25
3.8604e-25
2.36435e-25
1.44694e-25
8.84811e-26
5.40648e-26
3.301e-26
2.01394e-26
1.22778e-26
7.47947e-27
4.55301e-27
2.76954e-27
1.68345e-27
1.02254e-27
6.2065e-28
3.76449e-28
2.2817e-28
1.382e-28
8.3648e-29
5.05947e-29
3.05814e-29
1.84721e-29
1.11502e-29
6.72607e-30
4.05463e-30
2.44263e-30
1.47055e-30
8.84755e-31
5.3197e-31
3.1965e-31
1.9195e-31
1.15194e-31
6.9088e-32
4.14101e-32
2.48053e-32
1.48497e-32
8.88445e-33
5.3123e-33
3.17451e-33
1.8959e-33
1.13161e-33
6.75039e-34
4.02447e-34
2.39795e-34
1.42799e-34
8.49893e-35
5.05545e-35
3.00548e-35
1.78578e-35
1.06048e-35
6.2942e-36
3.73374e-36
2.21368e-36
1.31175e-36
7.7689e-37
4.59874e-37
2.72076e-37
1.60886e-37
9.50867e-38
5.61694e-38
3.31634e-38
1.95703e-38
1.1543e-38
6.80494e-39
4.00972e-39
2.36151e-39
1.39012e-39
8.17911e-40
4.81004e-40
2.82738e-40
1.66116e-40
9.75515e-41
5.72601e-41
3.35945e-41
1.97007e-41
1.15477e-41
6.76564e-42
3.9621e-42
2.31924e-42
1.35697e-42
7.93599e-43
4.63916e-43
2.71072e-43
1.58322e-43
9.24287e-44
5.39368e-44
3.14613e-44
1.83435e-44
1.06906e-44
6.22786e-45
3.62655e-45
2.11089e-45
1.22817e-45
7.14286e-46
4.15248e-46
2.41305e-46
1.40168e-46
8.13869e-47
4.72376e-47
2.74061e-47
1.58941e-47
9.21409e-48
5.33949e-48
3.09298e-48
1.79097e-48
1.03665e-48
5.99801e-49
3.46911e-49
2.0057e-49
1.15918e-49
6.69686e-50
3.86751e-50
2.2327e-50
1.28846e-50
7.43278e-51
4.28622e-51
2.47082e-51
1.42381e-51
8.20173e-52
4.72286e-52
2.71864e-52
1.56439e-52
8.99886e-53
5.17462e-53
2.97453e-53
1.70927e-53
9.81865e-54
5.63828e-54
3.23663e-54
1.85735e-54
1.06549e-54
6.11027e-55
3.50289e-55
2.00747e-55
1.15009e-55
6.58673e-56
3.7711e-56
2.15837e-56
1.23493e-56
7.06355e-57
4.03891e-57
2.3087e-57
1.31927e-57
7.53643e-58
4.30389e-58
2.4571e-58
1.40233e-58
8.00097e-59
4.56356e-59
2.60215e-59
1.48331e-59
8.45275e-60
4.81543e-60
2.74248e-60
1.56143e-60
8.88736e-61
5.05704e-61
2.87669e-61
1.63593e-61
9.30055e-62
5.28602e-62
3.00348e-62
1.70607e-62
9.68824e-63
5.50011e-63
3.12159e-63
1.77116e-63
1.00466e-63
5.6972e-64
3.22986e-64
1.83057e-64
1.03722e-64
5.8754e-65
3.32725e-65
1.88373e-65
1.06619e-65
6.033e-66
3.41286e-66
1.93014e-66
1.0913e-66
6.16858e-67
3.4859e-67
1.96938e-67
1.11233e-67
6.28098e-68
3.54575e-68
2.00115e-68
1.12912e-68
6.36929e-69
3.59197e-69
2.02519e-69
1.14154e-69
6.43294e-70
3.62426e-70
2.04138e-70
1.14953e-70
6.47162e-71
3.6425e-71
2.04966e-71
1.15308e-71
6.48533e-72
3.64672e-72
2.05007e-72
1.15222e-72
6.47435e-73
3.63712e-73
2.04276e-73
1.14703e-73
6.43923e-74
3.61404e-74
2.02793e-74
1.13766e-74
6.38077e-75
3.57797e-75
2.00587e-75
1.12427e-75
6.3e-76
3.52952e-76
1.97694e-76
1.10707e-76
6.19817e-77
3.46941e-77
1.94157e-77
1.08632e-77
6.07668e-78
3.39846e-78
1.90023e-78
1.06227e-78
5.9371e-79
3.31758e-79
1.85343e-79
1.03524e-79
5.78113e-80
3.22772e-80
1.80172e-80
1.00552e-80
5.61055e-81
3.1299e-81
1.74566e-81
9.74273e-82
5.17642e-82
)
;

boundaryField
{
    sides
    {
        type            zeroGradient;
    }
    empty
    {
        type            empty;
    }
}


// ************************************************************************* //
