/*--------------------------------*- C++ -*----------------------------------*\
  =========                 |
  \\      /  F ield         | OpenFOAM: The Open Source CFD Toolbox
   \\    /   O peration     | Website:  https://openfoam.org
    \\  /    A nd           | Version:  7
     \\/     M anipulation  |
\*---------------------------------------------------------------------------*/
FoamFile
{
    version     2.0;
    format      ascii;
    class       volScalarField;
    location    "1.33";
    object      T;
}
// * * * * * * * * * * * * * * * * * * * * * * * * * * * * * * * * * * * * * //

dimensions      [0 0 0 1 0 0 0];

internalField   nonuniform List<scalar> 
1000
(
1.75155e-190
2.26788e-190
4.21034e-190
1.01167e-189
2.71865e-189
7.58246e-189
2.13824e-188
6.04806e-188
1.71185e-187
4.84515e-187
1.37106e-186
3.87874e-186
1.09698e-185
3.10155e-185
8.76661e-185
2.47716e-184
6.99759e-184
1.97611e-183
5.57886e-183
1.57452e-182
4.44242e-182
1.25302e-181
3.53318e-181
9.95958e-181
2.80661e-180
7.90662e-180
2.22672e-179
6.2691e-179
1.76445e-178
4.96455e-178
1.39641e-177
3.92655e-177
1.10375e-176
3.10167e-176
8.71328e-176
2.44697e-175
6.86971e-175
1.92801e-174
5.40927e-174
1.51715e-173
4.25382e-173
1.1923e-172
3.34083e-172
9.35791e-172
2.62036e-171
7.335e-171
2.05256e-170
5.74179e-170
1.60566e-169
4.48865e-169
1.25439e-168
3.5043e-168
9.78644e-168
2.73213e-167
7.62481e-167
2.1272e-166
5.93253e-166
1.65395e-165
4.60949e-165
1.2842e-164
3.57655e-164
9.95733e-164
2.77121e-163
7.7098e-163
2.14419e-162
5.96116e-162
1.6567e-161
4.60257e-161
1.27821e-160
3.54853e-160
9.84777e-160
2.73193e-159
7.57607e-159
2.10019e-158
5.81991e-158
1.61218e-157
4.46426e-157
1.23574e-156
3.41932e-156
9.45785e-156
2.61506e-155
7.22784e-155
1.99697e-154
5.5153e-154
1.52266e-153
4.20212e-153
1.15923e-152
3.19671e-152
8.81188e-152
2.4281e-151
6.68797e-151
1.84142e-150
5.06805e-150
1.39431e-149
3.83445e-149
1.05409e-148
2.89652e-148
7.95615e-148
2.18451e-147
5.99559e-147
1.64487e-146
4.51084e-146
1.23653e-145
3.38824e-145
9.28036e-145
2.54083e-144
6.95356e-144
1.90221e-143
5.20148e-143
1.42172e-142
3.88434e-142
1.06081e-141
2.89583e-141
7.90175e-141
2.1552e-140
5.87578e-140
1.60124e-139
4.36171e-139
1.1876e-138
3.23216e-138
8.79275e-138
2.39092e-137
6.49851e-137
1.76551e-136
4.79436e-136
1.30136e-135
3.53076e-135
9.57511e-135
2.5955e-134
7.03237e-134
1.90451e-133
5.15542e-133
1.39491e-132
3.77246e-132
1.01977e-131
2.75534e-131
7.44125e-131
2.00868e-130
5.41964e-130
1.46158e-129
3.93975e-129
1.06147e-128
2.85847e-128
7.69397e-128
2.06993e-127
5.56609e-127
1.496e-126
4.01882e-126
1.07907e-125
2.89591e-125
7.76792e-125
2.0826e-124
5.58069e-124
1.49469e-123
4.00122e-123
1.07056e-122
2.86292e-122
7.65214e-122
2.04424e-121
5.45825e-121
1.45663e-120
3.88523e-120
1.03575e-119
2.75972e-119
7.34924e-119
1.95608e-118
5.20355e-118
1.3835e-117
3.67638e-117
9.76397e-117
2.59176e-116
6.87582e-116
1.82311e-115
4.83128e-115
1.27959e-114
3.38713e-114
8.96089e-114
2.36932e-113
6.2611e-113
1.65359e-112
4.36474e-112
1.15143e-111
3.03574e-111
7.99906e-111
2.10649e-110
5.54401e-110
1.45825e-109
3.83339e-109
1.00711e-108
2.64427e-108
6.93867e-108
1.81963e-107
4.76898e-107
1.24912e-106
3.26974e-106
8.55371e-106
2.23628e-105
5.8429e-105
1.52566e-104
3.98119e-104
1.03823e-103
2.70581e-103
7.04732e-103
1.8343e-102
4.7713e-102
1.24028e-101
3.22197e-101
8.36443e-101
2.17003e-100
5.62608e-100
1.45766e-99
3.77413e-99
9.76526e-99
2.52497e-98
6.5243e-98
1.68467e-97
4.34706e-97
1.12092e-96
2.88838e-96
7.43754e-96
1.91381e-95
4.92109e-95
1.26449e-94
3.24683e-94
8.33088e-94
2.13604e-93
5.47282e-93
1.40119e-92
3.58479e-92
9.16451e-92
2.34117e-91
5.97629e-91
1.52442e-90
3.88553e-90
9.89613e-90
2.51854e-89
6.40472e-89
1.62748e-88
4.13231e-88
1.04841e-87
2.65785e-87
6.73264e-87
1.7041e-86
4.30981e-86
1.08911e-85
2.75001e-85
6.93816e-85
1.74904e-84
4.40552e-84
1.10875e-83
2.78812e-83
7.00528e-83
1.75862e-82
4.41116e-82
1.10551e-81
2.76822e-81
6.92569e-81
1.73121e-80
4.32371e-80
1.0789e-79
2.68983e-79
6.70009e-79
1.66743e-78
4.14597e-78
1.02994e-77
2.55622e-77
6.33854e-77
1.57029e-76
3.88656e-76
9.61053e-76
2.37422e-75
5.85981e-75
1.44489e-74
3.55932e-74
8.75956e-74
2.15366e-73
5.28989e-73
1.29805e-72
3.18204e-72
7.79269e-72
1.90649e-71
4.65956e-71
1.13766e-70
2.77485e-70
6.76112e-70
1.64569e-69
4.00153e-69
9.71961e-69
2.35838e-68
5.71631e-68
1.38406e-67
3.34753e-67
8.08768e-67
1.95186e-66
4.70542e-66
1.13309e-65
2.72553e-65
6.54859e-65
1.57164e-64
3.76762e-64
9.02159e-64
2.15773e-63
5.15476e-63
1.23002e-62
2.93159e-62
6.97879e-62
1.65935e-61
3.94071e-61
9.34725e-61
2.21444e-60
5.23975e-60
1.23828e-59
2.92272e-59
6.88985e-59
1.62212e-58
3.8142e-58
8.95707e-58
2.10072e-57
4.92043e-57
1.15098e-56
2.68882e-56
6.273e-56
1.46153e-55
3.40056e-55
7.90139e-55
1.83341e-54
4.24832e-54
9.83034e-54
2.27149e-53
5.24129e-53
1.20767e-52
2.77863e-52
6.38392e-52
1.46457e-51
3.35501e-51
7.67422e-51
1.75277e-50
3.99728e-50
9.10214e-50
2.06947e-49
4.69791e-49
1.06482e-48
2.40972e-48
5.44466e-48
1.22824e-47
2.76632e-47
6.22037e-47
1.39644e-46
3.12979e-46
7.00305e-46
1.56435e-45
3.48858e-45
7.76649e-45
1.72607e-44
3.82948e-44
8.48136e-44
1.87512e-43
4.13829e-43
9.11672e-43
2.00481e-42
4.40067e-42
9.64202e-42
2.1087e-41
4.60312e-41
1.00293e-40
2.18107e-40
4.73407e-40
1.02556e-39
2.2174e-39
4.78492e-39
1.03049e-38
2.21485e-38
4.75084e-38
1.01698e-37
2.17252e-37
4.63143e-37
9.85281e-37
2.09165e-36
4.43093e-36
9.36633e-36
1.97562e-35
4.15804e-35
8.73206e-35
1.8297e-34
3.8253e-34
7.97938e-34
1.66066e-33
3.44817e-33
7.14311e-33
1.47627e-32
3.04378e-32
6.26069e-32
1.28464e-31
2.62957e-31
5.36931e-31
1.09364e-30
2.22198e-30
4.50308e-30
9.10269e-30
1.83532e-29
3.69082e-29
7.40278e-29
1.48087e-28
2.95445e-28
5.87848e-28
1.16646e-27
2.30824e-27
4.55498e-27
8.96345e-27
1.75888e-26
3.44158e-26
6.71472e-26
1.30628e-25
2.53378e-25
4.90022e-25
9.44852e-25
1.81636e-24
3.48111e-24
6.65119e-24
1.26687e-23
2.40552e-23
4.55314e-23
8.59073e-23
1.61567e-22
3.02875e-22
5.65919e-22
1.05392e-21
1.95621e-21
3.61877e-21
6.67165e-21
1.2258e-20
2.24442e-20
4.09521e-20
7.44599e-20
1.34905e-19
2.43548e-19
4.38101e-19
7.85209e-19
1.40218e-18
2.49471e-18
4.42198e-18
7.80877e-18
1.37374e-17
2.40753e-17
4.20307e-17
7.30938e-17
1.26619e-16
2.18479e-16
3.75492e-16
6.42774e-16
1.0959e-15
1.86091e-15
3.14711e-15
5.3005e-15
8.89056e-15
1.48503e-14
2.47018e-14
4.0916e-14
6.74871e-14
1.10841e-13
1.81267e-13
2.95169e-13
4.78567e-13
7.72549e-13
1.24168e-12
1.98696e-12
3.16557e-12
5.021e-12
7.92859e-12
1.24641e-11
1.95066e-11
3.03911e-11
4.71356e-11
7.27757e-11
1.11854e-10
1.71134e-10
2.60638e-10
3.95142e-10
5.96315e-10
8.95783e-10
1.33947e-09
1.9937e-09
2.95381e-09
4.35613e-09
6.39457e-09
9.34361e-09
1.35897e-08
1.96742e-08
2.83515e-08
4.06675e-08
5.80651e-08
8.25238e-08
1.16746e-07
1.64402e-07
2.30451e-07
3.21558e-07
4.46635e-07
6.17539e-07
8.49962e-07
1.16457e-06
1.58841e-06
2.15677e-06
2.91537e-06
3.92318e-06
5.25588e-06
7.01011e-06
9.30859e-06
1.23064e-05
1.61986e-05
2.1229e-05
2.77012e-05
3.59911e-05
4.65618e-05
5.99808e-05
7.69405e-05
9.82807e-05
0.000125016
0.000158364
0.00019978
0.000250997
0.000314063
0.000391391
0.000485804
0.000600597
0.000739587
0.00090718
0.00110843
0.00134913
0.00163582
0.00197593
0.00237782
0.00285081
0.00340531
0.00405283
0.00480605
0.00567886
0.00668641
0.00784509
0.0091726
0.0106879
0.0124111
0.0143637
0.0165681
0.0190479
0.0218275
0.0249322
0.0283878
0.0322206
0.0364573
0.0411243
0.0462479
0.0518539
0.0579674
0.0646123
0.0718112
0.079585
0.0879526
0.0969308
0.106534
0.116773
0.127656
0.139188
0.151372
0.164204
0.17768
0.191788
0.206516
0.221846
0.237757
0.254223
0.271216
0.288703
0.306648
0.325013
0.343756
0.362834
0.382199
0.401805
0.421601
0.441538
0.461564
0.481628
0.501679
0.521667
0.541542
0.561256
0.580762
0.600015
0.618973
0.637596
0.655846
0.673689
0.691093
0.708031
0.724476
0.740407
0.755805
0.770655
0.784945
0.798666
0.811812
0.824379
0.836368
0.847781
0.858623
0.868901
0.878623
0.887802
0.896449
0.904578
0.912205
0.919347
0.926019
0.932241
0.938029
0.943404
0.948382
0.952982
0.957223
0.961122
0.964696
0.967961
0.970933
0.973626
0.976054
0.978229
0.980162
0.981861
0.983336
0.984592
0.985635
0.986466
0.987088
0.987499
0.987698
0.987679
0.987436
0.986961
0.986245
0.985274
0.984036
0.982514
0.980692
0.978551
0.976071
0.973231
0.970009
0.966382
0.962327
0.957818
0.952834
0.94735
0.941343
0.934792
0.927674
0.919971
0.911665
0.90274
0.893183
0.882984
0.872136
0.860633
0.848475
0.835665
0.822209
0.808117
0.793403
0.778085
0.762185
0.745728
0.728742
0.711262
0.693322
0.674962
0.656222
0.637148
0.617786
0.598183
0.578388
0.558453
0.538429
0.518366
0.498316
0.478329
0.458454
0.438741
0.419236
0.399983
0.381025
0.362403
0.344153
0.32631
0.308906
0.291969
0.275524
0.259593
0.244194
0.229344
0.215054
0.201333
0.188187
0.175619
0.163629
0.152215
0.141371
0.131092
0.121367
0.112186
0.103535
0.0954006
0.0877669
0.0806173
0.0739342
0.0676992
0.0618937
0.0564982
0.0514933
0.0468595
0.0425773
0.0386273
0.0349904
0.0316478
0.0285814
0.0257732
0.0232062
0.0208637
0.0187299
0.0167894
0.0150279
0.0134316
0.0119873
0.0106829
0.00950668
0.00844785
0.00749625
0.00664241
0.00587752
0.00519342
0.00458253
0.00403789
0.00355307
0.00312217
0.00273978
0.00240096
0.0021012
0.00183639
0.00160282
0.0013971
0.00121617
0.00105729
0.000917961
0.000795961
0.000689285
0.00059614
0.000514925
0.000444211
0.000382725
0.000329337
0.000283043
0.000242956
0.000208289
0.000178351
0.00015253
0.000130289
0.000111158
9.47227e-05
8.06216e-05
6.85386e-05
5.81982e-05
4.93601e-05
4.18157e-05
3.53836e-05
2.99066e-05
2.52485e-05
2.12918e-05
1.7935e-05
1.50905e-05
1.2683e-05
1.06478e-05
8.92936e-06
7.48008e-06
6.25921e-06
5.23196e-06
4.3686e-06
3.64381e-06
3.03605e-06
2.52699e-06
2.10108e-06
1.74514e-06
1.44799e-06
1.2002e-06
9.93797e-07
8.22051e-07
6.79297e-07
5.60768e-07
4.62458e-07
3.81004e-07
3.13586e-07
2.57844e-07
2.11803e-07
1.73814e-07
1.42501e-07
1.16716e-07
9.55063e-08
7.80764e-08
6.37671e-08
5.20314e-08
4.24159e-08
3.45453e-08
2.81091e-08
2.28511e-08
1.85597e-08
1.50605e-08
1.221e-08
9.89016e-09
8.00391e-09
6.47166e-09
5.22812e-09
4.21982e-09
3.40301e-09
2.74193e-09
2.20736e-09
1.77549e-09
1.42689e-09
1.14576e-09
9.19249e-10
7.36896e-10
5.90223e-10
4.72352e-10
3.77708e-10
3.01779e-10
2.40917e-10
1.92173e-10
1.53168e-10
1.21981e-10
9.70664e-11
7.71792e-11
6.13181e-11
4.86782e-11
3.86136e-11
3.06061e-11
2.42404e-11
1.91839e-11
1.51705e-11
1.19876e-11
9.4653e-12
7.46809e-12
5.88787e-12
4.63856e-12
3.65162e-12
2.87254e-12
2.25802e-12
1.77367e-12
1.39219e-12
1.09198e-12
8.55882e-13
6.70353e-13
5.24666e-13
4.10351e-13
3.20716e-13
2.50484e-13
1.95496e-13
1.52473e-13
1.18836e-13
9.25557e-14
7.2038e-14
5.60305e-14
4.35504e-14
3.38273e-14
2.62574e-14
2.03679e-14
1.57888e-14
1.22312e-14
9.46892e-15
7.32568e-15
5.66386e-15
4.37619e-15
3.37908e-15
2.60749e-15
2.0108e-15
1.54967e-15
1.19353e-15
9.18663e-16
7.06653e-16
5.43231e-16
4.17343e-16
3.20431e-16
2.45871e-16
1.88545e-16
1.44497e-16
1.10672e-16
8.47142e-17
6.48057e-17
4.95462e-17
3.78573e-17
2.89089e-17
2.20626e-17
1.68278e-17
1.28276e-17
9.77259e-18
7.44086e-18
5.66221e-18
4.30626e-18
3.27316e-18
2.48649e-18
1.88782e-18
1.43249e-18
1.08637e-18
8.23419e-19
6.23768e-19
4.72265e-19
3.57363e-19
2.70269e-19
2.04289e-19
1.54332e-19
1.16529e-19
8.79387e-20
6.63272e-20
5.00002e-20
3.76723e-20
2.83688e-20
2.13517e-20
1.60619e-20
1.20763e-20
9.07496e-21
6.81603e-21
5.11676e-21
3.83915e-21
2.87908e-21
2.158e-21
1.6167e-21
1.21057e-21
9.06004e-22
6.77726e-22
5.06714e-22
3.78665e-22
2.82836e-22
2.11154e-22
1.57562e-22
1.17515e-22
8.76041e-23
6.52748e-23
4.86136e-23
3.61878e-23
2.69252e-23
2.00239e-23
1.48845e-23
1.1059e-23
8.21282e-24
6.0963e-24
4.52312e-24
3.35435e-24
2.48645e-24
1.84226e-24
1.36434e-24
1.00994e-24
7.47263e-25
5.52655e-25
4.08544e-25
3.01877e-25
2.2296e-25
1.646e-25
1.21462e-25
8.959e-26
6.60523e-26
4.86773e-26
3.58571e-26
2.64019e-26
1.94316e-26
1.42953e-26
1.05122e-26
7.72691e-27
5.67721e-27
4.16945e-27
3.06084e-27
2.24604e-27
1.64746e-27
1.2079e-27
8.85245e-28
6.48512e-28
4.7489e-28
3.47608e-28
2.54337e-28
1.86016e-28
1.35993e-28
9.93815e-29
7.25972e-29
5.30102e-29
3.86924e-29
2.82305e-29
2.05892e-29
1.50103e-29
1.09388e-29
7.96861e-30
5.80294e-30
4.22509e-30
3.07775e-30
2.24926e-30
1.66791e-30
1.31119e-30
)
;

boundaryField
{
    sides
    {
        type            zeroGradient;
    }
    empty
    {
        type            empty;
    }
}


// ************************************************************************* //
