/*--------------------------------*- C++ -*----------------------------------*\
  =========                 |
  \\      /  F ield         | OpenFOAM: The Open Source CFD Toolbox
   \\    /   O peration     | Website:  https://openfoam.org
    \\  /    A nd           | Version:  7
     \\/     M anipulation  |
\*---------------------------------------------------------------------------*/
FoamFile
{
    version     2.0;
    format      ascii;
    class       volScalarField;
    location    "2.65";
    object      T;
}
// * * * * * * * * * * * * * * * * * * * * * * * * * * * * * * * * * * * * * //

dimensions      [0 0 0 1 0 0 0];

internalField   nonuniform List<scalar> 
1000
(
0.0336791
0.0336814
0.033686
0.0336928
0.0337019
0.0337133
0.0337269
0.0337428
0.033761
0.0337815
0.0338042
0.0338293
0.0338565
0.0338861
0.0339179
0.033952
0.0339884
0.034027
0.034068
0.0341111
0.0341566
0.0342043
0.0342543
0.0343065
0.034361
0.0344178
0.0344768
0.0345381
0.0346017
0.0346675
0.0347356
0.0348059
0.0348785
0.0349534
0.0350305
0.0351098
0.0351914
0.0352753
0.0353614
0.0354497
0.0355403
0.0356332
0.0357283
0.0358256
0.0359252
0.036027
0.036131
0.0362373
0.0363458
0.0364565
0.0365695
0.0366846
0.0368021
0.0369217
0.0370435
0.0371676
0.0372939
0.0374224
0.0375531
0.037686
0.0378212
0.0379585
0.038098
0.0382398
0.0383837
0.0385298
0.0386781
0.0388286
0.0389813
0.0391362
0.0392933
0.0394525
0.0396139
0.0397775
0.0399432
0.0401111
0.0402812
0.0404534
0.0406278
0.0408044
0.0409831
0.0411639
0.0413469
0.041532
0.0417192
0.0419086
0.0421001
0.0422937
0.0424895
0.0426873
0.0428873
0.0430894
0.0432936
0.0434999
0.0437083
0.0439187
0.0441313
0.0443459
0.0445626
0.0447814
0.0450023
0.0452252
0.0454502
0.0456772
0.0459063
0.0461374
0.0463706
0.0466058
0.0468431
0.0470823
0.0473236
0.0475669
0.0478122
0.0480595
0.0483088
0.0485601
0.0488134
0.0490686
0.0493259
0.0495851
0.0498462
0.0501094
0.0503744
0.0506414
0.0509104
0.0511813
0.0514541
0.0517288
0.0520055
0.052284
0.0525645
0.0528468
0.0531311
0.0534172
0.0537052
0.053995
0.0542867
0.0545803
0.0548757
0.0551729
0.055472
0.0557729
0.0560756
0.0563801
0.0566864
0.0569945
0.0573043
0.057616
0.0579294
0.0582446
0.0585615
0.0588801
0.0592005
0.0595226
0.0598465
0.060172
0.0604992
0.0608282
0.0611588
0.061491
0.061825
0.0621606
0.0624978
0.0628367
0.0631771
0.0635192
0.063863
0.0642083
0.0645551
0.0649036
0.0652536
0.0656052
0.0659583
0.066313
0.0666692
0.0670269
0.0673861
0.0677468
0.068109
0.0684726
0.0688377
0.0692043
0.0695723
0.0699417
0.0703126
0.0706848
0.0710584
0.0714335
0.0718099
0.0721876
0.0725667
0.0729471
0.0733289
0.0737119
0.0740963
0.0744819
0.0748688
0.075257
0.0756464
0.0760371
0.076429
0.076822
0.0772163
0.0776118
0.0780084
0.0784062
0.0788052
0.0792053
0.0796064
0.0800087
0.0804121
0.0808166
0.0812221
0.0816287
0.0820363
0.0824449
0.0828545
0.0832652
0.0836768
0.0840893
0.0845028
0.0849173
0.0853327
0.0857489
0.0861661
0.0865841
0.087003
0.0874228
0.0878433
0.0882647
0.0886869
0.0891099
0.0895336
0.0899581
0.0903833
0.0908092
0.0912359
0.0916632
0.0920912
0.0925199
0.0929492
0.0933791
0.0938096
0.0942407
0.0946724
0.0951047
0.0955375
0.0959708
0.0964046
0.0968389
0.0972737
0.097709
0.0981447
0.0985808
0.0990173
0.0994542
0.0998915
0.100329
0.100767
0.101205
0.101644
0.102083
0.102522
0.102961
0.103401
0.103841
0.104281
0.104721
0.105161
0.105602
0.106042
0.106483
0.106924
0.107364
0.107805
0.108246
0.108687
0.109128
0.109569
0.11001
0.11045
0.110891
0.111332
0.111772
0.112212
0.112652
0.113092
0.113532
0.113972
0.114411
0.11485
0.115289
0.115727
0.116165
0.116603
0.117041
0.117478
0.117914
0.118351
0.118786
0.119222
0.119657
0.120091
0.120525
0.120958
0.121391
0.121823
0.122255
0.122686
0.123116
0.123546
0.123975
0.124403
0.124831
0.125258
0.125684
0.12611
0.126534
0.126958
0.127381
0.127803
0.128224
0.128645
0.129064
0.129483
0.1299
0.130317
0.130732
0.131147
0.131561
0.131973
0.132384
0.132795
0.133204
0.133612
0.134019
0.134425
0.134829
0.135233
0.135635
0.136036
0.136435
0.136834
0.137231
0.137626
0.138021
0.138414
0.138805
0.139195
0.139584
0.139971
0.140357
0.140741
0.141124
0.141506
0.141885
0.142264
0.14264
0.143015
0.143388
0.14376
0.14413
0.144499
0.144865
0.14523
0.145594
0.145955
0.146315
0.146673
0.147029
0.147383
0.147736
0.148086
0.148435
0.148782
0.149127
0.149469
0.14981
0.150149
0.150486
0.150821
0.151154
0.151485
0.151814
0.152141
0.152466
0.152788
0.153109
0.153427
0.153743
0.154057
0.154369
0.154678
0.154986
0.155291
0.155594
0.155894
0.156192
0.156488
0.156782
0.157073
0.157362
0.157648
0.157932
0.158214
0.158493
0.15877
0.159045
0.159316
0.159586
0.159853
0.160117
0.160379
0.160638
0.160895
0.161149
0.161401
0.16165
0.161897
0.16214
0.162381
0.16262
0.162856
0.163089
0.163319
0.163547
0.163772
0.163995
0.164214
0.164431
0.164645
0.164856
0.165065
0.16527
0.165473
0.165673
0.165871
0.166065
0.166257
0.166445
0.166631
0.166814
0.166994
0.167171
0.167345
0.167516
0.167685
0.16785
0.168012
0.168172
0.168328
0.168482
0.168632
0.16878
0.168924
0.169066
0.169204
0.169339
0.169472
0.169601
0.169727
0.16985
0.16997
0.170088
0.170201
0.170312
0.17042
0.170525
0.170626
0.170725
0.17082
0.170912
0.171001
0.171087
0.17117
0.17125
0.171326
0.171399
0.17147
0.171537
0.1716
0.171661
0.171719
0.171773
0.171824
0.171872
0.171917
0.171958
0.171997
0.172032
0.172064
0.172093
0.172119
0.172141
0.17216
0.172176
0.172189
0.172199
0.172205
0.172208
0.172208
0.172205
0.172199
0.172189
0.172176
0.17216
0.172141
0.172119
0.172093
0.172064
0.172032
0.171997
0.171958
0.171917
0.171872
0.171824
0.171773
0.171719
0.171661
0.1716
0.171537
0.17147
0.171399
0.171326
0.17125
0.17117
0.171087
0.171001
0.170912
0.17082
0.170725
0.170626
0.170525
0.17042
0.170312
0.170201
0.170088
0.16997
0.16985
0.169727
0.169601
0.169472
0.169339
0.169204
0.169066
0.168924
0.16878
0.168632
0.168482
0.168328
0.168172
0.168012
0.16785
0.167685
0.167516
0.167345
0.167171
0.166994
0.166814
0.166631
0.166445
0.166257
0.166065
0.165871
0.165673
0.165473
0.16527
0.165065
0.164856
0.164645
0.164431
0.164214
0.163995
0.163772
0.163547
0.163319
0.163089
0.162856
0.16262
0.162381
0.16214
0.161897
0.16165
0.161401
0.161149
0.160895
0.160638
0.160379
0.160117
0.159853
0.159586
0.159316
0.159045
0.15877
0.158493
0.158214
0.157932
0.157648
0.157362
0.157073
0.156782
0.156488
0.156192
0.155894
0.155594
0.155291
0.154986
0.154678
0.154369
0.154057
0.153743
0.153427
0.153109
0.152788
0.152466
0.152141
0.151814
0.151485
0.151154
0.150821
0.150486
0.150149
0.14981
0.149469
0.149127
0.148782
0.148435
0.148086
0.147736
0.147383
0.147029
0.146673
0.146315
0.145955
0.145594
0.14523
0.144865
0.144499
0.14413
0.14376
0.143388
0.143015
0.14264
0.142264
0.141885
0.141506
0.141124
0.140741
0.140357
0.139971
0.139584
0.139195
0.138805
0.138414
0.138021
0.137626
0.137231
0.136834
0.136435
0.136036
0.135635
0.135233
0.134829
0.134425
0.134019
0.133612
0.133204
0.132795
0.132384
0.131973
0.131561
0.131147
0.130732
0.130317
0.1299
0.129483
0.129064
0.128645
0.128224
0.127803
0.127381
0.126958
0.126534
0.12611
0.125684
0.125258
0.124831
0.124403
0.123975
0.123546
0.123116
0.122686
0.122255
0.121823
0.121391
0.120958
0.120525
0.120091
0.119657
0.119222
0.118786
0.118351
0.117914
0.117478
0.117041
0.116603
0.116165
0.115727
0.115289
0.11485
0.114411
0.113972
0.113532
0.113092
0.112652
0.112212
0.111772
0.111332
0.110891
0.11045
0.11001
0.109569
0.109128
0.108687
0.108246
0.107805
0.107364
0.106924
0.106483
0.106042
0.105602
0.105161
0.104721
0.104281
0.103841
0.103401
0.102961
0.102522
0.102083
0.101644
0.101205
0.100767
0.100329
0.0998915
0.0994542
0.0990173
0.0985808
0.0981447
0.097709
0.0972737
0.0968389
0.0964046
0.0959708
0.0955375
0.0951047
0.0946724
0.0942407
0.0938096
0.0933791
0.0929492
0.0925199
0.0920912
0.0916632
0.0912359
0.0908092
0.0903833
0.0899581
0.0895336
0.0891099
0.0886869
0.0882647
0.0878433
0.0874228
0.087003
0.0865841
0.0861661
0.0857489
0.0853327
0.0849173
0.0845028
0.0840893
0.0836768
0.0832652
0.0828545
0.0824449
0.0820363
0.0816287
0.0812221
0.0808166
0.0804121
0.0800087
0.0796064
0.0792053
0.0788052
0.0784062
0.0780084
0.0776118
0.0772163
0.076822
0.076429
0.0760371
0.0756464
0.075257
0.0748688
0.0744819
0.0740963
0.0737119
0.0733289
0.0729471
0.0725667
0.0721876
0.0718099
0.0714335
0.0710584
0.0706848
0.0703126
0.0699417
0.0695723
0.0692043
0.0688377
0.0684726
0.068109
0.0677468
0.0673861
0.0670269
0.0666692
0.066313
0.0659583
0.0656052
0.0652536
0.0649036
0.0645551
0.0642083
0.063863
0.0635192
0.0631771
0.0628367
0.0624978
0.0621606
0.061825
0.061491
0.0611588
0.0608282
0.0604992
0.060172
0.0598465
0.0595226
0.0592005
0.0588801
0.0585615
0.0582446
0.0579294
0.057616
0.0573043
0.0569945
0.0566864
0.0563801
0.0560756
0.0557729
0.055472
0.0551729
0.0548757
0.0545803
0.0542867
0.053995
0.0537052
0.0534172
0.0531311
0.0528468
0.0525645
0.052284
0.0520055
0.0517288
0.0514541
0.0511813
0.0509104
0.0506414
0.0503744
0.0501094
0.0498462
0.0495851
0.0493259
0.0490686
0.0488134
0.0485601
0.0483088
0.0480595
0.0478122
0.0475669
0.0473236
0.0470823
0.0468431
0.0466058
0.0463706
0.0461374
0.0459063
0.0456772
0.0454502
0.0452252
0.0450023
0.0447814
0.0445626
0.0443459
0.0441313
0.0439187
0.0437083
0.0434999
0.0432936
0.0430894
0.0428873
0.0426873
0.0424895
0.0422937
0.0421001
0.0419086
0.0417192
0.041532
0.0413469
0.0411639
0.0409831
0.0408044
0.0406278
0.0404534
0.0402812
0.0401111
0.0399432
0.0397775
0.0396139
0.0394525
0.0392933
0.0391362
0.0389813
0.0388286
0.0386781
0.0385298
0.0383837
0.0382398
0.038098
0.0379585
0.0378212
0.037686
0.0375531
0.0374224
0.0372939
0.0371676
0.0370435
0.0369217
0.0368021
0.0366846
0.0365695
0.0364565
0.0363458
0.0362373
0.036131
0.036027
0.0359252
0.0358256
0.0357283
0.0356332
0.0355403
0.0354497
0.0353614
0.0352753
0.0351914
0.0351098
0.0350305
0.0349534
0.0348785
0.0348059
0.0347356
0.0346675
0.0346017
0.0345381
0.0344768
0.0344178
0.034361
0.0343065
0.0342543
0.0342043
0.0341566
0.0341111
0.034068
0.034027
0.0339884
0.033952
0.0339179
0.0338861
0.0338565
0.0338293
0.0338042
0.0337815
0.033761
0.0337428
0.0337269
0.0337133
0.0337019
0.0336928
0.033686
0.0336814
0.0336791
)
;

boundaryField
{
    sides
    {
        type            zeroGradient;
    }
    empty
    {
        type            empty;
    }
}


// ************************************************************************* //
