/*--------------------------------*- C++ -*----------------------------------*\
  =========                 |
  \\      /  F ield         | OpenFOAM: The Open Source CFD Toolbox
   \\    /   O peration     | Website:  https://openfoam.org
    \\  /    A nd           | Version:  7
     \\/     M anipulation  |
\*---------------------------------------------------------------------------*/
FoamFile
{
    version     2.0;
    format      ascii;
    class       volScalarField;
    location    "3.88";
    object      T;
}
// * * * * * * * * * * * * * * * * * * * * * * * * * * * * * * * * * * * * * //

dimensions      [0 0 0 1 0 0 0];

internalField   nonuniform List<scalar> 
1000
(
0
0
0
0
0
0
0
0
0
0
0
0
0
0
0
0
0
0
0
0
0
0
0
0
0
0
0
0
0
0
0
0
0
0
0
0
0
0
0
0
0
0
0
0
0
0
0
0
0
0
0
0
0
0
0
0
0
0
0
0
0
0
0
0
0
0
0
0
0
0
0
0
0
0
0
0
0
0
0
0
0
0
0
0
0
0
0
0
0
0
0
0
0
0
0
0
0
0
0
0
0
0
0
0
9.88131e-324
-9.33784e-322
6.23857e-320
-4.07263e-318
2.59234e-316
-1.60962e-314
9.75357e-313
-5.77022e-311
3.33416e-309
-1.88241e-307
1.03881e-305
-5.60542e-304
2.95855e-302
-1.52788e-300
7.72292e-299
-3.82195e-297
1.85237e-295
-8.79498e-294
4.09188e-292
-1.86598e-290
8.34252e-289
-3.65764e-287
1.57298e-285
-6.6368e-284
2.74795e-282
-1.11677e-280
4.4557e-279
-1.74563e-277
6.71669e-276
-2.53869e-274
9.42741e-273
-3.44019e-271
1.23382e-269
-4.34988e-268
1.50773e-266
-5.13882e-265
1.72251e-263
-5.6791e-262
1.84197e-260
-5.878e-259
1.84578e-257
-5.70416e-256
1.73508e-254
-5.19536e-253
1.53156e-251
-4.44555e-250
1.27069e-248
-3.57704e-247
9.91802e-246
-2.70887e-244
7.28885e-243
-1.93232e-241
5.04766e-240
-1.29937e-238
3.29645e-237
-8.24273e-236
2.03162e-234
-4.93624e-233
1.18241e-231
-2.79251e-230
6.50288e-229
-1.49326e-227
3.38155e-226
-7.55223e-225
1.66359e-223
-3.61455e-222
7.74694e-221
-1.63795e-219
3.41657e-218
-7.03115e-217
1.42769e-215
-2.86045e-214
5.65528e-213
-1.10335e-211
2.1244e-210
-4.03684e-209
7.57097e-208
-1.40147e-206
2.56071e-205
-4.61846e-204
8.22267e-203
-1.44519e-201
2.50754e-200
-4.29537e-199
7.26433e-198
-1.21297e-196
1.99974e-195
-3.25525e-194
5.23229e-193
-8.30443e-192
1.30152e-190
-2.01429e-189
3.07849e-188
-4.64628e-187
6.92524e-186
-1.01938e-184
1.48188e-183
-2.12755e-182
3.01674e-181
-4.22469e-180
5.84328e-179
-7.98232e-178
1.077e-176
-1.43523e-175
1.88908e-174
-2.45586e-173
3.15344e-172
-3.99939e-171
5.00995e-170
-6.19874e-169
7.57537e-168
-9.14395e-167
1.09016e-165
-1.28374e-164
1.49308e-163
-1.71519e-162
1.94607e-161
-2.18079e-160
2.41367e-159
-2.6384e-158
2.84839e-157
-3.037e-156
3.19792e-155
-3.32553e-154
3.41519e-153
-3.46352e-152
3.46865e-151
-3.43028e-150
3.34976e-149
-3.22997e-148
3.07516e-147
-2.89074e-146
2.6829e-145
-2.45831e-144
2.22376e-143
-1.98581e-142
1.75053e-141
-1.5232e-140
1.30821e-139
-1.10895e-138
9.27748e-138
-7.65965e-137
6.24051e-136
-5.01688e-135
3.97941e-134
-3.11419e-133
2.40424e-132
-1.83096e-131
1.37536e-130
-1.01894e-129
7.44444e-129
-5.36323e-128
3.80966e-127
-2.66786e-126
1.84164e-125
-1.25303e-124
8.40189e-124
-5.55126e-123
3.61362e-122
-2.31721e-121
1.4635e-120
-9.10221e-120
5.57382e-119
-3.35992e-118
1.99336e-117
-1.16368e-116
6.68294e-116
-3.77474e-115
2.09641e-114
-1.1445e-113
6.14003e-113
-3.23597e-112
1.67481e-111
-8.50913e-111
4.24217e-110
-2.07432e-109
9.94346e-109
-4.67018e-108
2.14785e-107
-9.6662e-107
4.25366e-106
-1.82875e-105
7.67382e-105
-3.13939e-104
1.25052e-103
-4.84265e-103
1.81977e-102
-6.62075e-102
2.32556e-101
-7.85761e-101
2.54138e-100
-7.81419e-100
2.26089e-99
-6.05323e-99
1.45375e-98
-2.91455e-98
3.75346e-98
3.81633e-98
-5.0598e-97
2.32818e-96
-7.93323e-96
2.18342e-95
-4.70347e-95
6.19994e-95
6.36685e-95
-7.93705e-94
3.32737e-93
-9.71563e-93
2.01984e-92
-1.98668e-92
-6.18024e-92
4.30668e-91
-1.47132e-90
3.32196e-90
-3.66991e-90
-8.57398e-90
6.36492e-89
-2.07052e-88
4.05025e-88
-1.81966e-88
-2.1606e-87
1.00183e-86
-2.46273e-86
2.63569e-86
7.01751e-86
-4.53574e-85
1.23499e-84
-1.50054e-84
-2.91943e-84
2.09163e-83
-5.56962e-83
5.73119e-83
1.72344e-82
-9.81653e-82
2.22187e-81
-1.03481e-81
-1.11477e-80
4.35301e-80
-6.91663e-80
-5.94939e-80
6.33626e-79
-1.60001e-78
8.99763e-79
7.39777e-78
-2.78672e-77
3.60965e-77
6.84259e-77
-4.20805e-76
7.71615e-76
4.25097e-76
-5.88422e-75
1.34068e-74
-3.37971e-76
-7.97228e-74
2.093e-73
-6.1638e-74
-1.08374e-72
3.05617e-72
-1.12738e-72
-1.51036e-71
4.23691e-71
-1.17612e-71
-2.1628e-70
5.56345e-70
-8.49591e-72
-3.1282e-69
6.78339e-69
3.15284e-69
-4.43583e-68
7.33134e-68
9.71935e-68
-5.94537e-67
6.24016e-67
2.04021e-66
-7.19737e-66
2.26512e-66
3.44438e-65
-7.3126e-65
-5.54103e-65
4.80318e-64
-5.12857e-64
-1.66774e-63
5.348e-63
1.99984e-64
-2.78399e-62
4.10626e-62
8.11567e-62
-3.2588e-61
5.20542e-62
1.56526e-60
-2.3811e-60
-4.63633e-60
1.77893e-59
3.82716e-61
-8.77304e-59
1.03641e-58
3.04691e-58
-8.49388e-58
-5.20585e-58
4.63247e-57
-2.40439e-57
-1.95119e-56
3.08013e-56
6.1886e-56
-2.0221e-55
-1.0392e-55
1.02873e-54
-3.99796e-55
-4.39207e-54
5.33501e-54
1.58611e-53
-3.59451e-53
-4.57212e-53
1.92718e-52
7.65317e-53
-9.04974e-52
2.12007e-52
3.86113e-51
-3.07297e-51
-1.52191e-50
2.09953e-50
5.57816e-50
-1.15486e-49
-1.89865e-49
5.68251e-49
5.93519e-49
-2.60793e-48
-1.65382e-48
1.14135e-47
3.77764e-48
-4.8302e-47
-4.81266e-48
1.99612e-46
-1.51037e-47
-8.11381e-46
1.63358e-46
3.26134e-45
-9.10436e-46
-1.30102e-44
4.02088e-45
5.16114e-44
-1.5008e-44
-2.03655e-43
4.58042e-44
7.98192e-43
-9.00759e-44
-3.09766e-42
-1.35709e-43
1.18471e-41
2.89987e-42
-4.43618e-41
-2.18812e-41
1.61224e-40
1.28888e-40
-5.61789e-40
-6.67163e-40
1.8423e-39
3.15628e-39
-5.5015e-39
-1.3856e-38
1.38906e-38
5.66724e-38
-2.26275e-38
-2.15164e-37
-3.25461e-38
7.49066e-37
5.4214e-37
-2.32773e-36
-3.33065e-36
6.05625e-36
1.55769e-35
-1.05798e-35
-6.12645e-35
-7.20561e-36
2.0511e-34
1.79155e-34
-5.60137e-34
-1.05206e-33
1.03733e-33
4.40419e-33
2.76802e-34
-1.44612e-32
-1.38096e-32
3.53162e-32
7.83954e-32
-4.16232e-32
-2.96864e-31
-1.5743e-31
8.05495e-31
1.335e-30
-1.20132e-30
-5.56109e-30
-2.17355e-30
1.53187e-29
2.40297e-29
-2.10892e-29
-1.00014e-28
-5.12379e-29
2.51415e-28
4.63687e-28
-2.10197e-28
-1.69439e-27
-1.49468e-27
3.27983e-27
8.82884e-27
1.6469e-27
-2.45769e-26
-3.82174e-26
2.16342e-26
1.44663e-25
1.38566e-25
-2.33788e-25
-7.47746e-25
-3.97812e-25
1.61716e-24
3.57896e-24
6.64172e-25
-9.4235e-24
-1.64569e-23
1.64372e-24
5.00832e-23
7.49939e-23
-2.29392e-23
-2.51516e-22
-3.47541e-22
1.37545e-22
1.21326e-21
1.66341e-21
-5.69816e-22
-5.64059e-21
-8.21966e-21
1.26785e-21
2.50461e-20
4.12613e-20
5.36989e-21
-1.03609e-19
-2.04834e-19
-9.61638e-20
3.78176e-19
9.72808e-19
8.22803e-19
-1.05035e-18
-4.23936e-18
-5.4255e-18
7.04864e-19
1.58598e-17
2.96931e-17
1.75038e-17
-4.31333e-17
-1.33971e-16
-1.61385e-16
1.78203e-17
4.591e-16
9.15895e-16
7.39478e-16
-8.03787e-16
-3.63406e-15
-5.75941e-15
-3.14579e-15
7.91381e-15
2.5465e-14
3.61699e-14
1.57199e-14
-5.66923e-14
-1.67877e-13
-2.38022e-13
-1.20491e-13
3.22237e-13
1.0489e-12
1.63563e-12
1.20963e-12
-1.23069e-12
-5.93267e-12
-1.10983e-11
-1.19243e-11
-1.31758e-12
2.62586e-11
6.73825e-11
1.00898e-10
8.375e-11
-3.92953e-11
-3.0307e-10
-6.65225e-10
-9.41068e-10
-7.70504e-10
3.19399e-10
2.68844e-09
6.16266e-09
9.48383e-09
9.8505e-09
2.9587e-09
-1.59096e-08
-4.9229e-08
-9.282e-08
-1.30273e-07
-1.28029e-07
-3.44999e-08
2.11904e-07
6.60194e-07
1.30492e-06
2.02371e-06
2.50018e-06
2.1493e-06
7.74461e-08
-4.87242e-06
-1.39218e-05
-2.79191e-05
-4.6571e-05
-6.72501e-05
-8.33068e-05
-8.18448e-05
-4.09743e-05
7.33786e-05
0.000310947
0.000740652
0.00145387
0.00256709
0.00422358
0.00659368
0.00987344
0.0142813
0.0200529
0.0274339
0.0366708
0.048001
0.0616419
0.0777793
0.0965568
0.118067
0.142341
0.169349
0.198991
0.231102
0.265451
0.301753
0.339671
0.378832
0.418836
0.459269
0.499716
0.539774
0.57906
0.617227
0.653964
0.689007
0.722142
0.753204
0.782079
0.808702
0.833053
0.85515
0.875048
0.892832
0.90861
0.922506
0.934659
0.945213
0.954316
0.962115
0.968753
0.974367
0.979084
0.983023
0.986292
0.988988
0.9912
0.993002
0.994464
0.995641
0.996585
0.997338
0.997934
0.998405
0.998774
0.999062
0.999285
0.999458
0.999591
0.999693
0.99977
0.999829
0.999873
0.999906
0.999931
0.999949
0.999963
0.999973
0.999981
0.999986
0.99999
0.999993
0.999995
0.999996
0.999998
0.999998
0.999999
0.999999
0.999999
0.999999
0.999998
0.999998
0.999997
0.999998
1
1
1.00001
1.00003
1.00005
1.00007
1.00008
1.00008
1.00004
0.999927
0.999689
0.999259
0.998546
0.997433
0.995776
0.993406
0.990127
0.985719
0.979947
0.972566
0.963329
0.951999
0.938358
0.922221
0.903443
0.881933
0.857659
0.830651
0.801009
0.768898
0.734549
0.698247
0.660329
0.621168
0.581164
0.540731
0.500284
0.460226
0.42094
0.382773
0.346036
0.310993
0.277858
0.246796
0.217921
0.191298
0.166947
0.14485
0.124952
0.107168
0.0913902
0.077494
0.0653413
0.0547873
0.0456841
0.0378848
0.0312466
0.025633
0.020916
0.0169772
0.0137083
0.0110117
0.00880042
0.00699769
0.00553646
0.00435873
0.00341477
0.00266232
0.00206576
0.0015953
0.00122624
0.000938204
0.000714551
0.000541757
0.000408916
0.000307287
0.000229909
0.000171274
0.00012705
9.38468e-05
6.90324e-05
5.057e-05
3.68944e-05
2.68086e-05
1.94024e-05
1.39869e-05
1.00437e-05
7.18441e-06
5.11953e-06
3.63437e-06
2.57044e-06
1.81127e-06
1.27166e-06
8.89592e-07
6.20096e-07
4.30717e-07
2.9813e-07
2.05645e-07
1.41366e-07
9.68498e-08
6.613e-08
4.50048e-08
3.05277e-08
2.06404e-08
1.39107e-08
9.34541e-09
6.25866e-09
4.17841e-09
2.78101e-09
1.84531e-09
1.22074e-09
8.05152e-10
5.29477e-10
3.47172e-10
2.26977e-10
1.47969e-10
9.61886e-11
6.23525e-11
4.03062e-11
2.59831e-11
1.67041e-11
1.07097e-11
6.84802e-12
4.36716e-12
2.77773e-12
1.76217e-12
1.11503e-12
7.03738e-13
4.43032e-13
2.78207e-13
1.74269e-13
1.08894e-13
6.78771e-14
4.22078e-14
2.61831e-14
1.62038e-14
1.00043e-14
6.16234e-15
3.78703e-15
2.32197e-15
1.42045e-15
8.66996e-16
5.28006e-16
3.20847e-16
1.94538e-16
1.17697e-16
7.10545e-17
4.28043e-17
2.57314e-17
1.54357e-17
9.24022e-18
5.52003e-18
3.29087e-18
1.95793e-18
1.16254e-18
6.88891e-19
4.0741e-19
2.40469e-19
1.41658e-19
8.32878e-20
4.88752e-20
2.86266e-20
1.67352e-20
9.76514e-21
5.68747e-21
3.30643e-21
1.91869e-21
1.11138e-21
6.426e-22
3.70887e-22
2.13685e-22
1.22897e-22
7.05588e-23
4.04398e-23
2.31378e-23
1.32158e-23
7.5358e-24
4.2898e-24
2.43792e-24
1.3832e-24
7.83497e-25
4.43079e-25
2.50163e-25
1.41016e-25
7.93633e-26
4.45949e-26
2.50189e-26
1.40144e-26
7.83804e-27
4.37697e-27
2.44049e-27
1.3587e-27
7.55292e-28
4.19236e-28
2.32358e-28
1.28593e-28
7.1063e-29
3.92138e-29
2.16076e-29
1.18892e-29
6.53255e-30
3.58425e-30
1.96384e-30
1.0745e-30
5.87095e-31
3.20341e-31
1.74552e-31
9.49833e-32
5.16161e-32
2.80119e-32
1.51818e-32
8.21732e-33
4.44189e-33
2.39795e-33
1.29285e-33
6.96148e-34
3.74368e-34
2.01069e-34
1.07856e-34
5.77828e-35
3.09181e-35
1.6523e-35
8.81928e-36
4.70161e-36
2.50342e-36
1.33136e-36
7.07195e-37
3.75202e-37
1.98828e-37
1.05239e-37
5.56382e-38
2.93807e-38
1.54971e-38
8.16473e-39
4.29672e-39
2.25861e-39
1.18592e-39
6.2199e-40
3.25858e-40
1.70527e-40
8.91417e-41
4.65472e-41
2.42792e-41
1.26505e-41
6.58435e-42
3.42338e-42
1.77802e-42
9.22489e-43
4.78112e-43
2.4754e-43
1.2803e-43
6.61499e-44
3.41431e-44
1.76049e-44
9.06828e-45
4.66636e-45
2.39882e-45
1.23192e-45
6.32034e-46
3.23944e-46
1.65872e-46
8.48504e-47
4.33625e-47
2.2139e-47
1.12923e-47
5.75436e-48
2.92954e-48
1.49002e-48
7.57144e-49
3.8438e-49
1.94957e-49
9.87914e-50
5.0015e-50
2.5298e-50
1.27843e-50
6.45472e-51
3.25603e-51
1.64101e-51
8.26321e-52
4.15722e-52
2.08966e-52
1.04947e-52
5.26606e-53
2.64014e-53
1.32249e-53
6.61895e-54
3.3099e-54
1.65376e-54
8.25593e-55
4.11813e-55
2.05186e-55
1.02813e-55
4.39708e-56
)
;

boundaryField
{
    sides
    {
        type            zeroGradient;
    }
    empty
    {
        type            empty;
    }
}


// ************************************************************************* //
