/*--------------------------------*- C++ -*----------------------------------*\
  =========                 |
  \\      /  F ield         | OpenFOAM: The Open Source CFD Toolbox
   \\    /   O peration     | Website:  https://openfoam.org
    \\  /    A nd           | Version:  7
     \\/     M anipulation  |
\*---------------------------------------------------------------------------*/
FoamFile
{
    version     2.0;
    format      ascii;
    class       volScalarField;
    location    "3.86";
    object      T;
}
// * * * * * * * * * * * * * * * * * * * * * * * * * * * * * * * * * * * * * //

dimensions      [0 0 0 1 0 0 0];

internalField   nonuniform List<scalar> 
1000
(
0
0
0
0
0
0
0
0
0
0
0
0
0
0
0
0
0
0
0
0
0
0
0
0
0
0
0
0
0
0
0
0
0
0
0
0
0
0
0
0
0
0
0
0
0
0
0
0
0
0
0
0
0
0
0
0
0
0
0
0
0
0
0
0
4.30147e-301
-3.86989e-298
1.73205e-295
-5.14185e-293
1.13897e-290
-2.00793e-288
2.93453e-286
-3.65674e-284
3.966e-282
-3.80305e-280
3.26442e-278
-2.53349e-276
1.79247e-274
-1.16415e-272
6.98142e-271
-3.88558e-269
2.01583e-267
-9.78619e-266
4.46083e-264
-1.91503e-262
7.76374e-261
-2.97963e-259
1.08494e-257
-3.75557e-256
1.23811e-254
-3.89386e-253
1.17005e-251
-3.36391e-250
9.26529e-249
-2.44777e-247
6.20956e-246
-1.51417e-244
3.55245e-243
-8.02612e-242
1.7477e-240
-3.67067e-239
7.44139e-238
-1.45708e-236
2.75743e-235
-5.04627e-234
8.93548e-233
-1.53168e-231
2.54286e-230
-4.09048e-229
6.37825e-228
-9.64421e-227
1.41456e-225
-2.01329e-224
2.7813e-223
-3.73047e-222
4.85912e-221
-6.14788e-220
7.557e-219
-9.02616e-218
1.04772e-216
-1.18204e-215
1.29628e-214
-1.3819e-213
1.43211e-212
-1.4428e-211
1.41304e-210
-1.34524e-209
1.24481e-208
-1.11946e-207
9.78246e-207
-8.30479e-206
6.84761e-205
-5.48205e-204
4.25968e-203
-3.21105e-202
2.34704e-201
-1.66236e-200
1.14008e-199
-7.56416e-199
4.84996e-198
-3.00126e-197
1.78966e-196
-1.02632e-195
5.64625e-195
-2.97033e-194
1.48781e-193
-7.05319e-193
3.13686e-192
-1.29066e-191
4.79289e-191
-1.52444e-190
3.55572e-190
-1.12061e-190
-5.1914e-189
4.0601e-188
-2.12268e-187
8.71758e-187
-2.78405e-186
5.63649e-186
4.89972e-186
-1.21205e-184
7.38792e-184
-3.04737e-183
8.77714e-183
-1.11656e-182
-5.8155e-182
5.25712e-181
-2.40485e-180
7.14843e-180
-9.06234e-180
-4.57389e-179
3.91087e-178
-1.62652e-177
3.96434e-177
-5.37045e-178
-4.92143e-176
2.7489e-175
-8.42023e-175
9.55522e-175
5.63434e-174
-4.10115e-173
1.39117e-172
-1.96806e-172
-7.10721e-172
5.84135e-171
-1.97726e-170
2.55332e-170
1.10294e-169
-8.07307e-169
2.44235e-168
-1.91787e-168
-1.88255e-167
1.04424e-166
-2.47898e-166
-7.21756e-167
2.98607e-165
-1.17583e-164
1.70386e-164
5.39253e-164
-3.95511e-163
1.0216e-162
2.20358e-164
-1.04519e-161
3.99664e-161
-4.75698e-161
-2.1659e-160
1.26858e-159
-2.53838e-159
-3.04299e-159
3.51075e-158
-9.50139e-158
1.38287e-159
8.79992e-157
-3.00479e-156
2.03331e-156
2.05458e-155
-8.56654e-155
9.38236e-155
4.59111e-154
-2.27592e-153
3.10225e-153
1.01212e-152
-5.74724e-152
8.68549e-152
2.27197e-151
-1.39574e-150
2.16278e-150
5.31469e-150
-3.27727e-149
4.8571e-149
1.29924e-148
-7.43764e-148
9.76277e-148
3.25826e-147
-1.62239e-146
1.69413e-146
8.14556e-146
-3.3658e-145
2.26468e-145
1.9752e-144
-6.53386e-144
1.14407e-144
4.54419e-143
-1.15713e-142
-6.02438e-143
9.73764e-142
-1.78564e-141
-2.90993e-141
1.90757e-140
-2.14565e-140
-8.63162e-140
3.33162e-139
-1.11892e-139
-2.03787e-138
4.96147e-138
3.59487e-138
-4.03656e-137
5.63682e-137
1.55268e-136
-6.69646e-136
2.72549e-136
3.8067e-135
-8.84965e-135
-7.93468e-135
7.04034e-134
-7.65861e-134
-3.03578e-133
1.00616e-132
1.30973e-133
-6.37902e-132
9.94461e-132
2.19895e-131
-9.57261e-131
2.39263e-131
5.28584e-130
-9.74233e-130
-1.57373e-129
8.0743e-129
-3.15123e-129
-4.15855e-128
7.92793e-128
1.20086e-127
-6.18318e-127
2.04007e-127
3.14984e-126
-5.46366e-126
-9.85893e-126
4.2988e-125
-3.35404e-126
-2.27084e-124
3.09435e-124
8.16053e-124
-2.65334e-123
-1.02454e-123
1.5094e-122
-1.27068e-122
-6.28967e-122
1.38054e-121
1.62807e-121
-8.82355e-121
1.58193e-121
4.24265e-120
-5.34673e-120
-1.53191e-119
4.22403e-119
3.15221e-119
-2.36982e-118
8.32644e-119
1.05606e-117
-1.41323e-117
-3.67213e-117
1.0083e-116
7.98536e-117
-5.41869e-116
1.09567e-116
2.40118e-115
-2.55529e-115
-8.78809e-115
1.88264e-114
2.42945e-114
-1.03624e-113
-2.70692e-114
4.79357e-113
-2.42226e-113
-1.91808e-112
2.44584e-112
6.55608e-112
-1.50976e-111
-1.77081e-111
7.6093e-111
2.48702e-111
-3.36044e-110
1.07938e-110
1.33094e-109
-1.25086e-109
-4.73435e-109
7.85487e-109
1.48146e-108
-3.99646e-108
-3.80105e-108
1.79946e-107
5.85563e-108
-7.41512e-107
1.33109e-107
2.83876e-106
-1.8406e-106
-1.01558e-105
1.15736e-105
3.39226e-105
-5.82629e-105
-1.04867e-104
2.60913e-104
2.93218e-104
-1.08153e-103
-6.98416e-104
4.2323e-103
1.13705e-103
-1.58149e-102
8.42008e-104
5.68476e-102
-1.96208e-102
-1.97584e-101
1.23064e-101
6.66605e-101
-5.98206e-101
-2.18985e-100
2.57806e-100
7.02353e-100
-1.03206e-99
-2.20488e-99
3.92373e-99
6.79224e-99
-1.43447e-98
-2.05898e-98
5.08264e-98
6.16173e-98
-1.75472e-97
-1.82742e-97
5.92506e-97
5.39556e-97
-1.96222e-96
-1.59431e-96
6.38644e-96
4.74102e-96
-2.04579e-95
-1.42639e-95
6.45627e-95
4.35974e-95
-2.00844e-94
-1.35648e-94
6.15965e-94
4.29398e-94
-1.86191e-93
-1.37878e-93
5.54335e-93
4.46972e-93
-1.62371e-92
-1.45491e-92
4.67144e-92
4.72947e-92
-1.31706e-91
-1.52785e-91
3.62759e-91
4.88468e-91
-9.71844e-91
-1.54014e-90
2.51667e-90
4.77501e-90
-6.23966e-90
-1.45194e-89
1.45777e-89
4.31939e-89
-3.11351e-89
-1.25401e-88
5.65736e-89
3.54306e-88
-6.66212e-89
-9.70944e-88
-7.45934e-89
2.56962e-87
9.10452e-88
-6.52835e-87
-4.31093e-87
1.57811e-86
1.61183e-86
-3.57758e-86
-5.32466e-86
7.40571e-86
1.61404e-85
-1.31827e-85
-4.55781e-85
1.65285e-85
1.20477e-84
4.74979e-86
-2.97455e-84
-1.29992e-84
6.7944e-84
5.99148e-84
-1.40472e-83
-2.05637e-83
2.4969e-83
6.05424e-83
-3.24354e-83
-1.59175e-82
2.63276e-84
3.77132e-82
1.75593e-82
-7.96553e-82
-8.04997e-82
1.44101e-81
2.59629e-81
-1.96287e-81
-6.97455e-81
7.43573e-82
1.62183e-80
7.2287e-81
-3.24275e-80
-3.44624e-80
5.25528e-80
1.06845e-79
-5.34487e-80
-2.66619e-79
-4.3098e-80
5.54926e-79
4.34807e-79
-9.28543e-79
-1.51997e-78
1.02155e-78
3.90011e-78
3.69163e-79
-8.00628e-78
-6.10448e-78
1.26868e-77
2.13719e-77
-1.17099e-77
-5.23909e-77
-1.25701e-77
9.8719e-77
9.63112e-77
-1.31572e-76
-2.91374e-76
5.135e-77
6.24629e-76
3.65777e-76
-9.70128e-76
-1.46904e-75
7.88407e-76
3.51232e-75
1.20929e-75
-5.91793e-75
-7.08946e-75
5.77951e-75
1.84212e-74
3.97021e-75
-3.2096e-74
-3.43755e-74
3.22657e-74
9.26581e-74
1.81853e-74
-1.59019e-73
-1.72366e-73
1.46653e-73
4.50981e-73
1.28784e-73
-7.19719e-73
-8.88166e-73
5.14808e-73
2.10034e-72
1.0016e-72
-2.89069e-72
-4.53018e-72
9.44925e-73
9.06581e-72
6.99858e-72
-9.47482e-72
-2.17145e-71
-4.41835e-72
3.41651e-71
4.17708e-71
-1.84428e-71
-9.20235e-71
-6.10422e-71
9.84816e-71
2.07671e-70
4.38805e-71
-3.14146e-70
-4.05453e-70
1.13189e-70
8.17236e-70
6.80418e-70
-6.64565e-70
-1.8807e-69
-9.20892e-70
2.18057e-69
3.96752e-69
7.27525e-70
-5.87068e-69
-7.82929e-69
9.81018e-70
1.42186e-68
1.46569e-68
-6.79202e-69
-3.22469e-68
-2.63526e-68
2.24723e-68
7.00806e-68
4.61393e-68
-6.02866e-68
-1.48236e-67
-8.01507e-68
1.45405e-67
3.08667e-67
1.41831e-67
-3.27829e-67
-6.37956e-67
-2.64094e-67
7.03348e-67
1.31576e-66
5.321e-67
-1.44681e-66
-2.71439e-66
-1.16849e-66
2.85445e-66
5.59757e-66
2.74645e-66
-5.36443e-66
-1.14979e-65
-6.69931e-66
9.43774e-66
2.33781e-65
1.64796e-65
-1.49452e-65
-4.66305e-65
-4.00405e-65
1.91304e-65
9.0122e-65
9.4744e-65
-1.0967e-65
-1.65772e-64
-2.1601e-64
-4.26579e-65
2.81764e-64
4.6971e-64
2.27144e-64
-4.1649e-64
-9.61743e-64
-7.38025e-64
4.44371e-64
1.81778e-63
1.9718e-63
4.03936e-65
-3.05544e-63
-4.61519e-63
-2.07697e-63
4.1696e-63
9.56703e-63
7.89937e-63
-3.10001e-63
-1.7203e-62
-2.14575e-62
-5.8332e-63
2.48781e-62
4.77617e-62
3.49993e-62
-2.07951e-62
-8.78736e-62
-1.05356e-61
-2.74616e-62
1.22996e-61
2.38971e-61
1.8686e-61
-7.86798e-62
-4.21996e-61
-5.55996e-61
-2.31819e-61
5.0375e-61
1.18776e-60
1.14363e-60
-6.26914e-63
-1.82294e-60
-2.99962e-60
-2.07704e-60
1.30796e-60
5.47714e-60
7.08268e-60
3.18163e-60
-5.90098e-60
-1.50194e-59
-1.60471e-59
-3.35772e-60
1.98239e-59
3.92214e-59
3.56355e-59
-1.26357e-60
-5.90078e-59
-1.0001e-58
-7.92279e-59
2.19425e-59
1.64861e-58
2.53248e-58
1.80462e-58
-8.7885e-59
-4.43928e-58
-6.44257e-58
-4.3089e-58
2.67023e-58
1.1674e-57
1.65809e-57
1.09659e-57
-6.94199e-58
-3.014e-57
-4.32723e-57
-2.98436e-57
1.55163e-57
7.63371e-57
1.14271e-56
8.58621e-57
-2.70232e-57
-1.88366e-56
-3.03433e-56
-2.55882e-56
1.71824e-57
4.46172e-56
8.02241e-56
7.72821e-56
1.43396e-56
-9.85508e-56
-2.08346e-55
-2.32009e-55
-9.89486e-56
1.90331e-55
5.21709e-55
6.80798e-55
4.45581e-55
-2.60162e-55
-1.22432e-54
-1.9208e-54
-1.68777e-54
-1.07724e-55
2.5526e-54
5.10826e-54
5.71079e-54
2.71062e-54
-4.09229e-54
-1.24191e-53
-1.75274e-53
-1.38892e-53
1.57983e-54
2.59415e-53
4.8451e-53
5.28269e-53
2.45541e-53
-3.84696e-53
-1.16795e-52
-1.68605e-52
-1.42827e-52
-6.32656e-54
2.23483e-52
4.57938e-52
5.48713e-52
3.44329e-52
-2.16034e-52
-1.00672e-51
-1.67593e-51
-1.72154e-51
-7.07527e-52
1.42386e-51
4.07466e-51
5.9385e-51
5.34494e-51
1.0425e-51
-6.77315e-51
-1.5645e-50
-2.08726e-50
-1.68755e-50
5.01116e-53
2.83165e-50
5.85479e-50
7.40355e-50
5.57547e-50
-8.04118e-51
-1.10241e-49
-2.16659e-49
-2.68e-49
-1.97421e-49
3.62243e-50
4.08061e-49
7.97794e-49
9.94641e-49
7.56014e-49
-7.77438e-50
-1.4394e-48
-2.92159e-48
-3.77594e-48
-3.09807e-48
-2.19463e-49
4.77017e-48
1.05649e-47
1.45354e-47
1.32602e-47
3.83065e-48
-1.42487e-47
-3.71721e-47
-5.59516e-47
-5.76674e-47
-2.96057e-47
3.39421e-47
1.23954e-46
2.11367e-46
2.485e-46
1.80946e-46
-2.90843e-47
-3.72121e-46
-7.63966e-46
-1.03725e-45
-9.68938e-46
-3.54278e-46
8.78159e-46
2.53918e-45
4.09346e-45
4.68562e-45
3.3405e-45
-6.41411e-46
-7.15151e-45
-1.4766e-44
-2.05229e-44
-2.02828e-44
-9.89782e-45
1.28088e-44
4.56315e-44
7.99693e-44
1.0042e-43
8.72699e-44
2.27107e-44
-9.95076e-44
-2.63054e-43
-4.20694e-43
-4.94312e-43
-3.89002e-43
-2.4628e-44
6.17253e-43
1.44137e-42
2.20122e-42
2.5027e-42
1.87588e-42
-6.92648e-44
-3.41269e-42
-7.66795e-42
-1.15926e-41
-1.31934e-41
-1.00609e-41
-1.2006e-43
1.72306e-41
3.98024e-41
6.15532e-41
7.24037e-41
5.96287e-41
1.13536e-41
-7.78108e-41
-1.99816e-40
-3.26834e-40
-4.08566e-40
-3.76874e-40
-1.6107e-40
2.84789e-40
9.45034e-40
1.70396e-39
2.32011e-39
2.43246e-39
1.61905e-39
-4.77842e-40
-3.96137e-39
-8.45257e-39
-1.28875e-38
-1.54353e-38
-1.36568e-38
-5.01336e-39
1.22138e-38
3.76512e-38
6.7434e-38
9.31201e-38
1.0155e-37
7.63938e-38
2.02087e-39
-1.30046e-37
-3.12625e-37
-5.13942e-37
-6.71251e-37
-6.91199e-37
-4.61698e-37
1.20575e-37
1.10558e-36
2.4317e-36
3.86486e-36
4.95451e-36
5.03465e-36
3.30245e-36
-9.96196e-37
-8.26035e-36
-1.8125e-35
-2.90151e-35
-3.77905e-35
-3.96685e-35
-2.86591e-35
1.26007e-36
5.40779e-35
1.28833e-34
2.16191e-34
2.95301e-34
3.32159e-34
2.81169e-34
9.1754e-35
-2.78407e-34
-8.42904e-34
-1.56015e-33
-2.30512e-33
-2.84697e-33
-2.84429e-33
-1.87246e-33
5.01284e-34
4.58343e-33
1.0358e-32
1.72443e-32
2.38494e-32
2.77886e-32
2.56814e-32
1.3455e-32
-1.29047e-32
-5.60473e-32
-1.15376e-31
-1.84726e-31
-2.49965e-31
-2.87192e-31
-2.62503e-31
-1.34609e-31
1.3833e-31
5.86455e-31
1.21002e-30
1.95607e-30
2.69287e-30
3.18773e-30
3.09726e-30
1.9823e-30
-6.37914e-31
-5.17774e-30
-1.18126e-29
-2.02411e-29
-2.93987e-29
-3.71649e-29
-4.01409e-29
-3.36132e-29
-1.18549e-29
3.10569e-29
9.97331e-29
1.95152e-28
3.11527e-28
4.32569e-28
5.27689e-28
5.49093e-28
4.3122e-28
9.45065e-29
-5.44192e-28
-1.55206e-27
-2.94968e-27
-4.6686e-27
-6.49879e-27
-8.03171e-27
-8.60987e-27
-7.30085e-27
-2.92118e-27
5.85689e-27
2.0278e-26
4.1118e-26
6.81114e-26
9.91877e-26
1.29552e-25
1.50713e-25
1.49655e-25
1.08456e-25
4.80738e-27
-1.85998e-25
-4.86914e-25
-9.12126e-25
-1.45655e-24
-2.08156e-24
-2.69734e-24
-3.14316e-24
-3.16867e-24
-2.42102e-24
-4.45617e-25
3.28915e-24
9.32978e-24
1.81224e-23
2.98285e-23
4.40569e-23
5.95064e-23
7.35253e-23
8.16181e-23
7.69649e-23
5.00676e-23
-1.13032e-23
-1.21607e-22
-2.96148e-22
-5.48394e-22
-8.85531e-22
-1.30178e-21
-1.76908e-21
-2.22497e-21
-2.5579e-21
-2.59095e-21
-2.06596e-21
-6.31661e-22
2.15877e-21
6.83253e-21
1.39535e-20
2.40356e-20
3.73964e-20
5.39308e-20
7.27858e-20
9.19182e-20
1.07528e-19
1.13376e-19
1.00015e-19
5.4024e-20
-4.26248e-20
-2.12831e-19
-4.83923e-19
-8.86018e-19
-1.44853e-18
-2.19393e-18
-3.12779e-18
-4.22365e-18
-5.40163e-18
-6.49908e-18
-7.23239e-18
-7.14928e-18
-5.57217e-18
-1.53571e-18
6.27719e-18
1.95866e-17
4.05472e-17
7.17072e-17
1.15926e-16
1.76015e-16
2.54486e-16
3.5217e-16
4.68348e-16
5.95578e-16
7.24781e-16
8.23759e-16
8.71998e-16
7.67763e-16
5.01009e-16
-2.201e-16
-1.2952e-15
-3.42857e-15
-6.4085e-15
-1.07646e-14
-1.92961e-14
-2.229e-14
-5.39019e-14
)
;

boundaryField
{
    sides
    {
        type            zeroGradient;
    }
    empty
    {
        type            empty;
    }
}


// ************************************************************************* //
