/*--------------------------------*- C++ -*----------------------------------*\
  =========                 |
  \\      /  F ield         | OpenFOAM: The Open Source CFD Toolbox
   \\    /   O peration     | Website:  https://openfoam.org
    \\  /    A nd           | Version:  7
     \\/     M anipulation  |
\*---------------------------------------------------------------------------*/
FoamFile
{
    version     2.0;
    format      ascii;
    class       volScalarField;
    location    "0.72";
    object      T;
}
// * * * * * * * * * * * * * * * * * * * * * * * * * * * * * * * * * * * * * //

dimensions      [0 0 0 1 0 0 0];

internalField   nonuniform List<scalar> 
1000
(
0
0
0
0
0
0
0
0
0
0
0
0
0
0
0
0
0
0
0
0
0
0
0
0
0
0
0
0
0
0
0
0
0
0
0
0
0
0
0
0
0
0
0
0
0
0
0
0
0
0
0
0
0
0
0
0
0
0
0
0
0
0
0
0
0
0
0
0
0
0
0
0
0
0
0
0
0
0
0
0
0
0
0
0
0
0
0
0
0
0
0
0
0
0
0
0
0
0
0
0
0
0
0
0
0
0
0
0
0
0
0
0
0
0
0
0
0
0
0
0
0
0
0
0
0
0
0
0
0
0
0
0
0
0
0
0
0
0
0
0
0
0
0
0
0
0
0
0
0
0
0
0
0
0
0
0
0
0
0
0
0
0
0
0
0
0
0
0
0
0
0
0
0
0
0
0
0
0
0
0
0
0
0
0
0
0
0
0
0
0
0
0
0
0
0
0
0
0
0
0
0
0
0
0
0
0
0
0
0
0
0
0
0
0
0
0
0
0
0
0
0
0
0
0
0
0
0
0
0
0
0
0
0
0
0
0
0
0
0
0
0
0
0
0
0
0
0
0
0
0
0
0
0
0
0
0
0
0
0
0
0
0
0
0
0
0
0
0
0
0
0
0
0
0
0
0
0
0
0
0
0
0
0
0
0
0
0
0
0
0
0
0
0
0
0
0
0
0
0
0
0
0
0
0
0
0
0
0
0
1.42291e-321
1.40458e-317
1.37403e-313
1.33397e-309
1.28505e-305
1.22812e-301
1.1642e-297
1.09447e-293
1.02018e-289
9.42681e-286
8.63318e-282
7.83432e-278
7.04298e-274
6.27095e-270
5.52871e-266
4.82521e-262
4.16768e-258
3.56154e-254
3.01035e-250
2.51595e-246
2.07852e-242
1.69679e-238
1.36827e-234
1.08951e-230
8.56314e-227
6.64063e-223
5.07896e-219
3.82946e-215
2.84508e-211
2.08177e-207
1.49944e-203
1.06253e-199
7.40331e-196
5.06887e-192
3.40814e-188
2.24878e-184
1.45505e-180
9.22522e-177
5.72637e-173
3.47696e-169
2.06312e-165
1.19512e-161
6.75121e-158
3.71467e-154
1.98826e-150
1.0338e-146
5.21376e-143
2.54629e-139
1.20204e-135
5.47433e-132
2.39988e-128
1.01029e-124
4.07309e-121
1.56788e-117
5.74289e-114
1.99385e-110
6.53233e-107
2.00922e-103
5.76712e-100
1.53381e-96
3.7475e-93
8.32353e-90
1.6586e-86
2.91495e-83
4.41582e-80
5.58093e-77
5.59571e-74
4.07243e-71
1.75163e-68
1.26147e-66
-1.60987e-63
3.26434e-61
-3.77898e-59
3.07011e-57
-1.91314e-55
9.61442e-54
-4.02452e-52
1.4352e-50
-4.43324e-49
1.20125e-47
-2.88372e-46
6.18167e-45
-1.19085e-43
2.07227e-42
-3.27114e-41
4.69981e-40
-6.16241e-39
7.38922e-38
-8.11443e-37
8.168e-36
-7.53891e-35
6.37829e-34
-4.9416e-33
3.49944e-32
-2.25858e-31
1.32279e-30
-6.98497e-30
3.29323e-29
-1.36497e-28
4.84087e-28
-1.38977e-27
2.76032e-27
-8.46921e-28
-2.15566e-26
1.06779e-25
-2.76846e-25
2.41081e-25
1.30267e-24
-6.61007e-24
1.27895e-23
7.04246e-24
-1.11593e-22
2.68947e-22
2.25305e-23
-1.78462e-21
4.03122e-21
1.99492e-21
-2.7742e-20
4.11584e-20
8.1476e-20
-3.54335e-19
1.04498e-19
1.66247e-18
-2.6146e-18
-5.0282e-18
1.75149e-17
6.70363e-18
-8.37326e-17
3.20247e-17
3.3478e-16
-3.13756e-16
-1.20918e-15
1.67484e-15
4.18086e-15
-7.1016e-15
-1.45066e-14
2.59546e-14
5.17995e-14
-8.28467e-14
-1.8878e-13
2.2235e-13
6.77248e-13
-4.29318e-13
-2.2766e-12
9.31312e-14
6.76242e-12
4.13728e-12
-1.62098e-11
-2.40178e-11
2.42781e-11
8.5937e-11
1.72691e-11
-2.05224e-10
-2.60538e-10
2.25526e-10
9.05279e-10
5.50411e-10
-1.47532e-09
-3.24461e-09
-9.83486e-10
6.1021e-09
1.1177e-08
3.10347e-09
-2.01729e-08
-3.92571e-08
-2.04473e-08
5.09784e-08
1.33017e-07
1.27554e-07
-5.17042e-08
-3.68372e-07
-5.94463e-07
-3.82466e-07
4.89562e-07
1.79837e-06
2.70023e-06
1.93693e-06
-1.47946e-06
-7.27508e-06
-1.30779e-05
-1.4355e-05
-5.64138e-06
1.68169e-05
5.14882e-05
8.81668e-05
0.000106333
7.6887e-05
-3.15046e-05
-0.000241056
-0.000549163
-0.000910137
-0.00121702
-0.00128657
-0.000850339
0.000445735
0.00303203
0.00739624
0.014056
0.0235255
0.0362795
0.0527179
0.0731349
0.0976943
0.126415
0.159164
0.195663
0.235503
0.278161
0.323033
0.369457
0.416749
0.464231
0.511254
0.557223
0.601614
0.643983
0.683978
0.721333
0.755871
0.787497
0.81619
0.84199
0.864992
0.88533
0.903171
0.918703
0.932124
0.943639
0.953452
0.961757
0.968742
0.974579
0.979427
0.983431
0.986719
0.989403
0.991583
0.993344
0.994759
0.995891
0.996792
0.997505
0.998068
0.998509
0.998854
0.999123
0.999331
0.999491
0.999615
0.999709
0.999781
0.999836
0.999877
0.999909
0.999932
0.99995
0.999963
0.999973
0.99998
0.999985
0.999989
0.999992
0.999994
0.999996
0.999997
0.999998
0.999998
0.999999
0.999999
1
1
1
1
0.999999
0.999998
0.999997
0.999998
1
1.00001
1.00001
1.00001
1.00001
0.999983
0.999949
0.999912
0.999894
0.999923
1.00003
1.00024
1.00055
1.00091
1.00122
1.00129
1.00085
0.999554
0.996968
0.992604
0.985944
0.976475
0.963721
0.947282
0.926865
0.902306
0.873585
0.840836
0.804337
0.764497
0.721839
0.676967
0.630543
0.583251
0.535769
0.488746
0.442777
0.398386
0.356017
0.316022
0.278667
0.244129
0.212503
0.18381
0.15801
0.135008
0.11467
0.0968289
0.0812973
0.067876
0.0563605
0.0465483
0.0382429
0.0312583
0.0254212
0.0205725
0.0165686
0.0132811
0.0105969
0.00841707
0.0066561
0.00524079
0.00410894
0.00320818
0.0024947
0.00193216
0.00149064
0.00114561
0.000877139
0.000669115
0.000508586
0.000385203
0.000290741
0.000218697
0.000163955
0.000122513
9.12509e-05
6.77516e-05
5.01478e-05
3.70049e-05
2.72247e-05
1.99705e-05
1.46069e-05
1.06535e-05
7.74836e-06
5.61998e-06
4.06524e-06
2.9328e-06
2.1103e-06
1.51457e-06
1.08426e-06
7.74282e-07
5.51568e-07
3.91969e-07
2.7789e-07
1.96553e-07
1.38703e-07
9.76582e-08
6.86059e-08
4.80904e-08
3.36368e-08
2.34771e-08
1.63515e-08
1.13651e-08
7.88315e-09
5.45696e-09
3.76998e-09
2.59942e-09
1.78886e-09
1.2287e-09
8.42366e-10
5.76435e-10
3.93736e-10
2.68458e-10
1.82714e-10
1.24138e-10
8.41951e-11
5.70063e-11
3.85323e-11
2.60017e-11
1.75171e-11
1.17819e-11
7.91176e-12
5.30444e-12
3.55079e-12
2.37322e-12
1.58374e-12
1.0553e-12
7.02132e-13
4.66465e-13
3.09447e-13
2.04987e-13
1.35597e-13
8.95691e-14
5.90831e-14
3.89197e-14
2.56026e-14
1.68195e-14
1.10348e-14
7.23013e-15
4.73108e-15
3.09182e-15
2.01797e-15
1.31543e-15
8.56409e-16
5.56874e-16
3.61662e-16
2.34598e-16
1.51994e-16
9.83587e-17
6.35759e-17
4.10457e-17
2.64695e-17
1.70502e-17
1.09705e-17
7.0508e-18
4.5266e-18
2.9029e-18
1.85962e-18
1.19001e-18
7.60704e-19
4.85765e-19
3.09874e-19
1.97468e-19
1.25709e-19
7.99459e-20
5.07916e-20
3.22372e-20
2.04407e-20
1.29483e-20
8.19427e-21
5.18076e-21
3.27239e-21
2.06504e-21
1.30194e-21
8.20068e-22
5.16076e-22
3.24477e-22
2.03829e-22
1.27926e-22
8.0218e-23
5.02578e-23
3.14601e-23
1.96763e-23
1.22958e-23
7.67718e-24
4.78943e-24
2.98542e-24
1.85939e-24
1.15712e-24
7.19511e-25
4.4704e-25
2.7753e-25
1.72159e-25
1.06711e-25
6.60922e-26
4.09032e-26
2.52948e-26
1.56307e-26
9.65151e-27
5.9551e-27
3.67164e-27
2.26211e-27
1.39267e-27
8.56781e-28
5.26719e-28
3.23577e-28
1.98642e-28
1.21859e-28
7.47038e-29
4.57643e-29
2.80165e-29
1.71397e-29
1.04785e-29
6.40185e-30
3.9086e-30
2.38479e-30
1.4541e-30
8.86043e-31
5.39553e-31
3.28348e-31
1.99691e-31
1.21369e-31
7.37196e-32
4.47494e-32
2.7147e-32
1.64585e-32
9.97225e-33
6.03854e-33
3.65434e-33
2.21018e-33
1.33594e-33
8.07029e-34
4.87233e-34
2.9399e-34
1.77287e-34
1.06849e-34
6.43603e-35
3.87453e-35
2.33118e-35
1.40181e-35
8.42482e-36
5.0605e-36
3.038e-36
1.82283e-36
1.09312e-36
6.55175e-37
3.92477e-37
2.34986e-37
1.40617e-37
8.41027e-38
5.02752e-38
3.00382e-38
1.79378e-38
1.07064e-38
6.38703e-39
3.80832e-39
2.26961e-39
1.35192e-39
8.04894e-40
4.78973e-40
2.84886e-40
1.69364e-40
1.00638e-40
5.9771e-41
3.54825e-41
2.10539e-41
1.24866e-41
7.40209e-42
4.38593e-42
2.59757e-42
1.53771e-42
9.09874e-43
5.38135e-43
3.1813e-43
1.87985e-43
1.11032e-43
6.55509e-44
3.86828e-44
2.28174e-44
1.34532e-44
7.92859e-45
4.67067e-45
2.75027e-45
1.61878e-45
9.52387e-46
5.60089e-46
3.29244e-46
1.93463e-46
1.13631e-46
6.67144e-47
3.91527e-47
2.29682e-47
1.34684e-47
7.8946e-48
4.62562e-48
2.70917e-48
1.5861e-48
9.28223e-49
5.43005e-49
3.17531e-49
1.85609e-49
1.08454e-49
6.33466e-50
3.69859e-50
2.15866e-50
1.25941e-50
7.34491e-51
4.28197e-51
2.4954e-51
1.4537e-51
8.46543e-52
4.92793e-52
2.86762e-52
1.6681e-52
9.69983e-53
5.63834e-53
3.27629e-53
1.9031e-53
1.10506e-53
6.4144e-54
3.72199e-54
2.15895e-54
1.25187e-54
7.25652e-55
4.20482e-55
2.43567e-55
1.4104e-55
8.16428e-56
4.72442e-56
2.73296e-56
1.58043e-56
9.13631e-57
5.27988e-57
3.05025e-57
1.76159e-57
1.01703e-57
5.86977e-58
3.38664e-58
1.95334e-58
1.12629e-58
6.49204e-59
3.74091e-59
2.15495e-59
1.24097e-59
7.14412e-60
4.11153e-60
2.3655e-60
1.36054e-60
7.82284e-61
4.49663e-61
2.58391e-61
1.48436e-61
8.52449e-62
4.89405e-62
2.80893e-62
1.6117e-62
9.24483e-63
5.30136e-63
3.03913e-63
1.74174e-63
9.97918e-64
5.71584e-64
3.27296e-64
1.8736e-64
1.07224e-64
6.13456e-65
3.50875e-65
2.00632e-65
1.1469e-65
6.55439e-66
3.74471e-66
2.13887e-66
1.22133e-66
6.97208e-67
3.979e-67
2.27022e-67
1.29493e-67
7.38425e-68
4.2097e-68
2.39928e-68
1.36709e-68
7.78748e-69
4.4349e-69
2.52498e-69
1.4372e-69
8.17836e-70
4.65267e-70
2.64623e-70
1.50467e-70
8.55351e-71
4.86114e-71
2.76199e-71
1.5689e-71
8.90969e-72
5.05848e-72
2.87124e-72
1.62934e-72
9.24376e-73
5.24298e-73
2.97305e-73
1.68546e-73
9.55284e-74
5.41303e-74
3.06651e-74
1.73678e-74
9.83425e-75
5.56718e-75
3.15084e-75
1.78285e-75
1.00856e-75
5.70392e-76
3.22972e-76
1.72424e-76
)
;

boundaryField
{
    sides
    {
        type            zeroGradient;
    }
    empty
    {
        type            empty;
    }
}


// ************************************************************************* //
