/*--------------------------------*- C++ -*----------------------------------*\
  =========                 |
  \\      /  F ield         | OpenFOAM: The Open Source CFD Toolbox
   \\    /   O peration     | Website:  https://openfoam.org
    \\  /    A nd           | Version:  7
     \\/     M anipulation  |
\*---------------------------------------------------------------------------*/
FoamFile
{
    version     2.0;
    format      ascii;
    class       volScalarField;
    location    "2.34";
    object      T;
}
// * * * * * * * * * * * * * * * * * * * * * * * * * * * * * * * * * * * * * //

dimensions      [0 0 0 1 0 0 0];

internalField   nonuniform List<scalar> 
1000
(
0.00210911
0.00210928
0.00210964
0.00211018
0.00211091
0.00211181
0.00211291
0.0021142
0.00211567
0.00211734
0.00211921
0.00212127
0.00212353
0.00212599
0.00212866
0.00213152
0.0021346
0.00213789
0.00214138
0.00214509
0.00214901
0.00215316
0.00215752
0.0021621
0.0021669
0.00217194
0.0021772
0.00218269
0.00218841
0.00219437
0.00220056
0.00220699
0.00221367
0.00222059
0.00222776
0.00223517
0.00224284
0.00225076
0.00225894
0.00226737
0.00227607
0.00228503
0.00229426
0.00230375
0.00231352
0.00232356
0.00233388
0.00234447
0.00235535
0.00236652
0.00237797
0.00238971
0.00240174
0.00241407
0.0024267
0.00243962
0.00245286
0.0024664
0.00248025
0.00249441
0.00250889
0.00252368
0.0025388
0.00255424
0.00257001
0.00258611
0.00260255
0.00261932
0.00263643
0.00265389
0.00267169
0.00268984
0.00270835
0.00272721
0.00274643
0.00276601
0.00278596
0.00280628
0.00282697
0.00284804
0.00286948
0.00289132
0.00291353
0.00293614
0.00295914
0.00298254
0.00300634
0.00303054
0.00305516
0.00308018
0.00310562
0.00313148
0.00315776
0.00318447
0.00321161
0.00323919
0.0032672
0.00329565
0.00332455
0.00335391
0.00338371
0.00341398
0.0034447
0.00347589
0.00350756
0.00353969
0.00357231
0.00360541
0.00363899
0.00367307
0.00370764
0.00374271
0.00377829
0.00381437
0.00385097
0.00388808
0.00392571
0.00396388
0.00400257
0.00404179
0.00408156
0.00412187
0.00416273
0.00420414
0.00424611
0.00428864
0.00433174
0.00437541
0.00441966
0.00446449
0.0045099
0.00455591
0.00460251
0.00464971
0.00469752
0.00474594
0.00479498
0.00484464
0.00489492
0.00494583
0.00499738
0.00504957
0.0051024
0.00515589
0.00521003
0.00526484
0.00532031
0.00537645
0.00543327
0.00549078
0.00554897
0.00560785
0.00566744
0.00572773
0.00578872
0.00585044
0.00591287
0.00597603
0.00603992
0.00610455
0.00616992
0.00623604
0.00630292
0.00637055
0.00643895
0.00650812
0.00657807
0.0066488
0.00672032
0.00679263
0.00686574
0.00693966
0.00701439
0.00708994
0.00716631
0.00724351
0.00732155
0.00740043
0.00748015
0.00756073
0.00764217
0.00772447
0.00780765
0.0078917
0.00797664
0.00806247
0.00814919
0.00823681
0.00832535
0.0084148
0.00850517
0.00859646
0.00868869
0.00878186
0.00887598
0.00897104
0.00906707
0.00916406
0.00926202
0.00936096
0.00946088
0.00956179
0.0096637
0.00976662
0.00987054
0.00997548
0.0100814
0.0101884
0.0102964
0.0104055
0.0105156
0.0106268
0.010739
0.0108523
0.0109667
0.0110821
0.0111987
0.0113163
0.011435
0.0115549
0.0116758
0.0117979
0.0119211
0.0120454
0.0121709
0.0122975
0.0124253
0.0125542
0.0126843
0.0128156
0.012948
0.0130816
0.0132164
0.0133525
0.0134897
0.0136281
0.0137678
0.0139086
0.0140507
0.0141941
0.0143387
0.0144845
0.0146316
0.01478
0.0149296
0.0150805
0.0152327
0.0153861
0.0155409
0.015697
0.0158544
0.016013
0.0161731
0.0163344
0.0164971
0.0166611
0.0168264
0.0169931
0.0171612
0.0173306
0.0175015
0.0176736
0.0178472
0.0180221
0.0181985
0.0183762
0.0185554
0.018736
0.018918
0.0191014
0.0192862
0.0194725
0.0196602
0.0198494
0.02004
0.0202321
0.0204257
0.0206207
0.0208172
0.0210152
0.0212147
0.0214156
0.0216181
0.0218221
0.0220276
0.0222346
0.0224431
0.0226531
0.0228647
0.0230778
0.0232925
0.0235087
0.0237265
0.0239458
0.0241667
0.0243891
0.0246131
0.0248387
0.0250659
0.0252947
0.025525
0.025757
0.0259905
0.0262257
0.0264625
0.0267008
0.0269408
0.0271824
0.0274257
0.0276706
0.0279171
0.0281652
0.028415
0.0286664
0.0289195
0.0291742
0.0294306
0.0296887
0.0299484
0.0302098
0.0304728
0.0307376
0.031004
0.031272
0.0315418
0.0318133
0.0320864
0.0323612
0.0326378
0.032916
0.0331959
0.0334775
0.0337609
0.0340459
0.0343326
0.0346211
0.0349113
0.0352031
0.0354967
0.0357921
0.0360891
0.0363879
0.0366883
0.0369905
0.0372945
0.0376001
0.0379075
0.0382166
0.0385274
0.03884
0.0391543
0.0394704
0.0397881
0.0401076
0.0404288
0.0407518
0.0410765
0.0414029
0.0417311
0.0420609
0.0423926
0.0427259
0.043061
0.0433978
0.0437363
0.0440766
0.0444186
0.0447623
0.0451077
0.0454549
0.0458038
0.0461544
0.0465067
0.0468607
0.0472165
0.0475739
0.0479331
0.0482939
0.0486565
0.0490208
0.0493867
0.0497544
0.0501237
0.0504948
0.0508675
0.0512419
0.051618
0.0519957
0.0523752
0.0527563
0.053139
0.0535234
0.0539095
0.0542972
0.0546866
0.0550776
0.0554702
0.0558644
0.0562603
0.0566578
0.0570569
0.0574577
0.05786
0.0582639
0.0586694
0.0590765
0.0594851
0.0598954
0.0603072
0.0607205
0.0611354
0.0615519
0.0619698
0.0623893
0.0628104
0.0632329
0.0636569
0.0640825
0.0645095
0.064938
0.065368
0.0657994
0.0662323
0.0666666
0.0671024
0.0675396
0.0679782
0.0684182
0.0688597
0.0693025
0.0697467
0.0701922
0.0706391
0.0710874
0.071537
0.0719879
0.0724402
0.0728937
0.0733485
0.0738047
0.0742621
0.0747207
0.0751806
0.0756417
0.0761041
0.0765677
0.0770324
0.0774984
0.0779655
0.0784338
0.0789032
0.0793738
0.0798455
0.0803183
0.0807921
0.0812671
0.0817431
0.0822202
0.0826984
0.0831775
0.0836577
0.0841388
0.084621
0.0851041
0.0855881
0.0860731
0.086559
0.0870458
0.0875335
0.0880221
0.0885115
0.0890018
0.0894929
0.0899848
0.0904774
0.0909709
0.0914651
0.0919601
0.0924558
0.0929522
0.0934493
0.093947
0.0944455
0.0949445
0.0954442
0.0959445
0.0964453
0.0969467
0.0974487
0.0979512
0.0984542
0.0989577
0.0994617
0.0999661
0.100471
0.100976
0.101482
0.101988
0.102494
0.103001
0.103508
0.104015
0.104523
0.105031
0.105539
0.106047
0.106556
0.107065
0.107573
0.108082
0.108592
0.109101
0.10961
0.110119
0.110629
0.111138
0.111647
0.112157
0.112666
0.113175
0.113684
0.114193
0.114702
0.11521
0.115719
0.116227
0.116735
0.117242
0.11775
0.118257
0.118764
0.11927
0.119776
0.120282
0.120787
0.121292
0.121796
0.1223
0.122803
0.123306
0.123808
0.12431
0.124811
0.125311
0.125811
0.12631
0.126809
0.127306
0.127803
0.128299
0.128795
0.129289
0.129783
0.130276
0.130767
0.131258
0.131748
0.132238
0.132726
0.133213
0.133699
0.134184
0.134668
0.13515
0.135632
0.136112
0.136592
0.13707
0.137547
0.138022
0.138497
0.13897
0.139441
0.139912
0.140381
0.140848
0.141314
0.141779
0.142242
0.142704
0.143164
0.143623
0.14408
0.144535
0.144989
0.145441
0.145892
0.14634
0.146787
0.147233
0.147676
0.148118
0.148558
0.148996
0.149433
0.149867
0.1503
0.15073
0.151159
0.151585
0.15201
0.152433
0.152853
0.153272
0.153688
0.154102
0.154515
0.154925
0.155332
0.155738
0.156141
0.156542
0.156941
0.157338
0.157732
0.158124
0.158513
0.1589
0.159285
0.159667
0.160047
0.160424
0.160799
0.161172
0.161541
0.161909
0.162273
0.162635
0.162995
0.163352
0.163706
0.164057
0.164406
0.164752
0.165095
0.165436
0.165774
0.166109
0.166441
0.16677
0.167097
0.16742
0.167741
0.168059
0.168373
0.168685
0.168994
0.1693
0.169603
0.169903
0.1702
0.170494
0.170784
0.171072
0.171357
0.171638
0.171916
0.172191
0.172463
0.172732
0.172998
0.17326
0.173519
0.173775
0.174028
0.174277
0.174523
0.174766
0.175006
0.175242
0.175474
0.175704
0.17593
0.176153
0.176372
0.176588
0.1768
0.177009
0.177215
0.177417
0.177616
0.177811
0.178003
0.178191
0.178375
0.178557
0.178734
0.178908
0.179079
0.179246
0.179409
0.179569
0.179726
0.179878
0.180027
0.180173
0.180315
0.180453
0.180588
0.180719
0.180846
0.18097
0.18109
0.181206
0.181319
0.181428
0.181533
0.181635
0.181733
0.181828
0.181918
0.182005
0.182088
0.182168
0.182244
0.182316
0.182385
0.182449
0.18251
0.182568
0.182621
0.182671
0.182717
0.18276
0.182799
0.182834
0.182865
0.182893
0.182917
0.182937
0.182953
0.182966
0.182975
0.182981
0.182982
0.18298
0.182975
0.182965
0.182952
0.182935
0.182915
0.182891
0.182863
0.182832
0.182797
0.182758
0.182715
0.182669
0.18262
0.182567
0.18251
0.182449
0.182385
0.182317
0.182246
0.182171
0.182093
0.182011
0.181926
0.181837
0.181744
0.181648
0.181548
0.181445
0.181339
0.181229
0.181115
0.180998
0.180878
0.180754
0.180627
0.180497
0.180363
0.180225
0.180085
0.179941
0.179794
0.179643
0.179489
0.179332
0.179171
0.179008
0.178841
0.178671
0.178498
0.178321
0.178142
0.177959
0.177773
0.177584
0.177392
0.177197
0.176999
0.176798
0.176593
0.176386
0.176176
0.175963
0.175747
0.175529
0.175307
0.175082
0.174855
0.174625
0.174392
0.174156
0.173918
0.173676
0.173433
0.173186
0.172937
0.172685
0.172431
0.172174
0.171914
0.171652
0.171388
0.171121
0.170852
0.17058
0.170306
0.170029
0.169751
0.16947
0.169186
0.168901
0.168613
0.168323
0.168031
0.167737
0.167441
0.167142
0.166842
0.16654
0.166235
0.165929
0.165621
0.165311
0.164999
0.164686
0.16437
0.164053
0.163734
0.163414
0.163092
0.162768
0.162443
0.162116
0.161788
0.161458
0.161127
0.160794
0.16046
0.160125
0.159789
0.159451
0.159112
0.158772
0.158431
0.158089
0.157745
0.157401
0.157056
0.156709
0.156362
0.156014
0.155665
0.155316
0.154965
0.154614
0.154263
0.15391
0.153558
0.153204
0.15285
0.152496
0.152141
0.151786
0.151431
0.151075
0.150719
0.150363
0.150007
0.149651
0.149294
0.148938
0.148582
0.148225
0.147869
0.147513
0.147157
0.146802
0.146447
0.146092
0.145738
0.145384
0.14503
0.144677
0.144325
0.143973
0.143622
0.143272
0.142922
0.142574
0.142226
0.141879
0.141533
0.141189
0.140845
0.140502
0.140161
0.139821
0.139482
0.139144
0.138808
0.138474
0.13814
0.137809
0.137479
0.13715
0.136824
0.136499
0.136175
0.135854
0.135535
0.135217
0.134902
0.134589
0.134278
0.133969
0.133662
0.133358
0.133056
0.132756
0.132459
0.132164
0.131872
0.131583
0.131296
0.131013
0.130731
0.130453
0.130178
0.129906
0.129636
0.12937
0.129107
0.128847
0.128591
0.128338
0.128088
0.127842
0.127599
0.12736
0.127124
0.126892
0.126664
0.12644
0.12622
0.126003
0.125791
0.125582
0.125378
0.125178
0.124982
0.124791
0.124604
0.124421
0.124243
0.124069
0.1239
0.123736
0.123577
0.123422
0.123272
0.123127
0.122988
0.122853
0.122723
0.122599
0.12248
0.122366
0.122258
0.122155
0.122057
0.121965
0.121879
0.121799
0.121724
0.121655
0.121593
0.121536
0.121485
0.12144
0.121402
0.121369
0.121343
0.121324
0.121311
0.121304
)
;

boundaryField
{
    sides
    {
        type            zeroGradient;
    }
    empty
    {
        type            empty;
    }
}


// ************************************************************************* //
