/*--------------------------------*- C++ -*----------------------------------*\
  =========                 |
  \\      /  F ield         | OpenFOAM: The Open Source CFD Toolbox
   \\    /   O peration     | Website:  https://openfoam.org
    \\  /    A nd           | Version:  7
     \\/     M anipulation  |
\*---------------------------------------------------------------------------*/
FoamFile
{
    version     2.0;
    format      ascii;
    class       volScalarField;
    location    "1.94";
    object      T;
}
// * * * * * * * * * * * * * * * * * * * * * * * * * * * * * * * * * * * * * //

dimensions      [0 0 0 1 0 0 0];

internalField   nonuniform List<scalar> 
1000
(
0
0
0
0
0
0
0
0
0
0
0
0
0
0
0
0
0
0
0
0
0
0
0
0
0
0
0
0
0
0
0
0
0
0
0
0
0
0
0
0
0
0
0
0
0
0
0
0
0
0
0
0
0
0
0
0
0
0
0
0
0
0
0
0
0
0
0
0
0
0
0
0
0
0
0
0
0
0
0
0
0
0
0
0
0
0
0
0
0
0
0
0
0
0
0
0
0
0
0
0
0
0
0
0
0
0
0
0
0
0
0
0
0
0
0
0
0
0
0
0
0
0
0
0
0
0
0
0
0
0
0
0
0
0
0
0
0
0
0
0
0
0
0
0
0
0
0
0
0
0
0
0
0
0
0
0
0
0
0
0
0
0
0
0
0
0
0
0
0
0
0
0
0
0
0
0
0
0
0
0
0
0
0
0
0
0
0
0
0
0
0
0
0
0
0
0
0
0
0
0
0
0
0
0
0
0
0
0
0
0
0
0
0
0
0
0
0
0
0
0
0
0
0
0
0
0
0
0
0
0
0
0
0
0
0
0
0
0
0
0
0
0
0
0
0
0
0
0
0
0
0
0
0
0
0
0
4.3535e-210
-7.31533e-207
6.11109e-204
-3.38389e-201
1.39722e-198
-4.58853e-196
1.24841e-193
-2.89423e-191
5.83631e-189
-1.03991e-186
1.65762e-184
-2.38755e-182
3.13315e-180
-3.77211e-178
4.191e-176
-4.31901e-174
4.14669e-172
-3.72347e-170
3.1377e-168
-2.48893e-166
1.86353e-164
-1.32023e-162
8.86992e-161
-5.66266e-159
3.44154e-157
-1.99458e-155
1.10404e-153
-5.84494e-152
2.96351e-150
-1.44077e-148
6.72413e-147
-3.01573e-145
1.30104e-143
-5.40417e-142
2.16312e-140
-8.35021e-139
3.11103e-137
-1.11947e-135
3.89321e-134
-1.30938e-132
4.26133e-131
-1.34272e-129
4.09839e-128
-1.21241e-126
3.47771e-125
-9.67698e-124
2.61319e-122
-6.85106e-121
1.74447e-119
-4.31562e-118
1.03763e-116
-2.42546e-115
5.51358e-114
-1.21922e-112
2.62333e-111
-5.49362e-110
1.11995e-108
-2.22318e-107
4.29806e-106
-8.09429e-105
1.48516e-103
-2.65541e-102
4.62723e-101
-7.85969e-100
1.3015e-98
-2.10133e-97
3.30827e-96
-5.07939e-95
7.60616e-94
-1.11096e-92
1.58286e-91
-2.19999e-90
2.98304e-89
-3.94614e-88
5.09301e-87
-6.41319e-86
7.87905e-85
-9.44437e-84
1.1045e-82
-1.2602e-81
1.40275e-80
-1.52323e-79
1.61351e-78
-1.66709e-77
1.67996e-76
-1.65097e-75
1.5821e-74
-1.47816e-73
1.3463e-72
-1.19514e-71
1.03389e-70
-8.71401e-70
7.15405e-69
-5.71961e-68
4.45187e-67
-3.37247e-66
2.48563e-65
-1.78177e-64
1.24168e-63
-8.40863e-63
5.53066e-62
-3.53125e-61
2.18733e-60
-1.31352e-59
7.64135e-59
-4.30266e-58
2.34269e-57
-1.23203e-56
6.25037e-56
-3.05435e-55
1.43517e-54
-6.47079e-54
2.79243e-53
-1.14979e-52
4.49928e-52
-1.66448e-51
5.77978e-51
-1.86423e-50
5.49392e-50
-1.43647e-49
3.12632e-49
-4.60902e-49
-1.58315e-49
4.4188e-48
-2.01662e-47
6.14015e-47
-1.30358e-46
1.26527e-46
4.12676e-46
-2.71228e-45
8.41643e-45
-1.50619e-44
4.62364e-46
1.04393e-43
-4.02249e-43
7.79538e-43
-8.89638e-44
-4.94834e-42
1.76916e-41
-2.68548e-41
-2.76327e-41
2.62018e-40
-6.37537e-40
2.68163e-40
3.20873e-39
-1.08439e-38
1.04452e-38
3.77009e-38
-1.61741e-37
1.87287e-37
4.90843e-37
-2.26836e-36
2.42885e-36
7.51271e-36
-3.00927e-35
2.12044e-35
1.23875e-34
-3.59789e-34
7.97121e-36
1.92358e-33
-3.42879e-33
-4.35171e-33
2.50238e-32
-1.65993e-32
-1.03475e-31
2.33064e-31
2.00266e-31
-1.42468e-30
7.95665e-31
6.0182e-30
-1.06714e-29
-1.74166e-29
6.8416e-29
1.64501e-29
-3.33989e-28
2.0626e-28
1.36645e-27
-1.93951e-27
-4.82302e-27
1.16593e-26
1.46031e-26
-5.85877e-26
-3.58451e-26
2.66538e-25
5.50728e-26
-1.14153e-24
7.25547e-26
4.71354e-24
-1.08403e-24
-1.90555e-23
5.71283e-24
7.60689e-23
-2.08001e-23
-3.00386e-22
4.58896e-23
1.16753e-21
6.70337e-23
-4.41513e-21
-1.56408e-21
1.59435e-20
1.19205e-20
-5.34039e-20
-6.85062e-20
1.57571e-19
3.32604e-19
-3.60849e-19
-1.40098e-18
3.09149e-19
5.07428e-18
2.79098e-18
-1.50621e-17
-2.20667e-17
3.11494e-17
1.01979e-16
-5.45097e-18
-3.39495e-16
-3.32306e-16
7.40065e-16
1.88215e-15
-2.00538e-16
-6.17154e-15
-6.87495e-15
1.05682e-14
3.48097e-14
1.36967e-14
-8.72091e-14
-1.62838e-13
2.88317e-14
5.26752e-13
7.03098e-13
-4.69997e-13
-2.78487e-12
-3.08819e-12
2.97462e-12
1.37748e-11
1.49239e-11
-1.30578e-11
-6.48407e-11
-7.99102e-11
3.36912e-11
2.82525e-10
4.41361e-10
7.87434e-11
-1.04017e-09
-2.27307e-09
-1.79204e-09
2.38605e-09
9.6885e-09
1.40962e-08
4.69571e-09
-2.65773e-08
-7.04479e-08
-8.79336e-08
-1.69676e-08
1.86202e-07
4.7318e-07
6.34142e-07
3.05886e-07
-8.62344e-07
-2.85618e-06
-4.84946e-06
-4.92032e-06
-3.16384e-07
1.13553e-05
2.98825e-05
4.95226e-05
5.64604e-05
2.83817e-05
-6.17303e-05
-0.000235644
-0.000492726
-0.000786094
-0.000994498
-0.000894271
-0.000136972
0.00176134
0.00541424
0.0115396
0.0209148
0.0343167
0.052451
0.0758812
0.104965
0.139807
0.18023
0.225778
0.275735
0.329175
0.385017
0.442102
0.499258
0.555372
0.609445
0.660631
0.708269
0.751889
0.791213
0.826137
0.856709
0.883104
0.905589
0.924499
0.940203
0.95309
0.963542
0.971924
0.978572
0.983789
0.987842
0.990958
0.993331
0.995121
0.996459
0.99745
0.998177
0.998707
0.999089
0.999363
0.999558
0.999695
0.999791
0.999858
0.999904
0.999935
0.999957
0.999971
0.999981
0.999988
0.999992
0.999995
0.999997
0.999998
0.999999
0.999999
0.999999
1
1
1
1
1
1
1
1
1
1
1
1
1
1
1
1
1
1
1
1
1
0.999999
1
1
1
1
1
1
0.999989
0.99997
0.99995
0.999944
0.999972
1.00006
1.00024
1.00049
1.00079
1.00099
1.00089
1.00014
0.998239
0.994586
0.98846
0.979085
0.965683
0.947549
0.924119
0.895035
0.860193
0.81977
0.774222
0.724265
0.670825
0.614983
0.557898
0.500742
0.444628
0.390555
0.339369
0.291731
0.248111
0.208787
0.173863
0.143291
0.116896
0.0944105
0.0755013
0.0597966
0.0469097
0.0364578
0.0280762
0.021428
0.0162107
0.0121583
0.00904214
0.00666917
0.00487919
0.00354138
0.00255044
0.00182283
0.0012931
0.000910631
0.000636706
0.000442065
0.000304821
0.000208774
0.000142049
9.60261e-05
6.45035e-05
4.30602e-05
2.85706e-05
1.88437e-05
1.23556e-05
8.05498e-06
5.22173e-06
3.36635e-06
2.15846e-06
1.37662e-06
8.73396e-07
5.51287e-07
3.46221e-07
2.16361e-07
1.34552e-07
8.32776e-08
5.13013e-08
3.14576e-08
1.92024e-08
1.16695e-08
7.06067e-09
4.25375e-09
2.55189e-09
1.52456e-09
9.07092e-10
5.3754e-10
3.17286e-10
1.86552e-10
1.09266e-10
6.37578e-11
3.70655e-11
2.14694e-11
1.2391e-11
7.12621e-12
4.08409e-12
2.3326e-12
1.32775e-12
7.53265e-13
4.25944e-13
2.40079e-13
1.34887e-13
7.55482e-14
4.21826e-14
2.34811e-14
1.30316e-14
7.21088e-15
3.97841e-15
2.18866e-15
1.20064e-15
6.56795e-16
3.58299e-16
1.94928e-16
1.05763e-16
5.72324e-17
3.08895e-17
1.66285e-17
8.92872e-18
4.78222e-18
2.55499e-18
1.3617e-18
7.23968e-19
3.83988e-19
2.03183e-19
1.07261e-19
5.64933e-20
2.96866e-20
1.55649e-20
8.14264e-21
4.2504e-21
2.21386e-21
1.15064e-21
5.96769e-22
3.08861e-22
1.59522e-22
8.22218e-23
4.22936e-23
2.17116e-23
1.11237e-23
5.68798e-24
2.90285e-24
1.47863e-24
7.51752e-25
3.81482e-25
1.93228e-25
9.76945e-26
4.93041e-26
2.4838e-26
1.24905e-26
6.27019e-27
3.14215e-27
1.57191e-27
7.85031e-28
3.91396e-28
1.94814e-28
9.68077e-29
4.80274e-29
2.37884e-29
1.17638e-29
5.8082e-30
2.86321e-30
1.40926e-30
6.92564e-31
3.39834e-31
1.66502e-31
8.14556e-32
3.97906e-32
1.9409e-32
9.45356e-33
4.59793e-33
2.23311e-33
1.08304e-33
5.24531e-34
2.53686e-34
1.22525e-34
5.90964e-35
2.8465e-35
1.36925e-35
6.57774e-36
3.15574e-36
1.51203e-36
7.23533e-37
3.45782e-37
1.65042e-37
7.86758e-38
3.74582e-38
1.78121e-38
8.45966e-39
4.01294e-39
1.90129e-39
8.9974e-40
4.25276e-40
2.00777e-40
9.46787e-41
4.45952e-41
2.09811e-41
9.8599e-42
4.62837e-42
2.17019e-42
1.01645e-42
4.75552e-43
2.22246e-43
1.03753e-43
4.8384e-44
2.25392e-44
1.04886e-44
4.87572e-45
2.26417e-45
1.05034e-45
4.8675e-46
2.25341e-46
1.04216e-46
4.815e-47
2.22241e-47
1.02477e-47
4.72062e-48
2.17246e-48
9.98813e-49
4.58776e-49
2.10525e-49
9.65156e-50
4.42062e-50
2.02286e-50
9.24797e-51
4.22405e-51
1.92759e-51
8.7884e-52
4.00326e-52
1.82192e-52
8.28443e-53
3.76368e-53
1.70838e-53
7.74781e-54
3.51075e-54
1.58946e-54
7.19001e-55
3.2497e-55
1.46755e-55
6.62189e-56
2.98546e-56
1.34488e-56
6.05346e-57
2.72252e-57
1.22346e-57
5.49362e-58
2.46481e-58
1.10501e-58
4.95003e-59
2.2157e-59
9.91013e-60
4.42907e-60
1.97795e-60
8.82647e-61
3.93579e-61
1.75368e-61
7.80812e-62
3.47393e-62
1.54445e-62
6.8614e-63
3.04603e-63
1.35127e-63
5.99018e-64
2.65355e-64
1.17464e-64
5.19612e-65
2.29694e-65
1.01465e-65
4.47902e-66
1.97584e-66
8.71008e-67
3.83706e-67
1.6892e-67
7.43144e-68
3.26719e-68
1.43545e-68
6.30254e-69
2.7654e-69
1.2126e-69
5.31368e-70
2.32698e-70
1.01839e-70
4.45406e-71
1.94681e-71
8.5039e-72
3.71228e-72
1.61954e-72
7.06115e-73
3.07674e-73
1.3398e-73
5.83078e-74
2.536e-74
1.10233e-74
4.78863e-75
2.07899e-75
9.02066e-76
3.91172e-76
1.69528e-76
7.34284e-77
3.17859e-77
1.37516e-77
5.946e-78
2.5695e-78
1.10975e-78
4.79024e-79
2.06655e-79
8.91027e-80
3.83968e-80
1.65371e-80
7.11846e-81
3.06249e-81
1.31682e-81
5.65906e-82
2.43068e-82
1.04347e-82
4.47713e-83
1.91995e-83
8.22906e-84
3.52519e-84
1.50935e-84
6.45907e-85
2.76265e-85
1.18103e-85
5.04627e-86
2.15507e-86
9.19879e-87
3.92448e-87
1.67346e-87
7.13234e-88
3.03832e-88
1.29366e-88
5.50545e-89
2.34182e-89
9.95641e-90
4.23098e-90
1.79709e-90
7.62942e-91
3.23746e-91
1.37313e-91
5.82121e-92
2.46667e-92
1.04473e-92
4.42278e-93
1.87148e-93
7.91541e-94
3.34628e-94
1.41401e-94
5.97235e-95
2.5214e-95
1.064e-95
4.48792e-96
1.89215e-96
7.97393e-97
3.3589e-97
1.41426e-97
5.95213e-98
2.50395e-98
1.0529e-98
4.42552e-99
1.85931e-99
7.80825e-100
3.27771e-100
1.37531e-100
5.76832e-101
2.41832e-101
1.01343e-101
4.24518e-102
1.77753e-102
7.43971e-103
3.11255e-103
1.30166e-103
5.44132e-104
2.27369e-104
9.49695e-105
3.96516e-105
1.65487e-105
6.90385e-106
2.87904e-106
1.20014e-106
5.00083e-107
2.08284e-107
8.69554e-108
3.20315e-108
)
;

boundaryField
{
    sides
    {
        type            zeroGradient;
    }
    empty
    {
        type            empty;
    }
}


// ************************************************************************* //
