/*--------------------------------*- C++ -*----------------------------------*\
  =========                 |
  \\      /  F ield         | OpenFOAM: The Open Source CFD Toolbox
   \\    /   O peration     | Website:  https://openfoam.org
    \\  /    A nd           | Version:  7
     \\/     M anipulation  |
\*---------------------------------------------------------------------------*/
FoamFile
{
    version     2.0;
    format      ascii;
    class       volScalarField;
    location    "4.78";
    object      T;
}
// * * * * * * * * * * * * * * * * * * * * * * * * * * * * * * * * * * * * * //

dimensions      [0 0 0 1 0 0 0];

internalField   nonuniform List<scalar> 
1000
(
0
0
0
0
0
0
0
0
0
0
0
0
0
0
0
0
0
0
0
0
0
0
0
0
0
0
0
0
0
0
0
0
0
0
0
0
0
0
0
0
0
0
0
0
0
0
0
0
0
0
0
0
0
0
0
0
0
0
0
0
0
0
0
0
0
0
0
0
0
-8.39912e-323
2.7223e-321
-8.77411e-320
2.79038e-318
-8.75891e-317
2.71392e-315
-8.30124e-314
2.50681e-312
-7.47426e-311
2.20048e-309
-6.39741e-308
1.83679e-306
-5.20854e-305
1.45883e-303
-4.03603e-302
1.10306e-300
-2.97826e-299
7.9447e-298
-2.09397e-296
5.45341e-295
-1.40345e-293
3.56932e-292
-8.97133e-291
2.22862e-289
-5.47201e-288
1.32805e-286
-3.18611e-285
7.55631e-284
-1.77167e-282
4.10677e-281
-9.41208e-280
2.13284e-278
-4.77902e-277
1.05888e-275
-2.32007e-274
5.02713e-273
-1.07727e-271
2.28312e-270
-4.78577e-269
9.92229e-268
-2.03481e-266
4.12768e-265
-8.28271e-264
1.64414e-262
-3.22865e-261
6.27238e-260
-1.20556e-258
2.29245e-257
-4.31306e-256
8.02886e-255
-1.47884e-253
2.69523e-252
-4.86064e-251
8.67409e-250
-1.53179e-248
2.67689e-247
-4.62943e-246
7.92321e-245
-1.34203e-243
2.24967e-242
-3.73233e-241
6.12854e-240
-9.95994e-239
1.6021e-237
-2.5507e-236
4.01955e-235
-6.26975e-234
9.68022e-233
-1.47941e-231
2.23803e-230
-3.35139e-229
4.96788e-228
-7.28969e-227
1.05888e-225
-1.52259e-224
2.16735e-223
-3.05411e-222
4.26046e-221
-5.88366e-220
8.04379e-219
-1.08868e-217
1.4587e-216
-1.93492e-215
2.54092e-214
-3.30335e-213
4.25162e-212
-5.41739e-211
6.83383e-210
-8.53447e-209
1.05518e-207
-1.29156e-206
1.5651e-205
-1.87762e-204
2.23001e-203
-2.62205e-202
3.05216e-201
-3.51726e-200
4.01264e-199
-4.5319e-198
5.06702e-197
-5.60846e-196
6.14538e-195
-6.66598e-194
7.15788e-193
-7.6086e-192
8.00609e-191
-8.33921e-190
8.59829e-189
-8.77557e-188
8.86559e-187
-8.86545e-186
8.77501e-185
-8.59684e-184
8.33617e-183
-8.00057e-182
7.59962e-181
-7.14446e-180
6.64726e-179
-6.12068e-178
5.57737e-177
-5.02944e-176
4.48804e-175
-3.96302e-174
3.46271e-173
-2.99371e-172
2.5609e-171
-2.16745e-170
1.81493e-169
-1.50353e-168
1.23221e-167
-9.98979e-167
8.01145e-166
-6.35518e-165
4.98637e-164
-3.86954e-163
2.96981e-162
-2.25407e-161
1.69182e-160
-1.25562e-159
9.21419e-159
-6.68527e-158
4.7953e-157
-3.40029e-156
2.38336e-155
-1.6512e-154
1.13062e-153
-7.65065e-153
5.11577e-152
-3.37998e-151
2.20631e-150
-1.42273e-149
9.06235e-149
-5.70127e-148
3.54214e-147
-2.17306e-146
1.31624e-145
-7.8704e-145
4.64513e-144
-2.70567e-143
1.5551e-142
-8.81826e-142
4.93252e-141
-2.72107e-140
1.48016e-139
-7.93765e-139
4.19556e-138
-2.18527e-137
1.12131e-136
-5.66683e-136
2.81983e-135
-1.38115e-134
6.65652e-134
-3.15565e-133
1.47095e-132
-6.73881e-132
3.03281e-131
-1.34017e-130
5.81139e-130
-2.47131e-129
1.02989e-128
-4.20261e-128
1.67769e-127
-6.54495e-127
2.49208e-126
-9.24777e-126
3.33859e-125
-1.17002e-124
3.96953e-124
-1.29915e-123
4.0821e-123
-1.22319e-122
3.46015e-122
-9.08835e-122
2.14863e-121
-4.25282e-121
5.39215e-121
5.88232e-121
-7.55396e-120
3.52114e-119
-1.23567e-118
3.58609e-118
-8.56152e-118
1.50698e-117
-8.17659e-118
-7.82718e-117
4.53277e-116
-1.61761e-115
4.35225e-115
-8.46654e-115
6.88459e-115
3.25048e-114
-2.05499e-113
7.08879e-113
-1.70966e-112
2.45532e-112
1.74581e-112
-2.62103e-111
1.03391e-110
-2.60357e-110
3.7083e-110
3.13784e-110
-4.05513e-109
1.48796e-108
-3.29686e-108
2.94426e-108
1.1592e-107
-6.82627e-107
1.92623e-106
-2.8483e-106
-2.34151e-106
2.91835e-105
-9.66892e-105
1.67586e-104
3.41992e-105
-1.28578e-103
4.54985e-103
-7.9599e-103
-1.98111e-103
6.11545e-102
-2.05057e-101
3.13605e-101
2.75939e-101
-3.04611e-100
8.60394e-100
-9.0342e-100
-2.63169e-99
1.46527e-98
-3.09393e-98
5.31207e-99
1.83041e-97
-6.15977e-97
7.6276e-97
1.56126e-96
-9.65066e-96
1.94667e-95
2.28827e-96
-1.28994e-94
3.65003e-94
-2.58344e-94
-1.51951e-93
5.91179e-93
-7.26687e-93
-1.60015e-92
8.81874e-92
-1.42047e-91
-1.52218e-91
1.25781e-90
-2.37882e-90
-1.35635e-90
1.75992e-89
-3.63691e-89
-1.30935e-89
2.45655e-88
-5.2048e-88
-1.80685e-88
3.44488e-87
-7.01596e-87
-3.59988e-87
4.83715e-86
-8.83097e-86
-7.85644e-86
6.71514e-85
-1.00931e-84
-1.61358e-84
9.03284e-84
-9.76883e-84
-3.00536e-83
1.1456e-82
-6.27958e-83
-5.03859e-82
1.31666e-81
2.26329e-82
-7.54506e-81
1.27434e-80
1.72415e-80
-9.90469e-80
8.34237e-80
3.79676e-79
-1.0914e-78
-1.54203e-79
5.97182e-78
-8.95775e-78
-1.66198e-77
7.26492e-77
-2.73711e-77
-3.31111e-76
6.37982e-76
7.43433e-76
-4.31687e-75
2.40392e-75
1.83607e-74
-3.73282e-74
-4.12562e-74
2.40431e-73
-1.08477e-73
-1.04833e-72
1.84599e-72
2.86867e-72
-1.24578e-71
7.43429e-73
5.9453e-71
-7.07976e-71
-2.07267e-70
5.63198e-70
3.91658e-70
-3.07991e-69
1.26336e-69
1.32649e-68
-1.87311e-68
-4.43904e-68
1.28039e-67
9.13229e-68
-6.71635e-67
1.50287e-67
2.95713e-66
-3.06649e-66
-1.10661e-65
2.23181e-65
3.35474e-65
-1.24472e-64
-6.41708e-65
5.99233e-64
-1.03464e-64
-2.59248e-63
2.02774e-63
1.02263e-62
-1.46463e-62
-3.67485e-62
8.28562e-62
1.18032e-61
-4.14328e-61
-3.18892e-61
1.91566e-60
5.68083e-61
-8.37813e-60
7.17359e-61
3.5148e-59
-1.46909e-59
-1.42848e-58
1.03e-58
5.66874e-58
-5.69483e-58
-2.21174e-57
2.81137e-57
8.53933e-57
-1.29538e-56
-3.28284e-56
5.68947e-56
1.26402e-55
-2.40939e-55
-4.89956e-55
9.90151e-55
1.91921e-54
-3.96176e-54
-7.61206e-54
1.54476e-53
3.05628e-53
-5.86207e-53
-1.23926e-52
2.15684e-52
5.05381e-52
-7.63921e-52
-2.06196e-51
2.57167e-51
8.36757e-51
-8.03442e-51
-3.35662e-50
2.21088e-50
1.32255e-49
-4.56644e-50
-5.08331e-49
8.557e-51
1.8908e-48
6.36807e-49
-6.7374e-48
-4.96042e-48
2.26621e-47
2.77128e-47
-7.02076e-47
-1.32666e-46
1.90501e-46
5.71606e-46
-3.91833e-46
-2.25069e-45
1.70963e-46
8.08972e-45
4.07357e-45
-2.61135e-44
-3.0303e-44
7.24494e-44
1.52582e-43
-1.51155e-43
-6.31848e-43
8.34527e-44
2.23658e-42
1.34117e-42
-6.65776e-42
-9.63778e-42
1.51547e-41
4.46768e-41
-1.50608e-41
-1.62847e-40
-8.63679e-41
4.70738e-40
6.98678e-40
-9.43767e-40
-3.16759e-39
2.02834e-40
1.06148e-38
9.42868e-39
-2.55988e-38
-5.58705e-38
2.74525e-38
2.0876e-37
1.25984e-37
-5.40427e-37
-9.76248e-37
6.80151e-37
3.85292e-36
2.09158e-36
-9.86652e-36
-1.77932e-35
1.06246e-35
6.82122e-35
4.71399e-35
-1.56538e-34
-3.35691e-34
7.49068e-35
1.13029e-33
1.1841e-33
-1.97302e-33
-6.15403e-33
-1.94612e-33
1.61879e-32
2.73408e-32
-1.2401e-32
-9.92747e-32
-9.83806e-32
1.61935e-31
5.20166e-31
2.50096e-31
-1.19076e-30
-2.4529e-30
-3.9357e-32
7.17293e-30
1.07242e-29
-5.01444e-30
-3.88968e-29
-4.45218e-29
4.47401e-29
1.98263e-28
1.80257e-28
-2.87462e-28
-9.74621e-28
-7.37445e-28
1.59415e-27
4.69834e-27
3.18435e-27
-8.04635e-27
-2.243e-26
-1.50433e-26
3.75669e-26
1.0637e-25
7.80588e-26
-1.61315e-25
-4.99135e-25
-4.3126e-25
6.16522e-25
2.29221e-24
2.4278e-24
-1.895e-24
-1.01107e-23
-1.34085e-23
2.73958e-24
4.15652e-23
7.0571e-23
2.08672e-23
-1.50787e-22
-3.44874e-22
-2.59609e-22
4.20544e-22
1.51495e-21
1.85488e-21
-3.63247e-22
-5.64611e-21
-1.03411e-20
-5.9125e-21
1.52768e-20
4.6697e-20
5.56938e-20
-7.34573e-21
-1.60737e-19
-3.16421e-19
-2.46364e-19
3.00884e-19
1.27706e-18
1.95028e-18
8.96171e-19
-3.0827e-18
-8.99657e-18
-1.17475e-17
-2.7877e-18
2.38262e-17
5.99798e-17
7.32637e-17
1.217e-17
-1.58052e-16
-3.88963e-16
-4.8747e-16
-1.3705e-16
9.09387e-16
2.44708e-15
3.4119e-15
1.85603e-15
-4.15263e-15
-1.44173e-14
-2.38563e-14
-2.10563e-14
8.68886e-15
7.29557e-14
1.54823e-13
1.96051e-13
9.72345e-14
-2.43301e-13
-8.37276e-13
-1.47451e-12
-1.61555e-12
-4.31763e-13
2.85516e-12
8.23767e-12
1.38899e-11
1.5285e-11
5.33108e-12
-2.33252e-11
-7.28845e-11
-1.32019e-10
-1.66903e-10
-1.17168e-10
9.45586e-11
5.29655e-10
1.17063e-09
1.83285e-09
2.07565e-09
1.16543e-09
-1.82713e-09
-7.6965e-09
-1.64541e-08
-2.63502e-08
-3.27038e-08
-2.692e-08
3.61187e-09
7.37136e-08
1.95433e-07
3.68622e-07
5.66288e-07
7.1517e-07
6.74116e-07
2.16195e-07
-9.75014e-07
-3.27893e-06
-7.05904e-06
-1.25029e-05
-1.93472e-05
-2.6451e-05
-3.11796e-05
-2.85665e-05
-1.02314e-05
3.69535e-05
0.000132434
0.000303737
0.000588364
0.0010357
0.00170883
0.00268607
0.00406211
0.00594854
0.00847363
0.0117812
0.0160288
0.021384
0.0280212
0.036116
0.0458399
0.0573539
0.070802
0.0863053
0.103955
0.123809
0.145885
0.170159
0.196564
0.224988
0.25528
0.287245
0.320658
0.35526
0.390772
0.4269
0.46334
0.499789
0.535949
0.571538
0.606292
0.639971
0.672367
0.703299
0.732623
0.760226
0.786031
0.809992
0.832092
0.852344
0.870782
0.887464
0.902464
0.915868
0.927776
0.938291
0.947522
0.955581
0.962577
0.968615
0.973799
0.978226
0.981986
0.985163
0.987834
0.990068
0.991926
0.993465
0.994733
0.995773
0.996622
0.997312
0.997869
0.998318
0.998678
0.998965
0.999192
0.999373
0.999514
0.999626
0.999713
0.99978
0.999832
0.999873
0.999904
0.999927
0.999945
0.999959
0.99997
0.999977
0.999983
0.999987
0.99999
0.999993
0.999994
0.999996
0.999998
1
1.00001
1.00001
1.00002
1.00003
1.00003
1.00003
1.00001
0.999963
0.999867
0.999696
0.999412
0.998964
0.998291
0.997314
0.995938
0.994051
0.991526
0.988219
0.983971
0.978616
0.971979
0.963884
0.95416
0.942646
0.929198
0.913695
0.896045
0.876191
0.854115
0.829841
0.803436
0.775012
0.74472
0.712755
0.679342
0.64474
0.609228
0.5731
0.53666
0.500211
0.464051
0.428462
0.393708
0.360029
0.327633
0.296701
0.267377
0.239774
0.213969
0.190008
0.167908
0.147656
0.129218
0.112536
0.0975363
0.0841318
0.0722245
0.0617094
0.0524776
0.0444188
0.0374235
0.0313849
0.0262007
0.0217739
0.0180138
0.0148367
0.012166
0.00993246
0.00807379
0.00653472
0.00526652
0.00422652
0.0033777
0.00268817
0.00213062
0.00168184
0.00132224
0.00103538
0.000807548
0.000627383
0.000485522
0.000374294
0.000287449
0.000219921
0.000167629
0.000127298
9.63167e-05
7.26108e-05
5.45428e-05
4.08248e-05
3.04492e-05
2.26312e-05
1.67623e-05
1.23728e-05
9.10176e-06
6.67296e-06
4.87598e-06
3.55115e-06
2.57782e-06
1.8652e-06
1.34524e-06
9.67149e-07
6.93129e-07
4.95195e-07
3.52688e-07
2.50422e-07
1.77268e-07
1.25106e-07
8.80298e-08
6.1758e-08
4.31997e-08
3.01304e-08
2.09545e-08
1.45314e-08
1.00486e-08
6.92922e-09
4.76491e-09
3.26758e-09
2.23465e-09
1.5241e-09
1.03669e-09
7.03283e-10
4.75841e-10
3.21111e-10
2.16132e-10
1.45099e-10
9.71631e-11
6.48989e-11
4.32397e-11
2.87373e-11
1.90518e-11
1.25997e-11
8.31251e-12
5.47087e-12
3.59205e-12
2.35287e-12
1.53756e-12
1.00243e-12
6.52036e-13
4.23147e-13
2.73982e-13
1.77e-13
1.1409e-13
7.33769e-14
4.70882e-14
3.01519e-14
1.92652e-14
1.22828e-14
7.81434e-15
4.96096e-15
3.14286e-15
1.9869e-15
1.25351e-15
7.89199e-16
4.95858e-16
3.1092e-16
1.94566e-16
1.21511e-16
7.57368e-17
4.71133e-17
2.92504e-17
1.8125e-17
1.12096e-17
6.91945e-18
4.26315e-18
2.62164e-18
1.60917e-18
9.8589e-19
6.02912e-19
3.68032e-19
2.24248e-19
1.36392e-19
8.28081e-20
5.01863e-20
3.0362e-20
1.83365e-20
1.10546e-20
6.6531e-21
3.99722e-21
2.39746e-21
1.43553e-21
8.58105e-22
5.12089e-22
3.05091e-22
1.81468e-22
1.0776e-22
6.38872e-23
3.78153e-23
2.23473e-23
1.31853e-23
7.76731e-24
4.56844e-24
2.6828e-24
1.57302e-24
9.20899e-25
5.38301e-25
3.1418e-25
1.83095e-25
1.06542e-25
6.19042e-26
3.59149e-26
2.08061e-26
1.20357e-26
6.95219e-27
4.01e-27
2.30964e-27
1.32839e-27
7.62939e-28
4.37566e-28
2.50605e-28
1.43328e-28
8.18605e-29
4.66896e-29
2.65934e-29
1.51265e-29
8.59242e-30
4.8743e-30
2.76141e-30
1.56233e-30
8.82764e-31
4.98136e-31
2.80729e-31
1.58003e-31
8.88146e-32
4.98597e-32
2.79552e-32
1.56541e-32
8.75487e-33
4.89022e-33
2.72815e-33
1.52011e-33
8.45954e-34
4.70208e-34
2.6104e-34
1.44744e-34
8.01633e-35
4.43438e-35
2.45005e-35
1.35209e-35
7.45297e-36
4.10342e-36
2.25663e-36
1.23958e-36
6.80132e-37
3.72749e-37
2.04055e-37
1.11581e-37
6.09477e-38
3.32375e-38
1.82629e-38
8.51648e-39
)
;

boundaryField
{
    sides
    {
        type            zeroGradient;
    }
    empty
    {
        type            empty;
    }
}


// ************************************************************************* //
