/*--------------------------------*- C++ -*----------------------------------*\
  =========                 |
  \\      /  F ield         | OpenFOAM: The Open Source CFD Toolbox
   \\    /   O peration     | Website:  https://openfoam.org
    \\  /    A nd           | Version:  7
     \\/     M anipulation  |
\*---------------------------------------------------------------------------*/
FoamFile
{
    version     2.0;
    format      ascii;
    class       volScalarField;
    location    "2.49";
    object      T;
}
// * * * * * * * * * * * * * * * * * * * * * * * * * * * * * * * * * * * * * //

dimensions      [0 0 0 1 0 0 0];

internalField   nonuniform List<scalar> 
1000
(
1.1663e-69
1.55857e-69
2.47403e-69
4.2179e-69
7.37065e-69
1.29797e-68
2.29047e-68
4.04291e-68
7.1338e-68
1.25812e-67
2.21756e-67
3.90634e-67
6.87703e-67
1.20995e-66
2.1275e-66
3.73857e-66
6.56561e-66
1.15233e-65
2.0212e-65
3.54303e-65
6.20682e-65
1.08666e-64
1.90128e-64
3.32449e-64
5.80941e-64
1.01453e-63
1.77062e-63
3.08822e-63
5.38288e-63
9.37658e-63
1.63229e-62
2.83968e-62
4.93701e-62
8.57784e-62
1.4894e-61
2.58441e-61
4.48155e-61
7.76627e-61
1.34497e-60
2.3277e-60
4.02582e-60
6.95818e-60
1.20185e-59
2.0745e-59
3.5784e-59
6.16841e-59
1.06259e-58
1.82923e-58
3.14684e-58
5.4099e-58
9.29412e-58
1.59563e-57
2.73753e-57
4.6934e-57
8.04116e-57
1.37674e-56
2.35549e-56
4.02729e-56
6.88083e-56
1.17481e-55
2.00442e-55
3.41747e-55
5.82259e-55
9.91336e-55
1.68662e-54
2.86752e-54
4.87176e-54
8.27094e-54
1.40318e-53
2.3788e-53
4.02986e-53
6.82195e-53
1.15401e-52
1.95073e-52
3.2951e-52
5.56186e-52
9.38107e-52
1.58112e-51
2.66291e-51
4.48154e-51
7.53657e-51
1.26648e-50
2.12664e-50
3.56835e-50
5.9829e-50
1.00237e-49
1.6781e-49
2.80721e-49
4.69248e-49
7.83785e-49
1.30815e-48
2.18166e-48
3.63563e-48
6.05391e-48
1.00729e-47
1.67469e-47
2.78212e-47
4.61825e-47
7.66014e-47
1.26956e-46
2.10245e-46
3.479e-46
5.75224e-46
9.50326e-46
1.56877e-45
2.58761e-45
4.26468e-45
7.02302e-45
1.1556e-44
1.89994e-44
3.12115e-44
5.12313e-44
8.40232e-44
1.37691e-43
2.2545e-43
3.68839e-43
6.02922e-43
9.84743e-43
1.60702e-42
2.62032e-42
4.26895e-42
6.94897e-42
1.13019e-41
1.8366e-41
2.98198e-41
4.83752e-41
7.84095e-41
1.26981e-40
2.05464e-40
3.32165e-40
5.36531e-40
8.65878e-40
1.39617e-39
2.24925e-39
3.62038e-39
5.82219e-39
9.35478e-39
1.50174e-38
2.40861e-38
3.85967e-38
6.17935e-38
9.88426e-38
1.57962e-37
2.52213e-37
4.02333e-37
6.41222e-37
1.02102e-36
1.62427e-36
2.58155e-36
4.09924e-36
6.50313e-36
1.03071e-35
1.63209e-35
2.58194e-35
4.08075e-35
6.44351e-35
1.01647e-34
1.60197e-34
2.52231e-34
3.96761e-34
6.23509e-34
9.789e-34
1.53537e-33
2.40586e-33
3.7662e-33
5.88998e-33
9.20235e-33
1.43634e-32
2.2397e-32
3.48892e-32
5.42954e-32
8.44118e-32
1.31102e-31
2.03414e-31
3.15295e-31
4.8822e-31
7.55222e-31
1.16706e-30
1.80165e-30
2.77846e-30
4.28048e-30
6.58772e-30
1.01281e-29
1.55552e-29
2.38655e-29
3.65774e-29
5.60017e-29
8.56515e-29
1.30861e-28
1.99724e-28
3.04502e-28
4.63754e-28
7.05542e-28
1.07224e-27
1.62779e-27
2.46852e-27
3.73943e-27
5.65853e-27
8.55322e-27
1.29146e-26
1.94787e-26
2.93468e-26
4.41656e-26
6.63938e-26
9.96986e-26
1.49544e-25
2.24059e-25
3.35328e-25
5.01291e-25
7.48549e-25
1.1165e-24
1.66344e-24
2.47548e-24
3.67974e-24
5.46357e-24
8.10284e-24
1.20032e-23
1.77605e-23
2.62487e-23
3.87485e-23
5.7134e-23
8.41446e-23
1.23779e-22
1.81867e-22
2.669e-22
3.91225e-22
5.72779e-22
8.37584e-22
1.22335e-21
1.78463e-21
2.60029e-21
3.78416e-21
5.50034e-21
7.98511e-21
1.15782e-20
1.67675e-20
2.42527e-20
3.50362e-20
5.05516e-20
7.28473e-20
1.04846e-19
1.50711e-19
2.16368e-19
3.10238e-19
4.44271e-19
6.35406e-19
9.07616e-19
1.29479e-18
1.84476e-18
2.62497e-18
3.73035e-18
5.29436e-18
7.50438e-18
1.06231e-17
1.50183e-17
2.12043e-17
2.9899e-17
4.21034e-17
5.92112e-17
8.31602e-17
1.16641e-16
1.63382e-16
2.28549e-16
3.1928e-16
4.4543e-16
6.20584e-16
8.63443e-16
1.19971e-15
1.66467e-15
2.30667e-15
3.1919e-15
4.41076e-15
6.08667e-15
8.38774e-15
1.15427e-14
1.58623e-14
2.17679e-14
2.98304e-14
4.08218e-14
5.57845e-14
7.61238e-14
1.03732e-13
1.41152e-13
1.91796e-13
2.6024e-13
3.52601e-13
4.77056e-13
6.44508e-13
8.69478e-13
1.17127e-12
1.57553e-12
2.11621e-12
2.83829e-12
3.80116e-12
5.08319e-12
6.78758e-12
9.05004e-12
1.20487e-11
1.60171e-11
2.12608e-11
2.81788e-11
3.72919e-11
4.92779e-11
6.5018e-11
8.56559e-11
1.12673e-10
1.47987e-10
1.94072e-10
2.5412e-10
3.32236e-10
4.33696e-10
5.65268e-10
7.35615e-10
9.55814e-10
1.24e-09
1.60617e-09
2.07721e-09
2.6822e-09
3.45795e-09
4.45104e-09
5.72029e-09
7.33985e-09
9.403e-09
1.20269e-08
1.53586e-08
1.95818e-08
2.49262e-08
3.16784e-08
4.01949e-08
5.09188e-08
6.43994e-08
8.1317e-08
1.02512e-07
1.29021e-07
1.6212e-07
2.03378e-07
2.54717e-07
3.18492e-07
3.97579e-07
4.95486e-07
6.16483e-07
7.65758e-07
9.496e-07
1.17562e-06
1.45301e-06
1.79286e-06
2.20849e-06
2.71592e-06
3.33433e-06
4.08667e-06
5.00033e-06
6.10792e-06
7.44823e-06
9.06729e-06
1.10196e-05
1.33694e-05
1.61927e-05
1.95789e-05
2.36327e-05
2.84771e-05
3.42557e-05
4.11363e-05
4.93141e-05
5.90161e-05
7.05051e-05
8.40856e-05
0.000100109
0.00011898
0.000141163
0.000167192
0.000197677
0.000233315
0.0002749
0.000323334
0.000379639
0.000444973
0.000520642
0.000608115
0.000709046
0.000825285
0.000958901
0.0011122
0.00128776
0.00148841
0.00171732
0.00197797
0.0022742
0.0026102
0.00299061
0.00342046
0.00390524
0.00445093
0.005064
0.00575143
0.00652076
0.00738009
0.00833808
0.00940398
0.0105877
0.0118996
0.0133507
0.0149529
0.0167182
0.0186595
0.0207902
0.0231242
0.0256758
0.0284598
0.0314915
0.0347863
0.0383601
0.0422287
0.0464084
0.050915
0.0557646
0.0609729
0.0665554
0.072527
0.0789022
0.0856946
0.0929172
0.100582
0.1087
0.11728
0.126331
0.135859
0.14587
0.156366
0.167351
0.178822
0.190778
0.203213
0.216122
0.229496
0.243322
0.257588
0.272279
0.287375
0.302858
0.318704
0.334891
0.351391
0.368178
0.38522
0.402489
0.41995
0.437571
0.455316
0.473152
0.491042
0.508949
0.526839
0.544674
0.562418
0.580037
0.597497
0.614762
0.631802
0.648584
0.66508
0.681261
0.697101
0.712575
0.727662
0.742341
0.756594
0.770404
0.783759
0.796645
0.809055
0.82098
0.832416
0.843359
0.853807
0.863762
0.873224
0.8822
0.890692
0.898709
0.906257
0.913346
0.919986
0.926185
0.931956
0.93731
0.942257
0.946811
0.950981
0.954781
0.958219
0.961308
0.964058
0.966476
0.968573
0.970355
0.97183
0.973002
0.973878
0.974459
0.97475
0.97475
0.974459
0.973878
0.973002
0.97183
0.970355
0.968573
0.966476
0.964058
0.961308
0.958219
0.954781
0.950981
0.946811
0.942257
0.93731
0.931956
0.926185
0.919986
0.913346
0.906257
0.898709
0.890692
0.8822
0.873224
0.863762
0.853807
0.843359
0.832416
0.82098
0.809055
0.796645
0.783759
0.770404
0.756594
0.742341
0.727662
0.712575
0.697101
0.681261
0.66508
0.648584
0.631802
0.614762
0.597497
0.580037
0.562418
0.544674
0.526839
0.508949
0.491042
0.473152
0.455316
0.437571
0.41995
0.402489
0.38522
0.368178
0.351391
0.334891
0.318704
0.302858
0.287375
0.272279
0.257588
0.243322
0.229496
0.216122
0.203213
0.190778
0.178822
0.167351
0.156366
0.14587
0.135859
0.126331
0.11728
0.1087
0.100582
0.0929172
0.0856946
0.0789022
0.072527
0.0665554
0.0609729
0.0557646
0.050915
0.0464084
0.0422287
0.0383601
0.0347863
0.0314915
0.0284598
0.0256758
0.0231242
0.0207902
0.0186595
0.0167182
0.0149529
0.0133507
0.0118996
0.0105877
0.00940398
0.00833808
0.00738009
0.00652076
0.00575143
0.005064
0.00445093
0.00390524
0.00342046
0.00299061
0.0026102
0.0022742
0.00197797
0.00171732
0.00148841
0.00128776
0.0011122
0.000958901
0.000825285
0.000709046
0.000608115
0.000520642
0.000444973
0.000379639
0.000323334
0.0002749
0.000233315
0.000197677
0.000167192
0.000141163
0.00011898
0.000100109
8.40856e-05
7.05051e-05
5.90161e-05
4.93141e-05
4.11363e-05
3.42557e-05
2.84771e-05
2.36327e-05
1.95789e-05
1.61927e-05
1.33694e-05
1.10196e-05
9.06729e-06
7.44823e-06
6.10792e-06
5.00033e-06
4.08667e-06
3.33433e-06
2.71592e-06
2.20849e-06
1.79286e-06
1.45301e-06
1.17562e-06
9.496e-07
7.65758e-07
6.16483e-07
4.95486e-07
3.97579e-07
3.18492e-07
2.54717e-07
2.03378e-07
1.6212e-07
1.29021e-07
1.02512e-07
8.1317e-08
6.43994e-08
5.09188e-08
4.01949e-08
3.16784e-08
2.49262e-08
1.95818e-08
1.53586e-08
1.20269e-08
9.403e-09
7.33985e-09
5.72029e-09
4.45104e-09
3.45795e-09
2.6822e-09
2.07721e-09
1.60617e-09
1.24e-09
9.55814e-10
7.35615e-10
5.65268e-10
4.33696e-10
3.32236e-10
2.5412e-10
1.94072e-10
1.47987e-10
1.12673e-10
8.56559e-11
6.5018e-11
4.92779e-11
3.72919e-11
2.81788e-11
2.12608e-11
1.60171e-11
1.20487e-11
9.05004e-12
6.78758e-12
5.08319e-12
3.80116e-12
2.83829e-12
2.11621e-12
1.57553e-12
1.17127e-12
8.69478e-13
6.44508e-13
4.77056e-13
3.52601e-13
2.6024e-13
1.91796e-13
1.41152e-13
1.03732e-13
7.61238e-14
5.57845e-14
4.08218e-14
2.98304e-14
2.17679e-14
1.58623e-14
1.15427e-14
8.38774e-15
6.08667e-15
4.41076e-15
3.1919e-15
2.30667e-15
1.66467e-15
1.19971e-15
8.63443e-16
6.20584e-16
4.4543e-16
3.1928e-16
2.28549e-16
1.63382e-16
1.16641e-16
8.31602e-17
5.92112e-17
4.21034e-17
2.9899e-17
2.12043e-17
1.50183e-17
1.06231e-17
7.50438e-18
5.29436e-18
3.73035e-18
2.62497e-18
1.84476e-18
1.29479e-18
9.07616e-19
6.35406e-19
4.44271e-19
3.10238e-19
2.16368e-19
1.50711e-19
1.04846e-19
7.28473e-20
5.05516e-20
3.50362e-20
2.42527e-20
1.67675e-20
1.15782e-20
7.98511e-21
5.50034e-21
3.78416e-21
2.60029e-21
1.78463e-21
1.22335e-21
8.37584e-22
5.72779e-22
3.91225e-22
2.669e-22
1.81867e-22
1.23779e-22
8.41446e-23
5.7134e-23
3.87485e-23
2.62487e-23
1.77605e-23
1.20032e-23
8.10284e-24
5.46357e-24
3.67974e-24
2.47548e-24
1.66344e-24
1.1165e-24
7.48549e-25
5.01291e-25
3.35328e-25
2.24059e-25
1.49544e-25
9.96986e-26
6.63938e-26
4.41656e-26
2.93468e-26
1.94787e-26
1.29146e-26
8.55322e-27
5.65853e-27
3.73943e-27
2.46852e-27
1.62779e-27
1.07224e-27
7.05542e-28
4.63754e-28
3.04502e-28
1.99724e-28
1.30861e-28
8.56515e-29
5.60017e-29
3.65774e-29
2.38655e-29
1.55552e-29
1.01281e-29
6.58772e-30
4.28048e-30
2.77846e-30
1.80165e-30
1.16706e-30
7.55222e-31
4.8822e-31
3.15295e-31
2.03414e-31
1.31102e-31
8.44118e-32
5.42954e-32
3.48892e-32
2.2397e-32
1.43634e-32
9.20235e-33
5.88998e-33
3.7662e-33
2.40586e-33
1.53537e-33
9.789e-34
6.23509e-34
3.96761e-34
2.52231e-34
1.60197e-34
1.01647e-34
6.44351e-35
4.08075e-35
2.58194e-35
1.63209e-35
1.03071e-35
6.50313e-36
4.09924e-36
2.58155e-36
1.62427e-36
1.02102e-36
6.41222e-37
4.02333e-37
2.52213e-37
1.57962e-37
9.88426e-38
6.17935e-38
3.85967e-38
2.40861e-38
1.50174e-38
9.35478e-39
5.82219e-39
3.62038e-39
2.24925e-39
1.39617e-39
8.65878e-40
5.36531e-40
3.32165e-40
2.05464e-40
1.26981e-40
7.84095e-41
4.83752e-41
2.98198e-41
1.8366e-41
1.13019e-41
6.94897e-42
4.26895e-42
2.62032e-42
1.60702e-42
9.84743e-43
6.02922e-43
3.68839e-43
2.2545e-43
1.37691e-43
8.40232e-44
5.12313e-44
3.12115e-44
1.89994e-44
1.1556e-44
7.02302e-45
4.26468e-45
2.58761e-45
1.56877e-45
9.50326e-46
5.75224e-46
3.479e-46
2.10245e-46
1.26956e-46
7.66014e-47
4.61825e-47
2.78212e-47
1.67469e-47
1.00729e-47
6.05391e-48
3.63563e-48
2.18166e-48
1.30815e-48
7.83785e-49
4.69248e-49
2.80721e-49
1.6781e-49
1.00237e-49
5.9829e-50
3.56835e-50
2.12664e-50
1.26648e-50
7.53657e-51
4.48154e-51
2.66291e-51
1.58112e-51
9.38107e-52
5.56186e-52
3.2951e-52
1.95073e-52
1.15401e-52
6.82195e-53
4.02986e-53
2.3788e-53
1.40318e-53
8.27094e-54
4.87176e-54
2.86752e-54
1.68662e-54
9.91336e-55
5.82259e-55
3.41747e-55
2.00442e-55
1.17481e-55
6.88083e-56
4.02729e-56
2.35549e-56
1.37674e-56
8.04116e-57
4.6934e-57
2.73753e-57
1.59563e-57
9.29412e-58
5.4099e-58
3.14684e-58
1.82923e-58
1.06259e-58
6.16841e-59
3.5784e-59
2.0745e-59
1.20185e-59
6.95818e-60
4.02582e-60
2.3277e-60
1.34497e-60
7.76627e-61
4.48155e-61
2.58441e-61
1.4894e-61
8.57784e-62
4.93701e-62
2.83968e-62
1.63229e-62
9.37658e-63
5.38288e-63
3.08822e-63
1.77062e-63
1.01453e-63
5.80941e-64
3.32449e-64
1.90128e-64
1.08666e-64
6.20682e-65
3.54303e-65
2.0212e-65
1.15233e-65
6.56561e-66
3.73857e-66
2.1275e-66
1.20995e-66
6.87703e-67
3.90634e-67
2.21756e-67
1.25812e-67
7.1338e-68
4.04291e-68
2.29047e-68
1.29797e-68
7.37065e-69
4.2179e-69
2.47403e-69
1.55857e-69
1.1663e-69
)
;

boundaryField
{
    sides
    {
        type            zeroGradient;
    }
    empty
    {
        type            empty;
    }
}


// ************************************************************************* //
