/*--------------------------------*- C++ -*----------------------------------*\
  =========                 |
  \\      /  F ield         | OpenFOAM: The Open Source CFD Toolbox
   \\    /   O peration     | Website:  https://openfoam.org
    \\  /    A nd           | Version:  7
     \\/     M anipulation  |
\*---------------------------------------------------------------------------*/
FoamFile
{
    version     2.0;
    format      ascii;
    class       volScalarField;
    location    "0.78";
    object      T;
}
// * * * * * * * * * * * * * * * * * * * * * * * * * * * * * * * * * * * * * //

dimensions      [0 0 0 1 0 0 0];

internalField   nonuniform List<scalar> 
1000
(
0
0
0
0
0
0
0
0
0
0
0
0
0
0
0
0
0
0
0
0
0
0
0
0
0
0
0
0
0
0
0
0
0
0
0
0
0
0
0
0
0
0
0
0
0
0
0
0
0
0
0
0
0
0
0
0
0
0
0
0
0
0
0
0
0
0
0
0
0
0
0
0
0
0
0
0
0
0
0
0
0
0
0
0
0
0
0
0
0
0
0
0
0
0
0
0
0
0
0
0
0
0
0
0
0
0
0
0
0
0
0
0
0
0
0
0
0
0
0
0
0
0
0
0
0
0
0
0
0
0
0
0
0
0
0
0
0
0
0
0
0
0
0
0
0
0
0
0
0
0
0
0
0
0
0
0
0
0
0
0
0
0
0
0
0
0
0
0
0
0
0
0
0
0
0
0
0
0
0
0
0
0
0
0
0
0
0
0
0
0
0
0
0
0
0
0
0
0
0
0
0
0
0
0
0
0
0
0
0
0
0
0
0
0
0
0
0
0
0
0
0
0
0
0
0
0
0
0
0
0
0
0
0
0
0
0
0
0
0
0
0
0
0
0
0
0
0
0
0
0
0
0
0
0
0
4.94066e-324
4.39718e-322
3.289e-320
2.3982e-318
1.74587e-316
1.26907e-314
9.21087e-313
6.67507e-311
4.82995e-309
3.48943e-307
2.51702e-305
1.81273e-303
1.30343e-301
9.35706e-300
6.70636e-298
4.79868e-296
3.42798e-294
2.44471e-292
1.74054e-290
1.23709e-288
8.77748e-287
6.21705e-285
4.3958e-283
3.10257e-281
2.18589e-279
1.53727e-277
1.07915e-275
7.56157e-274
5.28852e-272
3.69182e-270
2.5723e-268
1.78883e-266
1.24159e-264
8.60069e-263
5.94608e-261
4.10261e-259
2.82497e-257
1.94124e-255
1.33122e-253
9.10996e-252
6.2211e-250
4.23929e-248
2.8826e-246
1.95583e-244
1.32411e-242
8.94436e-241
6.02836e-239
4.05379e-237
2.71973e-235
1.82046e-233
1.21566e-231
8.09869e-230
5.38234e-228
3.56838e-226
2.35995e-224
1.55687e-222
1.02449e-220
6.72448e-219
4.40239e-217
2.87465e-215
1.87212e-213
1.21597e-211
7.87652e-210
5.08813e-208
3.27776e-206
2.10561e-204
1.34879e-202
8.61507e-201
5.48667e-199
3.48399e-197
2.2057e-195
1.3922e-193
8.76036e-192
5.49533e-190
3.43635e-188
2.14198e-186
1.33085e-184
8.24176e-183
5.08706e-181
3.12933e-179
1.91847e-177
1.17207e-175
7.13555e-174
4.32868e-172
2.61648e-170
1.57575e-168
9.45463e-167
5.65152e-165
3.36531e-163
1.99618e-161
1.17941e-159
6.94055e-158
4.06781e-156
2.37431e-154
1.38006e-152
7.98759e-151
4.60319e-149
2.64118e-147
1.50871e-145
8.57922e-144
4.85617e-142
2.73597e-140
1.53415e-138
8.56104e-137
4.75395e-135
2.62673e-133
1.44401e-131
7.89739e-130
4.29651e-128
2.32502e-126
1.25133e-124
6.69754e-123
3.56459e-121
1.88629e-119
9.92363e-118
5.18973e-116
2.69764e-114
1.3936e-112
7.15408e-111
3.64905e-109
1.8491e-107
9.30762e-106
4.65326e-104
2.31023e-102
1.13886e-100
5.57367e-99
2.70768e-97
1.30549e-95
6.24594e-94
2.96481e-92
1.39603e-90
6.51952e-89
3.01909e-87
1.38609e-85
6.30778e-84
2.84473e-82
1.27113e-80
5.62635e-79
2.46633e-77
1.07042e-75
4.59869e-74
1.95511e-72
8.22337e-71
3.42094e-69
1.40712e-67
5.72097e-66
2.29839e-64
9.12111e-63
3.57426e-61
1.38255e-59
5.27671e-58
1.98636e-56
7.37191e-55
2.6961e-53
9.71229e-52
3.44447e-50
1.20202e-48
4.12529e-47
1.39154e-45
4.61071e-44
1.49966e-42
4.78483e-41
1.49649e-39
4.58436e-38
1.37441e-36
4.02908e-35
1.15381e-33
3.2245e-32
8.78444e-31
2.33014e-29
6.01057e-28
1.50564e-26
3.65722e-25
8.60015e-24
1.95442e-22
4.28397e-21
9.03794e-20
1.8309e-18
3.55222e-17
6.58131e-16
1.1606e-14
1.94094e-13
3.06532e-12
4.54979e-11
6.31162e-10
8.1302e-09
9.6501e-08
1.04574e-06
1.02301e-05
8.90886e-05
0.000678408
0.00441293
0.0237549
0.101193
0.319521
0.680479
0.898807
0.976245
0.995587
0.999322
0.999911
0.99999
0.999999
1
1
1
1
1
1
1
1
1
1
1
1
1
1
1
1
1
1
1
1
1
1
1
1
1
1
1
1
1
1
1
1
1
1
1
1
1
1
1
1
1
1
1
1
1
1
1
1
1
1
1
1
1
1
1
1
1
1
1
1
1
1
1
1
1
1
1
1
1
1
1
1
1
1
1
1
1
1
1
1
1
1
1
1
0.999999
0.99999
0.999911
0.999322
0.995587
0.976245
0.898807
0.680479
0.319521
0.101193
0.0237549
0.00441293
0.000678408
8.90886e-05
1.02301e-05
1.04574e-06
9.6501e-08
8.1302e-09
6.31162e-10
4.54979e-11
3.06532e-12
1.94094e-13
1.1606e-14
6.58131e-16
3.55222e-17
1.8309e-18
9.03794e-20
4.28397e-21
1.95442e-22
8.60015e-24
3.65722e-25
1.50564e-26
6.01057e-28
2.33014e-29
8.78444e-31
3.2245e-32
1.15381e-33
4.02908e-35
1.37441e-36
4.58436e-38
1.49649e-39
4.78483e-41
1.49966e-42
4.61071e-44
1.39154e-45
4.12529e-47
1.20202e-48
3.44447e-50
9.71229e-52
2.6961e-53
7.37191e-55
1.98636e-56
5.27671e-58
1.38255e-59
3.57426e-61
9.12111e-63
2.29839e-64
5.72097e-66
1.40712e-67
3.42094e-69
8.22337e-71
1.95511e-72
4.59869e-74
1.07042e-75
2.46633e-77
5.62635e-79
1.27113e-80
2.84473e-82
6.30778e-84
1.38609e-85
3.01909e-87
6.51952e-89
1.39603e-90
2.96481e-92
6.24594e-94
1.30549e-95
2.70768e-97
5.57367e-99
1.13886e-100
2.31023e-102
4.65326e-104
9.30762e-106
1.8491e-107
3.64905e-109
7.15408e-111
1.3936e-112
2.69764e-114
5.18973e-116
9.92363e-118
1.88629e-119
3.56459e-121
6.69754e-123
1.25133e-124
2.32502e-126
4.29651e-128
7.89739e-130
1.44401e-131
2.62673e-133
4.75395e-135
8.56104e-137
1.53415e-138
2.73597e-140
4.85617e-142
8.57922e-144
1.50871e-145
2.64118e-147
4.60319e-149
7.98759e-151
1.38006e-152
2.37431e-154
4.06781e-156
6.94055e-158
1.17941e-159
1.99618e-161
3.36531e-163
5.65152e-165
9.45463e-167
1.57575e-168
2.61648e-170
4.32868e-172
7.13555e-174
1.17207e-175
1.91847e-177
3.12933e-179
5.08706e-181
8.24176e-183
1.33085e-184
2.14198e-186
3.43635e-188
5.49533e-190
8.76036e-192
1.3922e-193
2.2057e-195
3.48399e-197
5.48667e-199
8.61507e-201
1.34879e-202
2.10561e-204
3.27776e-206
5.08813e-208
7.87652e-210
1.21597e-211
1.87212e-213
2.87465e-215
4.40239e-217
6.72448e-219
1.02449e-220
1.55687e-222
2.35995e-224
3.56838e-226
5.38234e-228
8.09869e-230
1.21566e-231
1.82046e-233
2.71973e-235
4.05379e-237
6.02836e-239
8.94436e-241
1.32411e-242
1.95583e-244
2.8826e-246
4.23929e-248
6.2211e-250
9.10996e-252
1.33122e-253
1.94124e-255
2.82497e-257
4.10261e-259
5.94608e-261
8.60069e-263
1.24159e-264
1.78883e-266
2.5723e-268
3.69182e-270
5.28852e-272
7.56157e-274
1.07915e-275
1.53727e-277
2.18589e-279
3.10257e-281
4.3958e-283
6.21705e-285
8.77748e-287
1.23709e-288
1.74054e-290
2.44471e-292
3.42798e-294
4.79868e-296
6.70636e-298
9.35706e-300
1.30343e-301
1.81273e-303
2.51702e-305
3.48943e-307
4.82995e-309
6.67507e-311
9.21087e-313
1.26907e-314
1.74587e-316
2.39821e-318
3.28949e-320
4.39718e-322
4.94066e-324
0
0
0
0
0
0
0
0
0
0
0
0
0
0
0
0
0
0
0
0
0
0
0
0
0
0
0
0
0
0
0
0
0
0
0
0
0
0
0
0
0
0
0
0
0
0
0
0
0
0
0
0
0
0
0
0
0
0
0
0
0
0
0
0
0
0
0
0
0
0
0
0
0
0
0
0
0
0
0
0
0
0
0
0
0
0
0
0
0
0
0
0
0
0
0
0
0
0
0
0
0
0
0
0
0
0
0
0
0
0
0
0
0
0
0
0
0
0
0
0
0
0
0
0
0
0
0
0
0
0
0
0
0
0
0
0
0
0
0
0
0
0
0
0
0
0
0
0
0
0
0
0
0
0
0
0
0
0
0
0
0
0
0
0
0
0
0
0
0
0
0
0
0
0
0
0
0
0
0
0
0
0
0
0
0
0
0
0
0
0
0
0
0
0
0
0
0
0
0
0
0
0
0
0
0
0
0
0
0
0
0
0
0
0
0
0
0
0
0
0
0
0
0
0
0
0
0
0
0
0
0
0
0
0
0
0
0
0
0
0
0
0
0
0
0
0
0
0
0
0
0
0
0
0
0
)
;

boundaryField
{
    sides
    {
        type            zeroGradient;
    }
    empty
    {
        type            empty;
    }
}


// ************************************************************************* //
