/*--------------------------------*- C++ -*----------------------------------*\
  =========                 |
  \\      /  F ield         | OpenFOAM: The Open Source CFD Toolbox
   \\    /   O peration     | Website:  https://openfoam.org
    \\  /    A nd           | Version:  7
     \\/     M anipulation  |
\*---------------------------------------------------------------------------*/
FoamFile
{
    version     2.0;
    format      ascii;
    class       volScalarField;
    location    "1.26";
    object      T;
}
// * * * * * * * * * * * * * * * * * * * * * * * * * * * * * * * * * * * * * //

dimensions      [0 0 0 1 0 0 0];

internalField   nonuniform List<scalar> 
1000
(
2.43171e-191
3.19873e-191
6.08972e-191
1.49206e-190
4.05948e-190
1.14233e-189
3.24593e-189
9.24724e-189
2.63582e-188
7.51273e-188
2.14084e-187
6.09892e-187
1.737e-186
4.94565e-186
1.40774e-185
4.00584e-185
1.13957e-184
3.24085e-184
9.21407e-184
2.61888e-183
7.44137e-183
2.11379e-182
6.00262e-182
1.70408e-181
4.83628e-181
1.37215e-180
3.8919e-180
1.10355e-179
3.12815e-179
8.86448e-179
2.51123e-178
7.11191e-178
2.01351e-177
5.69883e-177
1.61244e-176
4.56088e-176
1.28966e-175
3.64561e-175
1.03021e-174
2.91036e-174
8.2192e-174
2.32046e-173
6.5491e-173
1.84778e-172
5.2117e-172
1.4695e-171
4.14209e-171
1.16715e-170
3.28773e-170
9.25812e-170
2.60619e-169
7.33413e-169
2.06323e-168
5.80232e-168
1.63122e-167
4.58435e-167
1.28795e-166
3.6172e-166
1.01555e-165
2.85025e-165
7.99681e-165
2.24286e-164
6.2884e-164
1.7625e-163
4.93819e-163
1.38311e-162
3.87253e-162
1.08388e-161
3.03261e-161
8.482e-161
2.37153e-160
6.62832e-160
1.85193e-159
5.1724e-159
1.44412e-158
4.03051e-158
1.1245e-157
3.13618e-157
8.74349e-157
2.43675e-156
6.78856e-156
1.89054e-155
5.26299e-155
1.4646e-154
4.07422e-154
1.13294e-153
3.14926e-153
8.75074e-153
2.43063e-152
6.7488e-152
1.87314e-151
5.19694e-151
1.44131e-150
3.99579e-150
1.10733e-149
3.06751e-149
8.49423e-149
2.35122e-148
6.50564e-148
1.79935e-147
4.97475e-147
1.37484e-146
3.79806e-146
1.04881e-145
2.89506e-145
7.98807e-145
2.20318e-144
6.0741e-144
1.67393e-143
4.61118e-143
1.26972e-142
3.49483e-142
9.61528e-142
2.64434e-141
7.26926e-141
1.99747e-140
5.4864e-140
1.5063e-139
4.13378e-139
1.13396e-138
3.10931e-138
8.52202e-138
2.3347e-137
6.39341e-137
1.75002e-136
4.7881e-136
1.30946e-135
3.57955e-135
9.78073e-135
2.67129e-134
7.29249e-134
1.98992e-133
5.42747e-133
1.47966e-132
4.03209e-132
1.09824e-131
2.98997e-131
8.13646e-131
2.2131e-130
6.0168e-130
1.63503e-129
4.44101e-129
1.20568e-128
3.27173e-128
8.87392e-128
2.40572e-127
6.51878e-127
1.76554e-126
4.77945e-126
1.2932e-125
3.49738e-125
9.45377e-125
2.55419e-124
6.89739e-124
1.86166e-123
5.02226e-123
1.35419e-122
3.64954e-122
9.83056e-122
2.64665e-121
7.12183e-121
1.91542e-120
5.14885e-120
1.38335e-119
3.71472e-119
9.96994e-119
2.67442e-118
7.17031e-118
1.92139e-117
5.14587e-117
1.37743e-116
3.68508e-116
9.85345e-116
2.63325e-115
7.0333e-115
1.87753e-114
5.00927e-114
1.33574e-113
3.5598e-113
9.48169e-113
2.52407e-112
6.71538e-112
1.78564e-111
4.74534e-111
1.26035e-110
3.34553e-110
8.87536e-110
2.35317e-109
6.23544e-109
1.65129e-108
4.37043e-108
1.15602e-107
3.05596e-107
8.07361e-107
2.1317e-106
5.62497e-106
1.48337e-105
3.90942e-105
1.02969e-104
2.71039e-104
7.12996e-104
1.87443e-103
4.92469e-103
1.29305e-102
3.39291e-102
8.89718e-102
2.3316e-101
6.10624e-101
1.59813e-100
4.17991e-100
1.09254e-99
2.85377e-99
7.44928e-99
1.94321e-98
5.06562e-98
1.31963e-97
3.43542e-97
8.93736e-97
2.32349e-96
6.03635e-96
1.56714e-95
4.06571e-95
1.05405e-94
2.73074e-94
7.06956e-94
1.82892e-93
4.72809e-93
1.22142e-92
3.15303e-92
8.13347e-92
2.09655e-91
5.40026e-91
1.38996e-90
3.57492e-90
9.18766e-90
2.35948e-89
6.05479e-89
1.55257e-88
3.97803e-88
1.01848e-87
2.60554e-87
6.66049e-87
1.70127e-86
4.34207e-86
1.10733e-85
2.82169e-85
7.18444e-85
1.82779e-84
4.64627e-84
1.18013e-83
2.995e-83
7.59458e-83
1.9242e-82
4.87115e-82
1.2321e-81
3.11383e-81
7.86271e-81
1.9837e-80
5.00042e-80
1.25938e-79
3.16906e-79
7.96746e-79
2.00136e-78
5.02277e-78
1.25943e-77
3.15508e-77
7.89683e-77
1.97469e-76
4.93339e-76
1.23138e-75
3.07066e-75
7.65006e-75
1.90409e-74
4.73478e-74
1.17624e-73
2.91927e-73
7.23824e-73
1.79295e-72
4.43687e-72
1.09687e-71
2.70897e-71
6.68373e-71
1.64738e-70
4.05631e-70
9.97754e-70
2.45171e-69
6.0182e-69
1.47574e-68
3.61493e-68
8.84566e-68
2.16221e-67
5.27961e-67
1.28777e-66
3.13763e-66
7.63643e-66
1.85653e-65
4.50849e-65
1.09364e-64
2.64992e-64
6.41353e-64
1.55048e-63
3.74402e-63
9.03039e-63
2.17555e-62
5.23507e-62
1.25824e-61
3.02055e-61
7.24249e-61
1.73446e-60
4.14872e-60
9.91131e-60
2.36489e-59
5.63575e-59
1.34137e-58
3.18856e-58
7.5699e-58
1.79485e-57
4.25016e-57
1.00512e-56
2.37389e-56
5.59924e-56
1.31892e-55
3.10261e-55
7.28866e-55
1.70992e-54
4.00598e-54
9.37217e-54
2.18961e-53
5.10835e-53
1.19009e-52
2.7686e-52
6.43152e-52
1.49189e-51
3.45562e-51
7.99233e-51
1.84576e-50
4.25625e-50
9.79992e-50
2.25297e-49
5.17157e-49
1.18527e-48
2.71227e-48
6.19678e-48
1.41354e-47
3.21927e-47
7.31988e-47
1.66167e-46
3.76592e-46
8.52079e-46
1.9247e-45
4.34026e-45
9.7708e-45
2.19584e-44
4.92631e-44
1.10328e-43
2.46653e-43
5.50447e-43
1.22622e-42
2.72671e-42
6.05228e-42
1.34091e-41
2.96536e-41
6.54551e-41
1.44208e-40
3.1711e-40
6.95979e-40
1.52455e-39
3.33301e-39
7.27237e-39
1.58362e-38
3.44154e-38
7.46404e-38
1.6155e-37
3.48934e-37
7.52098e-37
1.61768e-36
3.47207e-36
7.43623e-36
1.5892e-35
3.38888e-35
7.21068e-35
1.53084e-34
3.24272e-34
6.85335e-34
1.44512e-33
3.04018e-33
6.38092e-33
1.33611e-32
2.79107e-32
5.81643e-32
1.20917e-31
2.5076e-31
5.18746e-31
1.07045e-30
2.20336e-30
4.52375e-30
9.26396e-30
1.8922e-29
3.85479e-29
7.83223e-29
1.58712e-28
3.20747e-28
6.46445e-28
1.29929e-27
2.6042e-27
5.20504e-27
1.03739e-26
2.06167e-26
4.08546e-26
8.07226e-26
1.59026e-25
3.12357e-25
6.11684e-25
1.19422e-24
2.32441e-24
4.5102e-24
8.7241e-24
1.68219e-23
3.2333e-23
6.19467e-23
1.18299e-22
2.25172e-22
4.27181e-22
8.07712e-22
1.52207e-21
2.85845e-21
5.34972e-21
9.97753e-21
1.85435e-20
3.43417e-20
6.33722e-20
1.16522e-19
2.13471e-19
3.89647e-19
7.08588e-19
1.28378e-18
2.31712e-18
4.1663e-18
7.4625e-18
1.33148e-17
2.36639e-17
4.18914e-17
7.38645e-17
1.29719e-16
2.26891e-16
3.9524e-16
6.85674e-16
1.18461e-15
2.03808e-15
3.49173e-15
5.95689e-15
1.01191e-14
1.71159e-14
2.88254e-14
4.83345e-14
8.06924e-14
1.34118e-13
2.21928e-13
3.65589e-13
5.9954e-13
9.78761e-13
1.59058e-12
2.57304e-12
4.14322e-12
6.64079e-12
1.05945e-11
1.68234e-11
2.65894e-11
4.18269e-11
6.5486e-11
1.02042e-10
1.58248e-10
2.44242e-10
3.75164e-10
5.73497e-10
8.72463e-10
1.32088e-09
1.99011e-09
2.98388e-09
4.45221e-09
6.61083e-09
9.76834e-09
1.43638e-08
2.10182e-08
3.06059e-08
4.43502e-08
6.3954e-08
9.17745e-08
1.31057e-07
1.86245e-07
2.6339e-07
3.70686e-07
5.1917e-07
7.23625e-07
1.00375e-06
1.38563e-06
1.90364e-06
2.60285e-06
3.54195e-06
4.79707e-06
6.46629e-06
8.67541e-06
1.15848e-05
1.53979e-05
2.03712e-05
2.68265e-05
3.51656e-05
4.58866e-05
5.96047e-05
7.7075e-05
9.92197e-05
0.000127158
0.000162244
0.000206101
0.000260673
0.000328267
0.000411613
0.00051392
0.000638942
0.000791046
0.000975285
0.00119747
0.00146427
0.00178324
0.00216297
0.00261312
0.0031445
0.00376916
0.00450043
0.00535299
0.00634292
0.00748771
0.00880628
0.010319
0.0120476
0.0140152
0.0162462
0.0187661
0.0216016
0.0247801
0.0283298
0.0322795
0.0366581
0.0414944
0.0468172
0.0526545
0.0590334
0.0659796
0.0735175
0.0816693
0.090455
0.0998918
0.109994
0.120774
0.132237
0.144389
0.157229
0.170753
0.184952
0.199813
0.215319
0.231449
0.248176
0.26547
0.283298
0.30162
0.320397
0.339584
0.359132
0.378993
0.399114
0.419443
0.439923
0.460501
0.481121
0.501726
0.522262
0.542676
0.562916
0.58293
0.602671
0.622092
0.641152
0.65981
0.678029
0.695777
0.713023
0.729742
0.745911
0.761512
0.776529
0.79095
0.804768
0.817977
0.830576
0.842567
0.853953
0.864741
0.87494
0.884562
0.893619
0.902128
0.910103
0.917562
0.924525
0.93101
0.937038
0.942628
0.947801
0.952577
0.956977
0.96102
0.964726
0.968114
0.9712
0.974002
0.976536
0.978817
0.980857
0.982668
0.984262
0.985647
0.98683
0.987817
0.988611
0.989214
0.989627
0.989847
0.98987
0.989689
0.989298
0.988684
0.987838
0.986743
0.985383
0.983742
0.981798
0.979531
0.976918
0.973935
0.970556
0.966756
0.962508
0.957785
0.952561
0.94681
0.940506
0.933625
0.926143
0.91804
0.909296
0.899896
0.889824
0.879072
0.867631
0.855499
0.842676
0.829167
0.81498
0.800129
0.784632
0.76851
0.75179
0.734501
0.716678
0.698359
0.679585
0.660402
0.640856
0.620997
0.600877
0.58055
0.560071
0.539494
0.518875
0.498271
0.477735
0.457321
0.437082
0.417069
0.397328
0.377907
0.358847
0.340189
0.32197
0.304222
0.286976
0.270257
0.254088
0.238488
0.223471
0.20905
0.195232
0.182022
0.169423
0.157432
0.146045
0.135257
0.125056
0.115433
0.106374
0.0978637
0.0898857
0.0824223
0.0754546
0.068963
0.0629273
0.0573265
0.0521398
0.0473459
0.0429238
0.0388526
0.0351115
0.0316804
0.0285395
0.0256696
0.0230522
0.0206696
0.0185045
0.0165407
0.0147626
0.0131557
0.0117058
0.0104001
0.00922613
0.00817248
0.00722843
0.00638399
0.00562994
0.00495771
0.00435942
0.0038278
0.00335619
0.00293849
0.00256914
0.00224304
0.0019556
0.00170262
0.00148031
0.00128526
0.00111439
0.000964917
0.000834368
0.000720513
0.000621364
0.000535149
0.000460289
0.000395382
0.000339187
0.000290602
0.000248656
0.000212493
0.000181359
0.000154591
0.000131609
0.000111904
9.50315e-05
8.06036e-05
6.82826e-05
5.77747e-05
4.88248e-05
4.12118e-05
3.47444e-05
2.92572e-05
2.46076e-05
2.06727e-05
1.73468e-05
1.45392e-05
1.2172e-05
1.01785e-05
8.50191e-06
7.09346e-06
5.9117e-06
4.92134e-06
4.09235e-06
3.39926e-06
2.82047e-06
2.33769e-06
1.93545e-06
1.6007e-06
1.32244e-06
1.09139e-06
8.99764e-07
7.41004e-07
6.09622e-07
5.01015e-07
4.11334e-07
3.3736e-07
2.76409e-07
2.26241e-07
1.84992e-07
1.51114e-07
1.23317e-07
1.00534e-07
8.188e-08
6.66222e-08
5.41552e-08
4.39787e-08
3.56804e-08
2.89203e-08
2.34189e-08
1.89461e-08
1.53133e-08
1.23656e-08
9.97604e-09
8.04087e-09
6.47517e-09
5.20961e-09
4.18762e-09
3.3631e-09
2.69852e-09
2.16334e-09
1.73277e-09
1.38668e-09
1.10875e-09
8.85759e-10
7.07004e-10
5.63841e-10
4.49284e-10
3.57698e-10
2.84543e-10
2.26159e-10
1.79605e-10
1.42516e-10
1.12993e-10
8.95123e-11
7.08534e-11
5.60385e-11
4.42856e-11
3.49696e-11
2.75913e-11
2.17526e-11
1.71359e-11
1.34885e-11
1.06091e-11
8.33796e-12
6.54795e-12
5.13828e-12
4.02902e-12
3.15683e-12
2.47158e-12
1.93363e-12
1.51164e-12
1.18086e-12
9.21787e-13
7.19023e-13
5.60451e-13
4.36533e-13
3.39768e-13
2.64262e-13
2.05389e-13
1.59518e-13
1.23804e-13
9.60188e-14
7.4417e-14
5.76349e-14
4.46064e-14
3.44993e-14
2.66639e-14
2.05941e-14
1.58952e-14
1.22601e-14
9.45002e-15
7.27914e-15
5.60323e-15
4.31032e-15
3.31355e-15
2.54562e-15
1.95439e-15
1.4995e-15
1.14974e-15
8.81e-16
6.74643e-16
5.16293e-16
3.9486e-16
3.01798e-16
2.30525e-16
1.75974e-16
1.34249e-16
1.02353e-16
7.79881e-17
5.93867e-17
4.51945e-17
3.43731e-17
2.6127e-17
1.98473e-17
1.50679e-17
1.14327e-17
8.6693e-18
6.57001e-18
4.97615e-18
3.76676e-18
2.84964e-18
2.15458e-18
1.62811e-18
1.22958e-18
9.28078e-19
7.00108e-19
5.27838e-19
3.97734e-19
2.99532e-19
2.2545e-19
1.69597e-19
1.27511e-19
9.58158e-20
7.19599e-20
5.40142e-20
4.0522e-20
3.03836e-20
2.27696e-20
1.70545e-20
1.27671e-20
9.5525e-21
7.14352e-21
5.33925e-21
3.98861e-21
2.97809e-21
2.22244e-21
1.65767e-21
1.23578e-21
9.20803e-22
6.85757e-22
5.10451e-22
3.79769e-22
2.82401e-22
2.09893e-22
1.55924e-22
1.15775e-22
8.59213e-23
6.37345e-23
4.72537e-23
3.50176e-23
2.59375e-23
1.92025e-23
1.42096e-23
1.05099e-23
7.76974e-24
5.74129e-24
4.24041e-24
3.13042e-24
2.3099e-24
1.70366e-24
1.25595e-24
9.25461e-25
6.81626e-25
5.01805e-25
3.69254e-25
2.71593e-25
1.99672e-25
1.4673e-25
1.07777e-25
7.91295e-26
5.80709e-26
4.25977e-26
3.12336e-26
2.28912e-26
1.67696e-26
1.22797e-26
8.98808e-27
6.57593e-27
4.80906e-27
3.51542e-27
2.56868e-27
1.8761e-27
1.36968e-27
9.9954e-28
7.29118e-28
5.31635e-28
3.8748e-28
2.82295e-28
2.05579e-28
1.4965e-28
1.08891e-28
7.92018e-29
5.75836e-29
4.18492e-29
3.04019e-29
2.20769e-29
1.60252e-29
1.16277e-29
8.4336e-30
6.11448e-30
4.43134e-30
3.21026e-30
2.32474e-30
1.68283e-30
1.21769e-30
8.80778e-31
6.36837e-31
4.60281e-31
3.32546e-31
2.40168e-31
1.73387e-31
1.25129e-31
9.02725e-32
6.51147e-32
4.69911e-32
3.40229e-32
2.50018e-32
1.95127e-32
)
;

boundaryField
{
    sides
    {
        type            zeroGradient;
    }
    empty
    {
        type            empty;
    }
}


// ************************************************************************* //
