/*--------------------------------*- C++ -*----------------------------------*\
  =========                 |
  \\      /  F ield         | OpenFOAM: The Open Source CFD Toolbox
   \\    /   O peration     | Website:  https://openfoam.org
    \\  /    A nd           | Version:  7
     \\/     M anipulation  |
\*---------------------------------------------------------------------------*/
FoamFile
{
    version     2.0;
    format      ascii;
    class       volScalarField;
    location    "2.97";
    object      T;
}
// * * * * * * * * * * * * * * * * * * * * * * * * * * * * * * * * * * * * * //

dimensions      [0 0 0 1 0 0 0];

internalField   nonuniform List<scalar> 
1000
(
0.0407325
0.0407346
0.0407389
0.0407452
0.0407538
0.0407644
0.0407772
0.0407921
0.0408091
0.0408283
0.0408496
0.040873
0.0408986
0.0409263
0.0409561
0.040988
0.041022
0.0410582
0.0410965
0.0411369
0.0411795
0.0412241
0.0412709
0.0413198
0.0413708
0.0414239
0.0414792
0.0415365
0.041596
0.0416575
0.0417212
0.041787
0.0418549
0.0419249
0.041997
0.0420712
0.0421475
0.0422258
0.0423063
0.0423889
0.0424736
0.0425603
0.0426491
0.0427401
0.0428331
0.0429281
0.0430253
0.0431245
0.0432258
0.0433292
0.0434346
0.0435421
0.0436517
0.0437633
0.043877
0.0439927
0.0441105
0.0442304
0.0443522
0.0444761
0.0446021
0.0447301
0.0448601
0.0449921
0.0451262
0.0452623
0.0454004
0.0455405
0.0456827
0.0458268
0.045973
0.0461211
0.0462712
0.0464234
0.0465775
0.0467336
0.0468917
0.0470518
0.0472138
0.0473778
0.0475438
0.0477117
0.0478816
0.0480534
0.0482272
0.0484029
0.0485805
0.0487601
0.0489416
0.049125
0.0493104
0.0494977
0.0496868
0.0498779
0.0500709
0.0502657
0.0504625
0.0506611
0.0508616
0.051064
0.0512682
0.0514743
0.0516823
0.0518921
0.0521037
0.0523172
0.0525325
0.0527496
0.0529686
0.0531893
0.0534119
0.0536363
0.0538624
0.0540904
0.0543201
0.0545516
0.0547849
0.0550199
0.0552567
0.0554953
0.0557355
0.0559776
0.0562213
0.0564668
0.0567139
0.0569628
0.0572134
0.0574657
0.0577196
0.0579753
0.0582326
0.0584915
0.0587522
0.0590144
0.0592783
0.0595439
0.059811
0.0600798
0.0603502
0.0606222
0.0608958
0.0611709
0.0614477
0.061726
0.0620058
0.0622872
0.0625702
0.0628547
0.0631407
0.0634282
0.0637172
0.0640078
0.0642998
0.0645933
0.0648882
0.0651847
0.0654825
0.0657818
0.0660826
0.0663848
0.0666884
0.0669934
0.0672997
0.0676075
0.0679167
0.0682272
0.0685391
0.0688523
0.0691668
0.0694827
0.0697999
0.0701184
0.0704382
0.0707592
0.0710816
0.0714052
0.0717301
0.0720562
0.0723835
0.0727121
0.0730418
0.0733728
0.0737049
0.0740383
0.0743728
0.0747084
0.0750452
0.0753831
0.0757222
0.0760623
0.0764035
0.0767459
0.0770893
0.0774337
0.0777792
0.0781258
0.0784734
0.078822
0.0791716
0.0795221
0.0798737
0.0802262
0.0805797
0.0809341
0.0812894
0.0816457
0.0820029
0.0823609
0.0827198
0.0830796
0.0834403
0.0838017
0.084164
0.0845272
0.0848911
0.0852558
0.0856213
0.0859875
0.0863545
0.0867222
0.0870906
0.0874597
0.0878296
0.0882001
0.0885713
0.0889431
0.0893155
0.0896886
0.0900623
0.0904366
0.0908115
0.0911869
0.0915629
0.0919394
0.0923165
0.092694
0.0930721
0.0934506
0.0938296
0.0942091
0.094589
0.0949693
0.09535
0.0957311
0.0961126
0.0964945
0.0968767
0.0972593
0.0976421
0.0980253
0.0984087
0.0987925
0.0991765
0.0995607
0.0999452
0.10033
0.100715
0.1011
0.101485
0.10187
0.102256
0.102642
0.103027
0.103413
0.103799
0.104185
0.104571
0.104957
0.105343
0.105729
0.106115
0.106501
0.106887
0.107273
0.107659
0.108044
0.10843
0.108815
0.1092
0.109586
0.109971
0.110355
0.11074
0.111124
0.111508
0.111892
0.112275
0.112659
0.113041
0.113424
0.113806
0.114188
0.11457
0.114951
0.115331
0.115712
0.116092
0.116471
0.11685
0.117228
0.117606
0.117983
0.11836
0.118737
0.119112
0.119487
0.119862
0.120236
0.120609
0.120982
0.121354
0.121725
0.122095
0.122465
0.122834
0.123202
0.12357
0.123937
0.124303
0.124668
0.125032
0.125396
0.125758
0.12612
0.126481
0.126841
0.127199
0.127557
0.127914
0.12827
0.128625
0.128979
0.129332
0.129684
0.130035
0.130385
0.130734
0.131081
0.131428
0.131773
0.132117
0.13246
0.132802
0.133142
0.133482
0.13382
0.134157
0.134492
0.134827
0.13516
0.135491
0.135821
0.13615
0.136478
0.136804
0.137129
0.137452
0.137774
0.138095
0.138414
0.138732
0.139048
0.139362
0.139675
0.139987
0.140297
0.140605
0.140912
0.141217
0.141521
0.141823
0.142124
0.142422
0.142719
0.143015
0.143308
0.1436
0.143891
0.144179
0.144466
0.144751
0.145034
0.145316
0.145595
0.145873
0.146149
0.146423
0.146695
0.146966
0.147234
0.147501
0.147766
0.148028
0.148289
0.148548
0.148805
0.14906
0.149313
0.149564
0.149812
0.150059
0.150304
0.150547
0.150788
0.151026
0.151263
0.151497
0.151729
0.15196
0.152188
0.152414
0.152637
0.152859
0.153078
0.153295
0.15351
0.153723
0.153934
0.154142
0.154348
0.154552
0.154753
0.154953
0.15515
0.155344
0.155537
0.155727
0.155914
0.1561
0.156283
0.156463
0.156642
0.156818
0.156991
0.157162
0.157331
0.157498
0.157661
0.157823
0.157982
0.158139
0.158293
0.158445
0.158594
0.158741
0.158885
0.159027
0.159166
0.159303
0.159437
0.159569
0.159698
0.159825
0.159949
0.160071
0.16019
0.160306
0.16042
0.160532
0.160641
0.160747
0.16085
0.160952
0.16105
0.161146
0.161239
0.16133
0.161418
0.161503
0.161586
0.161666
0.161744
0.161819
0.161891
0.161961
0.162028
0.162092
0.162154
0.162213
0.162269
0.162323
0.162374
0.162422
0.162468
0.162511
0.162551
0.162589
0.162624
0.162656
0.162685
0.162712
0.162737
0.162758
0.162777
0.162793
0.162807
0.162817
0.162825
0.162831
0.162834
0.162834
0.162831
0.162825
0.162817
0.162807
0.162793
0.162777
0.162758
0.162737
0.162712
0.162685
0.162656
0.162624
0.162589
0.162551
0.162511
0.162468
0.162422
0.162374
0.162323
0.162269
0.162213
0.162154
0.162092
0.162028
0.161961
0.161891
0.161819
0.161744
0.161666
0.161586
0.161503
0.161418
0.16133
0.161239
0.161146
0.16105
0.160952
0.16085
0.160747
0.160641
0.160532
0.16042
0.160306
0.16019
0.160071
0.159949
0.159825
0.159698
0.159569
0.159437
0.159303
0.159166
0.159027
0.158885
0.158741
0.158594
0.158445
0.158293
0.158139
0.157982
0.157823
0.157661
0.157498
0.157331
0.157162
0.156991
0.156818
0.156642
0.156463
0.156283
0.1561
0.155914
0.155727
0.155537
0.155344
0.15515
0.154953
0.154753
0.154552
0.154348
0.154142
0.153934
0.153723
0.15351
0.153295
0.153078
0.152859
0.152637
0.152414
0.152188
0.15196
0.151729
0.151497
0.151263
0.151026
0.150788
0.150547
0.150304
0.150059
0.149812
0.149564
0.149313
0.14906
0.148805
0.148548
0.148289
0.148028
0.147766
0.147501
0.147234
0.146966
0.146695
0.146423
0.146149
0.145873
0.145595
0.145316
0.145034
0.144751
0.144466
0.144179
0.143891
0.1436
0.143308
0.143015
0.142719
0.142422
0.142124
0.141823
0.141521
0.141217
0.140912
0.140605
0.140297
0.139987
0.139675
0.139362
0.139048
0.138732
0.138414
0.138095
0.137774
0.137452
0.137129
0.136804
0.136478
0.13615
0.135821
0.135491
0.13516
0.134827
0.134492
0.134157
0.13382
0.133482
0.133142
0.132802
0.13246
0.132117
0.131773
0.131428
0.131081
0.130734
0.130385
0.130035
0.129684
0.129332
0.128979
0.128625
0.12827
0.127914
0.127557
0.127199
0.126841
0.126481
0.12612
0.125758
0.125396
0.125032
0.124668
0.124303
0.123937
0.12357
0.123202
0.122834
0.122465
0.122095
0.121725
0.121354
0.120982
0.120609
0.120236
0.119862
0.119487
0.119112
0.118737
0.11836
0.117983
0.117606
0.117228
0.11685
0.116471
0.116092
0.115712
0.115331
0.114951
0.11457
0.114188
0.113806
0.113424
0.113041
0.112659
0.112275
0.111892
0.111508
0.111124
0.11074
0.110355
0.109971
0.109586
0.1092
0.108815
0.10843
0.108044
0.107659
0.107273
0.106887
0.106501
0.106115
0.105729
0.105343
0.104957
0.104571
0.104185
0.103799
0.103413
0.103027
0.102642
0.102256
0.10187
0.101485
0.1011
0.100715
0.10033
0.0999452
0.0995607
0.0991765
0.0987925
0.0984087
0.0980253
0.0976421
0.0972593
0.0968767
0.0964945
0.0961126
0.0957311
0.09535
0.0949693
0.094589
0.0942091
0.0938296
0.0934506
0.0930721
0.092694
0.0923165
0.0919394
0.0915629
0.0911869
0.0908115
0.0904366
0.0900623
0.0896886
0.0893155
0.0889431
0.0885713
0.0882001
0.0878296
0.0874597
0.0870906
0.0867222
0.0863545
0.0859875
0.0856213
0.0852558
0.0848911
0.0845272
0.084164
0.0838017
0.0834403
0.0830796
0.0827198
0.0823609
0.0820029
0.0816457
0.0812894
0.0809341
0.0805797
0.0802262
0.0798737
0.0795221
0.0791716
0.078822
0.0784734
0.0781258
0.0777792
0.0774337
0.0770893
0.0767459
0.0764035
0.0760623
0.0757222
0.0753831
0.0750452
0.0747084
0.0743728
0.0740383
0.0737049
0.0733728
0.0730418
0.0727121
0.0723835
0.0720562
0.0717301
0.0714052
0.0710816
0.0707592
0.0704382
0.0701184
0.0697999
0.0694827
0.0691668
0.0688523
0.0685391
0.0682272
0.0679167
0.0676075
0.0672997
0.0669934
0.0666884
0.0663848
0.0660826
0.0657818
0.0654825
0.0651847
0.0648882
0.0645933
0.0642998
0.0640078
0.0637172
0.0634282
0.0631407
0.0628547
0.0625702
0.0622872
0.0620058
0.061726
0.0614477
0.0611709
0.0608958
0.0606222
0.0603502
0.0600798
0.059811
0.0595439
0.0592783
0.0590144
0.0587522
0.0584915
0.0582326
0.0579753
0.0577196
0.0574657
0.0572134
0.0569628
0.0567139
0.0564668
0.0562213
0.0559776
0.0557355
0.0554953
0.0552567
0.0550199
0.0547849
0.0545516
0.0543201
0.0540904
0.0538624
0.0536363
0.0534119
0.0531893
0.0529686
0.0527496
0.0525325
0.0523172
0.0521037
0.0518921
0.0516823
0.0514743
0.0512682
0.051064
0.0508616
0.0506611
0.0504625
0.0502657
0.0500709
0.0498779
0.0496868
0.0494977
0.0493104
0.049125
0.0489416
0.0487601
0.0485805
0.0484029
0.0482272
0.0480534
0.0478816
0.0477117
0.0475438
0.0473778
0.0472138
0.0470518
0.0468917
0.0467336
0.0465775
0.0464234
0.0462712
0.0461211
0.045973
0.0458268
0.0456827
0.0455405
0.0454004
0.0452623
0.0451262
0.0449921
0.0448601
0.0447301
0.0446021
0.0444761
0.0443522
0.0442304
0.0441105
0.0439927
0.043877
0.0437633
0.0436517
0.0435421
0.0434346
0.0433292
0.0432258
0.0431245
0.0430253
0.0429281
0.0428331
0.0427401
0.0426491
0.0425603
0.0424736
0.0423889
0.0423063
0.0422258
0.0421475
0.0420712
0.041997
0.0419249
0.0418549
0.041787
0.0417212
0.0416575
0.041596
0.0415365
0.0414792
0.0414239
0.0413708
0.0413198
0.0412709
0.0412241
0.0411795
0.0411369
0.0410965
0.0410582
0.041022
0.040988
0.0409561
0.0409263
0.0408986
0.040873
0.0408496
0.0408283
0.0408091
0.0407921
0.0407772
0.0407644
0.0407538
0.0407452
0.0407389
0.0407346
0.0407325
)
;

boundaryField
{
    sides
    {
        type            zeroGradient;
    }
    empty
    {
        type            empty;
    }
}


// ************************************************************************* //
