/*--------------------------------*- C++ -*----------------------------------*\
  =========                 |
  \\      /  F ield         | OpenFOAM: The Open Source CFD Toolbox
   \\    /   O peration     | Website:  https://openfoam.org
    \\  /    A nd           | Version:  7
     \\/     M anipulation  |
\*---------------------------------------------------------------------------*/
FoamFile
{
    version     2.0;
    format      ascii;
    class       volScalarField;
    location    "3.96";
    object      T;
}
// * * * * * * * * * * * * * * * * * * * * * * * * * * * * * * * * * * * * * //

dimensions      [0 0 0 1 0 0 0];

internalField   nonuniform List<scalar> 
1000
(
0
0
0
0
0
0
0
0
0
0
0
0
0
0
0
0
0
0
0
0
0
0
0
0
0
0
0
0
0
0
0
0
0
0
0
0
0
0
0
0
0
0
0
0
0
0
0
0
0
0
0
0
0
0
0
0
0
0
0
0
0
0
0
0
0
0
0
0
0
0
0
0
0
0
0
0
0
0
0
0
0
0
0
0
0
0
0
0
0
0
0
0
0
0
0
0
0
0
0
0
0
-1.08694e-322
6.5019e-321
-3.93464e-319
2.32819e-317
-1.34615e-315
7.60849e-314
-4.20523e-312
2.2736e-310
-1.20287e-308
6.22927e-307
-3.15868e-305
1.56874e-303
-7.633e-302
3.63965e-300
-1.70121e-298
7.79655e-297
-3.50428e-295
1.54508e-293
-6.68432e-292
2.83803e-290
-1.18283e-288
4.8402e-287
-1.94505e-285
7.67724e-284
-2.97695e-282
1.13425e-280
-4.24713e-279
1.56317e-277
-5.65602e-276
2.01226e-274
-7.04031e-273
2.42271e-271
-8.20119e-270
2.73138e-268
-8.95109e-267
2.88682e-265
-9.16365e-264
2.86339e-262
-8.80864e-261
2.66813e-259
-7.95838e-258
2.33783e-256
-6.76427e-255
1.92795e-253
-5.41353e-252
1.49769e-250
-4.08288e-249
1.09686e-247
-2.90416e-246
7.579e-245
-1.94969e-243
4.94448e-242
-1.23627e-240
3.04773e-239
-7.40881e-238
1.77608e-236
-4.19904e-235
9.79139e-234
-2.25204e-232
5.10947e-231
-1.1436e-229
2.5252e-228
-5.5014e-227
1.18258e-225
-2.50839e-224
5.2504e-223
-1.08454e-221
2.21097e-220
-4.44859e-219
8.83465e-218
-1.73183e-216
3.35113e-215
-6.40131e-214
1.20714e-212
-2.24736e-211
4.13084e-210
-7.4967e-209
1.34334e-207
-2.37685e-206
4.15272e-205
-7.16468e-204
1.2207e-202
-2.0539e-201
3.41292e-200
-5.60094e-199
9.07814e-198
-1.45327e-196
2.29783e-195
-3.5886e-194
5.53577e-193
-8.43503e-192
1.26958e-190
-1.88758e-189
2.77225e-188
-4.02207e-187
5.76451e-186
-8.16164e-185
1.14157e-183
-1.57739e-182
2.15326e-181
-2.90387e-180
3.86887e-179
-5.0924e-178
6.62207e-177
-8.50747e-176
1.0798e-174
-1.35402e-173
1.67744e-172
-2.05308e-171
2.48257e-170
-2.96575e-169
3.50028e-168
-4.08135e-167
4.70147e-166
-5.35043e-165
6.01542e-164
-6.68127e-163
7.33101e-162
-7.94646e-161
8.50905e-160
-9.00077e-159
9.40503e-158
-9.70766e-157
9.89766e-156
-9.96791e-155
9.91558e-154
-9.74233e-153
9.45422e-152
-9.06134e-151
8.57728e-150
-8.01828e-149
7.40239e-148
-6.74845e-147
6.0752e-146
-5.40034e-145
4.73988e-144
-4.10749e-143
3.51421e-142
-2.96823e-141
2.47492e-140
-2.03702e-139
1.65489e-138
-1.32695e-137
1.05009e-136
-8.20066e-136
6.31963e-135
-4.80529e-134
3.60493e-133
-2.668e-132
1.94781e-131
-1.40262e-130
9.96132e-130
-6.97647e-129
4.81778e-128
-3.2802e-127
2.20162e-126
-1.45651e-125
9.49643e-125
-6.10121e-124
3.86203e-123
-2.40818e-122
1.47898e-121
-8.94454e-121
5.32589e-120
-3.1216e-119
1.8006e-118
-1.02192e-117
5.70511e-117
-3.13218e-116
1.69061e-115
-8.9685e-115
4.67451e-114
-2.39297e-113
1.2027e-112
-5.93219e-112
2.8702e-111
-1.36154e-110
6.32897e-110
-2.88105e-109
1.28348e-108
-5.59132e-108
2.37984e-107
-9.88693e-107
4.00457e-106
-1.57924e-105
6.05416e-105
-2.25185e-104
8.10747e-104
-2.81712e-103
9.41085e-103
-3.00677e-102
9.12052e-102
-2.59734e-101
6.81592e-101
-1.59006e-100
3.01919e-100
-3.18691e-100
-7.69235e-100
6.63805e-99
-2.83609e-98
9.28056e-98
-2.4645e-97
5.05244e-97
-5.72797e-97
-1.14222e-96
1.00376e-95
-3.95161e-95
1.10878e-94
-2.19295e-94
1.75715e-94
8.54752e-94
-5.22007e-93
1.70945e-92
-3.71476e-92
3.66039e-92
1.15e-91
-7.63405e-91
2.40565e-90
-4.56365e-90
1.57457e-90
2.63264e-89
-1.18034e-88
2.8598e-88
-2.98231e-88
-8.43766e-88
5.34819e-87
-1.45603e-86
1.79408e-86
3.33314e-86
-2.45564e-85
6.66178e-85
-7.29668e-85
-1.9002e-84
1.15481e-83
-2.72815e-83
1.6596e-83
1.24033e-82
-5.21906e-82
9.05563e-82
4.52024e-82
-7.29914e-81
2.01628e-80
-1.62059e-80
-7.84059e-80
3.40666e-79
-5.2688e-79
-5.77032e-79
4.96617e-78
-1.07016e-77
-2.90917e-79
6.65006e-77
-1.81586e-76
8.95765e-77
8.57685e-76
-2.80438e-75
2.16821e-75
1.11357e-74
-4.09969e-74
3.64647e-74
1.50997e-73
-5.77724e-73
4.98143e-73
2.17078e-72
-7.8731e-72
5.46458e-72
3.26026e-71
-1.02691e-70
3.85553e-71
4.93887e-70
-1.24998e-69
-1.6753e-70
7.24818e-69
-1.35167e-68
-1.32058e-68
9.90323e-68
-1.15658e-67
-3.19363e-67
1.2034e-66
-4.49522e-67
-5.60701e-66
1.20553e-65
9.10589e-66
-7.82959e-65
8.00872e-65
2.78398e-64
-8.49617e-64
-1.27312e-64
4.53802e-63
-6.03291e-63
-1.43008e-62
5.06015e-62
1.94684e-63
-2.55436e-61
3.27413e-61
8.41923e-61
-2.67352e-60
-8.38771e-61
1.40536e-59
-1.23888e-59
-5.37902e-59
1.19498e-58
1.28041e-58
-7.04878e-58
1.16531e-58
3.21297e-57
-3.66691e-57
-1.15794e-56
2.76751e-56
2.91417e-56
-1.52788e-55
-6.75497e-57
7.04223e-55
-5.16929e-55
-2.80343e-54
4.36141e-54
9.54911e-54
-2.59018e-53
-2.58098e-53
1.30699e-52
3.64773e-53
-5.94456e-52
1.61552e-52
2.50343e-51
-1.92304e-51
-9.90454e-51
1.25923e-50
3.7134e-50
-6.79705e-50
-1.32648e-49
3.31456e-49
4.53125e-49
-1.51625e-48
-1.48517e-48
6.63837e-48
4.6948e-48
-2.81629e-47
-1.44759e-47
1.16736e-46
4.4657e-47
-4.75426e-46
-1.44726e-46
1.90926e-45
5.26101e-46
-7.57434e-45
-2.2273e-45
2.96885e-44
1.06643e-44
-1.148e-43
-5.41108e-44
4.36524e-43
2.76181e-43
-1.62382e-42
-1.37874e-42
5.86432e-42
6.64804e-42
-2.03291e-41
-3.07911e-41
6.64344e-41
1.36541e-40
-1.98053e-40
-5.77782e-40
4.99578e-40
2.32195e-39
-8.05604e-40
-8.7949e-39
-1.3003e-39
3.10028e-38
2.07919e-38
-9.94179e-38
-1.29727e-37
2.76504e-37
6.23904e-37
-5.82718e-37
-2.55648e-36
3.36096e-37
9.09864e-36
5.22912e-36
-2.75373e-35
-3.83527e-35
6.4812e-35
1.81039e-34
-7.46132e-35
-6.71939e-34
-3.1309e-34
1.98039e-33
2.78151e-33
-4.08345e-33
-1.29397e-32
1.36635e-33
4.37768e-32
3.80769e-32
-1.04877e-31
-2.29379e-31
1.03292e-31
8.46653e-31
5.69805e-31
-2.08872e-30
-4.11339e-30
2.02186e-30
1.52962e-29
1.13027e-29
-3.4715e-29
-7.6655e-29
1.54279e-29
2.56674e-28
2.71604e-28
-4.4767e-28
-1.40579e-27
-4.54113e-28
3.68493e-27
6.2831e-27
-2.67098e-27
-2.25788e-26
-2.31985e-26
3.50816e-26
1.1886e-25
6.617e-26
-2.55914e-25
-5.70699e-25
-9.44755e-26
1.53038e-24
2.59779e-24
-4.69065e-25
-8.26138e-24
-1.15873e-23
5.45592e-24
4.19958e-23
5.22371e-23
-3.45417e-23
-2.05433e-22
-2.43975e-22
1.7035e-22
9.75831e-22
1.19255e-21
-6.69365e-22
-4.49284e-21
-6.04408e-21
1.72189e-21
1.97817e-20
3.09911e-20
2.14743e-21
-8.08919e-20
-1.55744e-19
-7.08615e-20
2.89057e-19
7.40576e-19
6.37968e-19
-7.60734e-19
-3.18997e-18
-4.21695e-18
1.78349e-19
1.15668e-17
2.27139e-17
1.52877e-17
-2.87915e-17
-9.91999e-17
-1.29235e-16
-9.17149e-18
3.17933e-16
6.94057e-16
6.48106e-16
-4.11468e-16
-2.55865e-15
-4.48248e-15
-3.20076e-15
4.46197e-15
1.80397e-14
2.87311e-14
1.83944e-14
-3.1504e-14
-1.17971e-13
-1.89398e-13
-1.37148e-13
1.59786e-13
7.15254e-13
1.27089e-12
1.1996e-12
-3.32931e-13
-3.7765e-12
-8.2056e-12
-1.03802e-11
-4.81915e-12
1.38954e-11
4.58673e-11
7.86779e-11
8.20716e-11
1.14175e-11
-1.72115e-10
-4.60619e-10
-7.44995e-10
-7.72843e-10
-1.65342e-10
1.44887e-09
4.14001e-09
7.24033e-09
8.89287e-09
5.86651e-09
-5.93733e-09
-2.98089e-08
-6.50649e-08
-1.02556e-07
-1.19894e-07
-7.86763e-08
7.26334e-08
3.85466e-07
8.82787e-07
1.51265e-06
2.08528e-06
2.20315e-06
1.20545e-06
-1.83726e-06
-8.02523e-06
-1.83599e-05
-3.32212e-05
-5.15062e-05
-6.93488e-05
-7.83629e-05
-6.33861e-05
2.46378e-07
0.000149803
0.000438468
0.000938625
0.00174482
0.00297608
0.00477716
0.00731854
0.0107947
0.0154207
0.0214269
0.0290514
0.0385321
0.0500962
0.0639501
0.0802687
0.0991853
0.120783
0.145086
0.172059
0.2016
0.233543
0.267663
0.303679
0.341264
0.380055
0.419663
0.459687
0.499724
0.539383
0.578293
0.616115
0.652546
0.687329
0.720251
0.75115
0.779913
0.80647
0.830799
0.852914
0.872866
0.890732
0.906615
0.920634
0.932922
0.943619
0.952868
0.960812
0.967592
0.973341
0.978185
0.982241
0.985618
0.988412
0.99071
0.99259
0.994118
0.995354
0.996348
0.997143
0.997775
0.998276
0.99867
0.998979
0.999219
0.999406
0.99955
0.999661
0.999745
0.999809
0.999858
0.999895
0.999922
0.999943
0.999958
0.999969
0.999978
0.999984
0.999988
0.999992
0.999994
0.999996
0.999997
0.999998
0.999999
0.999999
0.999999
0.999999
0.999998
0.999998
0.999998
0.999999
1
1.00001
1.00002
1.00003
1.00005
1.00007
1.00008
1.00006
1
0.99985
0.999562
0.999061
0.998255
0.997024
0.995223
0.992681
0.989205
0.984579
0.978573
0.970949
0.961468
0.949904
0.93605
0.919731
0.900815
0.879217
0.854914
0.827941
0.7984
0.766457
0.732337
0.696321
0.658736
0.619945
0.580337
0.540313
0.500276
0.460617
0.421707
0.383885
0.347454
0.312671
0.279749
0.24885
0.220087
0.19353
0.169201
0.147086
0.127134
0.109268
0.0933853
0.079366
0.067078
0.0563811
0.0471321
0.0391876
0.032408
0.0266592
0.0218152
0.0177585
0.0143819
0.011588
0.00928984
0.00741032
0.00588192
0.00464597
0.00365202
0.00285701
0.00222452
0.00172396
0.00132987
0.00102118
0.000780603
0.000594039
0.000450067
0.000339499
0.000254989
0.000190698
0.000142014
0.000105318
7.77812e-05
5.72097e-05
4.19091e-05
3.05779e-05
2.22223e-05
1.60869e-05
1.16004e-05
8.33314e-06
5.9635e-06
4.25174e-06
3.02011e-06
2.13741e-06
1.50722e-06
1.05903e-06
7.4148e-07
5.17326e-07
3.59684e-07
2.49221e-07
1.72096e-07
1.18439e-07
8.12406e-08
5.55418e-08
3.78485e-08
2.57085e-08
1.74067e-08
1.17485e-08
7.90474e-09
5.3021e-09
3.54548e-09
2.36366e-09
1.57104e-09
1.04111e-09
6.87901e-10
4.53198e-10
2.97711e-10
1.95011e-10
1.27377e-10
8.29671e-11
5.38906e-11
3.4908e-11
2.25503e-11
1.4528e-11
9.33468e-12
5.98193e-12
3.82334e-12
2.43734e-12
1.54978e-12
9.8291e-13
6.21814e-13
3.92391e-13
2.47001e-13
1.55099e-13
9.71544e-14
6.07108e-14
3.78468e-14
2.35376e-14
1.4604e-14
9.04008e-15
5.583e-15
3.44008e-15
2.11487e-15
1.29724e-15
7.93942e-16
4.84838e-16
2.95428e-16
1.79624e-16
1.08978e-16
6.5976e-17
3.98577e-17
2.40285e-17
1.44556e-17
8.67856e-18
5.19959e-18
3.10891e-18
1.85512e-18
1.10476e-18
6.56602e-19
3.89478e-19
2.30577e-19
1.36241e-19
8.03467e-20
4.72934e-20
2.77851e-20
1.62933e-20
9.53676e-21
5.57173e-21
3.24926e-21
1.89143e-21
1.09904e-21
6.37473e-22
3.69095e-22
2.13329e-22
1.23085e-22
7.08932e-23
4.07622e-23
2.33975e-23
1.34074e-23
7.66991e-24
4.38036e-24
2.49753e-24
1.42166e-24
8.0793e-25
4.58403e-25
2.5967e-25
1.4686e-25
8.29268e-26
4.67524e-26
2.63168e-26
1.47907e-26
8.29998e-27
4.65051e-27
2.60174e-27
1.45336e-27
8.10645e-28
4.51485e-28
2.51081e-28
1.39428e-28
7.73129e-29
4.28081e-29
2.36688e-29
1.3068e-29
7.20485e-30
3.96671e-30
2.18087e-30
1.19736e-30
6.56481e-31
3.59438e-31
1.96533e-31
1.07315e-31
5.852e-32
3.18689e-32
1.73323e-32
9.41396e-33
5.10648e-33
2.76635e-33
1.49669e-33
8.08722e-34
4.3643e-34
2.35223e-34
1.26619e-34
6.80731e-35
3.65522e-35
1.96027e-35
1.04999e-35
5.61727e-36
3.00151e-36
1.60189e-36
8.53898e-37
4.54635e-37
2.41773e-37
1.28423e-37
6.81351e-38
3.61074e-38
1.91127e-38
1.01053e-38
5.33681e-39
2.81529e-39
1.48347e-39
7.8081e-40
4.10517e-40
2.15594e-40
1.13101e-40
5.92682e-41
3.10246e-41
1.62226e-41
8.47366e-42
4.42138e-42
2.30454e-42
1.19992e-42
6.24119e-43
3.24286e-43
1.68322e-43
8.72781e-44
4.5209e-44
2.33939e-44
1.20932e-44
6.24514e-45
3.22187e-45
1.66051e-45
8.54961e-46
4.39768e-46
2.25983e-46
1.16012e-46
5.94994e-47
3.04862e-47
1.56055e-47
7.98066e-48
4.07745e-48
2.08128e-48
1.06136e-48
5.40746e-49
2.75245e-49
1.39974e-49
7.11173e-50
3.61e-50
1.83082e-50
9.27669e-51
4.69624e-51
2.3753e-51
1.20034e-51
6.06042e-52
3.05718e-52
1.54085e-52
7.75927e-53
3.90396e-53
1.96256e-53
9.85457e-54
4.97705e-54
2.1439e-54
)
;

boundaryField
{
    sides
    {
        type            zeroGradient;
    }
    empty
    {
        type            empty;
    }
}


// ************************************************************************* //
