/*--------------------------------*- C++ -*----------------------------------*\
  =========                 |
  \\      /  F ield         | OpenFOAM: The Open Source CFD Toolbox
   \\    /   O peration     | Website:  https://openfoam.org
    \\  /    A nd           | Version:  7
     \\/     M anipulation  |
\*---------------------------------------------------------------------------*/
FoamFile
{
    version     2.0;
    format      ascii;
    class       volScalarField;
    location    "1.81";
    object      T;
}
// * * * * * * * * * * * * * * * * * * * * * * * * * * * * * * * * * * * * * //

dimensions      [0 0 0 1 0 0 0];

internalField   nonuniform List<scalar> 
1000
(
0.0142547
0.0142569
0.0142612
0.0142678
0.0142765
0.0142874
0.0143005
0.0143158
0.0143332
0.0143529
0.0143747
0.0143987
0.0144249
0.0144533
0.0144839
0.0145167
0.0145516
0.0145888
0.0146281
0.0146697
0.0147134
0.0147593
0.0148075
0.0148578
0.0149104
0.0149651
0.0150221
0.0150813
0.0151427
0.0152063
0.0152721
0.0153401
0.0154104
0.0154829
0.0155576
0.0156345
0.0157137
0.0157951
0.0158788
0.0159647
0.0160528
0.0161432
0.0162359
0.0163308
0.0164279
0.0165274
0.016629
0.016733
0.0168392
0.0169477
0.0170585
0.0171716
0.0172869
0.0174046
0.0175245
0.0176468
0.0177713
0.0178982
0.0180273
0.0181588
0.0182926
0.0184287
0.0185672
0.018708
0.0188511
0.0189966
0.0191444
0.0192945
0.0194471
0.0196019
0.0197592
0.0199188
0.0200808
0.0202451
0.0204119
0.020581
0.0207526
0.0209265
0.0211028
0.0212815
0.0214627
0.0216462
0.0218322
0.0220206
0.0222115
0.0224048
0.0226005
0.0227986
0.0229993
0.0232023
0.0234079
0.0236159
0.0238263
0.0240393
0.0242547
0.0244726
0.024693
0.0249159
0.0251413
0.0253692
0.0255996
0.0258325
0.0260679
0.0263059
0.0265463
0.0267894
0.0270349
0.027283
0.0275336
0.0277868
0.0280426
0.0283009
0.0285617
0.0288252
0.0290912
0.0293597
0.0296309
0.0299046
0.030181
0.0304599
0.0307414
0.0310255
0.0313122
0.0316016
0.0318935
0.032188
0.0324852
0.032785
0.0330874
0.0333924
0.0337001
0.0340104
0.0343233
0.0346389
0.0349571
0.035278
0.0356015
0.0359276
0.0362564
0.0365879
0.036922
0.0372587
0.0375982
0.0379403
0.038285
0.0386324
0.0389825
0.0393352
0.0396907
0.0400487
0.0404095
0.0407729
0.041139
0.0415077
0.0418792
0.0422533
0.0426301
0.0430095
0.0433916
0.0437764
0.0441639
0.044554
0.0449468
0.0453422
0.0457404
0.0461412
0.0465446
0.0469507
0.0473595
0.0477709
0.048185
0.0486017
0.0490211
0.0494432
0.0498678
0.0502952
0.0507251
0.0511577
0.0515929
0.0520308
0.0524712
0.0529143
0.05336
0.0538083
0.0542592
0.0547127
0.0551688
0.0556275
0.0560888
0.0565526
0.057019
0.057488
0.0579595
0.0584336
0.0589102
0.0593893
0.059871
0.0603552
0.0608419
0.0613311
0.0618228
0.062317
0.0628136
0.0633128
0.0638143
0.0643184
0.0648248
0.0653337
0.065845
0.0663588
0.0668749
0.0673934
0.0679142
0.0684375
0.068963
0.0694909
0.0700212
0.0705537
0.0710886
0.0716257
0.0721651
0.0727068
0.0732507
0.0737968
0.0743452
0.0748957
0.0754485
0.0760034
0.0765604
0.0771196
0.077681
0.0782444
0.0788099
0.0793775
0.0799471
0.0805188
0.0810925
0.0816682
0.0822459
0.0828256
0.0834072
0.0839907
0.0845761
0.0851634
0.0857526
0.0863437
0.0869365
0.0875312
0.0881277
0.0887259
0.0893259
0.0899275
0.0905309
0.091136
0.0917427
0.0923511
0.092961
0.0935725
0.0941856
0.0948003
0.0954164
0.0960341
0.0966532
0.0972737
0.0978956
0.098519
0.0991437
0.0997697
0.100397
0.101026
0.101656
0.102287
0.102919
0.103552
0.104187
0.104823
0.10546
0.106097
0.106736
0.107376
0.108017
0.108659
0.109302
0.109945
0.11059
0.111235
0.111881
0.112528
0.113176
0.113824
0.114473
0.115122
0.115772
0.116423
0.117074
0.117726
0.118378
0.119031
0.119684
0.120337
0.120991
0.121645
0.122299
0.122954
0.123609
0.124264
0.124919
0.125574
0.126229
0.126884
0.127539
0.128194
0.128849
0.129504
0.130159
0.130813
0.131467
0.132121
0.132775
0.133428
0.134081
0.134734
0.135386
0.136037
0.136688
0.137339
0.137988
0.138638
0.139286
0.139934
0.140581
0.141227
0.141872
0.142516
0.14316
0.143802
0.144444
0.145084
0.145723
0.146361
0.146998
0.147634
0.148269
0.148902
0.149534
0.150164
0.150793
0.151421
0.152047
0.152672
0.153295
0.153916
0.154536
0.155154
0.15577
0.156385
0.156998
0.157609
0.158218
0.158825
0.15943
0.160033
0.160634
0.161233
0.161829
0.162424
0.163016
0.163606
0.164194
0.164779
0.165362
0.165943
0.166521
0.167096
0.167669
0.16824
0.168808
0.169373
0.169935
0.170495
0.171052
0.171606
0.172157
0.172705
0.17325
0.173793
0.174332
0.174868
0.175401
0.175931
0.176458
0.176981
0.177502
0.178019
0.178532
0.179043
0.17955
0.180053
0.180553
0.181049
0.181542
0.182031
0.182517
0.182999
0.183477
0.183952
0.184422
0.184889
0.185352
0.185811
0.186267
0.186718
0.187165
0.187609
0.188048
0.188483
0.188914
0.189341
0.189763
0.190182
0.190596
0.191006
0.191411
0.191813
0.192209
0.192602
0.19299
0.193373
0.193752
0.194127
0.194497
0.194862
0.195223
0.195579
0.19593
0.196277
0.196619
0.196956
0.197289
0.197616
0.197939
0.198257
0.19857
0.198878
0.199181
0.199479
0.199773
0.200061
0.200344
0.200622
0.200895
0.201163
0.201426
0.201684
0.201936
0.202183
0.202426
0.202663
0.202894
0.203121
0.203342
0.203558
0.203768
0.203973
0.204173
0.204368
0.204557
0.204741
0.204919
0.205092
0.205259
0.205421
0.205578
0.205729
0.205874
0.206014
0.206149
0.206278
0.206402
0.20652
0.206632
0.206739
0.20684
0.206936
0.207026
0.20711
0.207189
0.207263
0.20733
0.207392
0.207449
0.207499
0.207545
0.207584
0.207618
0.207646
0.207669
0.207686
0.207697
0.207703
0.207703
0.207697
0.207686
0.207669
0.207646
0.207618
0.207584
0.207545
0.207499
0.207449
0.207392
0.20733
0.207263
0.207189
0.20711
0.207026
0.206936
0.20684
0.206739
0.206632
0.20652
0.206402
0.206278
0.206149
0.206014
0.205874
0.205729
0.205578
0.205421
0.205259
0.205092
0.204919
0.204741
0.204557
0.204368
0.204173
0.203973
0.203768
0.203558
0.203342
0.203121
0.202894
0.202663
0.202426
0.202183
0.201936
0.201684
0.201426
0.201163
0.200895
0.200622
0.200344
0.200061
0.199773
0.199479
0.199181
0.198878
0.19857
0.198257
0.197939
0.197616
0.197289
0.196956
0.196619
0.196277
0.19593
0.195579
0.195223
0.194862
0.194497
0.194127
0.193752
0.193373
0.19299
0.192602
0.192209
0.191813
0.191411
0.191006
0.190596
0.190182
0.189763
0.189341
0.188914
0.188483
0.188048
0.187609
0.187165
0.186718
0.186267
0.185811
0.185352
0.184889
0.184422
0.183952
0.183477
0.182999
0.182517
0.182031
0.181542
0.181049
0.180553
0.180053
0.17955
0.179043
0.178532
0.178019
0.177502
0.176981
0.176458
0.175931
0.175401
0.174868
0.174332
0.173793
0.17325
0.172705
0.172157
0.171606
0.171052
0.170495
0.169935
0.169373
0.168808
0.16824
0.167669
0.167096
0.166521
0.165943
0.165362
0.164779
0.164194
0.163606
0.163016
0.162424
0.161829
0.161233
0.160634
0.160033
0.15943
0.158825
0.158218
0.157609
0.156998
0.156385
0.15577
0.155154
0.154536
0.153916
0.153295
0.152672
0.152047
0.151421
0.150793
0.150164
0.149534
0.148902
0.148269
0.147634
0.146998
0.146361
0.145723
0.145084
0.144444
0.143802
0.14316
0.142516
0.141872
0.141227
0.140581
0.139934
0.139286
0.138638
0.137988
0.137339
0.136688
0.136037
0.135386
0.134734
0.134081
0.133428
0.132775
0.132121
0.131467
0.130813
0.130159
0.129504
0.128849
0.128194
0.127539
0.126884
0.126229
0.125574
0.124919
0.124264
0.123609
0.122954
0.122299
0.121645
0.120991
0.120337
0.119684
0.119031
0.118378
0.117726
0.117074
0.116423
0.115772
0.115122
0.114473
0.113824
0.113176
0.112528
0.111881
0.111235
0.11059
0.109945
0.109302
0.108659
0.108017
0.107376
0.106736
0.106097
0.10546
0.104823
0.104187
0.103552
0.102919
0.102287
0.101656
0.101026
0.100397
0.0997697
0.0991437
0.098519
0.0978956
0.0972737
0.0966532
0.0960341
0.0954164
0.0948003
0.0941856
0.0935725
0.092961
0.0923511
0.0917427
0.091136
0.0905309
0.0899275
0.0893259
0.0887259
0.0881277
0.0875312
0.0869365
0.0863437
0.0857526
0.0851634
0.0845761
0.0839907
0.0834072
0.0828256
0.0822459
0.0816682
0.0810925
0.0805188
0.0799471
0.0793775
0.0788099
0.0782444
0.077681
0.0771196
0.0765604
0.0760034
0.0754485
0.0748957
0.0743452
0.0737968
0.0732507
0.0727068
0.0721651
0.0716257
0.0710886
0.0705537
0.0700212
0.0694909
0.068963
0.0684375
0.0679142
0.0673934
0.0668749
0.0663588
0.065845
0.0653337
0.0648248
0.0643184
0.0638143
0.0633128
0.0628136
0.062317
0.0618228
0.0613311
0.0608419
0.0603552
0.059871
0.0593893
0.0589102
0.0584336
0.0579595
0.057488
0.057019
0.0565526
0.0560888
0.0556275
0.0551688
0.0547127
0.0542592
0.0538083
0.05336
0.0529143
0.0524712
0.0520308
0.0515929
0.0511577
0.0507251
0.0502952
0.0498678
0.0494432
0.0490211
0.0486017
0.048185
0.0477709
0.0473595
0.0469507
0.0465446
0.0461412
0.0457404
0.0453422
0.0449468
0.044554
0.0441639
0.0437764
0.0433916
0.0430095
0.0426301
0.0422533
0.0418792
0.0415077
0.041139
0.0407729
0.0404095
0.0400487
0.0396907
0.0393352
0.0389825
0.0386324
0.038285
0.0379403
0.0375982
0.0372587
0.036922
0.0365879
0.0362564
0.0359276
0.0356015
0.035278
0.0349571
0.0346389
0.0343233
0.0340104
0.0337001
0.0333924
0.0330874
0.032785
0.0324852
0.032188
0.0318935
0.0316016
0.0313122
0.0310255
0.0307414
0.0304599
0.030181
0.0299046
0.0296309
0.0293597
0.0290912
0.0288252
0.0285617
0.0283009
0.0280426
0.0277868
0.0275336
0.027283
0.0270349
0.0267894
0.0265463
0.0263059
0.0260679
0.0258325
0.0255996
0.0253692
0.0251413
0.0249159
0.024693
0.0244726
0.0242547
0.0240393
0.0238263
0.0236159
0.0234079
0.0232023
0.0229993
0.0227986
0.0226005
0.0224048
0.0222115
0.0220206
0.0218322
0.0216462
0.0214627
0.0212815
0.0211028
0.0209265
0.0207526
0.020581
0.0204119
0.0202451
0.0200808
0.0199188
0.0197592
0.0196019
0.0194471
0.0192945
0.0191444
0.0189966
0.0188511
0.018708
0.0185672
0.0184287
0.0182926
0.0181588
0.0180273
0.0178982
0.0177713
0.0176468
0.0175245
0.0174046
0.0172869
0.0171716
0.0170585
0.0169477
0.0168392
0.016733
0.016629
0.0165274
0.0164279
0.0163308
0.0162359
0.0161432
0.0160528
0.0159647
0.0158788
0.0157951
0.0157137
0.0156345
0.0155576
0.0154829
0.0154104
0.0153401
0.0152721
0.0152063
0.0151427
0.0150813
0.0150221
0.0149651
0.0149104
0.0148578
0.0148075
0.0147593
0.0147134
0.0146697
0.0146281
0.0145888
0.0145516
0.0145167
0.0144839
0.0144533
0.0144249
0.0143987
0.0143747
0.0143529
0.0143332
0.0143158
0.0143005
0.0142874
0.0142765
0.0142678
0.0142612
0.0142569
0.0142547
)
;

boundaryField
{
    sides
    {
        type            zeroGradient;
    }
    empty
    {
        type            empty;
    }
}


// ************************************************************************* //
