/*--------------------------------*- C++ -*----------------------------------*\
  =========                 |
  \\      /  F ield         | OpenFOAM: The Open Source CFD Toolbox
   \\    /   O peration     | Website:  https://openfoam.org
    \\  /    A nd           | Version:  7
     \\/     M anipulation  |
\*---------------------------------------------------------------------------*/
FoamFile
{
    version     2.0;
    format      ascii;
    class       volScalarField;
    location    "0.12";
    object      T;
}
// * * * * * * * * * * * * * * * * * * * * * * * * * * * * * * * * * * * * * //

dimensions      [0 0 0 1 0 0 0];

internalField   nonuniform List<scalar> 
1000
(
0
0
0
0
0
0
0
0
0
0
0
0
0
0
0
0
0
0
0
0
0
0
0
0
0
0
0
0
0
0
0
0
0
0
0
0
0
0
0
0
0
0
0
0
0
0
0
0
0
0
0
0
0
0
0
0
0
0
0
0
0
0
0
0
0
0
0
0
0
0
0
0
0
0
0
0
0
0
0
0
0
0
0
0
0
0
0
0
0
0
0
0
0
0
0
0
0
0
0
0
0
0
0
0
0
0
0
0
0
0
0
0
0
0
0
0
0
0
0
0
0
0
0
0
0
0
0
0
0
0
0
0
0
0
0
0
0
0
0
0
0
0
0
0
0
0
0
0
0
0
0
0
0
0
0
0
0
0
0
0
0
0
0
0
0
0
0
0
0
0
0
0
0
0
0
0
0
0
0
0
0
0
0
0
0
0
0
0
0
0
0
0
0
0
0
0
0
0
0
0
0
0
0
0
0
0
0
0
0
0
0
0
0
0
0
0
0
0
0
0
0
0
0
0
0
0
0
0
0
0
0
0
0
0
0
0
0
0
0
0
0
0
0
0
0
0
0
0
0
0
0
0
0
0
0
0
0
0
0
0
0
0
0
0
0
0
0
0
0
0
0
0
0
0
0
0
0
0
0
0
0
0
0
0
0
0
0
0
0
0
0
0
0
0
0
0
1.18576e-322
2.16154e-320
4.03963e-318
7.54569e-316
1.40873e-313
2.6286e-311
4.90216e-309
9.13717e-307
1.70214e-304
3.16907e-302
5.89685e-300
1.09662e-297
2.03815e-295
3.78579e-293
7.0277e-291
1.30377e-288
2.41723e-286
4.47878e-284
8.29317e-282
1.53461e-279
2.83782e-277
5.24419e-275
9.68442e-273
1.78717e-270
3.29573e-268
6.07328e-266
1.11835e-263
2.05782e-261
3.78364e-259
6.95149e-257
1.27616e-254
2.34093e-252
4.29061e-250
7.85764e-248
1.43781e-245
2.62869e-243
4.80177e-241
8.76353e-239
1.59796e-236
2.91108e-234
5.29831e-232
9.63402e-230
1.75008e-227
3.17598e-225
5.75785e-223
1.04279e-220
1.88661e-218
3.40958e-216
6.15529e-214
1.10998e-211
1.99934e-209
3.59714e-207
6.4642e-205
1.16024e-202
2.07993e-200
3.72393e-198
6.65882e-196
1.18911e-193
2.12062e-191
3.77667e-189
6.71652e-187
1.19277e-184
2.11509e-182
3.74497e-180
6.62063e-178
1.1686e-175
2.05934e-173
3.62302e-171
6.36322e-169
1.11565e-166
1.95255e-164
3.41098e-162
5.94759e-160
1.03506e-157
1.79773e-155
3.11602e-153
5.38971e-151
9.30241e-149
1.602e-146
2.75258e-144
4.71842e-142
8.06869e-140
1.37634e-137
2.34172e-135
3.97366e-133
6.7245e-131
1.13475e-128
1.90931e-126
3.2029e-124
5.35617e-122
8.92822e-120
1.48328e-117
2.45573e-115
4.05116e-113
6.65826e-111
1.09009e-108
1.77756e-106
2.88651e-104
4.66697e-102
7.51161e-100
1.20333e-97
1.91824e-95
3.04223e-93
4.799e-91
7.5279e-89
1.17394e-86
1.81945e-84
2.80173e-82
4.2851e-80
6.50713e-78
9.80721e-76
1.46638e-73
2.17419e-71
3.19508e-69
4.65123e-67
6.70346e-65
9.55858e-63
1.34754e-60
1.87673e-58
2.57985e-56
3.49699e-54
4.66907e-52
6.13296e-50
7.91427e-48
1.00178e-45
1.24156e-43
1.5035e-41
1.77473e-39
2.03626e-37
2.26339e-35
2.42762e-33
2.50034e-31
2.45824e-29
2.28981e-27
2.00138e-25
1.62043e-23
1.19387e-21
7.79681e-20
4.32703e-18
1.88585e-16
5.27611e-15
1.1815e-14
-5.41835e-12
-7.36079e-11
6.42488e-09
-1.28937e-07
1.35855e-06
-8.43047e-06
2.92666e-05
-3.4416e-05
-0.000117797
0.000388744
0.000230361
-0.00175798
-0.00105974
0.00532809
0.00774764
-0.0053681
-0.0272061
-0.0341057
-0.00536603
0.0639478
0.165199
0.284215
0.407339
0.524177
0.628229
0.716435
0.788295
0.84494
0.888367
0.920872
0.944699
0.961846
0.973985
0.982454
0.988284
0.992249
0.994917
0.996693
0.997865
0.998631
0.999128
0.999448
0.999653
0.999783
0.999865
0.999916
0.999948
0.999968
0.999981
0.999988
0.999993
0.999996
0.999997
0.999998
0.999999
0.999999
1
1
1
1
1
1
1
1
1
1
1
1
1
1
1
1
1
1
1
1
1
1
1
1
1
1
1
1
1
1
1
1
1
1
1
1
1
1
1
1
1
1
1
1
1
1
1
1
0.999999
1.00001
0.999971
1.00003
1.00012
0.999611
0.99977
1.00176
1.00106
0.994672
0.992252
1.00537
1.02721
1.03411
1.00537
0.936052
0.834801
0.715785
0.592661
0.475823
0.371771
0.283565
0.211705
0.15506
0.111633
0.0791281
0.0553013
0.0381542
0.0260147
0.0175459
0.0117158
0.00775053
0.00508316
0.00330701
0.00213532
0.00136906
0.000871971
0.000551908
0.000347273
0.000217298
0.000135254
8.37662e-05
5.16325e-05
3.16821e-05
1.93567e-05
1.17778e-05
7.13823e-06
4.31008e-06
2.59309e-06
1.55472e-06
9.29074e-07
5.53438e-07
3.2867e-07
1.94615e-07
1.14911e-07
6.7665e-08
3.97396e-08
2.32799e-08
1.36042e-08
7.93113e-09
4.61319e-09
2.67735e-09
1.55051e-09
8.96067e-10
5.16809e-10
2.97488e-10
1.70916e-10
9.80158e-11
5.61087e-11
3.20633e-11
1.82916e-11
1.04178e-11
5.9239e-12
3.36326e-12
1.90657e-12
1.0792e-12
6.09989e-13
3.44296e-13
1.94064e-13
1.09238e-13
6.14099e-14
3.44783e-14
1.93336e-14
1.0828e-14
6.05714e-15
3.3844e-15
1.88886e-15
1.05302e-15
5.86403e-16
3.26208e-16
1.81275e-16
1.00633e-16
5.58091e-17
3.09204e-17
1.71146e-17
9.46412e-18
5.22868e-18
2.8861e-18
1.59164e-18
8.76997e-19
4.82816e-19
2.65583e-19
1.4597e-19
8.01629e-20
4.39886e-20
2.41195e-20
1.32149e-20
7.23489e-21
3.95804e-21
2.16378e-21
1.18205e-21
6.45288e-22
3.52024e-22
1.91909e-22
1.04552e-22
5.6922e-23
3.09705e-23
1.684e-23
9.1509e-24
4.96957e-24
2.69718e-24
1.463e-24
7.93088e-25
4.29683e-25
2.32663e-25
1.25911e-25
6.81021e-26
3.68146e-26
1.98906e-26
1.0741e-26
5.79718e-27
3.12727e-27
1.68614e-27
9.08671e-28
4.89447e-28
2.63508e-28
1.41799e-28
7.62692e-29
4.10036e-29
2.20341e-29
1.18351e-29
6.35414e-30
3.40995e-30
1.82916e-30
9.80768e-31
5.25652e-31
2.8161e-31
1.50806e-31
8.07258e-32
4.31947e-32
2.31034e-32
1.23524e-32
6.60174e-33
3.52694e-33
1.88354e-33
1.00551e-33
5.36587e-34
2.86243e-34
1.52641e-34
8.13682e-35
4.33595e-35
2.30974e-35
1.22996e-35
6.54746e-36
3.48424e-36
1.85353e-36
9.85705e-37
5.24027e-37
2.78497e-37
1.47962e-37
7.85855e-38
4.17254e-38
2.21475e-38
1.17521e-38
6.23416e-39
3.30605e-39
1.75272e-39
9.28948e-40
4.92202e-40
2.60719e-40
1.38063e-40
7.30908e-41
3.86836e-41
2.04679e-41
1.08268e-41
5.72549e-42
3.02698e-42
1.59989e-42
8.45397e-43
4.46599e-43
2.35866e-43
1.24538e-43
6.57401e-44
3.46938e-44
1.83049e-44
9.65552e-45
5.0919e-45
2.68461e-45
1.41508e-45
7.45724e-46
3.92893e-46
2.06953e-46
1.08986e-46
5.73814e-47
3.02048e-47
1.58958e-47
8.36367e-48
4.39962e-48
2.31388e-48
1.21667e-48
6.3961e-49
3.36175e-49
1.76655e-49
9.28105e-50
4.87506e-50
2.5602e-50
1.34426e-50
7.05674e-51
3.70374e-51
1.94353e-51
1.01967e-51
5.34865e-52
2.80508e-52
1.47084e-52
7.71089e-53
4.04169e-53
2.11808e-53
1.10979e-53
5.81382e-54
3.04512e-54
1.59467e-54
8.34949e-55
4.37092e-55
2.28776e-55
1.19722e-55
6.26416e-56
3.27702e-56
1.71404e-56
8.96378e-57
4.68694e-57
2.45029e-57
1.28078e-57
6.69359e-58
3.49765e-58
1.82736e-58
9.54559e-59
4.98556e-59
2.6035e-59
1.35936e-59
7.09651e-60
3.70415e-60
1.93316e-60
1.00875e-60
5.26297e-61
2.74547e-61
1.43198e-61
7.46788e-62
3.89398e-62
2.03015e-62
1.05828e-62
5.51584e-63
2.8745e-63
1.49779e-63
7.80337e-64
4.06493e-64
2.11721e-64
1.1026e-64
5.74133e-65
2.98916e-65
1.55607e-65
8.09938e-66
4.2152e-66
2.19345e-66
1.14125e-66
5.93718e-67
3.08833e-67
1.60625e-67
8.3531e-68
4.34338e-68
2.25816e-68
1.1739e-68
6.10169e-69
3.17117e-69
1.64792e-69
8.56249e-70
4.4485e-70
2.31087e-70
1.20029e-70
6.23373e-71
3.23712e-71
1.68082e-71
8.72633e-72
4.52996e-72
2.3513e-72
1.22032e-72
6.33272e-73
3.28594e-73
1.70483e-73
8.84414e-74
4.58758e-74
2.37938e-74
1.23395e-74
6.39863e-75
3.31764e-75
1.71999e-75
8.91617e-76
4.62152e-76
2.39523e-76
1.24127e-76
6.4319e-77
3.33249e-77
1.72646e-77
8.94332e-78
4.63232e-78
2.39914e-78
1.24243e-78
6.43344e-79
3.33099e-79
1.7245e-79
8.92708e-80
4.62078e-80
2.39155e-80
1.23767e-80
6.40454e-81
3.31384e-81
1.71449e-81
8.86948e-82
4.58798e-82
2.37305e-82
1.2273e-82
6.34684e-83
3.2819e-83
1.69689e-83
8.77295e-84
4.53522e-84
2.3443e-84
1.21169e-84
6.26226e-85
3.23619e-85
1.67225e-85
8.64031e-86
4.46398e-86
2.3061e-86
1.19124e-86
6.15294e-87
3.17783e-87
1.64113e-87
8.47465e-88
4.37587e-88
2.25929e-88
1.16639e-88
6.02119e-89
3.10803e-89
1.60419e-89
8.27924e-90
4.2726e-90
2.20475e-90
1.13761e-90
5.86942e-91
3.02805e-91
1.56206e-91
8.0575e-92
4.15595e-92
2.14342e-92
1.10538e-92
5.70013e-93
2.93917e-93
1.51542e-93
7.81289e-94
4.02771e-94
2.07622e-94
1.07018e-94
5.5158e-95
2.8427e-95
1.46495e-95
7.54888e-96
3.88967e-96
2.00407e-96
1.03248e-96
5.31892e-97
2.7399e-97
1.41129e-97
7.26887e-98
3.7436e-98
1.92789e-98
9.92765e-99
5.11189e-99
2.63201e-99
1.35508e-99
6.97615e-100
3.59118e-100
1.84855e-100
9.51472e-101
4.89704e-101
2.52025e-101
1.29696e-101
6.6739e-102
3.43405e-102
1.76688e-102
9.09033e-103
4.67655e-103
2.40572e-103
1.23748e-103
6.36507e-104
3.27373e-104
1.68367e-104
8.65851e-105
4.4525e-105
2.28949e-105
1.1772e-105
6.05246e-106
3.11164e-106
1.59964e-106
8.22299e-107
4.2268e-107
2.17254e-107
1.11661e-107
5.73862e-108
2.9491e-108
1.51547e-108
7.78718e-109
4.00118e-109
2.05576e-109
1.05617e-109
5.42586e-110
2.78728e-110
1.43176e-110
7.35417e-111
3.77724e-111
1.93995e-111
9.96288e-112
5.11629e-112
2.62726e-112
1.34904e-112
6.92672e-113
3.55636e-113
1.82583e-113
9.37331e-114
4.81175e-114
2.46996e-114
1.26781e-114
6.50724e-115
3.33978e-115
1.71402e-115
8.79613e-116
4.51383e-116
2.31621e-116
1.18847e-116
6.09785e-117
3.12856e-117
1.60505e-117
8.23406e-118
4.22393e-118
2.1667e-118
1.11137e-118
5.70032e-119
2.92364e-119
1.48379e-119
)
;

boundaryField
{
    sides
    {
        type            zeroGradient;
    }
    empty
    {
        type            empty;
    }
}


// ************************************************************************* //
