/*--------------------------------*- C++ -*----------------------------------*\
  =========                 |
  \\      /  F ield         | OpenFOAM: The Open Source CFD Toolbox
   \\    /   O peration     | Website:  https://openfoam.org
    \\  /    A nd           | Version:  7
     \\/     M anipulation  |
\*---------------------------------------------------------------------------*/
FoamFile
{
    version     2.0;
    format      ascii;
    class       volScalarField;
    location    "2.11";
    object      T;
}
// * * * * * * * * * * * * * * * * * * * * * * * * * * * * * * * * * * * * * //

dimensions      [0 0 0 1 0 0 0];

internalField   nonuniform List<scalar> 
1000
(
0
0
0
0
0
0
0
0
0
0
0
0
0
0
0
0
0
0
0
0
0
0
0
0
0
0
0
0
0
0
0
0
0
0
0
0
0
0
0
0
0
0
0
0
0
0
0
0
0
0
0
0
0
0
0
0
0
0
0
0
0
0
0
0
0
0
0
0
0
0
0
0
0
0
0
0
0
0
0
0
0
0
0
0
0
0
0
0
0
0
0
0
0
0
0
0
0
0
0
0
0
0
0
0
0
0
0
0
0
0
0
0
0
0
0
0
0
0
0
0
0
0
0
0
0
0
0
0
0
0
0
0
0
0
0
0
0
0
0
0
0
0
0
0
0
0
0
0
0
0
0
0
0
0
0
0
0
0
0
0
0
0
0
0
0
0
0
0
0
0
0
0
0
0
0
0
0
0
0
0
0
0
0
0
0
0
0
0
0
0
0
0
0
0
0
0
0
0
0
0
0
0
0
0
0
0
0
0
0
0
0
0
0
0
0
0
0
0
0
0
0
0
0
0
0
0
0
0
0
0
0
0
0
0
0
0
0
0
0
-2.80552e-191
2.66103e-188
-1.25408e-185
3.91519e-183
-9.10888e-181
1.68448e-178
-2.57907e-176
3.36251e-174
-3.81066e-172
3.81318e-170
-3.4111e-168
2.75524e-166
-2.0261e-164
1.36583e-162
-8.49019e-161
4.89122e-159
-2.62301e-157
1.31443e-155
-6.17594e-154
2.72904e-152
-1.13718e-150
4.47938e-149
-1.67158e-147
5.92133e-146
-1.99473e-144
6.40086e-143
-1.95948e-141
5.73058e-140
-1.60312e-138
4.29497e-137
-1.1032e-135
2.71951e-134
-6.43988e-133
1.4662e-131
-3.21213e-130
6.77647e-129
-1.37762e-127
2.7006e-126
-5.10805e-125
9.32747e-124
-1.64519e-122
2.8043e-121
-4.62157e-120
7.36705e-119
-1.13634e-117
1.69665e-116
-2.45294e-115
3.43501e-114
-4.66055e-113
6.12808e-112
-7.81066e-111
9.65196e-110
-1.15661e-108
1.34421e-107
-1.51534e-106
1.65717e-105
-1.75821e-104
1.80985e-103
-1.80758e-102
1.7516e-101
-1.64682e-100
1.50213e-99
-1.32916e-98
1.1408e-97
-9.49592e-97
7.66435e-96
-5.99687e-95
4.54741e-94
-3.34081e-93
2.37696e-92
-1.63711e-91
1.09092e-90
-7.02923e-90
4.37636e-89
-2.63059e-88
1.52514e-87
-8.51902e-87
4.57834e-86
-2.36353e-85
1.16974e-84
-5.53649e-84
2.49835e-83
-1.07053e-82
4.33231e-82
-1.64323e-81
5.77485e-81
-1.84511e-80
5.17102e-80
-1.16632e-79
1.4835e-79
3.49437e-79
-3.52356e-78
1.6209e-77
-5.38028e-77
1.29708e-76
-1.60464e-76
-4.16778e-76
3.6348e-75
-1.41552e-74
3.53255e-74
-3.94026e-74
-1.34017e-73
9.64984e-73
-3.15802e-72
5.53118e-72
3.20154e-72
-6.03777e-71
2.23462e-70
-4.08592e-70
-1.98652e-70
4.07177e-69
-1.39747e-68
2.02304e-68
3.46479e-68
-2.80254e-67
7.22773e-67
-3.83444e-67
-4.08128e-66
1.63175e-65
-2.31682e-65
-4.38616e-65
3.00929e-64
-6.06249e-64
-2.89236e-64
5.01295e-63
-1.23185e-62
6.08573e-64
8.03707e-62
-2.18523e-61
4.66029e-62
1.29035e-60
-3.51846e-60
4.38031e-61
2.09426e-59
-5.15274e-59
-1.08278e-59
3.36248e-58
-6.6571e-58
-5.83354e-58
5.1196e-57
-6.95557e-57
-1.57617e-56
6.99753e-56
-4.23092e-56
-3.1369e-55
7.93231e-55
3.41511e-55
-4.88184e-54
6.20244e-54
1.60421e-53
-5.76965e-53
3.70886e-54
2.92857e-52
-4.38173e-52
-8.76659e-52
3.38463e-51
-6.49993e-53
-1.66101e-50
2.07368e-50
5.57227e-50
-1.63646e-49
-8.25302e-50
8.59406e-49
-5.0795e-49
-3.46445e-48
5.67446e-48
1.04527e-47
-3.48881e-47
-1.66263e-47
1.67933e-46
-5.99347e-47
-6.83915e-46
7.52565e-46
2.39893e-45
-4.75946e-45
-7.08604e-45
2.39821e-44
1.57572e-44
-1.06321e-43
-1.08884e-44
4.32114e-43
-1.45274e-43
-1.64731e-42
1.18884e-42
5.98411e-42
-6.47693e-42
-2.09836e-41
2.99745e-41
7.18876e-41
-1.26237e-40
-2.4354e-40
4.98451e-40
8.25657e-40
-1.87366e-39
-2.83063e-39
6.75822e-39
9.88133e-39
-2.34643e-38
-3.51751e-38
7.83512e-38
1.27133e-37
-2.50345e-37
-4.62442e-37
7.57182e-37
1.67422e-36
-2.12347e-36
-5.963e-36
5.28786e-36
2.06549e-35
-1.03948e-35
-6.87725e-35
7.9337e-36
2.17221e-34
6.34519e-35
-6.39594e-34
-4.81499e-34
1.70736e-33
2.29211e-33
-3.90665e-33
-8.89645e-33
6.49681e-33
2.97731e-32
-8.475e-34
-8.63075e-32
-5.34286e-32
2.09606e-31
2.95306e-31
-3.78198e-31
-1.09913e-30
2.21176e-31
3.1935e-30
1.92463e-30
-7.10826e-30
-1.11079e-29
9.59602e-30
3.79667e-29
8.42978e-30
-9.22704e-29
-1.07911e-28
1.37538e-28
4.12334e-28
5.37762e-29
-9.99939e-28
-1.16253e-27
1.31312e-27
4.31865e-27
1.38941e-27
-9.21009e-27
-1.37401e-26
7.0392e-27
4.17646e-26
3.18557e-26
-6.32565e-26
-1.53292e-25
-3.62814e-26
3.20914e-25
4.91274e-25
-1.30574e-25
-1.32637e-24
-1.43724e-24
1.1823e-24
4.93529e-24
4.00452e-24
-5.83801e-24
-1.73647e-23
-1.12495e-23
2.34275e-23
5.94937e-23
3.42869e-23
-8.31581e-23
-2.01639e-22
-1.1962e-22
2.66235e-22
6.77916e-22
4.70697e-22
-7.52953e-22
-2.23773e-21
-1.95431e-21
1.71611e-21
7.0845e-21
8.01645e-21
-1.95618e-21
-2.06611e-20
-3.10007e-20
-8.81042e-21
5.13498e-20
1.08778e-19
8.2134e-20
-8.60997e-20
-3.29621e-19
-4.13391e-19
-5.43061e-20
7.76354e-19
1.55391e-18
1.26257e-18
-9.00947e-19
-4.3676e-18
-6.45038e-18
-3.24319e-18
7.24051e-18
2.09314e-17
2.60127e-17
7.76894e-18
-3.88116e-17
-9.41134e-17
-1.09339e-16
-2.65391e-17
1.73047e-16
4.11788e-16
4.94769e-16
1.78224e-16
-6.51659e-16
-1.74638e-15
-2.36306e-15
-1.43875e-15
1.79409e-15
6.85813e-15
1.1218e-14
1.03827e-14
-3.20439e-16
-2.21544e-14
-4.86516e-14
-6.31446e-14
-4.16548e-14
3.60985e-14
1.6805e-13
3.09641e-13
3.64657e-13
2.03164e-13
-2.80943e-13
-1.07452e-12
-1.93875e-12
-2.34855e-12
-1.55611e-12
1.14841e-12
5.95675e-12
1.19252e-11
1.64487e-11
1.52009e-11
2.98831e-12
-2.41231e-11
-6.5394e-11
-1.11317e-10
-1.40292e-10
-1.18401e-10
-5.11459e-12
2.32482e-10
5.95972e-10
1.02468e-09
1.36477e-09
1.35162e-09
6.24568e-10
-1.20365e-09
-4.40235e-09
-8.89381e-09
-1.39521e-08
-1.7878e-08
-1.77458e-08
-9.37166e-09
1.22926e-08
5.21022e-08
1.12762e-07
1.91801e-07
2.77456e-07
3.4373e-07
3.45293e-07
2.1345e-07
-1.44856e-07
-8.4223e-07
-1.99644e-06
-3.70179e-06
-5.98056e-06
-8.70829e-06
-1.1506e-05
-1.35922e-05
-1.3589e-05
-9.27605e-06
2.71113e-06
2.72393e-05
7.10909e-05
0.000143427
0.000256292
0.000425141
0.000669382
0.0010129
0.00148456
0.0021186
0.00295499
0.00403963
0.00542441
0.0071671
0.00933102
0.0119846
0.0152004
0.0190547
0.0236257
0.0289927
0.0352344
0.0424272
0.0506438
0.0599512
0.0704093
0.0820689
0.0949704
0.109142
0.124601
0.141347
0.159369
0.178638
0.199114
0.220738
0.243441
0.267139
0.291736
0.317126
0.343194
0.369819
0.396873
0.424225
0.451743
0.479296
0.506754
0.533991
0.560888
0.58733
0.613214
0.638442
0.662929
0.686599
0.709387
0.731239
0.752111
0.771972
0.790799
0.80858
0.825313
0.841001
0.85566
0.869308
0.881972
0.893683
0.904478
0.914395
0.923476
0.931766
0.93931
0.946153
0.952342
0.957923
0.96294
0.967437
0.971457
0.97504
0.978224
0.981047
0.983541
0.98574
0.987674
0.989369
0.990851
0.992145
0.99327
0.994246
0.995092
0.995822
0.996451
0.996992
0.997456
0.997853
0.998193
0.998483
0.99873
0.998941
0.999119
0.999269
0.999394
0.999495
0.999571
0.99962
0.999637
0.999616
0.999546
0.999412
0.999197
0.998878
0.998426
0.997809
0.996986
0.995912
0.994537
0.992801
0.990643
0.987995
0.984783
0.980932
0.976364
0.970999
0.964759
0.957567
0.949352
0.940045
0.929588
0.917929
0.905028
0.890856
0.875398
0.858652
0.840631
0.821361
0.800886
0.779261
0.756558
0.732861
0.708264
0.682874
0.656806
0.630181
0.603127
0.575775
0.548257
0.520704
0.493246
0.466009
0.439112
0.41267
0.386786
0.361558
0.337071
0.313401
0.290613
0.268761
0.247889
0.228028
0.209201
0.19142
0.174687
0.158999
0.14434
0.130692
0.118028
0.106317
0.095522
0.085605
0.0765237
0.0682339
0.0606904
0.0538472
0.0476581
0.0420775
0.0370603
0.0325628
0.0285429
0.0249601
0.0217757
0.0189534
0.0164587
0.0142596
0.0123263
0.0106311
0.00914851
0.00785525
0.00672998
0.00575334
0.0049078
0.00417756
0.00354842
0.00300767
0.00254401
0.00214737
0.00180885
0.0015206
0.0012757
0.0010681
0.000892514
0.000744324
0.000619528
0.00051466
0.000426723
0.000353138
0.000291692
0.000240487
0.000197904
0.000162562
0.000133287
0.000109087
8.91214e-05
7.26802e-05
5.91677e-05
4.80832e-05
3.90076e-05
3.15906e-05
2.55402e-05
2.06137e-05
1.66096e-05
1.3361e-05
1.073e-05
8.60304e-06
6.88648e-06
5.50354e-06
4.39129e-06
3.49826e-06
2.78247e-06
2.20968e-06
1.75208e-06
1.38712e-06
1.0965e-06
8.65459e-07
6.82076e-07
5.36749e-07
4.21762e-07
3.30922e-07
2.5927e-07
2.02839e-07
1.58462e-07
1.23618e-07
9.62999e-08
7.49134e-08
5.81954e-08
4.51459e-08
3.49745e-08
2.70578e-08
2.09049e-08
1.61295e-08
1.24283e-08
9.56384e-09
7.34989e-09
5.64109e-09
4.32398e-09
3.31014e-09
2.53078e-09
1.93246e-09
1.47375e-09
1.12251e-09
8.53927e-10
6.48807e-10
4.92355e-10
3.73176e-10
2.82504e-10
2.13607e-10
1.61321e-10
1.21689e-10
9.16853e-11
6.89991e-11
5.18661e-11
3.89425e-11
2.92057e-11
2.18785e-11
1.63711e-11
1.22364e-11
9.13572e-12
6.81322e-12
5.07557e-12
3.77696e-12
2.80756e-12
2.08472e-12
1.54633e-12
1.14576e-12
8.48057e-13
6.27048e-13
4.63151e-13
3.41739e-13
2.51894e-13
1.8548e-13
1.36437e-13
1.0026e-13
7.36019e-14
5.39777e-14
3.95465e-14
2.8945e-14
2.11647e-14
1.54607e-14
1.12829e-14
8.22616e-15
5.99179e-15
4.36016e-15
3.16983e-15
2.3023e-15
1.67063e-15
1.21115e-15
8.77224e-16
6.34783e-16
4.58926e-16
3.31486e-16
2.39219e-16
1.72479e-16
1.24248e-16
8.94244e-17
6.43043e-17
4.62e-17
3.31639e-17
2.37855e-17
1.70444e-17
1.22034e-17
8.7299e-18
6.23977e-18
4.45616e-18
3.17972e-18
2.26702e-18
1.61495e-18
1.14949e-18
8.17516e-19
5.8094e-19
4.1249e-19
2.92648e-19
2.07457e-19
1.46948e-19
1.04005e-19
7.35529e-20
5.19762e-20
3.67004e-20
2.58939e-20
1.82553e-20
1.28601e-20
9.05251e-21
6.3674e-21
4.47534e-21
3.14313e-21
2.20583e-21
1.54689e-21
1.08398e-21
7.5904e-22
5.31114e-22
3.71359e-22
2.59468e-22
1.81158e-22
1.26392e-22
8.81196e-23
6.13923e-23
4.27413e-23
2.97354e-23
2.06726e-23
1.4362e-23
9.97079e-24
6.91743e-24
4.7958e-24
3.32261e-24
2.30039e-24
1.59158e-24
1.10043e-24
7.60334e-25
5.24996e-25
3.62258e-25
2.498e-25
1.72139e-25
1.18545e-25
8.15836e-26
5.61099e-26
3.85652e-26
2.64894e-26
1.81832e-26
1.24735e-26
8.55135e-27
5.85875e-27
4.01146e-27
2.7449e-27
1.87708e-27
1.28282e-27
8.76186e-28
5.97784e-28
4.1043e-28
2.54692e-28
)
;

boundaryField
{
    sides
    {
        type            zeroGradient;
    }
    empty
    {
        type            empty;
    }
}


// ************************************************************************* //
