/*--------------------------------*- C++ -*----------------------------------*\
  =========                 |
  \\      /  F ield         | OpenFOAM: The Open Source CFD Toolbox
   \\    /   O peration     | Website:  https://openfoam.org
    \\  /    A nd           | Version:  7
     \\/     M anipulation  |
\*---------------------------------------------------------------------------*/
FoamFile
{
    version     2.0;
    format      ascii;
    class       volScalarField;
    location    "2.23";
    object      T;
}
// * * * * * * * * * * * * * * * * * * * * * * * * * * * * * * * * * * * * * //

dimensions      [0 0 0 1 0 0 0];

internalField   nonuniform List<scalar> 
1000
(
0
0
0
0
0
0
0
0
0
0
0
0
0
0
0
0
0
0
0
0
0
0
0
0
0
0
0
0
0
0
0
0
0
0
0
0
0
0
0
0
0
0
0
0
0
0
0
0
0
0
0
0
0
0
0
0
0
0
0
0
0
0
0
0
0
0
0
0
0
0
0
0
0
0
0
0
0
0
0
0
0
0
0
0
0
0
0
0
0
0
0
0
0
0
0
0
0
0
0
0
0
0
0
0
0
0
0
0
0
0
0
0
0
0
0
0
0
0
0
0
0
0
0
0
0
0
0
0
0
0
0
0
0
0
0
0
0
0
0
0
0
0
0
0
0
0
0
0
0
0
0
0
0
0
0
0
0
0
0
0
0
0
0
0
0
0
0
0
0
0
0
0
0
0
0
0
0
0
0
0
0
0
0
0
0
0
0
0
0
0
0
0
0
0
0
0
0
0
0
0
0
0
0
0
0
0
0
0
0
0
0
0
0
0
0
0
0
0
0
0
0
0
0
0
0
0
0
0
0
0
0
0
0
0
0
0
0
0
0
0
0
0
0
0
0
0
0
0
0
0
0
0
0
0
0
0
0
0
0
0
0
0
0
0
0
0
0
0
0
0
0
0
0
0
0
0
0
0
0
0
0
0
0
0
0
0
0
0
0
0
0
0
0
0
0
0
0
0
0
0
0
0
0
0
0
0
0
0
0
0
0
0
0
0
0
0
0
0
0
0
0
0
0
0
0
0
0
0
0
0
0
0
0
0
0
0
0
0
0
0
0
0
0
0
0
0
0
0
1.87745e-322
6.27113e-319
1.96142e-315
6.09259e-312
1.8794e-308
5.75684e-305
1.75087e-301
5.2867e-298
1.58466e-294
4.71483e-291
1.39228e-287
4.08012e-284
1.18647e-280
3.42321e-277
9.79831e-274
2.78202e-270
7.83446e-267
2.18799e-263
6.05918e-260
1.66364e-256
4.52821e-253
1.22167e-249
3.26652e-246
8.6548e-243
2.27199e-239
5.90837e-236
1.52186e-232
3.88206e-229
9.80517e-226
2.45179e-222
6.06839e-219
1.48644e-215
3.60269e-212
8.63835e-209
2.04869e-205
4.8048e-202
1.11414e-198
2.55377e-195
5.78499e-192
1.29481e-188
2.8628e-185
6.25106e-182
1.34768e-178
2.86799e-175
6.02301e-172
1.24788e-168
2.54996e-165
5.13768e-162
1.02033e-158
1.99671e-155
3.849e-152
7.30619e-149
1.36518e-145
2.51004e-142
4.5394e-139
8.07174e-136
1.4106e-132
2.42169e-129
4.08236e-126
6.75421e-123
1.0962e-119
1.74432e-116
2.71986e-113
4.15335e-110
6.20749e-107
9.07444e-104
1.29663e-100
1.80964e-97
2.46503e-94
3.27459e-91
4.23863e-88
5.34119e-85
6.546e-82
7.79461e-79
9.00776e-76
1.0091e-72
1.09446e-69
1.14768e-66
1.16189e-63
1.13382e-60
1.06466e-57
9.60176e-55
8.29988e-52
6.86115e-49
5.41061e-46
4.05904e-43
2.88798e-40
1.94205e-37
1.22951e-34
7.29592e-32
4.03735e-29
2.07115e-26
9.78162e-24
4.21793e-21
1.64409e-18
5.72153e-16
1.75e-13
4.60868e-11
1.0161e-08
1.80082e-06
0.000240612
0.0215691
0.978431
0.999759
0.999998
1
1
1
1
1
1
1
1
1
1
1
1
1
1
1
1
1
1
1
1
1
1
1
1
1
1
1
1
1
1
1
1
1
1
1
1
1
1
1
1
1
1
1
1
1
1
1
1
1
1
1
1
1
1
1
1
1
1
1
1
1
1
1
1
1
1
1
1
1
1
1
1
1
1
1
1
1
1
1
1
1
1
1
1
1
1
1
1
1
1
1
1
1
1
0.999998
0.999759
0.978431
0.0215691
0.000240612
1.80082e-06
1.0161e-08
4.60868e-11
1.75e-13
5.72153e-16
1.64409e-18
4.21793e-21
9.78162e-24
2.07115e-26
4.03735e-29
7.29592e-32
1.22951e-34
1.94205e-37
2.88798e-40
4.05904e-43
5.41061e-46
6.86115e-49
8.29988e-52
9.60176e-55
1.06466e-57
1.13382e-60
1.16189e-63
1.14768e-66
1.09446e-69
1.0091e-72
9.00776e-76
7.79461e-79
6.546e-82
5.34119e-85
4.23863e-88
3.27459e-91
2.46503e-94
1.80964e-97
1.29663e-100
9.07444e-104
6.20749e-107
4.15335e-110
2.71986e-113
1.74432e-116
1.0962e-119
6.75421e-123
4.08236e-126
2.42169e-129
1.4106e-132
8.07174e-136
4.5394e-139
2.51004e-142
1.36518e-145
7.30619e-149
3.849e-152
1.99671e-155
1.02033e-158
5.13768e-162
2.54996e-165
1.24788e-168
6.02301e-172
2.86799e-175
1.34768e-178
6.25106e-182
2.8628e-185
1.29481e-188
5.78499e-192
2.55377e-195
1.11414e-198
4.8048e-202
2.04869e-205
8.63835e-209
3.60269e-212
1.48644e-215
6.06839e-219
2.45179e-222
9.80517e-226
3.88206e-229
1.52186e-232
5.90837e-236
2.27199e-239
8.6548e-243
3.26652e-246
1.22167e-249
4.52821e-253
1.66364e-256
6.05918e-260
2.18799e-263
7.83446e-267
2.78202e-270
9.79831e-274
3.42321e-277
1.18647e-280
4.08012e-284
1.39228e-287
4.71483e-291
1.58466e-294
5.2867e-298
1.75087e-301
5.75684e-305
1.8794e-308
6.09259e-312
1.96142e-315
6.27113e-319
1.87745e-322
0
0
0
0
0
0
0
0
0
0
0
0
0
0
0
0
0
0
0
0
0
0
0
0
0
0
0
0
0
0
0
0
0
0
0
0
0
0
0
0
0
0
0
0
0
0
0
0
0
0
0
0
0
0
0
0
0
0
0
0
0
0
0
0
0
0
0
0
0
0
0
0
0
0
0
0
0
0
0
0
0
0
0
0
0
0
0
0
0
0
0
0
0
0
0
0
0
0
0
0
0
0
0
0
0
0
0
0
0
0
0
0
0
0
0
0
0
0
0
0
0
0
0
0
0
0
0
0
0
0
0
0
0
0
0
0
0
0
0
0
0
0
0
0
0
0
0
0
0
0
0
0
0
0
0
0
0
0
0
0
0
0
0
0
0
0
0
0
0
0
0
0
0
0
0
0
0
0
0
0
0
0
0
0
0
0
0
0
0
0
0
0
0
0
0
0
0
0
0
0
0
0
0
0
0
0
0
0
0
0
0
0
0
0
0
0
0
0
0
0
0
0
0
0
0
0
0
0
0
0
0
0
0
0
0
0
0
0
0
0
0
0
0
0
0
0
0
0
0
0
0
0
0
0
0
0
0
0
0
0
0
0
0
0
0
0
0
0
0
0
0
0
0
0
0
0
0
0
0
0
0
0
0
0
0
0
0
0
0
0
0
0
0
0
0
0
0
0
0
0
0
0
0
0
0
0
0
0
0
0
0
0
0
0
0
0
0
0
0
0
0
0
0
0
0
0
0
0
0
0
0
0
0
0
0
0
0
0
0
0
0
0
0
0
0
0
0
0
)
;

boundaryField
{
    sides
    {
        type            zeroGradient;
    }
    empty
    {
        type            empty;
    }
}


// ************************************************************************* //
