/*--------------------------------*- C++ -*----------------------------------*\
  =========                 |
  \\      /  F ield         | OpenFOAM: The Open Source CFD Toolbox
   \\    /   O peration     | Website:  https://openfoam.org
    \\  /    A nd           | Version:  7
     \\/     M anipulation  |
\*---------------------------------------------------------------------------*/
FoamFile
{
    version     2.0;
    format      ascii;
    class       volScalarField;
    location    "2.9";
    object      T;
}
// * * * * * * * * * * * * * * * * * * * * * * * * * * * * * * * * * * * * * //

dimensions      [0 0 0 1 0 0 0];

internalField   nonuniform List<scalar> 
1000
(
0
0
0
0
0
0
0
0
0
0
0
0
0
0
0
0
0
0
0
0
0
0
0
0
0
0
0
0
0
0
0
0
0
0
0
0
0
0
0
0
0
0
0
0
0
0
0
0
0
0
0
0
0
0
0
0
0
0
0
0
0
0
0
0
0
0
0
0
0
0
0
0
0
0
0
0
0
0
0
0
0
0
0
0
0
0
0
0
0
0
0
0
0
0
0
0
0
0
0
0
0
0
0
0
0
0
0
0
0
0
0
0
0
0
0
0
0
0
0
0
0
0
0
0
0
0
0
0
0
0
0
0
0
0
0
0
0
0
0
0
0
0
0
0
0
0
0
0
0
0
0
0
0
0
0
0
0
0
0
0
1.09003e-313
-2.73852e-310
3.42694e-307
-2.84801e-304
1.76834e-301
-8.7499e-299
3.59396e-296
-1.26039e-293
3.8525e-291
-1.04261e-288
2.52946e-286
-5.55674e-284
1.11453e-281
-2.05526e-279
3.50518e-277
-5.55696e-275
8.22572e-273
-1.14133e-270
1.48954e-268
-1.8341e-266
2.13661e-264
-2.36067e-262
2.47932e-260
-2.48031e-258
2.36793e-256
-2.16106e-254
1.88837e-252
-1.5822e-250
1.27286e-248
-9.84439e-247
7.32812e-245
-5.25613e-243
3.63624e-241
-2.42865e-239
1.56746e-237
-9.78384e-236
5.91086e-234
-3.45896e-232
1.96201e-230
-1.07947e-228
5.76425e-227
-2.98927e-225
1.50634e-223
-7.37998e-222
3.51708e-220
-1.63124e-218
7.36662e-217
-3.2406e-215
1.38924e-213
-5.80627e-212
2.36678e-210
-9.41281e-209
3.65375e-207
-1.38473e-205
5.12551e-204
-1.85351e-202
6.55042e-201
-2.26301e-199
7.6448e-198
-2.52595e-196
8.16537e-195
-2.583e-193
7.99789e-192
-2.42453e-190
7.19742e-189
-2.09274e-187
5.96116e-186
-1.66383e-184
4.55128e-183
-1.22034e-181
3.20797e-180
-8.26901e-179
2.09036e-177
-5.18324e-176
1.26084e-174
-3.00926e-173
7.04794e-172
-1.62004e-170
3.65515e-169
-8.09576e-168
1.76049e-166
-3.75908e-165
7.88227e-164
-1.62327e-162
3.28352e-161
-6.52447e-160
1.27364e-158
-2.44277e-157
4.60352e-156
-8.52523e-155
1.55154e-153
-2.77521e-152
4.87904e-151
-8.43155e-150
1.43233e-148
-2.39204e-147
3.92743e-146
-6.33995e-145
1.00629e-143
-1.57051e-142
2.41024e-141
-3.63744e-140
5.39842e-139
-7.87929e-138
1.13102e-136
-1.59672e-135
2.21705e-134
-3.02773e-133
4.0669e-132
-5.37306e-131
6.98226e-130
-8.92466e-129
1.12205e-127
-1.38757e-126
1.68781e-125
-2.01937e-124
2.37645e-123
-2.75078e-122
3.13179e-121
-3.50695e-120
3.86243e-119
-4.18381e-118
4.4571e-117
-4.66968e-116
4.81128e-115
-4.87477e-114
4.85678e-113
-4.75797e-112
4.58301e-111
-4.3402e-110
4.04083e-109
-3.69831e-108
3.32717e-107
-2.94205e-106
2.55678e-105
-2.18355e-104
1.83238e-103
-1.51079e-102
1.22372e-101
-9.73639e-101
7.60837e-100
-5.83856e-99
4.39922e-98
-3.25411e-97
2.36268e-96
-1.68351e-95
1.177e-94
-8.07247e-94
5.43006e-93
-3.58155e-92
2.31577e-91
-1.46744e-90
9.11039e-90
-5.53977e-89
3.29819e-88
-1.92189e-87
1.09566e-86
-6.10839e-86
3.32871e-85
-1.77212e-84
9.21148e-84
-4.67202e-83
2.31052e-82
-1.11326e-81
5.2212e-81
-2.38114e-80
1.0547e-79
-4.53108e-79
1.88496e-78
-7.57858e-78
2.9379e-77
-1.09489e-76
3.90806e-76
-1.32935e-75
4.27953e-75
-1.29061e-74
3.58679e-74
-8.91561e-74
1.85384e-73
-2.56588e-73
-1.59106e-73
2.88156e-72
-1.33585e-71
4.39958e-71
-1.11799e-70
1.99515e-70
-8.8682e-71
-1.11378e-69
5.83488e-69
-1.81962e-68
3.79454e-68
-3.22823e-68
-1.39913e-67
8.36131e-67
-2.50659e-66
4.35791e-66
1.87657e-67
-3.17853e-65
1.24303e-64
-2.60278e-64
1.29561e-64
1.31257e-63
-5.7449e-63
1.19502e-62
-3.86189e-63
-6.67077e-62
2.56277e-61
-4.28587e-61
-2.54828e-61
3.63381e-60
-1.00536e-59
8.41918e-60
3.80986e-59
-1.69685e-58
2.68191e-58
2.73376e-58
-2.45576e-57
5.26688e-57
4.19824e-58
-3.32032e-56
8.6192e-56
-2.64986e-56
-4.45853e-55
1.27919e-54
-5.32659e-55
-6.1853e-54
1.77247e-53
-5.41635e-54
-8.91689e-53
2.28637e-52
7.2696e-54
-1.29789e-51
2.65298e-51
1.80228e-51
-1.81569e-50
2.52981e-50
5.07017e-50
-2.29838e-49
1.42027e-49
9.73283e-49
-2.41467e-48
-1.0864e-48
1.4355e-47
-1.70376e-47
-4.77216e-47
1.58401e-46
1.26071e-47
-8.17425e-46
1.05473e-45
2.67476e-45
-8.66099e-45
-2.37869e-45
4.52064e-44
-4.10883e-44
-1.71986e-43
3.83748e-43
4.18155e-43
-2.23871e-42
2.01465e-43
1.02821e-41
-1.0117e-41
-3.88341e-41
7.8194e-41
1.16073e-40
-4.40789e-40
-2.11067e-40
2.11504e-39
-4.04113e-40
-9.11058e-39
6.91271e-39
3.61418e-38
-4.78489e-38
-1.33999e-37
2.62068e-37
4.69004e-37
-1.27736e-36
-1.56367e-36
5.79862e-36
5.02618e-36
-2.51011e-35
-1.59129e-35
1.05083e-34
5.15944e-35
-4.29147e-34
-1.81378e-34
1.71793e-33
7.25356e-34
-6.75118e-33
-3.28889e-33
2.60015e-32
1.60635e-32
-9.76548e-32
-7.99438e-32
3.54494e-31
3.90873e-31
-1.22602e-30
-1.84091e-30
3.9429e-30
8.25918e-30
-1.12443e-29
-3.49979e-29
2.50604e-29
1.38712e-28
-1.94425e-29
-5.0681e-28
-2.177e-28
1.66414e-27
1.80039e-27
-4.65562e-27
-9.41496e-27
9.49251e-27
3.93465e-26
-2.70577e-27
-1.36116e-25
-1.01156e-25
3.73919e-25
6.61695e-25
-6.57986e-25
-2.79596e-24
-4.60537e-25
8.7275e-24
1.01604e-23
-1.79975e-23
-5.15775e-23
2.76237e-24
1.67884e-22
1.78795e-22
-3.26998e-22
-9.44277e-22
-1.00361e-22
2.82076e-21
3.80698e-21
-3.89387e-21
-1.67005e-20
-9.99734e-21
3.74315e-20
8.10837e-20
-6.8557e-22
-2.43932e-19
-3.46281e-19
2.21576e-19
1.34957e-18
1.36845e-18
-1.87063e-18
-6.87131e-18
-5.3255e-18
1.13854e-17
3.36256e-17
2.22805e-17
-5.89384e-17
-1.61924e-16
-1.08405e-16
2.68863e-16
7.71414e-16
6.09921e-16
-1.05325e-15
-3.58679e-15
-3.65093e-15
3.08786e-15
1.57368e-14
2.13356e-14
-1.86568e-15
-6.11606e-14
-1.14353e-13
-6.18147e-14
1.8177e-13
5.30175e-13
5.97026e-13
-1.72e-13
-1.92555e-12
-3.58196e-12
-2.54868e-12
3.87439e-12
1.49492e-11
2.24889e-11
1.08487e-11
-3.36872e-11
-1.02949e-10
-1.45963e-10
-6.99161e-11
2.09636e-10
6.60831e-10
1.01116e-09
7.14919e-10
-8.39608e-10
-3.78858e-09
-7.02069e-09
-7.60743e-09
-1.19025e-09
1.58675e-08
4.22831e-08
6.66266e-08
6.39742e-08
-8.62571e-10
-1.58423e-07
-4.05373e-07
-6.64832e-07
-7.50545e-07
-3.61302e-07
8.58731e-07
3.15844e-06
6.39878e-06
9.67379e-06
1.0918e-05
6.66566e-06
-7.78883e-06
-3.75101e-05
-8.59772e-05
-0.000151766
-0.000223674
-0.00027429
-0.000252294
-7.40676e-05
0.000384529
0.0012951
0.00288121
0.00541923
0.00923467
0.0146934
0.0221876
0.0321175
0.0448689
0.0607892
0.0801634
0.103192
0.12997
0.160481
0.19458
0.232006
0.27238
0.315226
0.35999
0.406062
0.452804
0.499573
0.545751
0.590765
0.634101
0.675325
0.714087
0.750124
0.783265
0.813419
0.840574
0.864784
0.886158
0.904848
0.921041
0.934944
0.946775
0.956757
0.965107
0.972035
0.977737
0.982393
0.986166
0.9892
0.991622
0.993541
0.995051
0.996231
0.997147
0.997853
0.998393
0.998805
0.999116
0.999349
0.999524
0.999654
0.999749
0.999819
0.999871
0.999908
0.999935
0.999954
0.999968
0.999977
0.999984
0.999989
0.999992
0.999995
0.999996
0.999998
0.999998
0.999999
0.999999
1
1
1
1
1
1
1
1
1
1
1
1
1
0.999999
0.999997
0.999994
0.99999
0.999989
0.999993
1.00001
1.00004
1.00009
1.00015
1.00022
1.00027
1.00025
1.00007
0.999615
0.998705
0.997119
0.994581
0.990765
0.985307
0.977812
0.967882
0.955131
0.939211
0.919837
0.896808
0.87003
0.839519
0.80542
0.767994
0.72762
0.684774
0.64001
0.593938
0.547196
0.500427
0.454249
0.409235
0.365899
0.324675
0.285913
0.249876
0.216735
0.186581
0.159426
0.135216
0.113842
0.0951517
0.0789586
0.0650559
0.0532249
0.0432433
0.0348931
0.0279649
0.0222628
0.0176067
0.0138339
0.0108
0.00837825
0.00645907
0.00494897
0.00376899
0.00285324
0.0021473
0.00160667
0.0011953
0.00088425
0.000650522
0.000475961
0.000346367
0.000250722
0.00018054
0.000129333
9.21798e-05
6.53707e-05
4.61298e-05
3.23939e-05
2.2639e-05
1.57469e-05
1.09019e-05
7.51292e-06
5.15399e-06
3.51992e-06
2.39333e-06
1.62025e-06
1.09218e-06
7.33107e-07
4.90031e-07
3.26203e-07
2.16265e-07
1.42804e-07
9.39231e-08
6.15329e-08
4.01574e-08
2.61078e-08
1.691e-08
1.0912e-08
7.01573e-09
4.4944e-09
2.86893e-09
1.82489e-09
1.15675e-09
7.30722e-10
4.60033e-10
2.88648e-10
1.80514e-10
1.1252e-10
6.9911e-11
4.32986e-11
2.6732e-11
1.64526e-11
1.00949e-11
6.17508e-12
3.76598e-12
2.28993e-12
1.38832e-12
8.39252e-13
5.05881e-13
3.04068e-13
1.82253e-13
1.08936e-13
6.49345e-14
3.86012e-14
2.28854e-14
1.35321e-14
7.98048e-15
4.69424e-15
2.75413e-15
1.61176e-15
9.40856e-16
5.47855e-16
3.18228e-16
1.84397e-16
1.06591e-16
6.14684e-17
3.53637e-17
2.02978e-17
1.16235e-17
6.64092e-18
3.78561e-18
2.15313e-18
1.22191e-18
6.91917e-19
3.90952e-19
2.20423e-19
1.24012e-19
6.96226e-20
3.90058e-20
2.18076e-20
1.21673e-20
6.77486e-21
3.7647e-21
2.08782e-21
1.15558e-21
6.38344e-22
3.5194e-22
1.93663e-22
1.06365e-22
5.83086e-23
3.19046e-23
1.74249e-23
9.4993e-24
5.16919e-24
2.80783e-24
1.52245e-24
8.24035e-25
4.45233e-25
2.40145e-25
1.29304e-25
6.95034e-26
3.72963e-26
1.998e-26
1.06857e-26
5.70547e-27
3.04138e-27
1.61862e-27
8.60041e-28
4.56248e-28
2.41655e-28
1.27793e-28
6.74754e-29
3.55723e-29
1.87246e-29
9.84136e-30
5.16467e-30
2.70634e-30
1.41604e-30
7.39833e-31
3.85973e-31
2.01072e-31
1.04598e-31
5.43345e-32
2.81848e-32
1.45997e-32
7.55214e-33
3.90118e-33
2.01246e-33
1.03674e-33
5.33364e-34
2.74029e-34
1.40603e-34
7.20472e-35
3.687e-35
1.88436e-35
9.61823e-36
4.90309e-36
2.49628e-36
1.26932e-36
6.44617e-37
3.2696e-37
1.65634e-37
8.3806e-38
4.23517e-38
2.13768e-38
1.07769e-38
5.42661e-39
2.72929e-39
1.37107e-39
6.87964e-40
3.44801e-40
1.72612e-40
8.63137e-41
4.31117e-41
2.15091e-41
1.07192e-41
5.33607e-42
2.65339e-42
1.31797e-42
6.53939e-43
3.24116e-43
1.60471e-43
7.9365e-44
3.92105e-44
1.93517e-44
9.54071e-45
4.69885e-45
2.31182e-45
1.13625e-45
5.57889e-46
2.73643e-46
1.34086e-46
6.56371e-47
3.20985e-47
1.56816e-47
7.6537e-48
3.73189e-48
1.81789e-48
8.84682e-49
4.30122e-49
2.08922e-49
1.01384e-49
4.91522e-50
2.38075e-50
1.15208e-50
5.56993e-51
2.69042e-51
1.29836e-51
6.26007e-52
3.01559e-52
1.45137e-52
6.97904e-53
3.35299e-53
1.60948e-53
7.71902e-54
3.6988e-54
1.77087e-54
8.47107e-55
4.04875e-55
1.93346e-55
9.22538e-56
4.39814e-56
2.09504e-56
9.97142e-57
4.74202e-57
2.25328e-57
1.06983e-57
5.07527e-58
2.40578e-58
1.13948e-58
5.39275e-59
2.55018e-59
1.20501e-59
5.68942e-60
2.68416e-60
1.26536e-60
5.96053e-61
2.80558e-61
1.31957e-61
6.20169e-62
2.91248e-62
1.36675e-62
6.40903e-63
3.00313e-63
1.40616e-63
6.57929e-64
3.07614e-64
1.4372e-64
6.70989e-65
3.13042e-65
1.45941e-65
6.79903e-66
3.16525e-66
1.47253e-66
6.84569e-67
3.1803e-67
1.47645e-67
6.84965e-68
3.17557e-68
1.47123e-68
6.8115e-69
3.15147e-69
1.45711e-69
6.73257e-70
3.10872e-70
1.43448e-70
6.61489e-71
3.04836e-71
1.40387e-71
6.46109e-72
2.9717e-72
1.36592e-72
6.27434e-73
2.88029e-73
1.32138e-73
6.05825e-74
2.77584e-74
1.27108e-74
5.81673e-75
2.66023e-75
1.21588e-75
5.55391e-76
2.53537e-76
1.1567e-76
5.274e-77
2.40324e-77
1.09445e-77
4.98123e-78
2.2658e-78
1.02989e-78
4.69937e-79
1.85369e-79
)
;

boundaryField
{
    sides
    {
        type            zeroGradient;
    }
    empty
    {
        type            empty;
    }
}


// ************************************************************************* //
