/*--------------------------------*- C++ -*----------------------------------*\
  =========                 |
  \\      /  F ield         | OpenFOAM: The Open Source CFD Toolbox
   \\    /   O peration     | Website:  https://openfoam.org
    \\  /    A nd           | Version:  7
     \\/     M anipulation  |
\*---------------------------------------------------------------------------*/
FoamFile
{
    version     2.0;
    format      ascii;
    class       volScalarField;
    location    "0.64";
    object      T;
}
// * * * * * * * * * * * * * * * * * * * * * * * * * * * * * * * * * * * * * //

dimensions      [0 0 0 1 0 0 0];

internalField   nonuniform List<scalar> 
1000
(
0
0
0
0
0
0
0
0
0
0
0
0
0
0
0
0
0
0
0
0
0
0
0
0
0
0
0
0
0
0
0
0
0
0
0
0
0
0
0
0
0
0
0
0
0
0
0
0
0
0
0
0
0
0
0
0
0
0
0
0
0
0
0
0
0
0
0
0
0
0
0
0
0
0
0
0
0
0
0
0
0
0
0
0
0
0
0
0
0
0
0
0
0
0
0
0
0
0
0
0
0
0
0
0
0
0
0
0
0
0
0
0
0
0
0
0
0
0
0
0
0
0
0
0
0
0
0
0
0
0
0
0
0
0
0
0
0
0
0
0
0
0
0
0
0
0
0
0
0
0
0
0
0
0
0
0
0
0
0
0
0
0
0
0
0
0
0
0
0
0
0
0
0
0
0
0
0
0
0
0
0
0
0
0
0
0
0
0
0
0
0
0
0
0
0
0
0
0
0
0
0
0
0
0
0
0
0
0
0
0
0
0
0
0
0
0
0
0
0
0
0
0
0
0
0
0
0
0
0
0
0
0
0
0
0
0
0
0
0
0
0
0
0
0
0
0
0
0
0
0
0
0
0
0
0
0
0
0
0
0
0
0
0
0
0
0
0
0
0
0
0
0
0
0
0
0
0
0
0
0
0
0
0
0
0
0
0
0
0
0
0
0
0
0
0
0
0
0
0
0
0
0
0
0
0
0
0
0
0
0
0
0
0
0
0
0
8.14714e-321
8.57016e-317
8.95871e-313
9.29955e-309
9.58451e-305
9.80613e-301
9.958e-297
1.0035e-292
1.00335e-288
9.95165e-285
9.78953e-281
9.54911e-277
9.23436e-273
8.8511e-269
8.40687e-265
7.9107e-261
7.37277e-257
6.80407e-253
6.21601e-249
5.62001e-245
5.02709e-241
4.44751e-237
3.89042e-233
3.36365e-229
2.87345e-225
2.42447e-221
2.01966e-217
1.66039e-213
1.34657e-209
1.07679e-205
8.48627e-202
6.58813e-198
5.03544e-194
3.78701e-190
2.80079e-186
2.03571e-182
1.45314e-178
1.018e-174
6.99361e-171
4.7078e-167
3.10254e-163
1.99984e-159
1.25955e-155
7.743e-152
4.64058e-148
2.70805e-144
1.53664e-140
8.46581e-137
4.52113e-133
2.33633e-129
1.16596e-125
5.60735e-122
2.59252e-118
1.14926e-114
4.87021e-111
1.9663e-107
7.53462e-104
2.7282e-100
9.28733e-97
2.95481e-93
8.72455e-90
2.37062e-86
5.86678e-83
1.30536e-79
2.56805e-76
4.36833e-73
6.22556e-70
7.08525e-67
5.92885e-64
3.04614e-61
4.30223e-59
-2.78755e-56
4.71181e-54
-4.70343e-52
3.32329e-50
-1.80512e-48
7.90528e-47
-2.87932e-45
8.91418e-44
-2.38369e-42
5.573e-41
-1.15004e-39
2.11039e-38
-3.46421e-37
5.11055e-36
-6.80025e-35
8.18384e-34
-8.92456e-33
8.82859e-32
-7.92493e-31
6.45123e-30
-4.75481e-29
3.16382e-28
-1.89181e-27
1.00934e-26
-4.75176e-26
1.938e-25
-6.62148e-25
1.75913e-24
-2.81663e-24
-2.58767e-24
3.747e-23
-1.40591e-22
2.6026e-22
1.35354e-22
-2.49028e-21
7.2826e-21
-4.78252e-21
-3.64854e-20
1.30331e-19
-9.1698e-20
-5.98426e-19
1.84204e-18
-1.79517e-19
-1.00629e-17
1.79208e-17
2.56873e-17
-1.27968e-16
3.4512e-17
5.78551e-16
-7.51209e-16
-1.95629e-15
4.86087e-15
5.11108e-15
-2.32213e-14
-9.86135e-15
9.53991e-14
1.17367e-14
-3.59265e-13
-9.87762e-15
1.27628e-12
1.37023e-13
-4.28657e-12
-1.49395e-12
1.32967e-11
9.97245e-12
-3.60485e-11
-4.94808e-11
7.51353e-11
1.9312e-10
-6.5491e-11
-5.83741e-10
-3.39051e-10
1.21888e-09
2.10674e-09
-8.43286e-10
-6.2122e-09
-5.3158e-09
8.37747e-09
2.35714e-08
1.24176e-08
-3.69549e-08
-8.26874e-08
-4.25359e-08
1.17631e-07
2.85562e-07
2.21687e-07
-2.37368e-07
-9.00564e-07
-1.13652e-06
-2.10716e-07
2.00654e-06
4.39366e-06
4.61858e-06
2.74341e-07
-9.1029e-06
-2.00866e-05
-2.48705e-05
-1.34121e-05
2.15469e-05
7.77139e-05
0.000137184
0.000164255
0.00011005
-7.43728e-05
-0.00041673
-0.000896534
-0.00141677
-0.00177956
-0.00167104
-0.000659478
0.00179118
0.00629281
0.0134921
0.0240216
0.0384481
0.0572245
0.0806498
0.108841
0.141721
0.179019
0.220285
0.26492
0.312211
0.361367
0.411568
0.461998
0.511883
0.560521
0.6073
0.651717
0.693379
0.732007
0.76743
0.799575
0.828453
0.85415
0.876806
0.896606
0.913765
0.928514
0.941093
0.95174
0.960687
0.968153
0.97434
0.979435
0.983603
0.986992
0.989731
0.991933
0.993692
0.99509
0.996196
0.997065
0.997746
0.998276
0.998687
0.999003
0.999247
0.999433
0.999575
0.999682
0.999763
0.999825
0.99987
0.999904
0.99993
0.999949
0.999963
0.999973
0.99998
0.999986
0.99999
0.999993
0.999995
0.999996
0.999997
0.999998
0.999999
0.999999
0.999999
1
1
1
1
1
1
1
1
1
0.999998
0.999996
0.999995
1
1.00001
1.00002
1.00002
1.00001
0.999978
0.999922
0.999863
0.999836
0.99989
1.00007
1.00042
1.0009
1.00142
1.00178
1.00167
1.00066
0.998209
0.993707
0.986508
0.975978
0.961552
0.942776
0.91935
0.891159
0.858279
0.820981
0.779715
0.73508
0.687789
0.638633
0.588432
0.538002
0.488117
0.439479
0.3927
0.348283
0.306621
0.267993
0.23257
0.200425
0.171547
0.14585
0.123194
0.103394
0.086235
0.071486
0.0589071
0.0482598
0.0393127
0.031847
0.0256596
0.0205651
0.0163971
0.013008
0.0102685
0.00806708
0.00630781
0.00490956
0.00380411
0.00293463
0.00225417
0.00172422
0.00131345
0.000996521
0.000753092
0.000566938
0.000425191
0.000317707
0.000236536
0.00017548
0.000129732
9.55847e-05
7.01907e-05
5.13746e-05
3.7482e-05
2.72603e-05
1.97649e-05
1.42871e-05
1.02967e-05
7.39924e-06
5.30188e-06
3.78834e-06
2.69939e-06
1.91824e-06
1.35951e-06
9.60994e-07
6.77548e-07
4.76494e-07
3.34267e-07
2.33919e-07
1.63301e-07
1.13732e-07
7.90252e-08
5.47836e-08
3.78926e-08
2.61513e-08
1.80087e-08
1.23747e-08
8.48525e-09
5.80615e-09
3.96477e-09
2.70189e-09
1.83759e-09
1.24732e-09
8.45009e-10
5.71368e-10
3.85614e-10
2.59766e-10
1.7467e-10
1.17238e-10
7.85498e-11
5.25363e-11
3.50769e-11
2.33798e-11
1.55571e-11
1.03346e-11
6.85402e-12
4.53831e-12
3.00018e-12
1.98023e-12
1.30499e-12
8.58677e-13
5.64148e-13
3.70088e-13
2.42422e-13
1.58564e-13
1.03564e-13
6.75452e-14
4.39912e-14
2.8611e-14
1.85824e-14
1.20525e-14
7.80676e-15
5.04994e-15
3.26236e-15
2.10481e-15
1.35623e-15
8.72783e-16
5.60961e-16
3.60097e-16
2.30873e-16
1.47843e-16
9.45595e-17
6.0408e-17
3.85455e-17
2.45668e-17
1.56395e-17
9.94498e-18
6.31678e-18
4.00778e-18
2.54e-18
1.60801e-18
1.0169e-18
6.4239e-19
4.0538e-19
2.55547e-19
1.60927e-19
1.01238e-19
6.3623e-20
3.99437e-20
2.50525e-20
1.56973e-20
9.82593e-21
6.14473e-21
3.83898e-21
2.39617e-21
1.4942e-21
9.30888e-22
5.79409e-22
3.6031e-22
2.23858e-22
1.38957e-22
8.61793e-23
5.34001e-23
3.306e-23
2.04497e-23
1.26386e-23
7.80446e-24
4.81527e-24
2.96849e-24
1.82849e-24
1.12536e-24
6.92053e-25
4.25242e-25
2.61088e-25
1.60174e-25
9.81879e-26
6.0143e-26
3.68109e-26
2.25131e-26
1.37583e-26
8.40172e-27
5.1268e-27
3.1261e-27
1.90476e-27
1.15974e-27
7.05618e-28
4.29009e-28
2.60648e-28
1.58247e-28
9.60091e-29
5.82088e-29
3.52667e-29
2.13523e-29
1.29191e-29
7.81133e-30
4.71986e-30
2.85e-30
1.71979e-30
1.03711e-30
6.25014e-31
3.76424e-31
2.26563e-31
1.36278e-31
8.19196e-32
4.9213e-32
2.95464e-32
1.77281e-32
1.06305e-32
6.37064e-33
3.81551e-33
2.28382e-33
1.3662e-33
8.16793e-34
4.8804e-34
2.91439e-34
1.73936e-34
1.03749e-34
6.1849e-35
3.68499e-35
2.1943e-35
1.30592e-35
7.76775e-36
4.61782e-36
2.74374e-36
1.62935e-36
9.67055e-37
5.73664e-37
3.40121e-37
2.0155e-37
1.19372e-37
7.06641e-38
4.18091e-38
2.47241e-38
1.46134e-38
8.63296e-39
5.09743e-39
3.00834e-39
1.77454e-39
1.04624e-39
6.16547e-40
3.63153e-40
2.13797e-40
1.25808e-40
7.39955e-41
4.35008e-41
2.55615e-41
1.50131e-41
8.81361e-42
5.17173e-42
3.03333e-42
1.7783e-42
1.04206e-42
6.1036e-43
3.57342e-43
2.09117e-43
1.22321e-43
7.15195e-44
4.17982e-44
2.44175e-44
1.4258e-44
8.322e-45
4.85526e-45
2.83148e-45
1.65056e-45
9.61761e-46
5.60173e-46
3.26135e-46
1.89799e-46
1.10411e-46
6.42028e-47
3.73182e-47
2.16826e-47
1.2593e-47
7.31098e-48
4.24277e-48
2.46123e-48
1.4272e-48
8.27275e-49
4.79343e-49
2.77637e-49
1.60746e-49
9.30336e-50
5.38238e-50
3.11276e-50
1.79952e-50
1.03993e-50
6.00746e-51
3.46912e-51
2.00257e-51
1.15558e-51
6.66583e-52
3.84372e-52
2.21562e-52
1.27668e-52
7.35391e-53
4.23448e-53
2.43742e-53
1.40252e-53
8.06745e-54
4.6389e-54
2.66652e-54
1.53224e-54
8.80158e-55
5.05416e-55
2.90129e-55
1.6649e-55
9.55082e-56
5.47709e-56
3.13991e-56
1.79946e-56
1.03092e-56
5.90429e-57
3.38042e-57
1.93479e-57
1.10703e-57
6.33208e-58
3.62074e-58
2.06972e-58
1.18274e-58
6.75667e-59
3.85871e-59
2.20301e-59
1.25736e-59
7.17413e-60
4.09211e-60
2.33343e-60
1.33018e-60
7.58049e-61
4.31872e-61
2.45971e-61
1.40051e-61
7.97185e-62
4.53635e-62
2.58064e-62
1.46765e-62
8.34437e-63
4.74286e-63
2.69502e-63
1.53095e-63
8.69439e-64
4.93622e-64
2.80174e-64
1.58979e-64
9.01848e-65
5.11453e-65
2.89974e-65
1.64359e-65
9.31348e-66
5.27608e-66
2.98809e-66
1.69184e-66
9.57658e-67
5.41932e-67
3.06595e-67
1.73409e-67
9.80534e-68
5.54295e-68
3.13261e-68
1.76995e-68
9.99775e-69
5.64589e-69
3.18751e-69
1.79913e-69
1.01522e-69
5.72732e-70
3.23022e-70
1.8214e-70
1.02676e-70
5.78667e-71
3.26046e-71
1.83664e-71
1.03434e-71
5.82365e-72
3.2781e-72
1.84478e-72
1.03792e-72
5.83821e-73
3.28315e-73
1.84587e-73
1.03754e-73
5.83057e-74
3.27578e-74
1.83999e-74
1.03328e-74
5.8012e-75
3.25626e-75
1.82734e-75
1.02523e-75
5.75078e-76
3.22502e-76
1.80818e-76
1.01356e-76
5.68021e-77
3.1826e-77
1.7828e-77
9.98453e-78
5.59058e-78
3.12962e-78
1.75159e-78
9.80116e-79
5.48314e-79
3.06682e-79
1.71496e-79
9.58795e-80
5.35928e-80
2.99491e-80
1.67527e-80
8.87528e-81
)
;

boundaryField
{
    sides
    {
        type            zeroGradient;
    }
    empty
    {
        type            empty;
    }
}


// ************************************************************************* //
