/*--------------------------------*- C++ -*----------------------------------*\
  =========                 |
  \\      /  F ield         | OpenFOAM: The Open Source CFD Toolbox
   \\    /   O peration     | Website:  https://openfoam.org
    \\  /    A nd           | Version:  7
     \\/     M anipulation  |
\*---------------------------------------------------------------------------*/
FoamFile
{
    version     2.0;
    format      ascii;
    class       volScalarField;
    location    "0.92";
    object      T;
}
// * * * * * * * * * * * * * * * * * * * * * * * * * * * * * * * * * * * * * //

dimensions      [0 0 0 1 0 0 0];

internalField   nonuniform List<scalar> 
1000
(
4.56429e-114
7.52843e-114
1.5377e-113
3.31914e-113
7.24958e-113
1.58694e-112
3.47446e-112
7.6052e-112
1.66415e-111
3.64017e-111
7.95974e-111
1.73989e-110
3.80181e-110
8.30432e-110
1.81326e-109
3.95787e-109
8.63586e-109
1.88361e-108
4.10695e-108
8.95133e-108
1.95028e-107
4.24761e-107
9.24767e-107
2.0126e-106
4.37847e-106
9.52189e-106
2.06995e-105
4.49815e-105
9.77106e-105
2.1217e-104
4.60534e-104
9.99243e-104
2.16727e-103
4.6988e-103
1.01834e-102
2.20611e-102
4.77741e-102
1.03416e-101
2.23774e-101
4.84015e-101
1.04649e-100
2.26172e-100
4.88615e-100
1.05516e-99
2.2777e-99
4.9147e-99
1.06003e-98
2.28541e-98
4.92527e-98
1.061e-97
2.28466e-97
4.9175e-97
1.058e-96
2.27533e-96
4.89126e-96
1.05102e-95
2.25744e-95
4.84659e-95
1.04009e-94
2.23108e-94
4.78379e-94
1.02527e-93
2.19643e-93
4.70332e-93
1.0067e-92
2.15378e-92
4.60587e-92
9.84524e-92
2.10352e-91
4.49232e-91
9.58954e-91
2.0461e-90
4.36374e-90
9.3023e-90
1.98208e-89
4.22136e-89
8.98628e-89
1.91208e-88
4.06655e-88
8.64456e-88
1.83677e-87
3.90084e-87
8.28046e-87
1.75688e-86
3.72581e-86
7.89749e-86
1.67319e-85
3.54315e-85
7.4993e-85
1.58649e-84
3.35459e-84
7.08964e-84
1.49759e-83
3.16185e-83
6.67223e-83
1.40728e-82
2.96667e-82
6.2508e-82
1.31637e-81
2.77075e-81
5.82893e-81
1.22562e-80
2.57569e-80
5.41007e-80
1.13575e-79
2.38304e-79
4.99745e-79
1.04745e-78
2.19423e-78
4.59405e-78
9.61332e-78
2.01054e-77
4.20257e-77
8.77962e-77
1.83314e-76
3.82537e-76
7.97825e-76
1.66302e-75
3.4645e-75
7.21336e-75
1.50102e-74
3.12165e-74
6.48832e-74
1.34781e-73
2.79815e-73
5.80577e-73
1.2039e-72
2.49498e-72
5.16755e-72
1.06965e-71
2.21278e-71
4.57481e-71
9.45243e-71
1.95186e-70
4.02799e-70
8.3073e-70
1.71223e-69
3.52691e-69
7.26031e-69
1.49363e-68
3.07082e-68
6.30945e-68
1.29554e-67
2.65846e-67
5.45168e-67
1.11725e-66
2.28814e-66
4.6831e-66
9.57849e-66
1.95782e-65
3.99907e-65
8.16309e-65
1.66517e-64
3.39443e-64
6.91482e-64
1.40766e-63
2.86362e-63
5.82147e-63
1.18263e-62
2.40082e-62
4.87043e-62
9.8734e-62
2.00013e-61
4.04892e-61
8.19045e-61
1.65563e-60
3.34428e-60
6.75035e-60
1.36154e-59
2.74418e-59
5.5268e-59
1.11227e-58
2.23677e-58
4.49472e-58
9.02518e-58
1.81083e-57
3.63048e-57
7.27305e-57
1.4559e-56
2.91211e-56
5.82025e-56
1.16234e-55
2.31942e-55
4.62465e-55
9.2136e-55
1.83412e-54
3.64816e-54
7.25046e-54
1.43979e-53
2.85676e-53
5.66351e-53
1.12185e-52
2.22034e-52
4.3907e-52
8.6752e-52
1.71259e-51
3.37794e-51
6.65692e-51
1.31074e-50
2.57857e-50
5.06823e-50
9.95288e-50
1.95278e-49
3.82795e-49
7.49698e-49
1.46694e-48
2.86773e-48
5.601e-48
1.09292e-47
2.13064e-47
4.14974e-47
8.07462e-47
1.56968e-46
3.04848e-46
5.91478e-46
1.1465e-45
2.22016e-45
4.29506e-45
8.30091e-45
1.60269e-44
3.0913e-44
5.95657e-44
1.1466e-43
2.20487e-43
4.23554e-43
8.12808e-43
1.55817e-42
2.98393e-42
5.70827e-42
1.09084e-41
2.08235e-41
3.97083e-41
7.56378e-41
1.43921e-40
2.73549e-40
5.19357e-40
9.84955e-40
1.86587e-39
3.53068e-39
6.67334e-39
1.25989e-38
2.37589e-38
4.47525e-38
8.41982e-38
1.58227e-37
2.96993e-37
5.56796e-37
1.04262e-36
1.95001e-36
3.64266e-36
6.79629e-36
1.26646e-35
2.35707e-35
4.38142e-35
8.13413e-35
1.5082e-34
2.79289e-34
5.16527e-34
9.54051e-34
1.75989e-33
3.24214e-33
5.96493e-33
1.09598e-32
2.01103e-32
3.6851e-32
6.7436e-32
1.23237e-31
2.24901e-31
4.09865e-31
7.45903e-31
1.35554e-30
2.45997e-30
4.45784e-30
8.0667e-30
1.4576e-29
2.62993e-29
4.7382e-29
8.52391e-29
1.53114e-28
2.74624e-28
4.91818e-28
8.79439e-28
1.57014e-27
2.79898e-27
4.98174e-27
8.85276e-27
1.57068e-26
2.78229e-26
4.92058e-26
8.68812e-26
1.53153e-25
2.6953e-25
4.73552e-25
8.30617e-25
1.45446e-24
2.5425e-24
4.43688e-24
7.72934e-24
1.34416e-23
2.33344e-23
4.04364e-23
6.99478e-23
1.2078e-22
2.08174e-22
3.5815e-22
6.1504e-22
1.05423e-21
1.80365e-21
3.07999e-21
5.24952e-21
8.93011e-21
1.51619e-20
2.56922e-20
4.34506e-20
7.33379e-20
1.23536e-19
2.07673e-19
3.48405e-19
5.83308e-19
9.74571e-19
1.62489e-18
2.70346e-18
4.48843e-18
7.43603e-18
1.22928e-17
2.02775e-17
3.33755e-17
5.48124e-17
8.98174e-17
1.46847e-16
2.39543e-16
3.8986e-16
6.33038e-16
1.02551e-15
1.65741e-15
2.67233e-15
4.29846e-15
6.89746e-15
1.1041e-14
1.76304e-14
2.80829e-14
4.46209e-14
7.07197e-14
1.118e-13
1.7629e-13
2.77262e-13
4.34934e-13
6.80476e-13
1.06182e-12
1.65244e-12
2.56465e-12
3.96962e-12
6.1274e-12
9.4319e-12
1.4478e-11
2.21611e-11
3.38252e-11
5.14804e-11
7.81243e-11
1.18212e-10
1.78344e-10
2.68264e-10
4.02315e-10
6.01527e-10
8.96643e-10
1.33244e-09
1.97391e-09
2.91506e-09
4.29137e-09
6.2974e-09
9.21152e-09
1.34305e-08
1.95181e-08
2.82715e-08
4.08147e-08
5.87259e-08
8.42121e-08
1.20348e-07
1.714e-07
2.43263e-07
3.44054e-07
4.84892e-07
6.80961e-07
9.52895e-07
1.32862e-06
1.84576e-06
2.55481e-06
3.5232e-06
4.84059e-06
6.62569e-06
9.03485e-06
1.22732e-05
1.66084e-05
2.23882e-05
3.00621e-05
4.02084e-05
5.35673e-05
7.10815e-05
9.39454e-05
0.000123664
0.000162126
0.000211685
0.000275259
0.000356452
0.00045968
0.000590331
0.000754936
0.00096137
0.00121906
0.00153925
0.00193521
0.00242258
0.0030196
0.00374744
0.00463047
0.00569661
0.00697751
0.00850888
0.0103306
0.0124871
0.0150269
0.0180031
0.021473
0.0254981
0.0301431
0.0354758
0.0415666
0.0484868
0.0563085
0.0651025
0.0749377
0.0858791
0.0979862
0.111312
0.1259
0.141785
0.158988
0.177518
0.197369
0.21852
0.240933
0.264552
0.289308
0.315111
0.341859
0.369434
0.397705
0.426529
0.455755
0.485224
0.514776
0.544245
0.573471
0.602295
0.630566
0.658141
0.684889
0.710692
0.735448
0.759067
0.78148
0.802631
0.822482
0.841012
0.858215
0.8741
0.888688
0.902014
0.914121
0.925062
0.934897
0.943691
0.951513
0.958433
0.964524
0.969857
0.974502
0.978527
0.981997
0.984973
0.987513
0.989669
0.99149
0.993022
0.994302
0.995368
0.99625
0.996977
0.997573
0.998058
0.998452
0.998769
0.999022
0.999223
0.99938
0.9995
0.99959
0.999654
0.999694
0.999714
0.999714
0.999694
0.999654
0.99959
0.9995
0.99938
0.999223
0.999022
0.998769
0.998452
0.998058
0.997573
0.996977
0.99625
0.995368
0.994302
0.993022
0.99149
0.989669
0.987513
0.984973
0.981997
0.978527
0.974502
0.969857
0.964524
0.958433
0.951513
0.943691
0.934897
0.925062
0.914121
0.902014
0.888688
0.8741
0.858215
0.841012
0.822482
0.802631
0.78148
0.759067
0.735448
0.710692
0.684889
0.658141
0.630566
0.602295
0.573471
0.544245
0.514776
0.485224
0.455755
0.426529
0.397705
0.369434
0.341859
0.315111
0.289308
0.264552
0.240933
0.21852
0.197369
0.177518
0.158988
0.141785
0.1259
0.111312
0.0979862
0.0858791
0.0749377
0.0651025
0.0563085
0.0484868
0.0415666
0.0354758
0.0301431
0.0254981
0.021473
0.0180031
0.0150269
0.0124871
0.0103306
0.00850888
0.00697751
0.00569661
0.00463047
0.00374744
0.0030196
0.00242258
0.00193521
0.00153925
0.00121906
0.00096137
0.000754936
0.000590331
0.00045968
0.000356452
0.000275259
0.000211685
0.000162126
0.000123664
9.39454e-05
7.10815e-05
5.35673e-05
4.02084e-05
3.00621e-05
2.23882e-05
1.66084e-05
1.22732e-05
9.03485e-06
6.62569e-06
4.84059e-06
3.5232e-06
2.55481e-06
1.84576e-06
1.32862e-06
9.52895e-07
6.80961e-07
4.84892e-07
3.44054e-07
2.43263e-07
1.714e-07
1.20348e-07
8.42121e-08
5.87259e-08
4.08147e-08
2.82715e-08
1.95181e-08
1.34305e-08
9.21152e-09
6.2974e-09
4.29137e-09
2.91506e-09
1.97391e-09
1.33244e-09
8.96643e-10
6.01527e-10
4.02315e-10
2.68264e-10
1.78344e-10
1.18212e-10
7.81243e-11
5.14804e-11
3.38252e-11
2.21611e-11
1.4478e-11
9.4319e-12
6.1274e-12
3.96962e-12
2.56465e-12
1.65244e-12
1.06182e-12
6.80476e-13
4.34934e-13
2.77262e-13
1.7629e-13
1.118e-13
7.07197e-14
4.46209e-14
2.80829e-14
1.76304e-14
1.1041e-14
6.89746e-15
4.29846e-15
2.67233e-15
1.65741e-15
1.02551e-15
6.33038e-16
3.8986e-16
2.39543e-16
1.46847e-16
8.98174e-17
5.48124e-17
3.33755e-17
2.02775e-17
1.22928e-17
7.43603e-18
4.48843e-18
2.70346e-18
1.62489e-18
9.74571e-19
5.83308e-19
3.48405e-19
2.07673e-19
1.23536e-19
7.33379e-20
4.34506e-20
2.56922e-20
1.51619e-20
8.93011e-21
5.24952e-21
3.07999e-21
1.80365e-21
1.05423e-21
6.1504e-22
3.5815e-22
2.08174e-22
1.2078e-22
6.99478e-23
4.04364e-23
2.33344e-23
1.34416e-23
7.72934e-24
4.43688e-24
2.5425e-24
1.45446e-24
8.30617e-25
4.73552e-25
2.6953e-25
1.53153e-25
8.68812e-26
4.92058e-26
2.78229e-26
1.57068e-26
8.85276e-27
4.98174e-27
2.79898e-27
1.57014e-27
8.79439e-28
4.91818e-28
2.74624e-28
1.53114e-28
8.52391e-29
4.7382e-29
2.62993e-29
1.4576e-29
8.0667e-30
4.45784e-30
2.45997e-30
1.35554e-30
7.45903e-31
4.09865e-31
2.24901e-31
1.23237e-31
6.7436e-32
3.6851e-32
2.01103e-32
1.09598e-32
5.96493e-33
3.24214e-33
1.75989e-33
9.54051e-34
5.16527e-34
2.79289e-34
1.5082e-34
8.13413e-35
4.38142e-35
2.35707e-35
1.26646e-35
6.79629e-36
3.64266e-36
1.95001e-36
1.04262e-36
5.56796e-37
2.96993e-37
1.58227e-37
8.41982e-38
4.47525e-38
2.37589e-38
1.25989e-38
6.67334e-39
3.53068e-39
1.86587e-39
9.84955e-40
5.19357e-40
2.73549e-40
1.43921e-40
7.56378e-41
3.97083e-41
2.08235e-41
1.09084e-41
5.70827e-42
2.98393e-42
1.55817e-42
8.12808e-43
4.23554e-43
2.20487e-43
1.1466e-43
5.95657e-44
3.0913e-44
1.60269e-44
8.30091e-45
4.29506e-45
2.22016e-45
1.1465e-45
5.91478e-46
3.04848e-46
1.56968e-46
8.07462e-47
4.14974e-47
2.13064e-47
1.09292e-47
5.601e-48
2.86773e-48
1.46694e-48
7.49698e-49
3.82795e-49
1.95278e-49
9.95288e-50
5.06823e-50
2.57857e-50
1.31074e-50
6.65692e-51
3.37794e-51
1.71259e-51
8.6752e-52
4.3907e-52
2.22034e-52
1.12185e-52
5.66351e-53
2.85676e-53
1.43979e-53
7.25046e-54
3.64816e-54
1.83412e-54
9.2136e-55
4.62465e-55
2.31942e-55
1.16234e-55
5.82025e-56
2.91211e-56
1.4559e-56
7.27305e-57
3.63048e-57
1.81083e-57
9.02518e-58
4.49472e-58
2.23677e-58
1.11227e-58
5.5268e-59
2.74418e-59
1.36154e-59
6.75035e-60
3.34428e-60
1.65563e-60
8.19045e-61
4.04892e-61
2.00013e-61
9.8734e-62
4.87043e-62
2.40082e-62
1.18263e-62
5.82147e-63
2.86362e-63
1.40766e-63
6.91482e-64
3.39443e-64
1.66517e-64
8.16309e-65
3.99907e-65
1.95782e-65
9.57849e-66
4.6831e-66
2.28814e-66
1.11725e-66
5.45168e-67
2.65846e-67
1.29554e-67
6.30945e-68
3.07082e-68
1.49363e-68
7.26031e-69
3.52691e-69
1.71223e-69
8.3073e-70
4.02799e-70
1.95186e-70
9.45243e-71
4.57481e-71
2.21278e-71
1.06965e-71
5.16755e-72
2.49498e-72
1.2039e-72
5.80577e-73
2.79815e-73
1.34781e-73
6.48832e-74
3.12165e-74
1.50102e-74
7.21336e-75
3.4645e-75
1.66302e-75
7.97825e-76
3.82537e-76
1.83314e-76
8.77962e-77
4.20257e-77
2.01054e-77
9.61332e-78
4.59405e-78
2.19423e-78
1.04745e-78
4.99745e-79
2.38304e-79
1.13575e-79
5.41007e-80
2.57569e-80
1.22562e-80
5.82893e-81
2.77075e-81
1.31637e-81
6.2508e-82
2.96667e-82
1.40728e-82
6.67223e-83
3.16185e-83
1.49759e-83
7.08964e-84
3.35459e-84
1.58649e-84
7.4993e-85
3.54315e-85
1.67319e-85
7.89749e-86
3.72581e-86
1.75688e-86
8.28046e-87
3.90084e-87
1.83677e-87
8.64456e-88
4.06655e-88
1.91208e-88
8.98628e-89
4.22136e-89
1.98208e-89
9.3023e-90
4.36374e-90
2.0461e-90
9.58954e-91
4.49232e-91
2.10352e-91
9.84524e-92
4.60587e-92
2.15378e-92
1.0067e-92
4.70332e-93
2.19643e-93
1.02527e-93
4.78379e-94
2.23108e-94
1.04009e-94
4.84659e-95
2.25744e-95
1.05102e-95
4.89126e-96
2.27533e-96
1.058e-96
4.9175e-97
2.28466e-97
1.061e-97
4.92527e-98
2.28541e-98
1.06003e-98
4.9147e-99
2.2777e-99
1.05516e-99
4.88615e-100
2.26172e-100
1.04649e-100
4.84015e-101
2.23774e-101
1.03416e-101
4.77741e-102
2.20611e-102
1.01834e-102
4.6988e-103
2.16727e-103
9.99243e-104
4.60534e-104
2.1217e-104
9.77106e-105
4.49815e-105
2.06995e-105
9.52189e-106
4.37847e-106
2.0126e-106
9.24767e-107
4.24761e-107
1.95028e-107
8.95133e-108
4.10695e-108
1.88361e-108
8.63586e-109
3.95787e-109
1.81326e-109
8.30432e-110
3.80181e-110
1.73989e-110
7.95974e-111
3.64017e-111
1.66415e-111
7.6052e-112
3.47446e-112
1.58694e-112
7.24958e-113
3.31914e-113
1.5377e-113
7.52843e-114
4.56429e-114
)
;

boundaryField
{
    sides
    {
        type            zeroGradient;
    }
    empty
    {
        type            empty;
    }
}


// ************************************************************************* //
