/*--------------------------------*- C++ -*----------------------------------*\
  =========                 |
  \\      /  F ield         | OpenFOAM: The Open Source CFD Toolbox
   \\    /   O peration     | Website:  https://openfoam.org
    \\  /    A nd           | Version:  7
     \\/     M anipulation  |
\*---------------------------------------------------------------------------*/
FoamFile
{
    version     2.0;
    format      ascii;
    class       volScalarField;
    location    "0.26";
    object      T;
}
// * * * * * * * * * * * * * * * * * * * * * * * * * * * * * * * * * * * * * //

dimensions      [0 0 0 1 0 0 0];

internalField   nonuniform List<scalar> 
1000
(
0
0
0
0
0
0
0
0
0
0
0
0
0
0
0
0
0
0
0
0
0
0
0
0
0
0
0
0
0
0
0
0
0
0
0
0
0
0
0
0
0
0
0
0
0
0
0
0
0
0
0
0
0
0
0
0
0
0
0
0
0
0
0
0
0
0
0
0
0
0
0
0
0
0
0
0
0
0
0
0
0
0
0
0
0
0
0
0
0
0
0
0
0
0
0
0
0
0
0
0
0
0
0
0
0
0
0
0
0
0
0
0
0
0
0
0
0
0
0
0
0
0
0
0
0
0
0
0
0
0
0
0
0
0
0
0
0
0
0
0
0
0
0
0
0
0
0
0
0
0
0
0
0
0
0
0
0
0
0
0
0
0
0
0
0
0
0
0
0
0
0
0
0
0
0
0
0
0
0
0
0
0
0
0
0
0
0
0
0
0
0
0
0
0
0
0
0
0
0
0
0
0
0
0
0
0
0
0
0
0
0
0
0
0
0
0
0
0
0
0
0
0
0
0
0
0
0
0
0
0
0
0
0
0
0
0
0
0
0
0
0
0
0
0
0
0
0
0
0
0
0
0
0
0
0
0
0
0
0
0
0
0
0
0
0
0
0
0
0
0
0
0
0
0
0
0
0
0
0
0
0
0
0
0
0
0
0
0
0
0
0
0
0
0
0
0
0
0
0
0
0
0
0
0
0
0
0
0
0
0
0
0
0
0
0
0
0
0
0
0
0
0
0
0
0
0
0
0
0
0
0
0
0
0
0
0
0
0
0
0
0
0
0
0
0
0
0
0
0
0
0
0
0
0
0
0
0
0
0
0
0
0
0
0
0
0
0
0
0
0
0
0
0
0
0
0
0
0
0
0
0
0
0
0
0
0
0
0
0
0
0
0
0
0
0
0
0
0
0
0
0
0
0
0
0
0
0
0
0
0
0
0
0
0
0
0
0
0
0
0
0
0
0
0
8.7355e-29
-1.95966e-26
2.104e-24
-1.43832e-22
7.02551e-21
-2.60813e-19
7.64111e-18
-1.81054e-16
3.52695e-15
-5.70944e-14
7.73002e-13
-8.7765e-12
8.34784e-11
-6.61687e-10
4.32307e-09
-2.28181e-08
9.37051e-08
-2.75797e-07
4.44924e-07
3.60895e-07
-3.86093e-06
6.62871e-06
9.69188e-06
-4.68157e-05
-6.43616e-06
0.000215609
5.73801e-06
-0.000865845
-0.000506919
0.0026792
0.00479027
-0.00198708
-0.0182411
-0.0287032
-0.00817769
0.0619695
0.181613
0.332889
0.490786
0.634102
0.750896
0.838273
0.899269
0.939496
0.964797
0.980085
0.989011
0.99407
0.996863
0.99837
0.999167
0.999581
0.999792
0.999898
0.999951
0.999976
0.999989
0.999995
0.999998
0.999999
0.999999
1
1
1
1
1
1
1
1
1
1
1
1
1
1
1
1
1
1
1
1
1
1
1
1
1
1
1
1
1
1
1
1
1
1
1
1
1
1
1
1
1
1
1
1
1
1
1
1
1
1
1
1
1
1
1
1
1
1
1
1
0.999993
0.99999
1.00005
1.00001
0.999784
0.999994
1.00087
1.00051
0.997321
0.99521
1.00199
1.01824
1.0287
1.00818
0.93803
0.818387
0.667111
0.509214
0.365898
0.249104
0.161727
0.100731
0.0605038
0.0352031
0.0199153
0.0109893
0.00593049
0.0031371
0.00162975
0.000832893
0.000419328
0.000208235
0.00010211
4.94886e-05
2.37268e-05
1.12615e-05
5.29499e-06
2.46782e-06
1.14071e-06
5.23193e-07
2.38216e-07
1.07715e-07
4.83882e-08
2.16027e-08
9.58779e-09
4.2315e-09
1.8576e-09
8.11327e-10
3.52636e-10
1.52558e-10
6.57066e-11
2.8179e-11
1.20354e-11
5.12016e-12
2.17e-12
9.16328e-13
3.85581e-13
1.61699e-13
6.75891e-14
2.81627e-14
1.16989e-14
4.84542e-15
2.00113e-15
8.2417e-16
3.38526e-16
1.38687e-16
5.66737e-17
2.31027e-17
9.39525e-18
3.81196e-18
1.54316e-18
6.23333e-19
2.51249e-19
1.01062e-19
4.05685e-20
1.62531e-20
6.49903e-21
2.59386e-21
1.03335e-21
4.10938e-22
1.63135e-22
6.46511e-23
2.5579e-23
1.01038e-23
3.98467e-24
1.56901e-24
6.16876e-25
2.42172e-25
9.49325e-26
3.71609e-26
1.45261e-26
5.67045e-27
2.21056e-27
8.60628e-28
3.34632e-28
1.29948e-28
5.04002e-29
1.95239e-29
7.55405e-30
2.91933e-30
1.1269e-30
4.34509e-31
1.67351e-31
6.43845e-32
2.4744e-32
9.49948e-33
3.64317e-33
1.39578e-33
5.34218e-34
2.04264e-34
7.80268e-35
2.97771e-35
1.1353e-35
4.32455e-36
1.64579e-36
6.25778e-37
2.37729e-37
9.02335e-38
3.42202e-38
1.29667e-38
4.90929e-39
1.85717e-39
7.01997e-40
2.65139e-40
1.00063e-40
3.77343e-41
1.4219e-41
5.354e-42
2.01449e-42
7.57417e-43
2.84573e-43
1.06842e-43
4.00856e-44
1.50291e-44
5.63096e-45
2.10833e-45
7.88875e-46
2.9498e-46
1.10229e-46
4.11642e-47
1.53628e-47
5.72997e-48
2.13582e-48
7.95637e-49
2.96212e-49
1.10213e-49
4.09837e-50
1.52313e-50
5.65734e-51
2.10012e-51
7.79169e-52
2.88921e-52
1.07076e-52
3.96614e-53
1.46829e-53
5.43286e-54
2.00918e-54
7.42648e-55
2.74364e-55
1.0131e-55
3.73903e-56
1.37928e-56
5.0855e-57
1.87415e-57
6.9035e-58
2.54172e-58
9.35369e-59
3.44062e-59
1.265e-59
4.6489e-60
1.70771e-60
6.27023e-61
2.30124e-61
8.44214e-62
3.09568e-62
1.13468e-62
4.15726e-63
1.52251e-63
5.57354e-64
2.03951e-64
7.46007e-65
2.72763e-65
9.96908e-66
3.64211e-66
1.33009e-66
4.85558e-67
1.77188e-67
6.46342e-68
2.35682e-68
8.59072e-69
3.13019e-69
1.14013e-69
4.15125e-70
1.51094e-70
5.49744e-71
1.99949e-71
7.26989e-72
2.64232e-72
9.60046e-73
3.48699e-73
1.26609e-73
4.59547e-74
1.66745e-74
6.04826e-75
2.19314e-75
7.94992e-76
2.88084e-76
1.04361e-76
3.77935e-77
1.36824e-77
4.95189e-78
1.79162e-78
6.48021e-79
2.34315e-79
8.46994e-80
3.06077e-80
1.10574e-80
3.99344e-81
1.44183e-81
5.20424e-82
1.87791e-82
6.77436e-83
2.44309e-83
8.80825e-84
3.17481e-84
1.144e-84
4.12114e-85
1.48419e-85
5.34373e-86
1.92346e-86
6.92161e-87
2.49009e-87
8.95594e-88
3.22028e-88
1.15762e-88
4.16029e-89
1.49476e-89
5.36923e-90
1.92816e-90
6.92255e-91
2.48475e-91
8.91644e-92
3.19886e-92
1.14734e-92
4.11423e-93
1.47496e-93
5.2865e-94
1.89433e-94
6.78642e-95
2.43067e-95
8.70383e-96
3.11599e-96
1.11528e-96
3.99092e-97
1.42779e-97
5.10695e-98
1.82626e-98
6.5293e-99
2.33387e-99
8.34053e-100
2.98e-100
1.0645e-100
3.80177e-101
1.35748e-101
4.84605e-102
1.72963e-102
6.17206e-103
2.202e-103
7.85445e-104
2.80108e-104
9.98732e-105
3.56029e-105
1.26892e-105
4.52168e-106
1.61094e-106
5.73816e-107
2.04354e-107
7.27628e-108
2.59032e-108
9.21964e-109
3.2809e-109
1.16732e-109
4.15247e-110
1.47687e-110
5.25167e-111
1.86713e-111
6.63698e-112
2.35879e-112
8.38164e-113
2.97777e-113
1.05773e-113
3.75651e-114
1.33388e-114
4.73558e-115
1.68095e-115
5.96568e-116
2.11685e-116
7.51014e-117
2.66399e-117
9.44805e-118
3.35027e-118
1.1878e-118
4.21054e-119
1.49231e-119
5.28822e-120
1.87365e-120
6.6374e-121
2.35092e-121
8.32544e-122
2.94786e-122
1.04361e-122
3.69405e-123
1.30737e-123
4.62621e-124
1.63676e-124
5.79e-125
2.04788e-125
7.24212e-126
2.56071e-126
9.05295e-127
3.20003e-127
1.13098e-127
3.99658e-128
1.41208e-128
4.98846e-129
1.76202e-129
6.22288e-130
2.1974e-130
7.75827e-131
2.73879e-131
9.66698e-132
3.41162e-132
1.20384e-132
4.24736e-133
1.49833e-133
5.28488e-134
1.86382e-134
6.57222e-135
2.31719e-135
8.16869e-136
2.87928e-136
1.01475e-136
3.5758e-137
1.25989e-137
4.43846e-138
1.56342e-138
5.50633e-139
1.93906e-139
6.82756e-140
2.40372e-140
8.46145e-141
2.97818e-141
1.0481e-141
3.68807e-142
1.2976e-142
4.56487e-143
1.60569e-143
5.6473e-144
1.98594e-144
6.98295e-145
2.45504e-145
8.63028e-146
3.03347e-146
1.06611e-146
3.74637e-147
1.31634e-147
4.62461e-148
1.62454e-148
5.70602e-149
2.00395e-149
7.03703e-150
2.47082e-150
8.67448e-151
3.04506e-151
1.0688e-151
3.75103e-152
1.3163e-152
4.61859e-153
1.62038e-153
5.68425e-154
1.99381e-154
6.99268e-155
2.45221e-155
8.59851e-156
3.01468e-156
1.05685e-156
3.70456e-157
1.29842e-157
4.55035e-158
1.59452e-158
5.58685e-159
1.95731e-159
6.85655e-160
2.40163e-160
8.41129e-161
2.94559e-161
1.03143e-161
3.61126e-162
1.26426e-162
4.42555e-163
1.54901e-163
5.42124e-164
1.89714e-164
6.63827e-165
2.32256e-165
8.12526e-166
2.84226e-166
9.94141e-167
3.47687e-167
1.21587e-167
4.25152e-168
1.48648e-168
5.19674e-169
1.81661e-169
6.34965e-170
2.21921e-170
7.75539e-171
2.71e-171
9.46877e-172
3.30809e-172
1.15563e-172
4.03666e-173
1.40989e-173
4.92388e-174
1.71945e-174
6.00389e-175
2.09621e-175
7.31812e-176
2.55461e-176
8.91681e-177
3.11212e-177
1.08608e-177
3.78994e-178
1.3224e-178
4.61377e-179
1.60957e-179
5.6147e-180
1.95842e-180
6.83039e-181
2.38204e-181
8.30643e-182
2.8963e-182
1.0098e-182
3.52038e-183
1.22718e-183
4.27748e-184
1.49085e-184
5.19566e-185
1.81056e-185
6.30883e-186
2.19811e-186
7.65795e-187
2.66772e-187
9.29427e-188
3.1154e-188
)
;

boundaryField
{
    sides
    {
        type            zeroGradient;
    }
    empty
    {
        type            empty;
    }
}


// ************************************************************************* //
