/*--------------------------------*- C++ -*----------------------------------*\
  =========                 |
  \\      /  F ield         | OpenFOAM: The Open Source CFD Toolbox
   \\    /   O peration     | Website:  https://openfoam.org
    \\  /    A nd           | Version:  7
     \\/     M anipulation  |
\*---------------------------------------------------------------------------*/
FoamFile
{
    version     2.0;
    format      ascii;
    class       volScalarField;
    location    "2.76";
    object      T;
}
// * * * * * * * * * * * * * * * * * * * * * * * * * * * * * * * * * * * * * //

dimensions      [0 0 0 1 0 0 0];

internalField   nonuniform List<scalar> 
1000
(
0
0
0
0
0
0
0
0
0
0
0
0
0
0
0
0
0
0
0
0
0
0
0
0
0
0
0
0
0
0
0
0
0
0
0
0
0
0
0
0
0
0
0
0
0
0
0
0
0
0
0
0
0
0
0
0
0
0
0
0
0
0
0
0
0
0
0
0
0
0
0
0
0
0
0
0
0
0
0
0
0
0
0
0
0
0
0
0
0
0
0
0
0
0
0
0
0
0
0
0
0
0
0
0
0
0
0
0
0
0
0
0
0
0
0
0
0
0
0
0
0
0
0
0
0
0
0
0
0
0
0
0
0
0
0
0
0
0
0
0
0
0
0
0
0
0
0
0
0
0
0
0
0
0
0
0
0
0
0
0
0
0
0
0
0
0
0
0
0
0
0
0
0
0
0
0
0
0
0
0
0
0
0
0
0
0
0
0
0
0
0
0
0
0
0
0
0
0
0
0
0
0
0
0
0
0
0
0
0
0
0
0
0
0
0
0
0
0
0
0
0
0
0
0
0
0
0
0
0
0
0
0
0
0
0
0
0
0
0
0
0
0
0
0
0
0
0
0
0
0
0
0
0
0
0
0
0
0
0
0
0
0
0
0
0
0
0
0
0
0
0
0
0
0
0
0
0
0
0
0
0
0
0
0
0
0
0
0
0
0
0
0
0
0
0
0
0
0
0
0
0
0
0
0
0
0
0
0
0
0
0
0
0
0
0
0
0
0
0
0
0
0
0
0
0
0
0
0
0
0
0
0
0
0
0
0
0
0
0
0
0
0
0
0
0
0
2.19365e-321
6.07583e-318
1.65592e-314
4.48113e-311
1.20395e-307
3.21119e-304
8.50193e-301
2.2342e-297
5.82693e-294
1.50808e-290
3.87289e-287
9.86791e-284
2.4943e-280
6.25401e-277
1.55527e-273
3.8357e-270
9.38042e-267
2.2745e-263
5.46746e-260
1.30276e-256
3.0766e-253
7.20019e-250
1.66966e-246
3.83585e-243
8.72942e-240
1.9676e-236
4.39186e-233
9.70638e-230
2.1237e-226
4.59928e-223
9.85761e-220
2.09058e-216
4.38632e-213
9.10316e-210
1.86837e-206
3.79168e-203
7.60697e-200
1.5084e-196
2.95566e-193
5.72181e-190
1.0941e-186
2.06599e-183
3.8516e-180
7.0875e-177
1.28699e-173
2.30553e-170
4.07349e-167
7.09644e-164
1.21862e-160
2.06214e-157
3.43762e-154
5.64348e-151
9.12095e-148
1.45073e-144
2.27003e-141
3.49309e-138
5.28387e-135
7.85386e-132
1.14661e-128
1.64347e-125
2.31163e-122
3.18914e-119
4.31328e-116
5.71599e-113
7.41792e-110
9.42163e-107
1.17046e-103
1.42131e-100
1.6859e-97
1.95196e-94
2.20432e-91
2.426e-88
2.59988e-85
2.71058e-82
2.74664e-79
2.70224e-76
2.57839e-73
2.38323e-70
2.13121e-67
1.84135e-64
1.53484e-61
1.23228e-58
9.51327e-56
7.04867e-53
5.00205e-50
3.39213e-47
2.19279e-44
1.34749e-41
7.84727e-39
4.31596e-36
2.2331e-33
1.08214e-30
4.88641e-28
2.04388e-25
7.86432e-23
2.76067e-20
8.75312e-18
2.47585e-15
6.15006e-13
1.31433e-10
2.3497e-08
3.3742e-06
0.000365056
0.0264878
0.973512
0.999635
0.999997
1
1
1
1
1
1
1
1
1
1
1
1
1
1
1
1
1
1
1
1
1
1
1
1
1
1
1
1
1
1
1
1
1
1
1
1
1
1
1
1
1
1
1
1
1
1
1
1
1
1
1
1
1
1
1
1
1
1
1
1
1
1
1
1
1
1
1
1
1
1
1
1
1
1
1
1
1
1
1
1
1
1
1
1
1
1
1
1
1
1
1
1
1
1
0.999997
0.999635
0.973512
0.0264878
0.000365056
3.3742e-06
2.3497e-08
1.31433e-10
6.15006e-13
2.47585e-15
8.75312e-18
2.76067e-20
7.86432e-23
2.04388e-25
4.88641e-28
1.08214e-30
2.2331e-33
4.31596e-36
7.84727e-39
1.34749e-41
2.19279e-44
3.39213e-47
5.00205e-50
7.04867e-53
9.51327e-56
1.23228e-58
1.53484e-61
1.84135e-64
2.13121e-67
2.38323e-70
2.57839e-73
2.70224e-76
2.74664e-79
2.71058e-82
2.59988e-85
2.426e-88
2.20432e-91
1.95196e-94
1.6859e-97
1.42131e-100
1.17046e-103
9.42163e-107
7.41792e-110
5.71599e-113
4.31328e-116
3.18914e-119
2.31163e-122
1.64347e-125
1.14661e-128
7.85386e-132
5.28387e-135
3.49309e-138
2.27003e-141
1.45073e-144
9.12095e-148
5.64348e-151
3.43762e-154
2.06214e-157
1.21862e-160
7.09644e-164
4.07349e-167
2.30553e-170
1.28699e-173
7.0875e-177
3.8516e-180
2.06599e-183
1.0941e-186
5.72181e-190
2.95566e-193
1.5084e-196
7.60697e-200
3.79168e-203
1.86837e-206
9.10316e-210
4.38632e-213
2.09058e-216
9.85761e-220
4.59928e-223
2.1237e-226
9.70638e-230
4.39186e-233
1.9676e-236
8.72942e-240
3.83585e-243
1.66966e-246
7.20019e-250
3.0766e-253
1.30276e-256
5.46746e-260
2.2745e-263
9.38042e-267
3.8357e-270
1.55527e-273
6.25401e-277
2.4943e-280
9.86791e-284
3.87289e-287
1.50808e-290
5.82693e-294
2.2342e-297
8.50193e-301
3.21119e-304
1.20395e-307
4.48113e-311
1.65592e-314
6.07583e-318
2.19365e-321
0
0
0
0
0
0
0
0
0
0
0
0
0
0
0
0
0
0
0
0
0
0
0
0
0
0
0
0
0
0
0
0
0
0
0
0
0
0
0
0
0
0
0
0
0
0
0
0
0
0
0
0
0
0
0
0
0
0
0
0
0
0
0
0
0
0
0
0
0
0
0
0
0
0
0
0
0
0
0
0
0
0
0
0
0
0
0
0
0
0
0
0
0
0
0
0
0
0
0
0
0
0
0
0
0
0
0
0
0
0
0
0
0
0
0
0
0
0
0
0
0
0
0
0
0
0
0
0
0
0
0
0
0
0
0
0
0
0
0
0
0
0
0
0
0
0
0
0
0
0
0
0
0
0
0
0
0
0
0
0
0
0
0
0
0
0
0
0
0
0
0
0
0
0
0
0
0
0
0
0
0
0
0
0
0
0
0
0
0
0
0
0
0
0
0
0
0
0
0
0
0
0
0
0
0
0
0
0
0
0
0
0
0
0
0
0
0
0
0
0
0
0
0
0
0
0
0
0
0
0
0
0
0
0
0
0
0
0
0
0
0
0
0
0
0
0
0
0
0
0
0
0
0
0
0
0
0
0
0
0
0
0
0
0
0
0
0
0
0
0
0
0
0
0
0
0
0
0
0
0
0
0
0
0
0
0
0
0
0
0
0
0
0
0
0
0
0
0
0
0
0
0
0
0
0
0
0
0
0
0
0
0
0
0
0
0
0
0
0
0
0
0
0
0
0
0
0
0
0
0
0
0
0
0
0
0
0
0
0
0
0
0
0
0
0
0
)
;

boundaryField
{
    sides
    {
        type            zeroGradient;
    }
    empty
    {
        type            empty;
    }
}


// ************************************************************************* //
