/*--------------------------------*- C++ -*----------------------------------*\
  =========                 |
  \\      /  F ield         | OpenFOAM: The Open Source CFD Toolbox
   \\    /   O peration     | Website:  https://openfoam.org
    \\  /    A nd           | Version:  7
     \\/     M anipulation  |
\*---------------------------------------------------------------------------*/
FoamFile
{
    version     2.0;
    format      ascii;
    class       volScalarField;
    location    "1.36";
    object      T;
}
// * * * * * * * * * * * * * * * * * * * * * * * * * * * * * * * * * * * * * //

dimensions      [0 0 0 1 0 0 0];

internalField   nonuniform List<scalar> 
1000
(
0
0
0
0
0
0
0
0
0
0
0
0
0
0
0
0
0
0
0
0
0
0
0
0
0
0
0
0
0
0
0
0
0
0
0
0
0
0
0
0
0
0
0
0
0
0
0
0
0
0
0
0
0
0
0
0
0
0
0
0
0
0
0
0
0
0
0
0
0
0
0
0
0
0
0
0
0
0
0
0
0
0
0
0
0
0
0
0
0
0
0
0
0
0
0
0
0
0
0
0
0
0
0
0
0
0
0
0
0
0
0
0
0
0
0
0
0
0
0
0
0
0
0
0
0
0
0
0
0
0
0
0
0
0
0
0
0
0
0
0
0
0
0
0
0
0
0
0
0
0
0
0
0
0
0
0
0
0
0
0
0
0
0
0
0
0
0
0
0
0
0
0
0
0
0
0
0
0
0
0
0
0
0
0
0
0
0
0
0
0
0
0
0
0
0
0
0
0
0
0
0
0
0
0
0
0
0
0
0
0
0
0
0
0
0
0
0
0
0
0
0
0
0
0
0
0
0
0
0
0
0
0
0
0
0
0
0
0
0
0
0
5.43472e-323
3.71043e-321
2.298e-319
1.41867e-317
8.74144e-316
5.37586e-314
3.29966e-312
2.02134e-310
1.23581e-308
7.54052e-307
4.59175e-305
2.79047e-303
1.69235e-301
1.02426e-299
6.18634e-298
3.72862e-296
2.24258e-294
1.34594e-292
8.06073e-291
4.8171e-289
2.87244e-287
1.70909e-285
1.01465e-283
6.01033e-282
3.55225e-280
2.09471e-278
1.23239e-276
7.23387e-275
4.23625e-273
2.47499e-271
1.44256e-269
8.388e-268
4.86558e-266
2.8155e-264
1.62521e-262
9.3581e-261
5.37503e-259
3.0795e-257
1.75984e-255
1.00312e-253
5.70304e-252
3.23389e-250
1.82893e-248
1.03161e-246
5.80314e-245
3.25562e-243
1.82144e-241
1.01624e-239
5.65409e-238
3.13695e-236
1.73547e-234
9.57365e-233
5.26598e-231
2.88808e-229
1.57926e-227
8.60998e-226
4.67994e-224
2.53603e-222
1.37004e-220
7.37839e-219
3.96119e-217
2.11989e-215
1.13086e-213
6.01307e-212
3.18687e-210
1.68344e-208
8.86295e-207
4.65043e-205
2.4318e-203
1.26725e-201
6.5809e-200
3.40547e-198
1.75599e-196
9.02203e-195
4.61854e-193
2.35563e-191
1.197e-189
6.0596e-188
3.05592e-186
1.53521e-184
7.68252e-183
3.82938e-181
1.90118e-179
9.40085e-178
4.62957e-176
2.2705e-174
1.10889e-172
5.39289e-171
2.61154e-169
1.25919e-167
6.04484e-166
2.88902e-164
1.37457e-162
6.51042e-161
3.06939e-159
1.44035e-157
6.72723e-156
3.12699e-154
1.44648e-152
6.65837e-151
3.04975e-149
1.38986e-147
6.30178e-146
2.84254e-144
1.27548e-142
5.69287e-141
2.52726e-139
1.11582e-137
4.8993e-136
2.13911e-134
9.28662e-133
4.00841e-131
1.72005e-129
7.33711e-128
3.11091e-126
1.31096e-124
5.49026e-123
2.28483e-121
9.44785e-120
3.88138e-118
1.58405e-116
6.42155e-115
2.58553e-113
1.03383e-111
4.10484e-110
1.61822e-108
6.33315e-107
2.46033e-105
9.4865e-104
3.62994e-102
1.37822e-100
5.19164e-99
1.93999e-97
7.19014e-96
2.64277e-94
9.63157e-93
3.48005e-91
1.24639e-89
4.42418e-88
1.55614e-86
5.42279e-85
1.87189e-83
6.39944e-82
2.16631e-80
7.25997e-79
2.4082e-77
7.90505e-76
2.56729e-74
8.24719e-73
2.61998e-71
8.22893e-70
2.55468e-68
7.83721e-67
2.37522e-65
7.10957e-64
2.10112e-62
6.12914e-61
1.76421e-59
5.00915e-58
1.40247e-56
3.87064e-55
1.05263e-53
2.81969e-52
7.43684e-51
1.93044e-49
4.92959e-48
1.23782e-46
3.0548e-45
7.40578e-44
1.76275e-42
4.1172e-41
9.4308e-40
2.11721e-38
4.65548e-37
1.00196e-35
2.10917e-34
4.33919e-33
8.7174e-32
1.70872e-30
3.26481e-29
6.07465e-28
1.09952e-26
1.93381e-25
3.30086e-24
5.4611e-23
8.74502e-22
1.35335e-20
2.02078e-19
2.90605e-18
4.01714e-17
5.32638e-16
6.75811e-15
8.18404e-14
9.43204e-13
1.03119e-11
1.06562e-10
1.03662e-09
9.4488e-09
8.02713e-08
6.31682e-07
4.57162e-06
3.01712e-05
0.000179749
0.000954928
0.00445638
0.0179315
0.0607843
0.168695
0.370981
0.629019
0.831305
0.939216
0.982069
0.995544
0.999045
0.99982
0.99997
0.999995
0.999999
1
1
1
1
1
1
1
1
1
1
1
1
1
1
1
1
1
1
1
1
1
1
1
1
1
1
1
1
1
1
1
1
1
1
1
1
1
1
1
1
1
1
1
1
1
1
1
1
1
1
1
1
1
1
1
1
1
1
1
1
1
1
1
1
1
1
1
1
1
1
1
1
1
1
1
1
1
1
1
1
0.999999
0.999995
0.99997
0.99982
0.999045
0.995544
0.982069
0.939216
0.831305
0.629019
0.370981
0.168695
0.0607843
0.0179315
0.00445638
0.000954928
0.000179749
3.01712e-05
4.57162e-06
6.31682e-07
8.02713e-08
9.4488e-09
1.03662e-09
1.06562e-10
1.03119e-11
9.43204e-13
8.18404e-14
6.75811e-15
5.32638e-16
4.01714e-17
2.90605e-18
2.02078e-19
1.35335e-20
8.74502e-22
5.4611e-23
3.30086e-24
1.93381e-25
1.09952e-26
6.07465e-28
3.26481e-29
1.70872e-30
8.7174e-32
4.33919e-33
2.10917e-34
1.00196e-35
4.65548e-37
2.11721e-38
9.4308e-40
4.1172e-41
1.76275e-42
7.40578e-44
3.0548e-45
1.23782e-46
4.92959e-48
1.93044e-49
7.43684e-51
2.81969e-52
1.05263e-53
3.87064e-55
1.40247e-56
5.00915e-58
1.76421e-59
6.12914e-61
2.10112e-62
7.10957e-64
2.37522e-65
7.83721e-67
2.55468e-68
8.22893e-70
2.61998e-71
8.24719e-73
2.56729e-74
7.90505e-76
2.4082e-77
7.25997e-79
2.16631e-80
6.39944e-82
1.87189e-83
5.42279e-85
1.55614e-86
4.42418e-88
1.24639e-89
3.48005e-91
9.63157e-93
2.64277e-94
7.19014e-96
1.93999e-97
5.19164e-99
1.37822e-100
3.62994e-102
9.4865e-104
2.46033e-105
6.33315e-107
1.61822e-108
4.10484e-110
1.03383e-111
2.58553e-113
6.42155e-115
1.58405e-116
3.88138e-118
9.44785e-120
2.28483e-121
5.49026e-123
1.31096e-124
3.11091e-126
7.33711e-128
1.72005e-129
4.00841e-131
9.28662e-133
2.13911e-134
4.8993e-136
1.11582e-137
2.52726e-139
5.69287e-141
1.27548e-142
2.84254e-144
6.30178e-146
1.38986e-147
3.04975e-149
6.65837e-151
1.44648e-152
3.12699e-154
6.72723e-156
1.44035e-157
3.06939e-159
6.51042e-161
1.37457e-162
2.88902e-164
6.04484e-166
1.25919e-167
2.61154e-169
5.39289e-171
1.10889e-172
2.2705e-174
4.62957e-176
9.40085e-178
1.90118e-179
3.82938e-181
7.68252e-183
1.53521e-184
3.05592e-186
6.0596e-188
1.197e-189
2.35563e-191
4.61854e-193
9.02203e-195
1.75599e-196
3.40547e-198
6.5809e-200
1.26725e-201
2.4318e-203
4.65043e-205
8.86295e-207
1.68344e-208
3.18687e-210
6.01307e-212
1.13086e-213
2.11989e-215
3.96119e-217
7.37839e-219
1.37004e-220
2.53603e-222
4.67994e-224
8.60998e-226
1.57926e-227
2.88808e-229
5.26598e-231
9.57365e-233
1.73547e-234
3.13695e-236
5.65409e-238
1.01624e-239
1.82144e-241
3.25562e-243
5.80314e-245
1.03161e-246
1.82893e-248
3.23389e-250
5.70304e-252
1.00312e-253
1.75984e-255
3.0795e-257
5.37503e-259
9.3581e-261
1.62521e-262
2.8155e-264
4.86558e-266
8.388e-268
1.44256e-269
2.47499e-271
4.23625e-273
7.23387e-275
1.23239e-276
2.09471e-278
3.55225e-280
6.01033e-282
1.01465e-283
1.70909e-285
2.87244e-287
4.8171e-289
8.06073e-291
1.34594e-292
2.24258e-294
3.72862e-296
6.18634e-298
1.02426e-299
1.69235e-301
2.79047e-303
4.59175e-305
7.54052e-307
1.23581e-308
2.02134e-310
3.29966e-312
5.37586e-314
8.74144e-316
1.41867e-317
2.298e-319
3.71043e-321
5.43472e-323
0
0
0
0
0
0
0
0
0
0
0
0
0
0
0
0
0
0
0
0
0
0
0
0
0
0
0
0
0
0
0
0
0
0
0
0
0
0
0
0
0
0
0
0
0
0
0
0
0
0
0
0
0
0
0
0
0
0
0
0
0
0
0
0
0
0
0
0
0
0
0
0
0
0
0
0
0
0
0
0
0
0
0
0
0
0
0
0
0
0
0
0
0
0
0
0
0
0
0
0
0
0
0
0
0
0
0
0
0
0
0
0
0
0
0
0
0
0
0
0
0
0
0
0
0
0
0
0
0
0
0
0
0
0
0
0
0
0
0
0
0
0
0
0
0
0
0
0
0
0
0
0
0
0
0
0
0
0
0
0
0
0
0
0
0
0
0
0
0
0
0
0
0
0
0
0
0
0
0
0
0
0
0
0
0
0
0
0
0
0
0
0
0
0
0
0
0
0
0
0
0
0
0
0
0
0
0
0
0
0
0
0
0
0
0
0
0
0
0
0
0
0
0
0
0
0
0
0
0
0
0
0
0
0
0
0
0
0
0
0
0
)
;

boundaryField
{
    sides
    {
        type            zeroGradient;
    }
    empty
    {
        type            empty;
    }
}


// ************************************************************************* //
