/*--------------------------------*- C++ -*----------------------------------*\
  =========                 |
  \\      /  F ield         | OpenFOAM: The Open Source CFD Toolbox
   \\    /   O peration     | Website:  https://openfoam.org
    \\  /    A nd           | Version:  7
     \\/     M anipulation  |
\*---------------------------------------------------------------------------*/
FoamFile
{
    version     2.0;
    format      ascii;
    class       volScalarField;
    location    "4.72";
    object      T;
}
// * * * * * * * * * * * * * * * * * * * * * * * * * * * * * * * * * * * * * //

dimensions      [0 0 0 1 0 0 0];

internalField   nonuniform List<scalar> 
1000
(
5.94963e-44
6.88445e-44
8.89859e-44
1.2303e-43
1.76225e-43
2.56747e-43
3.76945e-43
5.55193e-43
8.18661e-43
1.20738e-42
1.78021e-42
2.62363e-42
3.86453e-42
5.68902e-42
8.3698e-42
1.23062e-41
1.80828e-41
2.65544e-41
3.89704e-41
5.71559e-41
8.37752e-41
1.22715e-40
1.7964e-40
2.62807e-40
3.84234e-40
5.61409e-40
8.19762e-40
1.19624e-39
1.74452e-39
2.54246e-39
3.70302e-39
5.38988e-39
7.84014e-39
1.1397e-38
1.65568e-38
2.40372e-38
3.48747e-38
5.05657e-38
7.3269e-38
1.06097e-37
1.53534e-37
2.22035e-37
3.20889e-37
4.63453e-37
6.68916e-37
9.64835e-37
1.39075e-36
2.00336e-36
2.88393e-36
4.1488e-36
5.96448e-36
8.5691e-36
1.2303e-35
1.76521e-35
2.531e-35
3.62659e-35
5.19297e-35
7.4309e-35
1.06262e-34
1.51852e-34
2.16856e-34
3.09477e-34
4.41361e-34
6.29021e-34
8.95865e-34
1.27504e-33
1.81348e-33
2.57753e-33
3.66099e-33
5.19634e-33
7.37053e-33
1.04473e-32
1.47982e-32
2.09466e-32
2.96293e-32
4.18822e-32
5.91611e-32
8.35109e-32
1.17801e-31
1.66055e-31
2.33912e-31
3.29269e-31
4.63175e-31
6.51083e-31
9.14583e-31
1.28382e-30
1.80086e-30
2.52436e-30
3.53602e-30
4.94962e-30
6.92343e-30
9.67749e-30
1.35175e-29
1.88677e-29
2.63169e-29
3.66808e-29
5.10895e-29
7.11074e-29
9.88975e-29
1.3745e-28
1.90893e-28
2.64925e-28
3.67403e-28
5.09152e-28
7.05079e-28
9.75691e-28
1.34919e-27
1.86429e-27
2.57419e-27
3.5518e-27
4.8971e-27
6.74701e-27
9.28891e-27
1.2779e-26
1.75676e-26
2.41327e-26
3.31267e-26
4.54389e-26
6.22812e-26
8.53026e-26
1.16747e-25
1.59663e-25
2.18192e-25
2.97954e-25
4.06568e-25
5.54361e-25
7.55309e-25
1.02833e-24
1.39897e-24
1.90178e-24
2.58334e-24
3.5065e-24
4.75595e-24
6.44571e-24
8.72918e-24
1.18126e-23
1.59729e-23
2.15821e-23
2.91386e-23
3.93106e-23
5.2993e-23
7.13826e-23
9.60796e-23
1.29222e-22
1.73661e-22
2.33203e-22
3.12917e-22
4.19552e-22
5.62088e-22
7.52463e-22
1.00653e-21
1.34533e-21
1.79676e-21
2.39779e-21
3.19735e-21
4.26019e-21
5.67185e-21
7.54532e-21
1.00297e-20
1.33215e-20
1.76797e-20
2.34451e-20
3.10658e-20
4.11309e-20
5.44136e-20
7.19282e-20
9.50043e-20
1.25383e-19
1.65344e-19
2.17864e-19
2.86837e-19
3.7734e-19
4.96e-19
6.51445e-19
8.54915e-19
1.12103e-18
1.46878e-18
1.92284e-18
2.51521e-18
3.28741e-18
4.29316e-18
5.60202e-18
7.30394e-18
9.51509e-18
1.23854e-17
1.61084e-17
2.09332e-17
2.71807e-17
3.52635e-17
4.57122e-17
5.92076e-17
7.66237e-17
9.90802e-17
1.28012e-16
1.65253e-16
2.13151e-16
2.74702e-16
3.53731e-16
4.55113e-16
5.85061e-16
7.5148e-16
9.64425e-16
1.23667e-15
1.58442e-15
2.02825e-15
2.5942e-15
3.31527e-15
4.23316e-15
5.40058e-15
6.8841e-15
8.76766e-15
1.1157e-14
1.41855e-14
1.80205e-14
2.28726e-14
2.90064e-14
3.67534e-14
4.65295e-14
5.88551e-14
7.43816e-14
9.39229e-14
1.18496e-13
1.49367e-13
1.88119e-13
2.36719e-13
2.97616e-13
3.73853e-13
4.69209e-13
5.88374e-13
7.37158e-13
9.22758e-13
1.15408e-12
1.44211e-12
1.80046e-12
2.24588e-12
2.79902e-12
3.48532e-12
4.33606e-12
5.38971e-12
6.69346e-12
8.30522e-12
1.02959e-11
1.27525e-11
1.57812e-11
1.95118e-11
2.41028e-11
2.97474e-11
3.66812e-11
4.51908e-11
5.56247e-11
6.84063e-11
8.40494e-11
1.03177e-10
1.26544e-10
1.55063e-10
1.89838e-10
2.32203e-10
2.83765e-10
3.46464e-10
4.22634e-10
5.15082e-10
6.27183e-10
7.62989e-10
9.27359e-10
1.12611e-09
1.36622e-09
1.65601e-09
2.00544e-09
2.42638e-09
2.93299e-09
3.54214e-09
4.27388e-09
5.15206e-09
6.20498e-09
7.46623e-09
8.97558e-09
1.07801e-08
1.29356e-08
1.55076e-08
1.8574e-08
2.22261e-08
2.65718e-08
3.17377e-08
3.78728e-08
4.51521e-08
5.37804e-08
6.39982e-08
7.60864e-08
9.03738e-08
1.07244e-07
1.27145e-07
1.50599e-07
1.78212e-07
2.10692e-07
2.48859e-07
2.93664e-07
3.46213e-07
4.07782e-07
4.7985e-07
5.64125e-07
6.6258e-07
7.77486e-07
9.11463e-07
1.06752e-06
1.24912e-06
1.46024e-06
1.70544e-06
1.98993e-06
2.31968e-06
2.70153e-06
3.14326e-06
3.65376e-06
4.24316e-06
4.92299e-06
5.70632e-06
6.60803e-06
7.64498e-06
8.83628e-06
1.02035e-05
1.17711e-05
1.35667e-05
1.56214e-05
1.79701e-05
2.06523e-05
2.37123e-05
2.71998e-05
3.11706e-05
3.56871e-05
4.08191e-05
4.66446e-05
5.32509e-05
6.07348e-05
6.92046e-05
7.87803e-05
8.95956e-05
0.000101799
0.000115553
0.000131041
0.000148464
0.000168042
0.000190021
0.000214669
0.000242283
0.000273189
0.000307744
0.000346338
0.0003894
0.0004374
0.000490847
0.0005503
0.000616366
0.000689706
0.000771037
0.000861137
0.00096085
0.00107109
0.00119284
0.00132716
0.0014752
0.0016382
0.00181748
0.00201447
0.00223069
0.00246776
0.00272745
0.0030116
0.00332221
0.00366138
0.00403136
0.00443452
0.00487341
0.00535067
0.00586912
0.00643175
0.00704168
0.00770219
0.00841674
0.00918895
0.0100226
0.0109216
0.0118902
0.0129325
0.0140531
0.0152566
0.0165477
0.0179314
0.0194128
0.0209971
0.0226896
0.024496
0.0264217
0.0284726
0.0306546
0.0329735
0.0354353
0.0380461
0.0408121
0.0437394
0.046834
0.0501023
0.0535502
0.0571837
0.061009
0.0650318
0.0692578
0.0736928
0.078342
0.0832107
0.0883039
0.0936263
0.0991824
0.104976
0.111012
0.117292
0.12382
0.130599
0.137631
0.144917
0.152459
0.160257
0.168312
0.176623
0.185189
0.194009
0.203081
0.212401
0.221966
0.231773
0.241817
0.252092
0.262593
0.273313
0.284245
0.295381
0.306713
0.318233
0.32993
0.341794
0.353815
0.365983
0.378284
0.390708
0.403243
0.415874
0.42859
0.441376
0.454219
0.467106
0.480021
0.492951
0.505882
0.518798
0.531686
0.54453
0.557317
0.570032
0.58266
0.595188
0.607602
0.619887
0.632032
0.644022
0.655844
0.667487
0.678938
0.690185
0.701218
0.712025
0.722595
0.732919
0.742988
0.752792
0.762322
0.771571
0.78053
0.789193
0.797553
0.805604
0.813338
0.820752
0.827841
0.834598
0.841021
0.847105
0.852846
0.858243
0.86329
0.867987
0.87233
0.876318
0.879949
0.883221
0.886133
0.888683
0.89087
0.892694
0.894155
0.89525
0.895981
0.896346
0.896346
0.895981
0.89525
0.894155
0.892694
0.89087
0.888683
0.886133
0.883221
0.879949
0.876318
0.87233
0.867987
0.86329
0.858243
0.852846
0.847105
0.841021
0.834598
0.827841
0.820752
0.813338
0.805604
0.797553
0.789193
0.78053
0.771571
0.762322
0.752792
0.742988
0.732919
0.722595
0.712025
0.701218
0.690185
0.678938
0.667487
0.655844
0.644022
0.632032
0.619887
0.607602
0.595188
0.58266
0.570032
0.557317
0.54453
0.531686
0.518798
0.505882
0.492951
0.480021
0.467106
0.454219
0.441376
0.42859
0.415874
0.403243
0.390708
0.378284
0.365983
0.353815
0.341794
0.32993
0.318233
0.306713
0.295381
0.284245
0.273313
0.262593
0.252092
0.241817
0.231773
0.221966
0.212401
0.203081
0.194009
0.185189
0.176623
0.168312
0.160257
0.152459
0.144917
0.137631
0.130599
0.12382
0.117292
0.111012
0.104976
0.0991824
0.0936263
0.0883039
0.0832107
0.078342
0.0736928
0.0692578
0.0650318
0.061009
0.0571837
0.0535502
0.0501023
0.046834
0.0437394
0.0408121
0.0380461
0.0354353
0.0329735
0.0306546
0.0284726
0.0264217
0.024496
0.0226896
0.0209971
0.0194128
0.0179314
0.0165477
0.0152566
0.0140531
0.0129325
0.0118902
0.0109216
0.0100226
0.00918895
0.00841674
0.00770219
0.00704168
0.00643175
0.00586912
0.00535067
0.00487341
0.00443452
0.00403136
0.00366138
0.00332221
0.0030116
0.00272745
0.00246776
0.00223069
0.00201447
0.00181748
0.0016382
0.0014752
0.00132716
0.00119284
0.00107109
0.00096085
0.000861137
0.000771037
0.000689706
0.000616366
0.0005503
0.000490847
0.0004374
0.0003894
0.000346338
0.000307744
0.000273189
0.000242283
0.000214669
0.000190021
0.000168042
0.000148464
0.000131041
0.000115553
0.000101799
8.95956e-05
7.87803e-05
6.92046e-05
6.07348e-05
5.32509e-05
4.66446e-05
4.08191e-05
3.56871e-05
3.11706e-05
2.71998e-05
2.37123e-05
2.06523e-05
1.79701e-05
1.56214e-05
1.35667e-05
1.17711e-05
1.02035e-05
8.83628e-06
7.64498e-06
6.60803e-06
5.70632e-06
4.92299e-06
4.24316e-06
3.65376e-06
3.14326e-06
2.70153e-06
2.31968e-06
1.98993e-06
1.70544e-06
1.46024e-06
1.24912e-06
1.06752e-06
9.11463e-07
7.77486e-07
6.6258e-07
5.64125e-07
4.7985e-07
4.07782e-07
3.46213e-07
2.93664e-07
2.48859e-07
2.10692e-07
1.78212e-07
1.50599e-07
1.27145e-07
1.07244e-07
9.03738e-08
7.60864e-08
6.39982e-08
5.37804e-08
4.51521e-08
3.78728e-08
3.17377e-08
2.65718e-08
2.22261e-08
1.8574e-08
1.55076e-08
1.29356e-08
1.07801e-08
8.97558e-09
7.46623e-09
6.20498e-09
5.15206e-09
4.27388e-09
3.54214e-09
2.93299e-09
2.42638e-09
2.00544e-09
1.65601e-09
1.36622e-09
1.12611e-09
9.27359e-10
7.62989e-10
6.27183e-10
5.15082e-10
4.22634e-10
3.46464e-10
2.83765e-10
2.32203e-10
1.89838e-10
1.55063e-10
1.26544e-10
1.03177e-10
8.40494e-11
6.84063e-11
5.56247e-11
4.51908e-11
3.66812e-11
2.97474e-11
2.41028e-11
1.95118e-11
1.57812e-11
1.27525e-11
1.02959e-11
8.30522e-12
6.69346e-12
5.38971e-12
4.33606e-12
3.48532e-12
2.79902e-12
2.24588e-12
1.80046e-12
1.44211e-12
1.15408e-12
9.22758e-13
7.37158e-13
5.88374e-13
4.69209e-13
3.73853e-13
2.97616e-13
2.36719e-13
1.88119e-13
1.49367e-13
1.18496e-13
9.39229e-14
7.43816e-14
5.88551e-14
4.65295e-14
3.67534e-14
2.90064e-14
2.28726e-14
1.80205e-14
1.41855e-14
1.1157e-14
8.76766e-15
6.8841e-15
5.40058e-15
4.23316e-15
3.31527e-15
2.5942e-15
2.02825e-15
1.58442e-15
1.23667e-15
9.64425e-16
7.5148e-16
5.85061e-16
4.55113e-16
3.53731e-16
2.74702e-16
2.13151e-16
1.65253e-16
1.28012e-16
9.90802e-17
7.66237e-17
5.92076e-17
4.57122e-17
3.52635e-17
2.71807e-17
2.09332e-17
1.61084e-17
1.23854e-17
9.51509e-18
7.30394e-18
5.60202e-18
4.29316e-18
3.28741e-18
2.51521e-18
1.92284e-18
1.46878e-18
1.12103e-18
8.54915e-19
6.51445e-19
4.96e-19
3.7734e-19
2.86837e-19
2.17864e-19
1.65344e-19
1.25383e-19
9.50043e-20
7.19282e-20
5.44136e-20
4.11309e-20
3.10658e-20
2.34451e-20
1.76797e-20
1.33215e-20
1.00297e-20
7.54532e-21
5.67185e-21
4.26019e-21
3.19735e-21
2.39779e-21
1.79676e-21
1.34533e-21
1.00653e-21
7.52463e-22
5.62088e-22
4.19552e-22
3.12917e-22
2.33203e-22
1.73661e-22
1.29222e-22
9.60796e-23
7.13826e-23
5.2993e-23
3.93106e-23
2.91386e-23
2.15821e-23
1.59729e-23
1.18126e-23
8.72918e-24
6.44571e-24
4.75595e-24
3.5065e-24
2.58334e-24
1.90178e-24
1.39897e-24
1.02833e-24
7.55309e-25
5.54361e-25
4.06568e-25
2.97954e-25
2.18192e-25
1.59663e-25
1.16747e-25
8.53026e-26
6.22812e-26
4.54389e-26
3.31267e-26
2.41327e-26
1.75676e-26
1.2779e-26
9.28891e-27
6.74701e-27
4.8971e-27
3.5518e-27
2.57419e-27
1.86429e-27
1.34919e-27
9.75691e-28
7.05079e-28
5.09152e-28
3.67403e-28
2.64925e-28
1.90893e-28
1.3745e-28
9.88975e-29
7.11074e-29
5.10895e-29
3.66808e-29
2.63169e-29
1.88677e-29
1.35175e-29
9.67749e-30
6.92343e-30
4.94962e-30
3.53602e-30
2.52436e-30
1.80086e-30
1.28382e-30
9.14583e-31
6.51083e-31
4.63175e-31
3.29269e-31
2.33912e-31
1.66055e-31
1.17801e-31
8.35109e-32
5.91611e-32
4.18822e-32
2.96293e-32
2.09466e-32
1.47982e-32
1.04473e-32
7.37053e-33
5.19634e-33
3.66099e-33
2.57753e-33
1.81348e-33
1.27504e-33
8.95865e-34
6.29021e-34
4.41361e-34
3.09477e-34
2.16856e-34
1.51852e-34
1.06262e-34
7.4309e-35
5.19297e-35
3.62659e-35
2.531e-35
1.76521e-35
1.2303e-35
8.5691e-36
5.96448e-36
4.1488e-36
2.88393e-36
2.00336e-36
1.39075e-36
9.64835e-37
6.68916e-37
4.63453e-37
3.20889e-37
2.22035e-37
1.53534e-37
1.06097e-37
7.3269e-38
5.05657e-38
3.48747e-38
2.40372e-38
1.65568e-38
1.1397e-38
7.84014e-39
5.38988e-39
3.70302e-39
2.54246e-39
1.74452e-39
1.19624e-39
8.19762e-40
5.61409e-40
3.84234e-40
2.62807e-40
1.7964e-40
1.22715e-40
8.37752e-41
5.71559e-41
3.89704e-41
2.65544e-41
1.80828e-41
1.23062e-41
8.3698e-42
5.68902e-42
3.86453e-42
2.62363e-42
1.78021e-42
1.20738e-42
8.18661e-43
5.55193e-43
3.76945e-43
2.56747e-43
1.76225e-43
1.2303e-43
8.89859e-44
6.88445e-44
5.94963e-44
)
;

boundaryField
{
    sides
    {
        type            zeroGradient;
    }
    empty
    {
        type            empty;
    }
}


// ************************************************************************* //
