/*--------------------------------*- C++ -*----------------------------------*\
  =========                 |
  \\      /  F ield         | OpenFOAM: The Open Source CFD Toolbox
   \\    /   O peration     | Website:  https://openfoam.org
    \\  /    A nd           | Version:  7
     \\/     M anipulation  |
\*---------------------------------------------------------------------------*/
FoamFile
{
    version     2.0;
    format      ascii;
    class       volScalarField;
    location    "0.98";
    object      T;
}
// * * * * * * * * * * * * * * * * * * * * * * * * * * * * * * * * * * * * * //

dimensions      [0 0 0 1 0 0 0];

internalField   nonuniform List<scalar> 
1000
(
0.00133576
0.00133645
0.00133782
0.00133987
0.00134261
0.00134603
0.00135014
0.00135494
0.00136043
0.00136662
0.0013735
0.00138107
0.00138934
0.00139832
0.00140799
0.00141838
0.00142948
0.00144129
0.00145382
0.00146708
0.00148106
0.00149577
0.00151122
0.00152741
0.00154435
0.00156204
0.00158048
0.00159969
0.00161967
0.00164043
0.00166197
0.0016843
0.00170743
0.00173136
0.0017561
0.00178166
0.00180805
0.00183527
0.00186334
0.00189227
0.00192205
0.0019527
0.00198424
0.00201667
0.00205
0.00208423
0.00211939
0.00215548
0.00219251
0.0022305
0.00226945
0.00230938
0.0023503
0.00239222
0.00243515
0.0024791
0.0025241
0.00257014
0.00261726
0.00266545
0.00271473
0.00276512
0.00281663
0.00286928
0.00292308
0.00297804
0.00303418
0.00309152
0.00315007
0.00320986
0.00327088
0.00333317
0.00339674
0.0034616
0.00352778
0.00359528
0.00366414
0.00373436
0.00380597
0.00387898
0.00395341
0.00402929
0.00410662
0.00418544
0.00426576
0.0043476
0.00443099
0.00451593
0.00460246
0.0046906
0.00478036
0.00487177
0.00496485
0.00505962
0.00515611
0.00525433
0.00535432
0.00545609
0.00555967
0.00566508
0.00577234
0.00588149
0.00599254
0.00610552
0.00622045
0.00633736
0.00645628
0.00657723
0.00670024
0.00682533
0.00695253
0.00708187
0.00721337
0.00734706
0.00748297
0.00762113
0.00776156
0.0079043
0.00804936
0.00819679
0.0083466
0.00849883
0.00865351
0.00881066
0.00897033
0.00913252
0.00929729
0.00946465
0.00963464
0.00980728
0.00998262
0.0101607
0.0103415
0.0105251
0.0107115
0.0109007
0.0110929
0.0112879
0.0114859
0.0116869
0.0118909
0.0120979
0.012308
0.0125212
0.0127376
0.0129571
0.0131798
0.0134058
0.0136351
0.0138677
0.0141036
0.0143429
0.0145857
0.0148318
0.0150815
0.0153347
0.0155914
0.0158518
0.0161157
0.0163834
0.0166547
0.0169297
0.0172086
0.0174912
0.0177777
0.018068
0.0183623
0.0186605
0.0189626
0.0192688
0.0195791
0.0198934
0.0202119
0.0205345
0.0208614
0.0211924
0.0215277
0.0218674
0.0222113
0.0225597
0.0229124
0.0232696
0.0236313
0.0239975
0.0243683
0.0247436
0.0251235
0.0255081
0.0258974
0.0262915
0.0266902
0.0270938
0.0275022
0.0279155
0.0283336
0.0287567
0.0291847
0.0296178
0.0300558
0.0304989
0.0309471
0.0314005
0.0318589
0.0323226
0.0327915
0.0332656
0.033745
0.0342297
0.0347198
0.0352152
0.035716
0.0362223
0.0367339
0.0372511
0.0377738
0.038302
0.0388358
0.0393751
0.0399201
0.0404707
0.041027
0.041589
0.0421566
0.04273
0.0433092
0.0438941
0.0444849
0.0450815
0.0456839
0.0462921
0.0469063
0.0475263
0.0481523
0.0487842
0.0494221
0.0500659
0.0507157
0.0513716
0.0520334
0.0527012
0.0533751
0.0540551
0.0547411
0.0554332
0.0561314
0.0568356
0.057546
0.0582625
0.058985
0.0597137
0.0604486
0.0611895
0.0619366
0.0626898
0.0634492
0.0642147
0.0649863
0.0657641
0.066548
0.067338
0.0681341
0.0689364
0.0697448
0.0705593
0.0713799
0.0722065
0.0730393
0.0738781
0.074723
0.0755739
0.0764308
0.0772938
0.0781627
0.0790377
0.0799186
0.0808054
0.0816982
0.0825968
0.0835013
0.0844117
0.0853279
0.0862499
0.0871777
0.0881112
0.0890504
0.0899954
0.0909459
0.0919021
0.0928638
0.0938311
0.0948039
0.0957822
0.0967659
0.097755
0.0987495
0.0997492
0.100754
0.101764
0.10278
0.1038
0.104826
0.105856
0.106892
0.107932
0.108978
0.110028
0.111083
0.112142
0.113206
0.114275
0.115348
0.116426
0.117508
0.118595
0.119685
0.12078
0.121879
0.122982
0.124089
0.125199
0.126314
0.127432
0.128554
0.12968
0.130809
0.131941
0.133077
0.134216
0.135358
0.136503
0.137652
0.138803
0.139957
0.141114
0.142273
0.143435
0.144599
0.145766
0.146935
0.148106
0.149279
0.150454
0.151631
0.15281
0.15399
0.155172
0.156355
0.15754
0.158726
0.159913
0.161101
0.162289
0.163479
0.164669
0.16586
0.167052
0.168243
0.169435
0.170627
0.171819
0.173011
0.174202
0.175394
0.176584
0.177774
0.178963
0.180152
0.181339
0.182526
0.183711
0.184894
0.186076
0.187257
0.188436
0.189612
0.190787
0.19196
0.193131
0.194299
0.195464
0.196627
0.197787
0.198944
0.200098
0.201249
0.202397
0.203541
0.204681
0.205818
0.206951
0.208079
0.209204
0.210325
0.211441
0.212552
0.213659
0.214761
0.215858
0.21695
0.218037
0.219118
0.220194
0.221265
0.222329
0.223388
0.224441
0.225487
0.226527
0.227561
0.228588
0.229609
0.230623
0.231629
0.232629
0.233622
0.234607
0.235585
0.236555
0.237517
0.238471
0.239418
0.240356
0.241286
0.242208
0.243122
0.244026
0.244922
0.245809
0.246687
0.247556
0.248416
0.249267
0.250108
0.250939
0.251761
0.252573
0.253375
0.254167
0.254949
0.255721
0.256482
0.257233
0.257973
0.258703
0.259421
0.260129
0.260826
0.261512
0.262187
0.262851
0.263503
0.264143
0.264772
0.26539
0.265996
0.266589
0.267171
0.267741
0.268299
0.268845
0.269379
0.2699
0.270409
0.270905
0.271389
0.27186
0.272319
0.272765
0.273198
0.273618
0.274025
0.274419
0.274801
0.275169
0.275524
0.275865
0.276194
0.276509
0.276811
0.277099
0.277374
0.277635
0.277883
0.278118
0.278338
0.278545
0.278739
0.278918
0.279084
0.279237
0.279375
0.2795
0.279611
0.279708
0.279791
0.27986
0.279916
0.279958
0.279985
0.279999
0.279999
0.279985
0.279958
0.279916
0.27986
0.279791
0.279708
0.279611
0.2795
0.279375
0.279237
0.279084
0.278918
0.278739
0.278545
0.278338
0.278118
0.277883
0.277635
0.277374
0.277099
0.276811
0.276509
0.276194
0.275865
0.275524
0.275169
0.274801
0.274419
0.274025
0.273618
0.273198
0.272765
0.272319
0.27186
0.271389
0.270905
0.270409
0.2699
0.269379
0.268845
0.268299
0.267741
0.267171
0.266589
0.265996
0.26539
0.264772
0.264143
0.263503
0.262851
0.262187
0.261512
0.260826
0.260129
0.259421
0.258703
0.257973
0.257233
0.256482
0.255721
0.254949
0.254167
0.253375
0.252573
0.251761
0.250939
0.250108
0.249267
0.248416
0.247556
0.246687
0.245809
0.244922
0.244026
0.243122
0.242208
0.241286
0.240356
0.239418
0.238471
0.237517
0.236555
0.235585
0.234607
0.233622
0.232629
0.231629
0.230623
0.229609
0.228588
0.227561
0.226527
0.225487
0.224441
0.223388
0.222329
0.221265
0.220194
0.219118
0.218037
0.21695
0.215858
0.214761
0.213659
0.212552
0.211441
0.210325
0.209204
0.208079
0.206951
0.205818
0.204681
0.203541
0.202397
0.201249
0.200098
0.198944
0.197787
0.196627
0.195464
0.194299
0.193131
0.19196
0.190787
0.189612
0.188436
0.187257
0.186076
0.184894
0.183711
0.182526
0.181339
0.180152
0.178963
0.177774
0.176584
0.175394
0.174202
0.173011
0.171819
0.170627
0.169435
0.168243
0.167052
0.16586
0.164669
0.163479
0.162289
0.161101
0.159913
0.158726
0.15754
0.156355
0.155172
0.15399
0.15281
0.151631
0.150454
0.149279
0.148106
0.146935
0.145766
0.144599
0.143435
0.142273
0.141114
0.139957
0.138803
0.137652
0.136503
0.135358
0.134216
0.133077
0.131941
0.130809
0.12968
0.128554
0.127432
0.126314
0.125199
0.124089
0.122982
0.121879
0.12078
0.119685
0.118595
0.117508
0.116426
0.115348
0.114275
0.113206
0.112142
0.111083
0.110028
0.108978
0.107932
0.106892
0.105856
0.104826
0.1038
0.10278
0.101764
0.100754
0.0997492
0.0987495
0.097755
0.0967659
0.0957822
0.0948039
0.0938311
0.0928638
0.0919021
0.0909459
0.0899954
0.0890504
0.0881112
0.0871777
0.0862499
0.0853279
0.0844117
0.0835013
0.0825968
0.0816982
0.0808054
0.0799186
0.0790377
0.0781627
0.0772938
0.0764308
0.0755739
0.074723
0.0738781
0.0730393
0.0722065
0.0713799
0.0705593
0.0697448
0.0689364
0.0681341
0.067338
0.066548
0.0657641
0.0649863
0.0642147
0.0634492
0.0626898
0.0619366
0.0611895
0.0604486
0.0597137
0.058985
0.0582625
0.057546
0.0568356
0.0561314
0.0554332
0.0547411
0.0540551
0.0533751
0.0527012
0.0520334
0.0513716
0.0507157
0.0500659
0.0494221
0.0487842
0.0481523
0.0475263
0.0469063
0.0462921
0.0456839
0.0450815
0.0444849
0.0438941
0.0433092
0.04273
0.0421566
0.041589
0.041027
0.0404707
0.0399201
0.0393751
0.0388358
0.038302
0.0377738
0.0372511
0.0367339
0.0362223
0.035716
0.0352152
0.0347198
0.0342297
0.033745
0.0332656
0.0327915
0.0323226
0.0318589
0.0314005
0.0309471
0.0304989
0.0300558
0.0296178
0.0291847
0.0287567
0.0283336
0.0279155
0.0275022
0.0270938
0.0266902
0.0262915
0.0258974
0.0255081
0.0251235
0.0247436
0.0243683
0.0239975
0.0236313
0.0232696
0.0229124
0.0225597
0.0222113
0.0218674
0.0215277
0.0211924
0.0208614
0.0205345
0.0202119
0.0198934
0.0195791
0.0192688
0.0189626
0.0186605
0.0183623
0.018068
0.0177777
0.0174912
0.0172086
0.0169297
0.0166547
0.0163834
0.0161157
0.0158518
0.0155914
0.0153347
0.0150815
0.0148318
0.0145857
0.0143429
0.0141036
0.0138677
0.0136351
0.0134058
0.0131798
0.0129571
0.0127376
0.0125212
0.012308
0.0120979
0.0118909
0.0116869
0.0114859
0.0112879
0.0110929
0.0109007
0.0107115
0.0105251
0.0103415
0.0101607
0.00998262
0.00980728
0.00963464
0.00946465
0.00929729
0.00913252
0.00897033
0.00881066
0.00865351
0.00849883
0.0083466
0.00819679
0.00804936
0.0079043
0.00776156
0.00762113
0.00748297
0.00734706
0.00721337
0.00708187
0.00695253
0.00682533
0.00670024
0.00657723
0.00645628
0.00633736
0.00622045
0.00610552
0.00599254
0.00588149
0.00577234
0.00566508
0.00555967
0.00545609
0.00535432
0.00525433
0.00515611
0.00505962
0.00496485
0.00487177
0.00478036
0.0046906
0.00460246
0.00451593
0.00443099
0.0043476
0.00426576
0.00418544
0.00410662
0.00402929
0.00395341
0.00387898
0.00380597
0.00373436
0.00366414
0.00359528
0.00352778
0.0034616
0.00339674
0.00333317
0.00327088
0.00320986
0.00315007
0.00309152
0.00303418
0.00297804
0.00292308
0.00286928
0.00281663
0.00276512
0.00271473
0.00266545
0.00261726
0.00257014
0.0025241
0.0024791
0.00243515
0.00239222
0.0023503
0.00230938
0.00226945
0.0022305
0.00219251
0.00215548
0.00211939
0.00208423
0.00205
0.00201667
0.00198424
0.0019527
0.00192205
0.00189227
0.00186334
0.00183527
0.00180805
0.00178166
0.0017561
0.00173136
0.00170743
0.0016843
0.00166197
0.00164043
0.00161967
0.00159969
0.00158048
0.00156204
0.00154435
0.00152741
0.00151122
0.00149577
0.00148106
0.00146708
0.00145382
0.00144129
0.00142948
0.00141838
0.00140799
0.00139832
0.00138934
0.00138107
0.0013735
0.00136662
0.00136043
0.00135494
0.00135014
0.00134603
0.00134261
0.00133987
0.00133782
0.00133645
0.00133576
)
;

boundaryField
{
    sides
    {
        type            zeroGradient;
    }
    empty
    {
        type            empty;
    }
}


// ************************************************************************* //
