/*--------------------------------*- C++ -*----------------------------------*\
  =========                 |
  \\      /  F ield         | OpenFOAM: The Open Source CFD Toolbox
   \\    /   O peration     | Website:  https://openfoam.org
    \\  /    A nd           | Version:  7
     \\/     M anipulation  |
\*---------------------------------------------------------------------------*/
FoamFile
{
    version     2.0;
    format      ascii;
    class       volScalarField;
    location    "1.8";
    object      T;
}
// * * * * * * * * * * * * * * * * * * * * * * * * * * * * * * * * * * * * * //

dimensions      [0 0 0 1 0 0 0];

internalField   nonuniform List<scalar> 
1000
(
2.61485e-84
3.77385e-84
6.60288e-84
1.23481e-83
2.35369e-83
4.50837e-83
8.64368e-83
1.65699e-82
3.1751e-82
6.08103e-82
1.16404e-81
2.22703e-81
4.25845e-81
8.13846e-81
1.55453e-80
2.96769e-80
5.66241e-80
1.07981e-79
2.05804e-79
3.92033e-79
7.46366e-79
1.42017e-78
2.70076e-78
5.13322e-78
9.75103e-78
1.85126e-77
3.51268e-77
6.6614e-77
1.26254e-76
2.39154e-76
4.52754e-76
8.56638e-76
1.61988e-75
3.06138e-75
5.7823e-75
1.09152e-74
2.05925e-74
3.88269e-74
7.31645e-74
1.37788e-73
2.59339e-73
4.87827e-73
9.17075e-73
1.723e-72
3.23522e-72
6.07101e-72
1.13856e-71
2.13397e-71
3.99721e-71
7.48274e-71
1.3999e-70
2.61739e-70
4.8907e-70
9.13281e-70
1.70439e-69
3.17879e-69
5.92494e-69
1.10365e-68
2.05451e-68
3.82217e-68
7.10617e-68
1.32034e-67
2.45164e-67
4.54935e-67
8.4365e-67
1.56349e-66
2.89566e-66
5.3594e-66
9.91292e-66
1.83232e-65
3.38468e-65
6.24808e-65
1.15262e-64
2.1249e-64
3.91473e-64
7.20732e-64
1.32603e-63
2.43804e-63
4.47953e-63
8.22489e-63
1.50915e-62
2.76717e-62
5.07039e-62
9.28427e-62
1.69884e-61
3.1064e-61
5.6762e-61
1.03647e-60
1.89124e-60
3.44852e-60
6.28364e-60
1.14414e-59
2.08181e-59
3.78521e-59
6.87745e-59
1.24868e-58
2.26549e-58
4.10729e-58
7.44103e-58
1.34708e-57
2.43688e-57
4.40508e-57
7.95705e-57
1.43624e-56
2.59047e-56
4.6688e-56
8.40825e-56
1.51314e-55
2.72095e-55
4.88915e-55
8.77839e-55
1.57494e-54
2.82344e-54
5.05775e-54
9.05314e-54
1.61921e-53
2.8938e-53
5.16765e-53
9.22095e-53
1.64405e-52
2.92893e-52
5.21384e-52
9.27383e-52
1.64821e-51
2.92694e-51
5.19356e-51
9.20796e-51
1.6312e-50
2.88733e-50
5.10655e-50
9.02402e-50
1.59336e-49
2.81103e-49
4.95512e-49
8.72729e-49
1.53581e-48
2.70042e-48
4.74411e-48
8.32738e-48
1.46046e-47
2.55918e-47
4.48059e-47
7.83779e-47
1.36986e-46
2.39209e-46
4.17348e-46
7.27509e-46
1.26705e-45
2.20478e-45
3.83308e-45
6.658e-45
1.15544e-44
2.00338e-44
3.47043e-44
6.00633e-44
1.03858e-43
1.7942e-43
3.09672e-43
5.3399e-43
9.19942e-43
1.58337e-42
2.7227e-42
4.67744e-42
8.028e-42
1.37656e-41
2.35814e-41
4.03579e-41
6.90036e-41
1.17868e-40
2.01141e-40
3.42913e-40
5.84042e-40
9.93752e-40
1.68921e-39
2.86855e-39
4.86642e-39
8.24754e-39
1.39638e-38
2.36183e-38
3.99075e-38
6.73629e-38
1.13591e-37
1.91349e-37
3.22003e-37
5.41312e-37
9.09045e-37
1.52501e-36
2.55567e-36
4.27842e-36
7.15492e-36
1.19527e-35
1.99465e-35
3.3251e-35
5.53704e-35
9.21051e-35
1.53045e-34
2.5403e-34
4.2119e-34
6.97581e-34
1.15408e-33
1.90719e-33
3.14828e-33
5.19121e-33
8.55024e-33
1.4067e-32
2.3117e-32
3.79465e-32
6.22182e-32
1.01898e-31
1.66693e-31
2.72375e-31
4.44544e-31
7.24696e-31
1.18002e-30
1.91918e-30
3.11765e-30
5.05856e-30
8.19802e-30
1.327e-29
2.14543e-29
3.46445e-29
5.58762e-29
9.00104e-29
1.4482e-28
2.32718e-28
3.73506e-28
5.98724e-28
9.58554e-28
1.53273e-27
2.44775e-27
3.90412e-27
6.21912e-27
9.89425e-27
1.57211e-26
2.49474e-26
3.95373e-26
6.25789e-26
9.892e-26
1.56161e-25
2.46202e-25
3.8765e-25
6.09553e-25
9.57208e-25
1.50114e-24
2.351e-24
3.67705e-24
5.74326e-24
8.95832e-24
1.39541e-23
2.1706e-23
3.37179e-23
5.23045e-23
8.10241e-23
1.25338e-22
1.93615e-22
2.98666e-22
4.60062e-22
7.07668e-22
1.08698e-21
1.66721e-21
2.55348e-21
3.90521e-21
5.96383e-21
9.09433e-21
1.38477e-20
2.10545e-20
3.19645e-20
4.84557e-20
7.33453e-20
1.10853e-19
1.67289e-19
2.52073e-19
3.7925e-19
5.69719e-19
8.54532e-19
1.27975e-18
1.91359e-18
2.8569e-18
4.25856e-18
6.33793e-18
9.41772e-18
1.39719e-17
2.06954e-17
3.06053e-17
4.51877e-17
6.66106e-17
9.80306e-17
1.44036e-16
2.11287e-16
3.09426e-16
4.52403e-16
6.60348e-16
9.62269e-16
1.39989e-15
2.0331e-15
2.94776e-15
4.26666e-15
6.16516e-15
8.89317e-15
1.28063e-14
1.84093e-14
2.64181e-14
3.78448e-14
5.41193e-14
7.72565e-14
1.10091e-13
1.56602e-13
2.22366e-13
3.15184e-13
4.45944e-13
6.29813e-13
8.87885e-13
1.24943e-12
1.75498e-12
2.46057e-12
3.44349e-12
4.81014e-12
6.7067e-12
9.3336e-12
1.29651e-11
1.79756e-11
2.48755e-11
3.43585e-11
4.73662e-11
6.51736e-11
8.95034e-11
1.22679e-10
1.67825e-10
2.29139e-10
3.12243e-10
4.24652e-10
5.76394e-10
7.8081e-10
1.05562e-09
1.42432e-09
1.91794e-09
2.57745e-09
3.45677e-09
4.62668e-09
6.17996e-09
8.23788e-09
1.09586e-08
1.4548e-08
1.92731e-08
2.54801e-08
3.36162e-08
4.42576e-08
5.81457e-08
7.62314e-08
9.97318e-08
1.30201e-07
1.69617e-07
2.20496e-07
2.86023e-07
3.70228e-07
4.7819e-07
6.16301e-07
7.9258e-07
1.01706e-06
1.30228e-06
1.66383e-06
2.12109e-06
2.69806e-06
3.42439e-06
4.33662e-06
5.47966e-06
6.90854e-06
8.69054e-06
1.09077e-05
1.36597e-05
1.70674e-05
2.12771e-05
2.6465e-05
3.28429e-05
4.06651e-05
5.02352e-05
6.19154e-05
7.61363e-05
9.3408e-05
0.000114334
0.000139624
0.000170113
0.000206779
0.000250763
0.000303395
0.000366217
0.000441013
0.000529842
0.000635069
0.000759406
0.00090595
0.00107823
0.00128023
0.0015165
0.00179212
0.00211282
0.00248501
0.00291584
0.00341325
0.00398602
0.00464385
0.0053974
0.00625832
0.00723932
0.0083542
0.00961787
0.0110464
0.012657
0.014468
0.0164989
0.0187704
0.0213041
0.0241227
0.0272497
0.0307096
0.0345275
0.0387289
0.0433398
0.0483865
0.0538949
0.0598911
0.0664003
0.073447
0.0810548
0.0892457
0.0980402
0.107457
0.117512
0.128219
0.139588
0.151628
0.164342
0.177732
0.191793
0.206518
0.221896
0.237912
0.254544
0.27177
0.289559
0.307879
0.326694
0.345962
0.36564
0.38568
0.406031
0.426641
0.447454
0.468413
0.489461
0.510539
0.531586
0.552546
0.573359
0.593969
0.61432
0.634359
0.654037
0.673305
0.69212
0.71044
0.728228
0.745453
0.762085
0.778099
0.793476
0.8082
0.82226
0.835647
0.848358
0.860395
0.87176
0.882462
0.89251
0.901919
0.910704
0.918883
0.926477
0.933506
0.939995
0.945965
0.951443
0.956453
0.96102
0.965169
0.968924
0.972309
0.975347
0.978061
0.98047
0.982595
0.984454
0.986063
0.987437
0.98859
0.989533
0.990276
0.990826
0.991189
0.99137
0.99137
0.991189
0.990826
0.990276
0.989533
0.98859
0.987437
0.986063
0.984454
0.982595
0.98047
0.978061
0.975347
0.972309
0.968924
0.965169
0.96102
0.956453
0.951443
0.945965
0.939995
0.933506
0.926477
0.918883
0.910704
0.901919
0.89251
0.882462
0.87176
0.860395
0.848358
0.835647
0.82226
0.8082
0.793476
0.778099
0.762085
0.745453
0.728228
0.71044
0.69212
0.673305
0.654037
0.634359
0.61432
0.593969
0.573359
0.552546
0.531586
0.510539
0.489461
0.468413
0.447454
0.426641
0.406031
0.38568
0.36564
0.345962
0.326694
0.307879
0.289559
0.27177
0.254544
0.237912
0.221896
0.206518
0.191793
0.177732
0.164342
0.151628
0.139588
0.128219
0.117512
0.107457
0.0980402
0.0892457
0.0810548
0.073447
0.0664003
0.0598911
0.0538949
0.0483865
0.0433398
0.0387289
0.0345275
0.0307096
0.0272497
0.0241227
0.0213041
0.0187704
0.0164989
0.014468
0.012657
0.0110464
0.00961787
0.0083542
0.00723932
0.00625832
0.0053974
0.00464385
0.00398602
0.00341325
0.00291584
0.00248501
0.00211282
0.00179212
0.0015165
0.00128023
0.00107823
0.00090595
0.000759406
0.000635069
0.000529842
0.000441013
0.000366217
0.000303395
0.000250763
0.000206779
0.000170113
0.000139624
0.000114334
9.3408e-05
7.61363e-05
6.19154e-05
5.02352e-05
4.06651e-05
3.28429e-05
2.6465e-05
2.12771e-05
1.70674e-05
1.36597e-05
1.09077e-05
8.69054e-06
6.90854e-06
5.47966e-06
4.33662e-06
3.42439e-06
2.69806e-06
2.12109e-06
1.66383e-06
1.30228e-06
1.01706e-06
7.9258e-07
6.16301e-07
4.7819e-07
3.70228e-07
2.86023e-07
2.20496e-07
1.69617e-07
1.30201e-07
9.97318e-08
7.62314e-08
5.81457e-08
4.42576e-08
3.36162e-08
2.54801e-08
1.92731e-08
1.4548e-08
1.09586e-08
8.23788e-09
6.17996e-09
4.62668e-09
3.45677e-09
2.57745e-09
1.91794e-09
1.42432e-09
1.05562e-09
7.8081e-10
5.76394e-10
4.24652e-10
3.12243e-10
2.29139e-10
1.67825e-10
1.22679e-10
8.95034e-11
6.51736e-11
4.73662e-11
3.43585e-11
2.48755e-11
1.79756e-11
1.29651e-11
9.3336e-12
6.7067e-12
4.81014e-12
3.44349e-12
2.46057e-12
1.75498e-12
1.24943e-12
8.87885e-13
6.29813e-13
4.45944e-13
3.15184e-13
2.22366e-13
1.56602e-13
1.10091e-13
7.72565e-14
5.41193e-14
3.78448e-14
2.64181e-14
1.84093e-14
1.28063e-14
8.89317e-15
6.16516e-15
4.26666e-15
2.94776e-15
2.0331e-15
1.39989e-15
9.62269e-16
6.60348e-16
4.52403e-16
3.09426e-16
2.11287e-16
1.44036e-16
9.80306e-17
6.66106e-17
4.51877e-17
3.06053e-17
2.06954e-17
1.39719e-17
9.41772e-18
6.33793e-18
4.25856e-18
2.8569e-18
1.91359e-18
1.27975e-18
8.54532e-19
5.69719e-19
3.7925e-19
2.52073e-19
1.67289e-19
1.10853e-19
7.33453e-20
4.84557e-20
3.19645e-20
2.10545e-20
1.38477e-20
9.09433e-21
5.96383e-21
3.90521e-21
2.55348e-21
1.66721e-21
1.08698e-21
7.07668e-22
4.60062e-22
2.98666e-22
1.93615e-22
1.25338e-22
8.10241e-23
5.23045e-23
3.37179e-23
2.1706e-23
1.39541e-23
8.95832e-24
5.74326e-24
3.67705e-24
2.351e-24
1.50114e-24
9.57208e-25
6.09553e-25
3.8765e-25
2.46202e-25
1.56161e-25
9.892e-26
6.25789e-26
3.95373e-26
2.49474e-26
1.57211e-26
9.89425e-27
6.21912e-27
3.90412e-27
2.44775e-27
1.53273e-27
9.58554e-28
5.98724e-28
3.73506e-28
2.32718e-28
1.4482e-28
9.00104e-29
5.58762e-29
3.46445e-29
2.14543e-29
1.327e-29
8.19802e-30
5.05856e-30
3.11765e-30
1.91918e-30
1.18002e-30
7.24696e-31
4.44544e-31
2.72375e-31
1.66693e-31
1.01898e-31
6.22182e-32
3.79465e-32
2.3117e-32
1.4067e-32
8.55024e-33
5.19121e-33
3.14828e-33
1.90719e-33
1.15408e-33
6.97581e-34
4.2119e-34
2.5403e-34
1.53045e-34
9.21051e-35
5.53704e-35
3.3251e-35
1.99465e-35
1.19527e-35
7.15492e-36
4.27842e-36
2.55567e-36
1.52501e-36
9.09045e-37
5.41312e-37
3.22003e-37
1.91349e-37
1.13591e-37
6.73629e-38
3.99075e-38
2.36183e-38
1.39638e-38
8.24754e-39
4.86642e-39
2.86855e-39
1.68921e-39
9.93752e-40
5.84042e-40
3.42913e-40
2.01141e-40
1.17868e-40
6.90036e-41
4.03579e-41
2.35814e-41
1.37656e-41
8.028e-42
4.67744e-42
2.7227e-42
1.58337e-42
9.19942e-43
5.3399e-43
3.09672e-43
1.7942e-43
1.03858e-43
6.00633e-44
3.47043e-44
2.00338e-44
1.15544e-44
6.658e-45
3.83308e-45
2.20478e-45
1.26705e-45
7.27509e-46
4.17348e-46
2.39209e-46
1.36986e-46
7.83779e-47
4.48059e-47
2.55918e-47
1.46046e-47
8.32738e-48
4.74411e-48
2.70042e-48
1.53581e-48
8.72729e-49
4.95512e-49
2.81103e-49
1.59336e-49
9.02402e-50
5.10655e-50
2.88733e-50
1.6312e-50
9.20796e-51
5.19356e-51
2.92694e-51
1.64821e-51
9.27383e-52
5.21384e-52
2.92893e-52
1.64405e-52
9.22095e-53
5.16765e-53
2.8938e-53
1.61921e-53
9.05314e-54
5.05775e-54
2.82344e-54
1.57494e-54
8.77839e-55
4.88915e-55
2.72095e-55
1.51314e-55
8.40825e-56
4.6688e-56
2.59047e-56
1.43624e-56
7.95705e-57
4.40508e-57
2.43688e-57
1.34708e-57
7.44103e-58
4.10729e-58
2.26549e-58
1.24868e-58
6.87745e-59
3.78521e-59
2.08181e-59
1.14414e-59
6.28364e-60
3.44852e-60
1.89124e-60
1.03647e-60
5.6762e-61
3.1064e-61
1.69884e-61
9.28427e-62
5.07039e-62
2.76717e-62
1.50915e-62
8.22489e-63
4.47953e-63
2.43804e-63
1.32603e-63
7.20732e-64
3.91473e-64
2.1249e-64
1.15262e-64
6.24808e-65
3.38468e-65
1.83232e-65
9.91292e-66
5.3594e-66
2.89566e-66
1.56349e-66
8.4365e-67
4.54935e-67
2.45164e-67
1.32034e-67
7.10617e-68
3.82217e-68
2.05451e-68
1.10365e-68
5.92494e-69
3.17879e-69
1.70439e-69
9.13281e-70
4.8907e-70
2.61739e-70
1.3999e-70
7.48274e-71
3.99721e-71
2.13397e-71
1.13856e-71
6.07101e-72
3.23522e-72
1.723e-72
9.17075e-73
4.87827e-73
2.59339e-73
1.37788e-73
7.31645e-74
3.88269e-74
2.05925e-74
1.09152e-74
5.7823e-75
3.06138e-75
1.61988e-75
8.56638e-76
4.52754e-76
2.39154e-76
1.26254e-76
6.6614e-77
3.51268e-77
1.85126e-77
9.75103e-78
5.13322e-78
2.70076e-78
1.42017e-78
7.46366e-79
3.92033e-79
2.05804e-79
1.07981e-79
5.66241e-80
2.96769e-80
1.55453e-80
8.13846e-81
4.25845e-81
2.22703e-81
1.16404e-81
6.08103e-82
3.1751e-82
1.65699e-82
8.64368e-83
4.50837e-83
2.35369e-83
1.23481e-83
6.60288e-84
3.77385e-84
2.61485e-84
)
;

boundaryField
{
    sides
    {
        type            zeroGradient;
    }
    empty
    {
        type            empty;
    }
}


// ************************************************************************* //
