/*--------------------------------*- C++ -*----------------------------------*\
  =========                 |
  \\      /  F ield         | OpenFOAM: The Open Source CFD Toolbox
   \\    /   O peration     | Website:  https://openfoam.org
    \\  /    A nd           | Version:  7
     \\/     M anipulation  |
\*---------------------------------------------------------------------------*/
FoamFile
{
    version     2.0;
    format      ascii;
    class       volScalarField;
    location    "0.46";
    object      T;
}
// * * * * * * * * * * * * * * * * * * * * * * * * * * * * * * * * * * * * * //

dimensions      [0 0 0 1 0 0 0];

internalField   nonuniform List<scalar> 
1000
(
0
0
0
0
0
0
0
0
0
0
0
0
0
0
0
0
0
0
0
0
0
0
0
0
0
0
0
0
0
0
0
0
0
0
0
0
0
0
0
0
0
0
0
0
0
0
0
0
0
0
0
0
0
0
0
0
0
0
0
0
0
0
0
0
0
0
0
0
0
0
0
0
0
0
0
0
0
0
0
0
0
0
0
0
0
0
0
0
0
0
0
0
0
0
0
0
0
0
0
0
0
0
0
0
0
0
0
0
0
0
0
0
0
0
0
0
0
0
0
0
0
0
0
0
0
0
0
0
0
0
0
0
0
0
0
0
0
0
0
0
0
0
0
0
0
0
0
0
0
0
0
0
0
0
0
0
0
0
0
0
0
0
0
0
0
0
0
0
0
0
0
0
0
0
0
0
0
0
0
0
0
0
0
0
0
0
0
0
0
0
0
0
0
0
0
0
0
0
0
0
0
0
0
0
0
0
0
0
0
0
0
0
0
0
0
0
0
0
0
0
0
0
0
0
0
0
0
0
0
0
0
0
0
0
0
0
0
0
0
0
0
0
0
0
0
0
0
0
0
0
0
0
0
0
0
0
0
0
0
0
0
0
0
0
0
0
0
0
0
0
0
0
0
0
0
0
0
0
0
0
0
0
0
0
0
0
0
0
0
0
0
0
0
0
0
0
0
0
0
0
0
0
0
0
0
0
0
0
0
0
0
0
0
0
0
0
0
0
0
0
0
0
0
0
0
0
0
0
0
0
0
0
0
0
0
0
0
0
0
0
0
0
0
0
0
0
0
0
0
0
0
0
0
0
0
0
0
0
0
0
0
0
0
0
0
0
0
0
0
0
0
0
0
0
0
0
0
0
0
0
0
0
0
0
0
0
0
0
0
0
0
0
0
0
0
0
0
0
0
0
0
0
0
0
2.27857e-50
-9.06112e-48
1.75822e-45
-2.21812e-43
2.04529e-41
-1.46921e-39
8.55741e-38
-4.15326e-36
1.71306e-34
-6.09388e-33
1.89095e-31
-5.16392e-30
1.24981e-28
-2.69583e-27
5.20513e-26
-9.02706e-25
1.40977e-23
-1.98619e-22
2.52712e-21
-2.90481e-20
3.01531e-19
-2.82324e-18
2.37923e-17
-1.79873e-16
1.21409e-15
-7.26587e-15
3.81673e-14
-1.73299e-13
6.63255e-13
-2.04129e-12
4.51073e-12
-4.20547e-12
-1.57962e-11
8.42259e-11
-1.62013e-10
-7.2914e-11
1.15349e-09
-2.08569e-09
-2.457e-09
1.50182e-08
-7.56169e-09
-6.55493e-08
9.13325e-08
2.41966e-07
-4.97569e-07
-9.29383e-07
2.02172e-06
4.07747e-06
-6.11506e-06
-1.85015e-05
8.11173e-06
7.12835e-05
4.888e-05
-0.000172119
-0.000390762
-6.38145e-05
0.00106562
0.00210239
0.001012
-0.00380699
-0.0111247
-0.0154455
-0.00792157
0.0205756
0.0758454
0.158064
0.261741
0.377605
0.495312
0.605852
0.702979
0.78356
0.847146
0.895154
0.930004
0.954428
0.971012
0.981956
0.988991
0.993407
0.99612
0.997754
0.998719
0.99928
0.999601
0.999781
0.999882
0.999937
0.999966
0.999982
0.999991
0.999995
0.999998
0.999999
0.999999
1
1
1
1
1
1
1
1
1
1
1
1
1
1
1
1
1
1
1
1
1
1
1
1
1
1
1
1
1
1
1
1
1
1
1
1
1
1
1
1
1
1
1
1
1
1
1
1
1
1
1
0.999998
0.999996
1.00001
1.00002
0.999992
0.999929
0.999951
1.00017
1.00039
1.00006
0.998934
0.997898
0.998988
1.00381
1.01112
1.01545
1.00792
0.979424
0.924155
0.841936
0.738259
0.622395
0.504688
0.394148
0.297021
0.21644
0.152854
0.104846
0.069996
0.0455719
0.0289876
0.0180445
0.0110092
0.00659254
0.00387957
0.0022462
0.00128086
0.000720043
0.000399389
0.000218755
0.000118403
6.33715e-05
3.35599e-05
1.75948e-05
9.13715e-06
4.70226e-06
2.39918e-06
1.21411e-06
6.09617e-07
3.03816e-07
1.50336e-07
7.38837e-08
3.60735e-08
1.75025e-08
8.44099e-09
4.04733e-09
1.92984e-09
9.1526e-10
4.31838e-10
2.02736e-10
9.47216e-11
4.40503e-11
2.03938e-11
9.40067e-12
4.31512e-12
1.97269e-12
8.98277e-13
4.07474e-13
1.84152e-13
8.29258e-14
3.72119e-14
1.66417e-14
7.41783e-15
3.29579e-15
1.45977e-15
6.44592e-16
2.8379e-16
1.24582e-16
5.45364e-17
2.38082e-17
1.03658e-17
4.50132e-18
1.94971e-18
8.42394e-19
3.63081e-19
1.56119e-19
6.69729e-20
2.8665e-20
1.22416e-20
5.21649e-21
2.21816e-21
9.41237e-22
3.98582e-22
1.68448e-22
7.10497e-23
2.99105e-23
1.2568e-23
5.27112e-24
2.20675e-24
9.22214e-25
3.84726e-25
1.60224e-25
6.66149e-26
2.76502e-26
1.14583e-26
4.74081e-27
1.95841e-27
8.07766e-28
3.32668e-28
1.36802e-28
5.61742e-29
2.30334e-29
9.43118e-30
3.85629e-30
1.57463e-30
6.421e-31
2.61488e-31
1.06349e-31
4.31975e-32
1.7524e-32
7.10016e-33
2.87323e-33
1.16131e-33
4.68821e-34
1.89042e-34
7.61387e-35
3.06308e-35
1.23091e-35
4.94094e-36
1.98116e-36
7.93528e-37
3.175e-37
1.26903e-37
5.06697e-38
2.02108e-38
8.05345e-39
3.20589e-39
1.27494e-39
5.06539e-40
2.01057e-40
7.97293e-41
3.15873e-41
1.25028e-41
4.94433e-42
1.95353e-42
7.71164e-43
3.04155e-43
1.19858e-43
4.71921e-44
1.85655e-44
7.29759e-45
2.86613e-45
1.12476e-45
4.41035e-46
1.72799e-46
6.76502e-47
2.64642e-47
1.03446e-47
4.04055e-48
1.57703e-48
6.15059e-49
2.39704e-49
9.33505e-50
3.63284e-50
1.41276e-50
5.49013e-51
2.13204e-51
8.27387e-52
3.20868e-52
1.24351e-52
4.81598e-53
1.86394e-53
7.20933e-54
2.78661e-54
1.07642e-54
4.15535e-55
1.60311e-55
6.18084e-56
2.38158e-56
9.171e-57
3.52945e-57
1.35749e-57
5.21806e-58
2.0046e-58
7.69648e-59
2.9533e-59
1.13259e-59
4.34107e-60
1.66293e-60
6.36668e-61
2.4362e-61
9.31697e-62
3.56125e-62
1.3605e-62
5.19474e-63
1.98245e-63
7.56158e-64
2.8827e-64
1.09841e-64
4.1832e-65
1.59234e-65
6.05821e-66
2.30377e-66
8.75632e-67
3.32654e-67
1.26315e-67
4.79412e-68
1.81869e-68
6.89609e-69
2.61364e-69
9.90118e-70
3.74912e-70
1.41898e-70
5.36815e-71
2.02993e-71
7.67261e-72
2.89878e-72
1.0947e-72
4.13229e-73
1.55919e-73
5.88058e-74
2.21696e-74
8.35439e-75
3.14695e-75
1.18491e-75
4.45968e-76
1.67782e-76
6.30972e-77
2.37193e-77
8.91292e-78
3.34786e-78
1.25703e-78
4.71794e-79
1.77008e-79
6.63845e-80
2.48871e-80
9.32652e-81
3.49383e-81
1.30834e-81
4.89757e-82
1.83265e-82
6.85524e-83
2.56335e-83
9.58155e-84
3.58022e-84
1.3373e-84
4.99341e-85
1.86386e-85
6.95468e-86
2.59413e-86
9.67295e-87
3.60561e-87
1.34354e-87
5.0047e-88
1.86363e-88
6.93743e-89
2.58164e-89
9.60394e-90
3.5716e-90
1.32781e-90
4.93482e-91
1.83345e-91
6.80971e-92
2.52844e-92
9.38513e-93
3.48252e-93
1.29186e-93
4.79073e-94
1.77606e-94
6.58236e-95
2.4388e-95
9.03319e-96
3.34486e-96
1.23819e-96
4.58213e-97
1.69521e-97
6.26979e-98
2.31824e-98
8.56919e-99
3.16664e-99
1.16986e-99
4.32065e-100
1.5953e-100
5.88865e-101
2.17305e-101
8.01687e-102
2.9568e-102
1.09024e-102
4.01889e-103
1.48106e-103
5.45664e-104
2.00985e-104
7.40094e-105
2.72457e-105
1.00276e-105
3.68962e-106
1.35724e-106
4.99138e-107
1.83516e-107
6.74559e-108
2.47888e-108
9.10718e-109
3.34506e-109
1.22834e-109
4.50947e-110
1.65511e-110
6.07328e-111
2.228e-111
8.17152e-112
2.99631e-112
1.09842e-112
4.02576e-113
1.47512e-113
5.40384e-114
1.97915e-114
7.24694e-115
2.65296e-115
9.70976e-116
3.55294e-116
1.29978e-116
4.75392e-117
1.73836e-117
6.3552e-118
2.32286e-118
8.48835e-119
3.10118e-119
1.13276e-119
4.1367e-120
1.51035e-120
5.51323e-121
2.01207e-121
7.34157e-122
2.6782e-122
9.76801e-123
3.56187e-123
1.29856e-123
4.73319e-124
1.72487e-124
6.28452e-125
2.28928e-125
8.33754e-126
3.03591e-126
1.10523e-126
4.02283e-127
1.46394e-127
5.32635e-128
1.93754e-128
7.04671e-129
2.56235e-129
9.3155e-130
3.38602e-130
1.23053e-130
4.47105e-131
1.62422e-131
5.89928e-132
2.14225e-132
7.77789e-133
2.8234e-133
1.02471e-133
3.71836e-134
1.34903e-134
4.89342e-135
1.7747e-135
6.43513e-136
2.33299e-136
8.45648e-137
3.06471e-137
1.11048e-137
4.02307e-138
1.45723e-138
5.27741e-139
1.9109e-139
6.91801e-140
2.50408e-140
9.06237e-141
3.27914e-141
1.18633e-141
4.29117e-142
1.55193e-142
5.61175e-143
2.02885e-143
7.33381e-144
2.65056e-144
9.57797e-145
3.46049e-145
1.25006e-145
4.51496e-146
1.63045e-146
5.88693e-147
2.12521e-147
7.67086e-148
2.76833e-148
9.98902e-149
3.60379e-149
1.29995e-149
4.68843e-150
1.69067e-150
6.09571e-151
2.19746e-151
7.9205e-152
2.85441e-152
1.02852e-152
3.7055e-153
1.33479e-153
4.80744e-154
1.73121e-154
6.23333e-155
2.24402e-155
8.07733e-156
2.907e-156
1.04607e-156
3.76365e-157
1.35393e-157
4.8699e-158
1.75138e-158
6.29767e-159
2.26421e-159
8.13937e-160
2.92552e-160
1.05137e-160
3.77785e-161
1.35729e-161
4.87575e-162
1.75125e-162
6.28921e-163
2.25831e-163
8.10795e-164
2.91058e-164
1.04469e-164
3.74919e-165
1.34533e-165
4.82681e-166
1.73155e-166
6.21083e-167
2.22745e-167
7.98744e-168
2.86385e-168
1.02668e-168
3.68014e-169
1.31897e-169
4.72662e-170
1.69359e-170
6.06752e-171
2.17349e-171
7.78482e-172
2.78794e-172
9.98307e-173
3.57427e-173
1.28012e-173
4.32674e-174
)
;

boundaryField
{
    sides
    {
        type            zeroGradient;
    }
    empty
    {
        type            empty;
    }
}


// ************************************************************************* //
