/*--------------------------------*- C++ -*----------------------------------*\
  =========                 |
  \\      /  F ield         | OpenFOAM: The Open Source CFD Toolbox
   \\    /   O peration     | Website:  https://openfoam.org
    \\  /    A nd           | Version:  7
     \\/     M anipulation  |
\*---------------------------------------------------------------------------*/
FoamFile
{
    version     2.0;
    format      ascii;
    class       volScalarField;
    location    "1.86";
    object      T;
}
// * * * * * * * * * * * * * * * * * * * * * * * * * * * * * * * * * * * * * //

dimensions      [0 0 0 1 0 0 0];

internalField   nonuniform List<scalar> 
1000
(
0.0153574
0.0153596
0.015364
0.0153707
0.0153796
0.0153907
0.015404
0.0154195
0.0154373
0.0154573
0.0154795
0.015504
0.0155306
0.0155595
0.0155906
0.015624
0.0156596
0.0156974
0.0157374
0.0157797
0.0158242
0.0158709
0.0159199
0.0159712
0.0160246
0.0160803
0.0161383
0.0161985
0.0162609
0.0163256
0.0163925
0.0164617
0.0165332
0.0166069
0.0166829
0.0167611
0.0168416
0.0169244
0.0170094
0.0170967
0.0171863
0.0172782
0.0173723
0.0174687
0.0175675
0.0176685
0.0177718
0.0178774
0.0179853
0.0180954
0.018208
0.0183228
0.0184399
0.0185593
0.0186811
0.0188051
0.0189315
0.0190603
0.0191913
0.0193247
0.0194605
0.0195985
0.019739
0.0198817
0.0200269
0.0201744
0.0203242
0.0204764
0.020631
0.0207879
0.0209473
0.021109
0.0212731
0.0214396
0.0216084
0.0217797
0.0219534
0.0221295
0.0223079
0.0224888
0.0226721
0.0228579
0.023046
0.0232366
0.0234296
0.0236251
0.023823
0.0240233
0.0242261
0.0244313
0.024639
0.0248491
0.0250618
0.0252768
0.0254944
0.0257144
0.0259369
0.0261619
0.0263894
0.0266193
0.0268518
0.0270868
0.0273242
0.0275642
0.0278067
0.0280517
0.0282992
0.0285492
0.0288017
0.0290568
0.0293144
0.0295746
0.0298372
0.0301025
0.0303702
0.0306405
0.0309134
0.0311888
0.0314667
0.0317473
0.0320303
0.032316
0.0326042
0.032895
0.0331883
0.0334842
0.0337827
0.0340838
0.0343875
0.0346937
0.0350026
0.035314
0.035628
0.0359446
0.0362637
0.0365855
0.0369099
0.0372368
0.0375664
0.0378986
0.0382333
0.0385707
0.0389106
0.0392532
0.0395984
0.0399461
0.0402965
0.0406495
0.041005
0.0413632
0.041724
0.0420873
0.0424533
0.0428219
0.0431931
0.0435669
0.0439432
0.0443222
0.0447038
0.0450879
0.0454747
0.045864
0.046256
0.0466505
0.0470476
0.0474473
0.0478495
0.0482544
0.0486618
0.0490718
0.0494843
0.0498994
0.0503171
0.0507373
0.0511601
0.0515854
0.0520133
0.0524437
0.0528767
0.0533121
0.0537501
0.0541907
0.0546337
0.0550792
0.0555273
0.0559778
0.0564308
0.0568863
0.0573443
0.0578048
0.0582677
0.0587331
0.0592009
0.0596711
0.0601438
0.0606189
0.0610965
0.0615764
0.0620587
0.0625434
0.0630305
0.06352
0.0640118
0.064506
0.0650026
0.0655014
0.0660026
0.0665061
0.0670118
0.0675199
0.0680302
0.0685428
0.0690577
0.0695748
0.0700941
0.0706156
0.0711394
0.0716653
0.0721934
0.0727236
0.073256
0.0737906
0.0743272
0.074866
0.0754068
0.0759497
0.0764947
0.0770417
0.0775908
0.0781418
0.0786949
0.0792499
0.0798069
0.0803658
0.0809266
0.0814894
0.082054
0.0826205
0.0831889
0.0837591
0.0843311
0.084905
0.0854806
0.0860579
0.086637
0.0872178
0.0878003
0.0883845
0.0889703
0.0895578
0.0901469
0.0907375
0.0913298
0.0919236
0.0925189
0.0931157
0.093714
0.0943137
0.0949149
0.0955175
0.0961215
0.0967268
0.0973335
0.0979414
0.0985507
0.0991612
0.099773
0.100386
0.101
0.101615
0.102232
0.102849
0.103468
0.104088
0.104708
0.10533
0.105953
0.106576
0.107201
0.107826
0.108452
0.10908
0.109707
0.110336
0.110965
0.111595
0.112226
0.112858
0.11349
0.114122
0.114755
0.115389
0.116023
0.116658
0.117293
0.117928
0.118564
0.1192
0.119837
0.120474
0.121111
0.121748
0.122385
0.123022
0.12366
0.124298
0.124935
0.125573
0.126211
0.126848
0.127486
0.128123
0.12876
0.129397
0.130034
0.13067
0.131306
0.131942
0.132577
0.133212
0.133847
0.134481
0.135114
0.135747
0.136379
0.137011
0.137642
0.138272
0.138901
0.13953
0.140158
0.140785
0.141411
0.142036
0.14266
0.143283
0.143905
0.144526
0.145146
0.145765
0.146382
0.146999
0.147614
0.148227
0.14884
0.149451
0.15006
0.150668
0.151274
0.151879
0.152483
0.153084
0.153684
0.154283
0.154879
0.155474
0.156067
0.156658
0.157247
0.157835
0.15842
0.159003
0.159584
0.160164
0.160741
0.161315
0.161888
0.162458
0.163026
0.163592
0.164156
0.164717
0.165275
0.165831
0.166385
0.166936
0.167484
0.16803
0.168573
0.169114
0.169651
0.170186
0.170718
0.171247
0.171774
0.172297
0.172818
0.173335
0.173849
0.174361
0.174869
0.175374
0.175876
0.176374
0.17687
0.177362
0.177851
0.178336
0.178818
0.179297
0.179772
0.180243
0.180712
0.181176
0.181637
0.182094
0.182548
0.182998
0.183444
0.183886
0.184325
0.184759
0.18519
0.185617
0.18604
0.186459
0.186874
0.187285
0.187692
0.188095
0.188494
0.188889
0.189279
0.189665
0.190047
0.190425
0.190798
0.191168
0.191532
0.191893
0.192249
0.1926
0.192947
0.19329
0.193628
0.193961
0.19429
0.194615
0.194934
0.19525
0.19556
0.195866
0.196167
0.196463
0.196755
0.197041
0.197323
0.1976
0.197873
0.19814
0.198403
0.19866
0.198913
0.199161
0.199403
0.199641
0.199874
0.200102
0.200324
0.200542
0.200755
0.200962
0.201164
0.201362
0.201554
0.201741
0.201922
0.202099
0.20227
0.202436
0.202597
0.202753
0.202903
0.203048
0.203188
0.203323
0.203452
0.203576
0.203695
0.203808
0.203916
0.204019
0.204116
0.204208
0.204294
0.204376
0.204451
0.204522
0.204587
0.204646
0.204701
0.204749
0.204793
0.204831
0.204863
0.204891
0.204912
0.204929
0.204939
0.204945
0.204945
0.204939
0.204929
0.204912
0.204891
0.204863
0.204831
0.204793
0.204749
0.204701
0.204646
0.204587
0.204522
0.204451
0.204376
0.204294
0.204208
0.204116
0.204019
0.203916
0.203808
0.203695
0.203576
0.203452
0.203323
0.203188
0.203048
0.202903
0.202753
0.202597
0.202436
0.20227
0.202099
0.201922
0.201741
0.201554
0.201362
0.201164
0.200962
0.200755
0.200542
0.200324
0.200102
0.199874
0.199641
0.199403
0.199161
0.198913
0.19866
0.198403
0.19814
0.197873
0.1976
0.197323
0.197041
0.196755
0.196463
0.196167
0.195866
0.19556
0.19525
0.194934
0.194615
0.19429
0.193961
0.193628
0.19329
0.192947
0.1926
0.192249
0.191893
0.191532
0.191168
0.190798
0.190425
0.190047
0.189665
0.189279
0.188889
0.188494
0.188095
0.187692
0.187285
0.186874
0.186459
0.18604
0.185617
0.18519
0.184759
0.184325
0.183886
0.183444
0.182998
0.182548
0.182094
0.181637
0.181176
0.180712
0.180243
0.179772
0.179297
0.178818
0.178336
0.177851
0.177362
0.17687
0.176374
0.175876
0.175374
0.174869
0.174361
0.173849
0.173335
0.172818
0.172297
0.171774
0.171247
0.170718
0.170186
0.169651
0.169114
0.168573
0.16803
0.167484
0.166936
0.166385
0.165831
0.165275
0.164717
0.164156
0.163592
0.163026
0.162458
0.161888
0.161315
0.160741
0.160164
0.159584
0.159003
0.15842
0.157835
0.157247
0.156658
0.156067
0.155474
0.154879
0.154283
0.153684
0.153084
0.152483
0.151879
0.151274
0.150668
0.15006
0.149451
0.14884
0.148227
0.147614
0.146999
0.146382
0.145765
0.145146
0.144526
0.143905
0.143283
0.14266
0.142036
0.141411
0.140785
0.140158
0.13953
0.138901
0.138272
0.137642
0.137011
0.136379
0.135747
0.135114
0.134481
0.133847
0.133212
0.132577
0.131942
0.131306
0.13067
0.130034
0.129397
0.12876
0.128123
0.127486
0.126848
0.126211
0.125573
0.124935
0.124298
0.12366
0.123022
0.122385
0.121748
0.121111
0.120474
0.119837
0.1192
0.118564
0.117928
0.117293
0.116658
0.116023
0.115389
0.114755
0.114122
0.11349
0.112858
0.112226
0.111595
0.110965
0.110336
0.109707
0.10908
0.108452
0.107826
0.107201
0.106576
0.105953
0.10533
0.104708
0.104088
0.103468
0.102849
0.102232
0.101615
0.101
0.100386
0.099773
0.0991612
0.0985507
0.0979414
0.0973335
0.0967268
0.0961215
0.0955175
0.0949149
0.0943137
0.093714
0.0931157
0.0925189
0.0919236
0.0913298
0.0907375
0.0901469
0.0895578
0.0889703
0.0883845
0.0878003
0.0872178
0.086637
0.0860579
0.0854806
0.084905
0.0843311
0.0837591
0.0831889
0.0826205
0.082054
0.0814894
0.0809266
0.0803658
0.0798069
0.0792499
0.0786949
0.0781418
0.0775908
0.0770417
0.0764947
0.0759497
0.0754068
0.074866
0.0743272
0.0737906
0.073256
0.0727236
0.0721934
0.0716653
0.0711394
0.0706156
0.0700941
0.0695748
0.0690577
0.0685428
0.0680302
0.0675199
0.0670118
0.0665061
0.0660026
0.0655014
0.0650026
0.064506
0.0640118
0.06352
0.0630305
0.0625434
0.0620587
0.0615764
0.0610965
0.0606189
0.0601438
0.0596711
0.0592009
0.0587331
0.0582677
0.0578048
0.0573443
0.0568863
0.0564308
0.0559778
0.0555273
0.0550792
0.0546337
0.0541907
0.0537501
0.0533121
0.0528767
0.0524437
0.0520133
0.0515854
0.0511601
0.0507373
0.0503171
0.0498994
0.0494843
0.0490718
0.0486618
0.0482544
0.0478495
0.0474473
0.0470476
0.0466505
0.046256
0.045864
0.0454747
0.0450879
0.0447038
0.0443222
0.0439432
0.0435669
0.0431931
0.0428219
0.0424533
0.0420873
0.041724
0.0413632
0.041005
0.0406495
0.0402965
0.0399461
0.0395984
0.0392532
0.0389106
0.0385707
0.0382333
0.0378986
0.0375664
0.0372368
0.0369099
0.0365855
0.0362637
0.0359446
0.035628
0.035314
0.0350026
0.0346937
0.0343875
0.0340838
0.0337827
0.0334842
0.0331883
0.032895
0.0326042
0.032316
0.0320303
0.0317473
0.0314667
0.0311888
0.0309134
0.0306405
0.0303702
0.0301025
0.0298372
0.0295746
0.0293144
0.0290568
0.0288017
0.0285492
0.0282992
0.0280517
0.0278067
0.0275642
0.0273242
0.0270868
0.0268518
0.0266193
0.0263894
0.0261619
0.0259369
0.0257144
0.0254944
0.0252768
0.0250618
0.0248491
0.024639
0.0244313
0.0242261
0.0240233
0.023823
0.0236251
0.0234296
0.0232366
0.023046
0.0228579
0.0226721
0.0224888
0.0223079
0.0221295
0.0219534
0.0217797
0.0216084
0.0214396
0.0212731
0.021109
0.0209473
0.0207879
0.020631
0.0204764
0.0203242
0.0201744
0.0200269
0.0198817
0.019739
0.0195985
0.0194605
0.0193247
0.0191913
0.0190603
0.0189315
0.0188051
0.0186811
0.0185593
0.0184399
0.0183228
0.018208
0.0180954
0.0179853
0.0178774
0.0177718
0.0176685
0.0175675
0.0174687
0.0173723
0.0172782
0.0171863
0.0170967
0.0170094
0.0169244
0.0168416
0.0167611
0.0166829
0.0166069
0.0165332
0.0164617
0.0163925
0.0163256
0.0162609
0.0161985
0.0161383
0.0160803
0.0160246
0.0159712
0.0159199
0.0158709
0.0158242
0.0157797
0.0157374
0.0156974
0.0156596
0.015624
0.0155906
0.0155595
0.0155306
0.015504
0.0154795
0.0154573
0.0154373
0.0154195
0.015404
0.0153907
0.0153796
0.0153707
0.015364
0.0153596
0.0153574
)
;

boundaryField
{
    sides
    {
        type            zeroGradient;
    }
    empty
    {
        type            empty;
    }
}


// ************************************************************************* //
