/*--------------------------------*- C++ -*----------------------------------*\
  =========                 |
  \\      /  F ield         | OpenFOAM: The Open Source CFD Toolbox
   \\    /   O peration     | Website:  https://openfoam.org
    \\  /    A nd           | Version:  7
     \\/     M anipulation  |
\*---------------------------------------------------------------------------*/
FoamFile
{
    version     2.0;
    format      ascii;
    class       volScalarField;
    location    "2.97";
    object      T;
}
// * * * * * * * * * * * * * * * * * * * * * * * * * * * * * * * * * * * * * //

dimensions      [0 0 0 1 0 0 0];

internalField   nonuniform List<scalar> 
1000
(
0
0
0
0
0
0
0
0
0
0
0
0
0
0
0
0
0
0
0
0
0
0
0
0
0
0
0
0
0
0
0
0
0
0
0
0
0
0
0
0
0
0
0
0
0
0
0
0
0
0
0
0
0
0
0
0
0
0
0
0
0
0
0
0
0
0
0
0
0
0
0
0
0
0
0
0
0
0
0
0
0
0
0
0
0
0
0
0
0
0
0
0
0
0
0
0
0
0
0
0
0
0
0
0
0
0
0
0
0
0
0
0
0
0
0
0
0
-4.94066e-324
7.41098e-323
5.69164e-321
1.02904e-319
-2.26825e-318
-1.64079e-316
-2.62963e-315
7.94556e-314
4.69378e-312
5.39538e-311
-2.95901e-309
-1.28417e-307
-5.29461e-307
1.06997e-304
3.12731e-303
-2.49706e-302
-3.50895e-300
-5.69206e-299
2.00656e-297
9.66259e-296
1.69874e-295
-8.64834e-293
-1.88057e-291
4.40665e-290
2.57112e-288
5.64657e-288
-2.28515e-285
-4.37814e-284
1.40364e-282
6.24148e-281
-3.60994e-280
-6.27949e-278
-5.28743e-277
5.09382e-275
1.11998e-273
-3.36446e-272
-1.40322e-270
1.61896e-269
1.44521e-267
-1.62694e-267
-1.33607e-264
-8.91207e-264
1.15659e-261
1.55466e-260
-9.64786e-259
-1.8997e-257
7.94912e-256
2.01257e-254
-6.62498e-253
-1.96838e-251
5.70582e-250
1.8214e-248
-5.14887e-247
-1.60483e-245
4.87222e-244
1.33539e-242
-4.77277e-241
-1.02007e-239
4.73392e-238
6.63672e-237
-4.63019e-235
-2.76626e-234
4.33589e-232
-1.17791e-231
-3.74414e-229
4.78735e-228
2.79964e-226
-7.48816e-225
-1.54095e-223
8.64849e-222
1.36826e-221
-7.80712e-219
1.11296e-217
4.98777e-216
-1.84681e-214
-9.62064e-214
1.79512e-211
-2.77623e-210
-9.75883e-209
4.54545e-207
-1.92303e-206
-3.47047e-204
1.0208e-202
3.77397e-202
-9.76666e-200
2.35525e-198
1.67154e-197
-2.50056e-195
6.14944e-194
2.033e-193
-5.87029e-191
1.77782e-189
-1.12571e-188
-1.10103e-186
4.93355e-185
-9.14104e-184
-6.27777e-183
1.00911e-180
-3.54839e-179
6.31422e-178
2.55857e-177
-6.32453e-175
2.61031e-173
-6.73652e-172
1.01603e-170
6.29476e-170
-1.13493e-167
5.18027e-166
-1.73899e-164
4.94315e-163
-1.25225e-161
2.90021e-160
-6.23361e-159
1.25574e-157
-2.38737e-156
4.30561e-155
-7.39549e-154
1.21362e-152
-1.90764e-151
2.87824e-150
-4.17584e-149
5.83454e-148
-7.86098e-147
1.02245e-145
-1.28506e-144
1.56204e-143
-1.83767e-142
2.09381e-141
-2.31177e-140
2.47461e-139
-2.56927e-138
2.58831e-137
-2.53083e-136
2.40251e-135
-2.21471e-134
1.98285e-133
-1.72441e-132
1.4568e-131
-1.1956e-130
9.53219e-130
-7.38233e-129
5.55318e-128
-4.05667e-127
2.87729e-126
-1.98091e-125
1.32333e-124
-8.57446e-124
5.38603e-123
-3.27788e-122
1.93139e-121
-1.10086e-120
6.06364e-120
-3.22365e-119
1.65169e-118
-8.14108e-118
3.85144e-117
-1.74378e-116
7.52734e-116
-3.08207e-115
1.18832e-114
-4.26706e-114
1.40131e-113
-4.06606e-113
9.59959e-113
-1.32296e-112
-2.86534e-112
3.27284e-111
-1.65162e-110
6.14894e-110
-1.76696e-109
3.43769e-109
-3.52255e-110
-3.47652e-108
1.94096e-107
-6.82663e-107
1.61415e-106
-1.44478e-106
-8.90527e-106
5.94767e-105
-2.07756e-104
4.34681e-104
-8.07708e-105
-3.7885e-103
1.84618e-102
-4.92544e-102
5.10532e-102
2.26481e-101
-1.45907e-100
4.25271e-100
-5.01909e-100
-1.66815e-99
1.1274e-98
-3.12083e-98
2.7499e-98
1.58079e-97
-8.4361e-97
1.88861e-96
-8.29574e-98
-1.52079e-95
5.58915e-95
-7.70859e-95
-1.75554e-94
1.21837e-93
-2.77357e-93
-1.77548e-94
2.19745e-92
-7.00189e-92
5.7307e-92
3.45682e-91
-1.49665e-90
2.00588e-90
4.94436e-90
-2.91331e-89
4.89122e-89
6.83296e-89
-5.37855e-88
1.00527e-87
1.01344e-87
-9.64386e-87
1.83868e-86
1.7995e-86
-1.695e-85
3.02898e-85
3.7976e-85
-2.90688e-84
4.41595e-84
8.513e-84
-4.78327e-83
5.34258e-83
1.84054e-82
-7.34587e-82
4.22406e-82
3.64821e-81
-1.00931e-80
-1.77801e-81
6.4392e-80
-1.14734e-79
-1.63185e-79
9.82342e-79
-8.52904e-79
-4.16445e-78
1.22893e-77
2.4837e-78
-7.40132e-77
1.09538e-76
2.34931e-76
-9.85065e-76
2.51784e-76
5.00509e-75
-8.9095e-75
-1.38629e-74
6.77456e-74
-2.19927e-74
-3.27362e-73
5.57943e-73
9.66811e-73
-4.13398e-72
2.57139e-73
2.07575e-71
-2.63087e-71
-7.34155e-71
2.15607e-70
1.22638e-70
-1.19559e-69
6.72349e-70
5.11038e-69
-8.40257e-69
-1.62312e-68
5.55073e-68
2.51379e-68
-2.83357e-67
1.31342e-67
1.20107e-66
-1.59665e-66
-4.21319e-66
1.05201e-65
1.1114e-65
-5.52295e-65
-1.07523e-65
2.51657e-64
-1.17106e-64
-1.02547e-63
1.12918e-63
3.76432e-63
-6.94091e-63
-1.23068e-62
3.56682e-62
3.42546e-62
-1.64977e-61
-6.87818e-62
7.09487e-61
-2.23064e-63
-2.88893e-60
1.03982e-60
1.12729e-59
-7.69438e-60
-4.25409e-59
4.19306e-59
1.56471e-58
-1.99502e-58
-5.6502e-58
8.75347e-58
2.01737e-57
-3.63138e-57
-7.17192e-57
1.44361e-56
2.55536e-56
-5.54191e-56
-9.17439e-56
2.06323e-55
3.33037e-55
-7.46247e-55
-1.22332e-54
2.62117e-54
4.5379e-54
-8.91751e-54
-1.69263e-53
2.92266e-53
6.31134e-53
-9.13998e-53
-2.33705e-52
2.68124e-52
8.53596e-52
-7.13388e-52
-3.05431e-51
1.58445e-51
1.06315e-50
-2.07444e-51
-3.57204e-50
-5.10468e-51
1.14744e-49
5.87065e-50
-3.4776e-49
-3.27817e-49
9.73514e-49
1.46348e-48
-2.41639e-48
-5.72639e-48
4.78857e-48
2.01964e-47
-4.4115e-48
-6.4497e-47
-2.17657e-47
1.84211e-46
1.72506e-46
-4.52947e-46
-7.93604e-46
8.55967e-46
2.90516e-45
-6.24617e-46
-8.96217e-45
-4.3212e-45
2.30673e-44
2.90423e-44
-4.52889e-44
-1.17135e-43
4.02485e-44
3.64196e-43
1.73873e-43
-8.85705e-43
-1.21291e-42
1.46007e-42
4.60665e-42
-6.42477e-44
-1.2734e-41
-1.1166e-41
2.46281e-41
5.29485e-41
-1.71871e-41
-1.58785e-40
-1.0647e-40
3.19947e-40
5.99038e-40
-2.46346e-40
-1.82835e-39
-1.23508e-39
3.48937e-39
6.89838e-39
-1.66559e-39
-1.96081e-38
-1.72086e-38
3.11189e-38
7.88183e-38
1.04399e-38
-1.87485e-37
-2.44107e-37
1.84179e-37
8.29549e-37
5.36592e-37
-1.4096e-36
-3.05617e-36
-3.09302e-37
7.12333e-36
9.76103e-36
-4.92349e-36
-3.00861e-35
-2.7224e-35
3.69102e-35
1.14506e-34
6.47015e-35
-1.86525e-34
-4.08566e-34
-1.1852e-34
8.03826e-34
1.40511e-33
9.00704e-35
-3.17191e-33
-4.76482e-33
5.09126e-34
1.1838e-32
1.62354e-32
-3.33337e-33
-4.24769e-32
-5.63171e-32
1.20761e-32
1.47515e-31
1.99784e-31
-2.60539e-32
-4.95119e-31
-7.21141e-31
-2.39851e-32
1.59013e-30
2.61409e-30
6.6337e-31
-4.78074e-30
-9.34262e-30
-4.78193e-30
1.28581e-29
3.21993e-29
2.58056e-29
-2.75025e-29
-1.04094e-28
-1.1841e-28
2.43201e-29
3.02808e-28
4.77466e-28
1.78466e-28
-7.28102e-28
-1.68965e-27
-1.44605e-27
1.06776e-27
5.0843e-27
6.97179e-27
1.78809e-27
-1.17904e-26
-2.57767e-26
-2.27086e-26
1.29205e-26
7.3317e-26
1.11453e-25
5.52771e-26
-1.33085e-25
-3.75277e-25
-4.42855e-25
-6.05682e-26
8.27634e-25
1.75904e-24
1.71606e-24
-3.35051e-25
-4.32257e-24
-7.96789e-24
-6.89227e-24
2.94447e-24
2.06205e-23
3.59582e-23
3.02474e-23
-1.36462e-23
-9.23011e-23
-1.63525e-22
-1.47333e-22
3.5465e-23
3.85809e-22
7.43585e-22
7.70848e-22
8.25879e-23
-1.44582e-21
-3.29327e-21
-4.09318e-21
-1.9789e-21
4.28183e-21
1.35496e-20
2.08429e-20
1.76283e-20
-4.62597e-21
-4.73027e-20
-9.61102e-20
-1.16611e-19
-6.13282e-20
1.05701e-19
3.68618e-19
6.18841e-19
6.43661e-19
1.81781e-19
-9.29233e-19
-2.53023e-18
-3.92803e-18
-3.85323e-18
-7.84393e-19
6.22683e-18
1.63016e-17
2.54746e-17
2.626e-17
9.13059e-18
-3.31814e-17
-9.85613e-17
-1.67307e-16
-1.96895e-16
-1.25814e-16
1.07047e-16
5.23942e-16
1.05493e-15
1.48622e-15
1.4416e-15
4.39263e-16
-1.93433e-15
-5.71643e-15
-1.0163e-14
-1.33699e-14
-1.2146e-14
-2.4467e-15
1.93129e-14
5.38798e-14
9.58774e-14
1.30351e-13
1.30648e-13
5.99356e-14
-1.20869e-13
-4.36228e-13
-8.6926e-13
-1.32764e-12
-1.61008e-12
-1.38839e-12
-2.27814e-13
2.32619e-12
6.567e-12
1.23345e-11
1.86219e-11
2.31379e-11
2.1952e-11
9.43364e-12
-2.12087e-11
-7.64157e-11
-1.59405e-10
-2.65647e-10
-3.76686e-10
-4.52794e-10
-4.25808e-10
-1.94614e-10
3.72759e-10
1.42485e-09
3.09309e-09
5.4304e-09
8.31393e-09
1.13054e-08
1.34687e-08
1.31522e-08
7.76345e-09
-6.4177e-09
-3.43e-08
-8.1787e-08
-1.55136e-07
-2.59604e-07
-3.9702e-07
-5.61821e-07
-7.34967e-07
-8.75028e-07
-9.05576e-07
-6.97923e-07
-4.80821e-08
1.35326e-06
3.95906e-06
8.4138e-06
1.56123e-05
2.67708e-05
4.35107e-05
6.79571e-05
0.000102851
0.000151678
0.000218806
0.000309644
0.000430802
0.000590272
0.000797602
0.00106408
0.00140292
0.0018294
0.00236108
0.00301787
0.00382217
0.00479896
0.00597579
0.00738282
0.0090527
0.0110205
0.0133235
0.0160009
0.0190937
0.0226439
0.0266948
0.0312897
0.0364718
0.0422838
0.0487667
0.0559598
0.0638996
0.0726195
0.0821487
0.0925122
0.10373
0.115816
0.128778
0.142619
0.157334
0.172911
0.189331
0.206569
0.224593
0.243363
0.262835
0.282956
0.303671
0.324917
0.34663
0.368739
0.391171
0.413854
0.436709
0.459662
0.482636
0.505555
0.528346
0.550937
0.573258
0.595246
0.616839
0.63798
0.658616
0.678701
0.698192
0.717052
0.735251
0.752763
0.769566
0.785646
0.800992
0.815598
0.829465
0.842594
0.854993
0.866673
0.877648
0.887934
0.897552
0.906523
0.91487
0.922618
0.929793
0.936422
0.942533
0.948152
0.953309
0.95803
0.962343
0.966274
0.969849
0.973094
0.976033
0.978688
0.981083
0.983237
0.98517
0.9869
0.988445
0.98982
0.991037
0.992111
0.99305
0.993864
0.99456
0.995142
0.995614
0.995976
0.996226
0.99636
0.996371
0.996251
0.995985
0.99556
0.994957
0.994155
0.993129
0.991852
0.990294
0.988423
0.986203
0.983597
0.980565
0.977067
0.973061
0.968504
0.963354
0.95757
0.95111
0.943937
0.936014
0.927308
0.917791
0.907437
0.896228
0.884149
0.871192
0.857356
0.842646
0.827073
0.810655
0.79342
0.775398
0.756629
0.737159
0.717039
0.696325
0.675079
0.653367
0.631259
0.608827
0.586145
0.563289
0.540337
0.517363
0.494444
0.471654
0.449063
0.426741
0.404753
0.38316
0.36202
0.341384
0.321299
0.301808
0.282948
0.264749
0.247237
0.230434
0.214354
0.199008
0.184402
0.170535
0.157406
0.145007
0.133327
0.122352
0.112066
0.102448
0.0934771
0.0851301
0.0773821
0.070207
0.0635779
0.0574673
0.0518477
0.0466912
0.0419703
0.0376577
0.0337268
0.0301515
0.0269067
0.0239681
0.0213125
0.0189175
0.0167621
0.0148262
0.0130912
0.0115391
0.0101536
0.00891914
0.00782146
0.00684728
0.00598437
0.00522147
0.00454827
0.00395533
0.00343406
0.00297663
0.00257595
0.00222562
0.00191987
0.00165348
0.00142181
0.00122069
0.00104637
0.000895566
0.000765313
0.000653003
0.000556329
0.00047325
0.000401974
0.000340924
0.000288717
0.000244145
0.000206151
0.000173817
0.000146343
0.000123034
0.000103291
8.65922e-05
7.24911e-05
6.06013e-05
5.05911e-05
4.2176e-05
3.51122e-05
2.91917e-05
2.42364e-05
2.00952e-05
1.66392e-05
1.37593e-05
1.13627e-05
9.37121e-06
7.71865e-06
6.34924e-06
5.21604e-06
4.27958e-06
3.50677e-06
2.86986e-06
2.34567e-06
1.91482e-06
1.56116e-06
1.27124e-06
1.03389e-06
8.39823e-07
6.81353e-07
5.52117e-07
4.46856e-07
3.61231e-07
2.91665e-07
2.35219e-07
1.89473e-07
1.52446e-07
1.22512e-07
9.83428e-08
7.88508e-08
6.315e-08
5.05182e-08
4.03675e-08
3.22203e-08
2.56886e-08
2.04584e-08
1.6275e-08
1.29329e-08
1.02659e-08
8.14001e-09
6.44741e-09
5.10129e-09
4.03191e-09
3.18332e-09
2.51069e-09
1.9781e-09
1.55687e-09
1.22406e-09
9.61406e-10
7.54335e-10
5.9126e-10
4.62968e-10
3.62147e-10
2.82998e-10
2.20926e-10
1.72297e-10
1.3424e-10
1.04486e-10
8.1247e-11
6.31153e-11
4.89826e-11
3.79779e-11
2.94174e-11
2.27648e-11
1.75999e-11
1.3594e-11
1.04901e-11
8.08729e-12
6.22903e-12
4.79381e-12
3.68222e-12
2.85316e-12
2.00505e-12
)
;

boundaryField
{
    sides
    {
        type            zeroGradient;
    }
    empty
    {
        type            empty;
    }
}


// ************************************************************************* //
