/*--------------------------------*- C++ -*----------------------------------*\
  =========                 |
  \\      /  F ield         | OpenFOAM: The Open Source CFD Toolbox
   \\    /   O peration     | Website:  https://openfoam.org
    \\  /    A nd           | Version:  7
     \\/     M anipulation  |
\*---------------------------------------------------------------------------*/
FoamFile
{
    version     2.0;
    format      ascii;
    class       volScalarField;
    location    "3.51";
    object      T;
}
// * * * * * * * * * * * * * * * * * * * * * * * * * * * * * * * * * * * * * //

dimensions      [0 0 0 1 0 0 0];

internalField   nonuniform List<scalar> 
1000
(
0
0
0
0
0
0
0
0
0
0
0
0
0
0
0
0
0
0
0
0
0
0
0
0
0
0
0
0
0
0
0
0
0
0
0
0
0
0
0
0
0
0
0
0
0
0
0
0
0
0
0
0
0
0
0
0
0
0
0
0
0
0
0
0
0
0
0
0
0
0
0
0
0
0
0
0
0
0
0
0
0
0
0
0
0
0
0
0
0
0
0
0
0
0
0
0
-4.94066e-324
-4.44659e-323
6.32898e-321
1.05305e-319
-4.70184e-318
-1.43007e-316
2.96786e-315
1.5679e-313
-1.42608e-312
-1.53986e-310
2.15597e-310
1.41695e-307
6.36924e-307
-1.25494e-304
-1.16863e-303
1.09116e-301
1.44254e-300
-9.4665e-299
-1.52339e-297
8.30183e-296
1.4656e-294
-7.42348e-293
-1.30943e-291
6.7871e-290
1.08226e-288
-6.3196e-287
-8.0237e-286
5.93231e-284
4.83865e-283
-5.53007e-281
-1.41774e-280
5.01994e-278
-2.03365e-277
-4.32326e-275
5.22392e-274
3.393e-272
-7.7724e-271
-2.2354e-269
9.25107e-268
9.30814e-267
-9.28333e-265
3.57208e-264
7.6959e-262
-1.39892e-260
-4.68688e-259
1.95428e-257
9.30391e-257
-1.86687e-254
2.49102e-253
1.1688e-251
-4.40931e-250
-1.38195e-249
4.11321e-247
-7.61009e-246
-1.87233e-244
1.08699e-242
-9.61409e-242
-7.00862e-240
2.59684e-238
-7.46122e-238
-2.02523e-235
6.23311e-234
-4.22622e-234
-5.19013e-231
1.59522e-229
-5.14306e-229
-1.18953e-226
4.30242e-225
-4.29921e-224
-2.15715e-222
1.11733e-220
-2.19794e-219
-1.28715e-218
2.32182e-216
-7.85848e-215
1.15898e-213
1.86617e-212
-1.72807e-210
5.7167e-209
-1.02733e-207
-2.04257e-207
9.35112e-205
-4.10216e-203
1.14676e-201
-2.10521e-200
8.7736e-200
1.27388e-197
-7.12564e-196
2.62982e-194
-8.02103e-193
2.16353e-191
-5.32305e-190
1.21547e-188
-2.60422e-187
5.27512e-186
-1.01577e-184
1.86714e-183
-3.28707e-182
5.55702e-181
-9.04118e-180
1.41826e-178
-2.14835e-177
3.14671e-176
-4.46182e-175
6.13072e-174
-8.17036e-173
1.05692e-171
-1.32806e-170
1.62194e-169
-1.92635e-168
2.22604e-167
-2.50392e-166
2.74261e-165
-2.9263e-164
3.0424e-163
-3.08302e-162
3.04579e-161
-2.93411e-160
2.75664e-159
-2.52624e-158
2.25845e-157
-1.96981e-156
1.67626e-155
-1.3918e-154
1.12753e-153
-8.91228e-153
6.87277e-152
-5.17035e-151
3.79405e-150
-2.71528e-149
1.89483e-148
-1.28906e-147
8.54673e-147
-5.52095e-146
3.47335e-145
-2.12723e-144
1.26761e-143
-7.34516e-143
4.13582e-142
-2.26106e-141
1.19904e-140
-6.16069e-140
3.06272e-139
-1.47078e-138
6.80865e-138
-3.0306e-137
1.29273e-136
-5.26108e-136
2.0303e-135
-7.36262e-135
2.47314e-134
-7.50045e-134
1.94423e-133
-3.64617e-133
3.62191e-134
4.01312e-132
-2.52494e-131
1.0833e-130
-3.66945e-130
9.67194e-130
-1.60077e-129
-1.35757e-129
2.51034e-128
-1.26401e-127
4.32985e-127
-1.03301e-126
1.04447e-126
5.14062e-126
-3.76892e-125
1.42848e-124
-3.49899e-124
3.37023e-124
1.78653e-123
-1.2069e-122
4.10494e-122
-7.97478e-122
-1.63183e-122
8.31092e-121
-3.66002e-120
8.83388e-120
-5.68248e-120
-5.58029e-119
2.94325e-118
-7.61151e-118
5.96867e-118
4.24378e-117
-2.27453e-116
5.5615e-116
-2.68639e-116
-3.70157e-115
1.67601e-114
-3.34581e-114
-1.2836e-114
3.25999e-113
-1.10294e-112
1.37055e-112
3.99751e-112
-2.52675e-111
5.68708e-111
3.0625e-112
-4.57777e-110
1.52115e-109
-1.51866e-109
-6.70802e-109
3.33308e-108
-5.57433e-108
-7.48467e-108
6.48991e-107
-1.437e-106
-4.24668e-107
1.17635e-105
-3.1562e-105
6.97953e-106
2.05611e-104
-6.30342e-104
3.06944e-104
3.56763e-103
-1.17958e-102
6.88546e-103
6.26941e-102
-2.09598e-101
1.12721e-101
1.12229e-100
-3.54204e-100
1.25205e-100
2.02643e-99
-5.64191e-99
9.1652e-101
3.61392e-98
-8.29045e-98
-4.36998e-98
6.20178e-97
-1.07652e-96
-1.55574e-96
9.95222e-96
-1.11392e-95
-3.79925e-95
1.44281e-94
-5.74262e-95
-7.52408e-94
1.79025e-93
1.06e-93
-1.25012e-92
1.67438e-92
4.23391e-92
-1.71769e-91
5.73864e-92
8.7977e-91
-1.81133e-90
-1.93942e-90
1.32934e-89
-1.05694e-89
-5.67185e-89
1.45956e-88
8.69416e-89
-9.21298e-88
8.86106e-88
3.65408e-87
-9.89643e-87
-5.55924e-87
5.96352e-86
-5.08725e-86
-2.42964e-85
5.76143e-85
5.18694e-85
-3.58388e-84
1.7248e-84
1.60225e-83
-2.73484e-83
-4.86121e-83
1.89952e-82
3.13971e-83
-9.64184e-82
8.58507e-82
3.78816e-81
-7.93285e-81
-1.03574e-80
4.76766e-80
4.42445e-81
-2.28389e-79
1.8279e-79
9.03736e-79
-1.61142e-78
-2.82696e-78
9.64536e-78
5.30794e-78
-4.76775e-77
1.14438e-77
2.05059e-76
-1.94317e-76
-7.75408e-76
1.36555e-75
2.52202e-75
-7.50184e-75
-6.43119e-75
3.60144e-74
7.4282e-75
-1.57378e-73
5.02625e-74
6.37916e-73
-5.17309e-73
-2.4201e-72
3.21616e-72
8.61714e-72
-1.66844e-71
-2.87123e-71
7.82906e-71
8.85505e-71
-3.43811e-70
-2.46074e-70
1.43924e-69
5.73707e-70
-5.81048e-69
-8.39209e-70
2.28098e-68
-1.46928e-69
-8.7617e-68
2.07288e-68
3.30976e-67
-1.24367e-67
-1.2346e-66
5.95943e-67
4.56244e-66
-2.53964e-66
-1.67449e-65
9.98447e-66
6.11327e-65
-3.67157e-65
-2.2216e-64
1.26511e-64
8.03416e-64
-4.04777e-64
-2.88789e-63
1.17114e-63
1.02965e-62
-2.85112e-63
-3.63094e-62
4.3542e-63
1.2618e-61
8.14907e-63
-4.30184e-61
-1.19587e-61
1.4309e-60
7.51724e-61
-4.61072e-60
-3.77114e-60
1.42531e-59
1.67956e-59
-4.16533e-59
-6.88996e-59
1.12197e-58
2.64353e-58
-2.64079e-58
-9.54047e-58
4.62604e-58
3.23787e-57
-7.55276e-59
-1.02755e-56
-4.47249e-57
3.01018e-56
2.85858e-56
-7.92552e-56
-1.29104e-55
1.76116e-55
4.91046e-55
-2.65914e-55
-1.64358e-54
-1.48663e-55
4.86553e-54
3.39751e-54
-1.24345e-53
-1.79779e-53
2.52364e-53
6.96704e-53
-2.73662e-53
-2.22597e-52
-7.5441e-53
5.92433e-52
6.46103e-52
-1.23024e-51
-2.77207e-51
1.40502e-51
8.96844e-51
3.06188e-51
-2.28583e-50
-2.71138e-50
4.16872e-50
1.10368e-49
-2.23479e-50
-3.24494e-49
-2.20926e-49
6.9577e-49
1.22661e-48
-7.83534e-49
-4.04877e-48
-1.64782e-48
9.35481e-48
1.33457e-47
-1.21308e-47
-4.74135e-47
-1.46788e-47
1.10739e-46
1.50754e-46
-1.3657e-46
-5.35912e-46
-2.04542e-46
1.17657e-45
1.78762e-45
-1.10592e-45
-5.80613e-45
-3.56759e-45
1.08629e-44
2.1309e-44
-3.36429e-45
-5.77793e-44
-5.84434e-44
7.69236e-44
2.37261e-43
9.04549e-44
-4.82156e-43
-8.09411e-43
2.02893e-43
2.24784e-42
2.30002e-42
-2.625e-42
-8.95013e-42
-5.03069e-42
1.52834e-41
3.20421e-41
4.99234e-42
-7.06635e-41
-1.05982e-40
2.73679e-41
2.90386e-40
3.29997e-40
-2.38066e-40
-1.11176e-39
-9.84369e-40
1.24331e-39
4.07334e-39
2.87561e-39
-5.42068e-39
-1.45406e-38
-8.49201e-39
2.13882e-38
5.12062e-38
2.6436e-38
-7.87791e-38
-1.79304e-37
-9.01401e-38
2.74046e-37
6.26277e-37
3.39942e-37
-8.99811e-37
-2.17843e-36
-1.3808e-36
2.75149e-36
7.49846e-36
5.79159e-36
-7.56267e-36
-2.52651e-35
-2.4188e-35
1.69495e-35
8.20005e-35
9.80762e-35
-1.91995e-35
-2.50274e-34
-3.79178e-34
-8.78858e-35
6.89263e-34
1.37496e-33
8.47847e-34
-1.56005e-33
-4.57994e-33
-4.58839e-33
1.97142e-33
1.35312e-32
1.97336e-32
5.69901e-33
-3.27986e-32
-7.15717e-32
-5.84087e-32
4.90589e-32
2.16503e-31
2.91895e-31
7.08748e-32
-4.99368e-31
-1.08456e-30
-9.55553e-31
5.37533e-31
3.07315e-30
4.68321e-30
2.33763e-30
-5.56706e-30
-1.57304e-29
-1.85006e-29
-2.27983e-30
3.51005e-29
7.36389e-29
6.9985e-29
-1.87332e-29
-1.86274e-28
-3.31254e-28
-2.66474e-28
1.68829e-28
9.06549e-28
1.47751e-27
1.08115e-27
-9.25057e-28
-4.1861e-27
-6.6538e-27
-4.88518e-27
3.94182e-27
1.85281e-26
3.03808e-26
2.45917e-26
-1.23453e-26
-7.79448e-26
-1.39247e-25
-1.32098e-25
1.11334e-26
3.01961e-25
6.26135e-25
7.16505e-25
2.35621e-25
-9.93846e-25
-2.66315e-24
-3.742e-24
-2.6269e-24
2.06586e-24
1.00812e-23
1.80333e-23
1.89987e-23
4.61684e-24
-2.94853e-23
-7.59609e-23
-1.09524e-22
-8.86483e-23
2.82252e-23
2.49933e-22
5.11744e-22
6.49166e-22
4.20584e-22
-3.89298e-22
-1.78046e-21
-3.31471e-21
-3.98519e-21
-2.36261e-21
2.80924e-21
1.15364e-20
2.12787e-20
2.61005e-20
1.72824e-20
-1.35633e-20
-6.84477e-20
-1.35073e-19
-1.80264e-19
-1.5031e-19
1.51581e-20
3.51044e-19
8.18232e-19
1.25204e-18
1.3359e-18
6.40959e-19
-1.22679e-18
-4.35172e-18
-8.13903e-18
-1.09683e-17
-1.00887e-17
-2.05259e-18
1.60213e-17
4.42273e-17
7.69508e-17
1.00111e-16
9.0184e-17
1.72694e-17
-1.45406e-16
-4.04042e-16
-7.19822e-16
-9.82736e-16
-9.94764e-16
-4.79767e-16
8.58422e-16
3.20979e-15
6.45571e-15
9.90862e-15
1.20551e-14
1.04204e-14
1.73472e-15
-1.73786e-14
-4.89738e-14
-9.14964e-14
-1.36757e-13
-1.66689e-13
-1.50999e-13
-4.75311e-14
1.92163e-13
6.09109e-13
1.21239e-12
1.94254e-12
2.62469e-12
2.91878e-12
2.28173e-12
-3.29218e-14
-4.90171e-12
-1.31376e-11
-2.51247e-11
-4.02365e-11
-5.60184e-11
-6.71687e-11
-6.44475e-11
-3.37813e-11
4.39703e-11
1.91878e-10
4.33443e-10
7.85468e-10
1.24582e-09
1.77457e-09
2.2673e-09
2.52009e-09
2.1876e-09
7.38119e-10
-2.58594e-09
-8.78701e-09
-1.90869e-08
-3.48199e-08
-5.71925e-08
-8.68343e-08
-1.23042e-07
-1.62586e-07
-1.97906e-07
-2.14493e-07
-1.87194e-07
-7.51238e-08
1.85172e-07
6.88744e-07
1.57392e-06
3.03719e-06
5.35188e-06
8.89116e-06
1.41562e-05
2.18099e-05
3.27169e-05
4.79906e-05
6.90471e-05
9.76677e-05
0.000136068
0.000186977
0.00025372
0.000340317
0.000451574
0.000593195
0.000771889
0.000995478
0.00127301
0.00161488
0.00203291
0.00254046
0.00315252
0.00388576
0.00475861
0.00579126
0.00700568
0.00842562
0.0100765
0.0119854
0.0141809
0.0166929
0.0195524
0.0227915
0.0264427
0.0305391
0.0351137
0.0401993
0.0458278
0.0520301
0.0588357
0.0662722
0.0743645
0.0831353
0.0926038
0.102786
0.113694
0.125335
0.137714
0.150828
0.164673
0.179237
0.194505
0.210457
0.227067
0.244305
0.262137
0.280524
0.299423
0.318787
0.338568
0.358712
0.379164
0.399869
0.420768
0.441802
0.462911
0.484036
0.505119
0.526101
0.546927
0.567542
0.587894
0.607934
0.627617
0.646898
0.665738
0.684101
0.701955
0.719271
0.736026
0.752198
0.76777
0.78273
0.797068
0.810779
0.823859
0.836311
0.848138
0.859345
0.869944
0.879944
0.889359
0.898206
0.906499
0.914259
0.921504
0.928255
0.934532
0.940357
0.945751
0.950736
0.955334
0.959566
0.963453
0.967015
0.970273
0.973244
0.975946
0.978397
0.980612
0.982605
0.984389
0.985975
0.987372
0.98859
0.989633
0.990506
0.991211
0.991748
0.992114
0.992306
0.992317
0.992137
0.991755
0.991156
0.990326
0.989245
0.987894
0.986248
0.984283
0.981974
0.979292
0.976208
0.972693
0.968715
0.964243
0.959247
0.953696
0.947561
0.940814
0.933428
0.925379
0.916645
0.907209
0.897055
0.886171
0.87455
0.862189
0.849089
0.835257
0.820704
0.805445
0.789501
0.772897
0.755665
0.737838
0.719455
0.70056
0.681198
0.66142
0.641278
0.620827
0.600123
0.579226
0.558193
0.537085
0.515961
0.494879
0.473897
0.453072
0.432457
0.412105
0.392064
0.372382
0.353102
0.334262
0.315899
0.298045
0.280728
0.263974
0.247802
0.23223
0.21727
0.202932
0.189221
0.176141
0.163689
0.151862
0.140655
0.130056
0.120056
0.110641
0.101795
0.0935008
0.085741
0.0784959
0.0717453
0.065468
0.0596428
0.0542477
0.049261
0.0446607
0.0404251
0.0365328
0.0329627
0.0296945
0.0267082
0.0239845
0.021505
0.0192518
0.0172081
0.0153576
0.0136851
0.0121762
0.0108172
0.00959543
0.00849884
0.00751633
0.00663752
0.0058528
0.00515326
0.00453069
0.00397753
0.00348685
0.0030523
0.00266808
0.00232891
0.00202996
0.0017669
0.00153577
0.00133301
0.00115542
0.0010001
0.00086448
0.000746228
0.000643277
0.000553781
0.000476096
0.000408763
0.000350486
0.000300121
0.000256656
0.000219199
0.000186965
0.000159266
0.000135496
0.000115126
9.7694e-05
8.27968e-05
7.00831e-05
5.92475e-05
5.00248e-05
4.21856e-05
3.55311e-05
2.98896e-05
2.51133e-05
2.10747e-05
1.76643e-05
1.47881e-05
1.23654e-05
1.03274e-05
8.61515e-06
7.17819e-06
5.97508e-06
4.96059e-06
4.15918e-06
3.19836e-06
)
;

boundaryField
{
    sides
    {
        type            zeroGradient;
    }
    empty
    {
        type            empty;
    }
}


// ************************************************************************* //
