/*--------------------------------*- C++ -*----------------------------------*\
  =========                 |
  \\      /  F ield         | OpenFOAM: The Open Source CFD Toolbox
   \\    /   O peration     | Website:  https://openfoam.org
    \\  /    A nd           | Version:  7
     \\/     M anipulation  |
\*---------------------------------------------------------------------------*/
FoamFile
{
    version     2.0;
    format      ascii;
    class       volScalarField;
    location    "1.17";
    object      T;
}
// * * * * * * * * * * * * * * * * * * * * * * * * * * * * * * * * * * * * * //

dimensions      [0 0 0 1 0 0 0];

internalField   nonuniform List<scalar> 
1000
(
0
0
0
0
0
0
0
0
0
0
0
0
0
0
0
0
0
0
0
0
0
0
0
0
0
0
0
0
0
0
0
0
0
0
0
0
0
0
0
0
0
0
0
0
0
0
0
0
0
0
0
0
0
0
0
0
0
0
0
0
0
0
0
0
0
0
0
0
0
0
0
0
0
0
0
0
0
0
0
0
0
0
0
0
0
0
0
0
0
0
0
0
0
0
0
0
0
0
0
0
0
0
0
0
0
0
0
0
0
0
0
0
0
0
0
0
0
0
0
0
0
0
0
0
0
0
0
0
0
0
0
0
0
0
0
0
0
0
0
0
0
0
0
0
0
0
0
0
0
0
0
0
0
0
0
0
0
0
0
0
0
0
0
0
0
0
0
0
0
0
0
0
0
0
0
0
0
0
0
0
0
0
0
0
0
0
0
0
0
0
0
0
0
0
0
0
0
0
0
0
0
0
0
0
0
0
0
0
0
-9.88131e-324
-7.41098e-322
-7.45792e-320
-7.53118e-318
-7.57128e-316
-7.57757e-314
-7.5495e-312
-7.48696e-310
-7.39034e-308
-7.26047e-306
-7.09868e-304
-6.90672e-302
-6.68677e-300
-6.44138e-298
-6.17344e-296
-5.88609e-294
-5.5827e-292
-5.26676e-290
-4.94184e-288
-4.61149e-286
-4.27922e-284
-3.94838e-282
-3.62213e-280
-3.30338e-278
-2.99475e-276
-2.69851e-274
-2.41661e-272
-2.1506e-270
-1.90168e-268
-1.67067e-266
-1.45803e-264
-1.26391e-262
-1.08814e-260
-9.3028e-259
-7.89678e-257
-6.65477e-255
-5.56676e-253
-4.62161e-251
-3.80752e-249
-3.11229e-247
-2.52371e-245
-2.02976e-243
-1.61891e-241
-1.28024e-239
-1.00364e-237
-7.79814e-236
-6.00407e-234
-4.57984e-232
-3.46027e-230
-2.58897e-228
-1.91776e-226
-1.40608e-224
-1.02013e-222
-7.3217e-221
-5.19708e-219
-3.64724e-217
-2.52983e-215
-1.73379e-213
-1.17361e-211
-7.84365e-210
-5.17373e-208
-3.36668e-206
-2.16034e-204
-1.36633e-202
-8.51308e-201
-5.22252e-199
-3.15271e-197
-1.87166e-195
-1.09198e-193
-6.25648e-192
-3.51741e-190
-1.9387e-188
-1.04658e-186
-5.5277e-185
-2.85297e-183
-1.43696e-181
-7.05198e-180
-3.36609e-178
-1.5595e-176
-6.99543e-175
-3.02915e-173
-1.26153e-171
-5.0292e-170
-1.90727e-168
-6.82111e-167
-2.27088e-165
-6.88903e-164
-1.82826e-162
-3.83561e-161
-3.9348e-160
1.55099e-158
1.23657e-156
5.15287e-155
1.51901e-153
2.85373e-152
-2.9399e-152
-2.92085e-149
-1.39148e-147
-3.77756e-146
-4.04104e-145
1.8275e-143
1.19668e-141
3.37361e-140
2.54524e-139
-2.21699e-137
-1.1167e-135
-2.12411e-134
2.88691e-133
3.06087e-131
7.72633e-130
-3.77129e-129
-8.55837e-127
-2.23052e-125
1.69116e-124
2.58079e-122
5.12424e-121
-1.17818e-119
-7.56269e-118
-5.28591e-117
6.04341e-115
1.62031e-113
-2.89577e-112
-1.96085e-110
-1.33764e-111
1.82167e-107
1.92722e-106
-1.516e-104
-2.85148e-103
1.24426e-101
3.05561e-100
-1.08766e-98
-2.77093e-97
1.04728e-95
2.09585e-94
-1.0722e-92
-1.03543e-91
1.06679e-89
-3.62295e-89
-8.99864e-87
1.79444e-85
4.62892e-84
-2.54439e-82
1.81998e-81
1.75819e-79
-6.47537e-78
4.40345e-77
4.12587e-75
-1.83307e-73
3.43843e-72
1.55011e-71
-3.55791e-69
1.50818e-67
-4.4213e-66
1.04812e-64
-2.12816e-63
3.81037e-62
-6.12119e-61
8.92392e-60
-1.19008e-58
1.46014e-57
-1.65519e-56
1.73898e-55
-1.69715e-54
1.54097e-53
-1.3029e-52
1.02615e-51
-7.52618e-51
5.13559e-50
-3.25478e-49
1.91081e-48
-1.03507e-47
5.14364e-47
-2.32461e-46
9.42459e-46
-3.34792e-45
9.94054e-45
-2.17566e-44
1.61581e-44
1.42235e-43
-9.19546e-43
3.24167e-42
-6.81615e-42
1.02797e-42
5.87997e-41
-2.64097e-40
5.79071e-40
-3.48269e-41
-4.75349e-39
1.78564e-38
-2.51163e-38
-5.49435e-38
3.73469e-37
-7.61235e-37
-4.5347e-37
6.80626e-36
-1.5723e-35
-5.15442e-36
1.19698e-34
-2.58796e-34
-1.72193e-34
2.03644e-33
-3.28898e-33
-5.75076e-33
3.10233e-32
-2.39042e-32
-1.37171e-31
3.67687e-31
1.74509e-31
-2.27991e-30
2.35659e-30
8.82034e-30
-2.36231e-29
-1.61968e-29
1.36897e-28
-6.74178e-29
-5.94675e-28
8.78804e-28
2.01507e-27
-5.67022e-27
-4.89481e-27
2.85746e-26
3.65807e-27
-1.25146e-25
4.75967e-26
5.00814e-25
-3.91321e-25
-1.89304e-24
2.09179e-24
6.93987e-24
-9.30449e-24
-2.52097e-23
3.67648e-23
9.20337e-23
-1.31673e-22
-3.38879e-22
4.25615e-22
1.24873e-21
-1.20134e-21
-4.52871e-21
2.66692e-21
1.58111e-20
-2.61348e-21
-5.17533e-20
-1.58489e-20
1.53392e-19
1.32703e-19
-3.88317e-19
-6.41308e-19
7.24371e-19
2.38619e-18
-3.26759e-19
-7.07065e-18
-4.83923e-18
1.5609e-17
2.71974e-17
-1.74745e-17
-9.01022e-17
-4.28232e-17
1.93881e-16
3.17625e-16
-1.53622e-16
-9.86556e-16
-7.56093e-16
1.57509e-15
3.8129e-15
9.13378e-16
-8.14263e-15
-1.29738e-14
2.02688e-15
3.3745e-14
4.29171e-14
-1.72862e-14
-1.25577e-13
-1.4882e-13
6.07497e-14
4.35185e-13
5.54516e-13
-8.49072e-14
-1.38594e-12
-2.13381e-12
-5.54389e-13
3.76319e-12
7.84211e-12
5.75009e-12
-6.71598e-12
-2.48765e-11
-3.18403e-11
-6.42422e-12
5.63493e-11
1.233e-10
1.21799e-10
-2.11113e-11
-3.02684e-10
-5.73124e-10
-5.40303e-10
8.79705e-11
1.33185e-09
2.65995e-09
2.92805e-09
7.6961e-10
-4.48651e-09
-1.16199e-08
-1.66817e-08
-1.3399e-08
4.43037e-09
3.84912e-08
8.05776e-08
1.08802e-07
8.88706e-08
-1.62216e-08
-2.26591e-07
-5.18225e-07
-7.95579e-07
-8.76879e-07
-5.08706e-07
5.7373e-07
2.53028e-06
5.24614e-06
8.13126e-06
9.93581e-06
8.6547e-06
1.61609e-06
-1.41377e-05
-4.107e-05
-7.98801e-05
-0.000127695
-0.00017572
-0.000206425
-0.000190403
-8.31134e-05
0.000178213
0.000677212
0.00152024
0.00283714
0.00478073
0.00752474
0.0112603
0.0161907
0.0225254
0.0304721
0.0402291
0.0519764
0.0658681
0.0820245
0.100526
0.121407
0.144655
0.170206
0.197947
0.22772
0.259321
0.292511
0.327019
0.362551
0.398801
0.435452
0.472192
0.508715
0.544734
0.579981
0.614214
0.647223
0.678827
0.70888
0.73727
0.763916
0.788769
0.811808
0.83304
0.852494
0.870218
0.886277
0.900751
0.913727
0.925301
0.935573
0.944646
0.952621
0.959598
0.965674
0.970943
0.97549
0.9794
0.982745
0.985598
0.988019
0.990067
0.991791
0.993239
0.994449
0.995457
0.996293
0.996985
0.997555
0.998023
0.998406
0.998719
0.998973
0.99918
0.999346
0.99948
0.999588
0.999674
0.999743
0.999798
0.999842
0.999876
0.999903
0.999925
0.999942
0.999955
0.999966
0.999974
0.99998
0.999985
0.999987
0.999988
0.999988
0.999986
0.999986
0.999988
0.999996
1.00001
1.00004
1.00008
1.00013
1.00018
1.00021
1.00019
1.00008
0.999822
0.999323
0.99848
0.997163
0.995219
0.992475
0.98874
0.983809
0.977475
0.969528
0.959771
0.948024
0.934132
0.917975
0.899474
0.878593
0.855345
0.829794
0.802053
0.77228
0.740679
0.707489
0.672981
0.637449
0.601199
0.564548
0.527808
0.491285
0.455266
0.420019
0.385786
0.352777
0.321173
0.29112
0.26273
0.236084
0.211231
0.188192
0.16696
0.147506
0.129782
0.113723
0.0992492
0.0862731
0.0746989
0.0644266
0.055354
0.0473793
0.0404022
0.0343258
0.0290574
0.0245095
0.0206005
0.0172545
0.0144024
0.011981
0.00993338
0.00820859
0.00676124
0.00555126
0.00454341
0.00370695
0.00301519
0.00244509
0.00197686
0.00159358
0.00128087
0.00102658
0.00082044
0.000653864
0.000519673
0.000411899
0.0003256
0.000256701
0.000201853
0.000158315
0.000123852
9.66475e-05
7.52316e-05
5.84179e-05
4.52523e-05
3.49702e-05
2.69606e-05
2.07372e-05
1.59137e-05
1.21845e-05
9.3082e-06
7.09515e-06
5.39643e-06
4.09554e-06
3.10161e-06
2.34393e-06
1.76765e-06
1.33031e-06
9.99127e-07
7.48883e-07
5.60198e-07
4.18229e-07
3.1163e-07
2.31755e-07
1.72025e-07
1.27449e-07
9.42481e-08
6.95678e-08
5.1257e-08
3.76978e-08
2.7676e-08
2.02827e-08
1.48386e-08
1.08369e-08
7.90098e-09
5.7507e-09
4.17864e-09
3.0313e-09
2.1954e-09
1.58743e-09
1.14598e-09
8.2598e-10
5.94401e-10
4.27085e-10
3.06393e-10
2.19473e-10
1.56974e-10
1.12105e-10
7.99424e-11
5.69237e-11
4.04742e-11
2.87368e-11
2.03741e-11
1.44247e-11
1.01982e-11
7.20018e-12
5.07651e-12
3.57434e-12
2.51329e-12
1.76485e-12
1.23765e-12
8.66803e-13
6.06286e-13
4.23522e-13
2.95474e-13
2.0588e-13
1.43273e-13
9.95802e-14
6.9127e-14
4.79283e-14
3.31902e-14
2.29566e-14
1.58594e-14
1.09435e-14
7.54249e-15
5.19242e-15
3.57047e-15
2.45237e-15
1.6825e-15
1.15302e-15
7.89286e-16
5.397e-16
3.68634e-16
2.51517e-16
1.71424e-16
1.1671e-16
7.93759e-17
5.39275e-17
3.65998e-17
2.48141e-17
1.68063e-17
1.13711e-17
7.68587e-18
5.18977e-18
3.50083e-18
2.3592e-18
1.5883e-18
1.06826e-18
7.17799e-19
4.8185e-19
3.23153e-19
2.16518e-19
1.44935e-19
9.69273e-20
6.47619e-20
4.32309e-20
2.88319e-20
1.92115e-20
1.27896e-20
8.50685e-21
5.65321e-21
3.75354e-21
2.49004e-21
1.65043e-21
1.09299e-21
7.23204e-22
4.78122e-22
3.15829e-22
2.0845e-22
1.37464e-22
9.05777e-23
5.96343e-23
3.923e-23
2.57863e-23
1.6936e-23
1.11145e-23
7.28822e-24
4.77543e-24
3.12654e-24
2.0454e-24
1.33709e-24
8.73387e-25
5.70064e-25
3.71802e-25
2.42312e-25
1.57802e-25
1.0269e-25
6.67769e-26
4.33915e-26
2.81753e-26
1.82817e-26
1.18537e-26
7.68036e-27
4.9728e-27
3.21747e-27
2.08029e-27
1.34409e-27
8.67833e-28
5.59943e-28
3.6104e-28
2.32633e-28
1.49794e-28
9.63888e-29
6.19824e-29
3.98312e-29
2.55794e-29
1.64163e-29
1.05287e-29
6.74833e-30
4.32252e-30
2.76694e-30
1.77005e-30
1.13162e-30
7.23e-31
4.61643e-31
2.94581e-31
1.8786e-31
1.19729e-31
7.626e-32
4.85435e-32
3.08819e-32
1.96343e-32
1.24758e-32
7.92253e-33
5.02809e-33
3.18924e-33
2.0217e-33
1.28084e-33
8.11007e-34
5.1322e-34
3.2459e-34
2.05172e-34
1.29616e-34
8.18378e-35
5.16425e-35
3.25701e-35
2.05301e-35
1.29338e-35
8.14369e-36
5.12485e-36
3.22334e-36
2.02628e-36
1.27309e-36
7.99441e-37
5.01748e-37
3.14742e-37
1.97332e-37
1.23656e-37
7.74471e-38
4.84811e-38
3.03331e-38
1.89688e-38
1.18561e-38
7.40671e-39
4.62477e-39
2.88627e-39
1.8004e-39
1.1225e-39
6.99501e-40
4.35691e-40
2.71242e-40
1.68781e-40
1.04974e-40
6.52577e-41
4.05484e-41
2.51831e-41
1.56329e-41
9.69982e-42
6.01569e-42
3.72911e-42
2.31059e-42
1.431e-42
8.85844e-43
5.48121e-43
3.38998e-43
2.09567e-43
1.29494e-43
7.99807e-44
4.93771e-44
3.047e-44
1.87944e-44
1.15875e-44
7.1411e-45
4.39895e-45
2.7086e-45
1.66707e-45
1.02559e-45
6.30681e-46
3.87668e-46
2.38192e-46
1.46288e-46
8.98069e-47
5.51098e-47
3.38039e-47
2.07264e-47
1.27029e-47
7.78223e-48
4.7657e-48
2.91724e-48
1.78502e-48
1.09179e-48
6.67511e-49
4.07948e-49
2.49218e-49
1.52188e-49
9.28991e-50
5.66855e-50
3.4575e-50
2.10806e-50
1.2848e-50
7.82746e-51
4.76693e-51
2.90196e-51
1.76595e-51
1.07424e-51
6.53217e-52
3.97056e-52
2.41259e-52
1.46539e-52
8.8974e-53
5.40022e-53
3.27642e-53
1.98714e-53
1.20476e-53
7.30151e-54
4.42353e-54
2.67897e-54
1.62185e-54
9.8152e-55
5.9379e-55
3.59097e-55
2.1709e-55
1.31182e-55
7.94468e-56
4.46321e-56
)
;

boundaryField
{
    sides
    {
        type            zeroGradient;
    }
    empty
    {
        type            empty;
    }
}


// ************************************************************************* //
