/*--------------------------------*- C++ -*----------------------------------*\
  =========                 |
  \\      /  F ield         | OpenFOAM: The Open Source CFD Toolbox
   \\    /   O peration     | Website:  https://openfoam.org
    \\  /    A nd           | Version:  7
     \\/     M anipulation  |
\*---------------------------------------------------------------------------*/
FoamFile
{
    version     2.0;
    format      ascii;
    class       volScalarField;
    location    "1.59";
    object      T;
}
// * * * * * * * * * * * * * * * * * * * * * * * * * * * * * * * * * * * * * //

dimensions      [0 0 0 1 0 0 0];

internalField   nonuniform List<scalar> 
1000
(
0
0
0
0
0
0
0
0
0
0
0
0
0
0
0
0
0
0
0
0
0
0
0
0
0
0
0
0
0
0
0
0
0
0
0
0
0
0
0
0
0
0
0
0
0
0
0
0
0
0
0
0
0
0
0
0
0
0
0
0
0
0
0
0
0
0
0
0
0
0
0
0
0
0
0
0
0
0
0
0
0
0
0
0
0
0
0
0
0
0
0
0
0
0
0
0
0
0
0
0
0
0
0
0
0
0
0
0
0
0
0
0
0
0
0
0
0
0
0
0
0
0
0
0
0
0
0
0
0
0
0
0
0
0
0
0
0
0
0
0
0
0
0
0
0
0
0
0
0
0
0
0
0
0
0
0
0
0
0
0
0
0
0
0
0
0
0
0
0
0
0
0
0
0
0
0
0
0
0
0
0
0
-7.41098e-323
-5.30132e-321
-4.0875e-319
-3.13362e-317
-2.38584e-315
-1.8038e-313
-1.35403e-311
-1.00905e-309
-7.46415e-308
-5.47991e-306
-3.99237e-304
-2.88596e-302
-2.0696e-300
-1.47215e-298
-1.03853e-296
-7.26454e-295
-5.03791e-293
-3.4631e-291
-2.35924e-289
-1.59252e-287
-1.06491e-285
-7.05295e-284
-4.62547e-282
-3.0031e-280
-1.92977e-278
-1.22703e-276
-7.7179e-275
-4.80085e-273
-2.95244e-271
-1.79455e-269
-1.07769e-267
-6.39214e-266
-3.74328e-264
-2.16341e-262
-1.23346e-260
-6.93444e-259
-3.8423e-257
-2.09719e-255
-1.12696e-253
-5.95848e-252
-3.09766e-250
-1.58229e-248
-7.93497e-247
-3.90326e-245
-1.8815e-243
-8.87756e-242
-4.09495e-240
-1.84392e-238
-8.09178e-237
-3.45382e-235
-1.43048e-233
-5.73226e-232
-2.21438e-230
-8.20736e-229
-2.89996e-227
-9.67892e-226
-3.00842e-224
-8.49723e-223
-2.07383e-221
-3.79121e-220
-1.58857e-219
2.796e-217
1.7252e-215
6.83779e-214
2.05943e-212
4.45478e-211
3.66746e-210
-2.40578e-208
-1.59864e-206
-5.79877e-205
-1.35477e-203
-1.06159e-202
7.96282e-201
4.82302e-199
1.49079e-197
2.20716e-196
-4.40119e-195
-4.07861e-193
-1.35047e-191
-1.83541e-190
5.3097e-189
3.93249e-187
1.06356e-185
3.90682e-185
-8.68592e-183
-3.61009e-181
-4.82226e-180
1.73682e-178
1.05767e-176
1.88822e-175
-3.916e-174
-3.02743e-172
-5.52964e-171
1.23482e-169
8.75148e-168
1.23837e-166
-4.98315e-165
-2.43201e-163
-1.22613e-162
2.00032e-160
5.58215e-159
-6.99185e-158
-6.61637e-156
-5.90971e-155
5.12756e-153
1.39646e-151
-2.6265e-150
-1.66761e-148
2.75678e-148
1.57481e-145
1.39774e-144
-1.32219e-142
-2.34097e-141
1.0571e-139
2.71637e-138
-8.55598e-137
-2.71509e-135
7.40838e-134
2.47053e-132
-7.04768e-131
-2.04154e-129
7.21034e-128
1.43375e-126
-7.4884e-125
-6.44118e-124
7.33751e-122
-2.75353e-121
-6.15822e-119
1.14833e-117
3.57106e-116
-1.65008e-114
8.62315e-115
1.42573e-111
-3.33531e-110
-4.19607e-109
3.99279e-107
-7.58683e-106
-1.16738e-104
1.01943e-102
-2.42101e-101
-9.11243e-102
2.08126e-98
-8.08549e-97
1.58559e-95
-1.03088e-95
-1.26892e-92
6.08117e-91
-1.95917e-89
5.12061e-88
-1.15666e-86
2.32842e-85
-4.25269e-84
7.12964e-83
-1.10614e-81
1.59763e-80
-2.15794e-79
2.7354e-78
-3.26306e-77
3.67116e-76
-3.90221e-75
3.92405e-74
-3.73699e-73
3.37284e-72
-2.88642e-71
2.34264e-70
-1.80308e-69
1.31568e-68
-9.09578e-68
5.95215e-67
-3.6818e-66
2.14878e-65
-1.18026e-64
6.0805e-64
-2.92449e-63
1.30448e-62
-5.34375e-62
1.97926e-61
-6.4474e-61
1.74121e-60
-3.25238e-60
-2.08196e-61
3.66689e-59
-2.01488e-58
7.02617e-58
-1.61087e-57
1.12116e-57
1.03468e-56
-6.03893e-56
1.82695e-55
-2.62953e-55
-5.15971e-55
4.55625e-54
-1.42997e-53
1.80104e-53
5.1325e-53
-3.44906e-52
8.47164e-52
-2.40904e-52
-5.89048e-51
2.171e-50
-2.56969e-50
-8.25539e-50
4.45116e-49
-7.24944e-49
-1.10626e-48
8.2478e-48
-1.47418e-47
-1.77776e-47
1.45306e-46
-2.4169e-46
-3.74308e-46
2.43488e-45
-3.09213e-45
-8.57352e-45
3.72147e-44
-2.34019e-44
-1.78042e-43
4.77217e-43
1.67011e-43
-3.05055e-42
4.25338e-42
1.01411e-41
-3.96163e-41
4.90018e-42
2.06478e-40
-3.1645e-40
-6.5726e-40
2.49058e-39
2.7617e-40
-1.29042e-38
1.32369e-38
4.92078e-38
-1.14977e-37
-1.23547e-37
6.59668e-37
-2.97411e-39
-3.04653e-36
2.40793e-36
1.19586e-35
-1.90252e-35
-4.02942e-35
1.07101e-34
1.13095e-34
-5.13388e-34
-2.30568e-34
2.22948e-33
7.03672e-35
-9.05997e-33
2.54261e-33
3.51909e-32
-1.81657e-32
-1.32714e-31
9.03691e-32
4.91676e-31
-3.78921e-31
-1.80341e-30
1.40592e-30
6.57051e-30
-4.64006e-30
-2.37435e-29
1.31981e-29
8.45905e-29
-2.86593e-29
-2.94186e-28
1.90459e-29
9.8535e-28
2.59832e-28
-3.12217e-27
-2.05824e-27
9.11938e-27
1.06407e-26
-2.34685e-26
-4.50733e-26
4.77609e-26
1.6463e-25
-4.5279e-26
-5.20763e-25
-2.08524e-25
1.38555e-24
1.59631e-24
-2.80969e-24
-6.72357e-24
2.59984e-24
2.10204e-23
1.06455e-23
-4.86823e-23
-7.31311e-23
6.41623e-23
2.58237e-22
8.20467e-23
-6.01724e-22
-8.36821e-22
6.85332e-22
2.90872e-21
1.458e-21
-5.77271e-21
-1.03656e-20
2.29178e-21
2.86559e-20
2.94942e-20
-3.37295e-20
-1.15231e-19
-6.75051e-20
1.89477e-19
4.16966e-19
1.1728e-19
-8.27569e-19
-1.44577e-18
-1.29917e-19
3.18912e-18
5.01823e-18
1.55068e-19
-1.13135e-17
-1.78243e-17
-2.10892e-18
3.71129e-17
6.44436e-17
2.14467e-17
-1.0908e-16
-2.30116e-16
-1.46484e-16
2.59397e-16
7.72832e-16
7.82813e-16
-3.0918e-16
-2.26697e-15
-3.43192e-15
-1.35119e-15
4.94758e-15
1.21753e-14
1.23115e-14
-2.74712e-15
-3.17634e-14
-5.5892e-14
-4.17309e-14
3.6771e-14
1.62617e-13
2.49881e-13
1.62861e-13
-1.96378e-13
-7.52454e-13
-1.15594e-12
-8.42219e-13
6.55924e-13
3.18398e-12
5.48625e-12
5.21467e-12
-1.3789e-13
-1.12909e-11
-2.48253e-11
-3.18614e-11
-1.96764e-11
2.22876e-11
9.23781e-11
1.66023e-10
1.91014e-10
9.72056e-11
-1.72882e-10
-6.13293e-10
-1.09697e-09
-1.33941e-09
-9.23319e-10
5.76331e-10
3.34787e-09
7.0054e-09
1.02519e-08
1.07127e-08
5.16664e-09
-9.59072e-09
-3.51065e-08
-6.89128e-08
-1.01851e-07
-1.15915e-07
-8.39166e-08
2.73587e-08
2.48753e-07
5.93691e-07
1.03612e-06
1.48288e-06
1.74462e-06
1.51274e-06
3.54112e-07
-2.26094e-06
-6.8775e-06
-1.38995e-05
-2.33338e-05
-3.44119e-05
-4.50711e-05
-5.12812e-05
-4.62157e-05
-1.92757e-05
4.50085e-05
0.00016816
0.000378964
0.000714645
0.00122192
0.00195786
0.00299043
0.00439877
0.00627285
0.00871285
0.0118279
0.0157342
0.0205529
0.0264075
0.0334204
0.0417097
0.0513858
0.0625478
0.0752801
0.0896491
0.105701
0.123457
0.142918
0.164054
0.186813
0.211117
0.236862
0.263922
0.292153
0.32139
0.351457
0.382167
0.413325
0.444734
0.476198
0.507525
0.538529
0.569036
0.598884
0.627926
0.656032
0.683089
0.709002
0.733694
0.757107
0.7792
0.799949
0.819347
0.837398
0.854122
0.869549
0.883718
0.896679
0.908484
0.919194
0.928872
0.937583
0.945394
0.952372
0.958581
0.964088
0.968954
0.973238
0.976997
0.980284
0.983149
0.985637
0.987792
0.989652
0.991252
0.992624
0.993798
0.994798
0.995648
0.996369
0.996978
0.997491
0.997922
0.998283
0.998585
0.998837
0.999046
0.999219
0.999362
0.99948
0.999577
0.999657
0.999722
0.999775
0.999818
0.999855
0.999886
0.999914
0.99994
0.999964
0.999987
1.00001
1.00002
1.00002
1
0.99994
0.99982
0.999612
0.999278
0.998773
0.998038
0.997006
0.995599
0.993725
0.991286
0.988171
0.984265
0.979446
0.973592
0.966579
0.95829
0.948614
0.937452
0.92472
0.910351
0.894299
0.876543
0.857082
0.835946
0.813187
0.788883
0.763138
0.736078
0.707847
0.67861
0.648543
0.617833
0.586675
0.555266
0.523802
0.492475
0.461471
0.430964
0.401116
0.372074
0.343968
0.316911
0.290998
0.266306
0.242893
0.2208
0.200051
0.180653
0.162602
0.145878
0.130451
0.116282
0.103321
0.0915159
0.0808058
0.0711279
0.0624168
0.0546059
0.0476284
0.0414186
0.0359119
0.0310463
0.0267622
0.0230031
0.0197159
0.0168511
0.0143625
0.0122078
0.0103481
0.00874813
0.00737584
0.00620244
0.00520212
0.00435188
0.00363132
0.00302243
0.00250935
0.00207823
0.00171697
0.00141508
0.00116348
0.000954352
0.000780982
0.000637626
0.000519391
0.000422121
0.000342297
0.000276952
0.000223589
0.000180116
0.000144783
0.000116133
9.29561e-05
7.42494e-05
5.91847e-05
4.70801e-05
3.73754e-05
2.96117e-05
2.34141e-05
1.84773e-05
1.45531e-05
1.14402e-05
8.97599e-06
7.02929e-06
5.49449e-06
4.28686e-06
3.33852e-06
2.59525e-06
2.01382e-06
1.55988e-06
1.20612e-06
9.30965e-07
7.17335e-07
5.51778e-07
4.2371e-07
3.24818e-07
2.48592e-07
1.89939e-07
1.44887e-07
1.10342e-07
8.38976e-08
6.36893e-08
4.82722e-08
3.65297e-08
2.76007e-08
2.08222e-08
1.56844e-08
1.17965e-08
8.85903e-09
6.64314e-09
4.97416e-09
3.71905e-09
2.7766e-09
2.07001e-09
1.54103e-09
1.1456e-09
8.50454e-10
6.30468e-10
4.66741e-10
3.45061e-10
2.54757e-10
1.87833e-10
1.38306e-10
1.01703e-10
7.46885e-11
5.47785e-11
4.01241e-11
2.93524e-11
2.14452e-11
1.56483e-11
1.14041e-11
8.30073e-12
6.03442e-12
4.38151e-12
3.17749e-12
2.30156e-12
1.6651e-12
1.20322e-12
8.68434e-13
6.26068e-13
4.50819e-13
3.24252e-13
2.32953e-13
1.6717e-13
1.19829e-13
8.57984e-14
6.13641e-14
4.384e-14
3.12862e-14
2.2303e-14
1.5882e-14
1.12975e-14
8.0278e-15
5.6984e-15
4.04068e-15
2.86223e-15
2.02537e-15
1.43173e-15
1.01105e-15
7.13255e-16
5.02668e-16
3.53903e-16
2.48917e-16
1.74904e-16
1.22777e-16
8.61024e-17
6.03244e-17
4.22235e-17
2.95258e-17
2.06271e-17
1.43968e-17
1.0039e-17
6.99375e-18
4.86777e-18
3.38495e-18
2.35168e-18
1.63235e-18
1.13203e-18
7.84356e-19
5.42981e-19
3.75554e-19
2.59526e-19
1.79189e-19
1.23614e-19
8.52016e-20
5.86757e-20
4.03739e-20
2.77572e-20
1.90672e-20
1.30869e-20
8.97484e-21
6.14978e-21
4.21053e-21
2.88045e-21
1.96894e-21
1.3448e-21
9.17771e-22
6.25845e-22
4.26438e-22
2.90339e-22
1.97522e-22
1.34273e-22
9.12066e-23
6.19059e-23
4.19862e-23
2.84546e-23
1.92695e-23
1.30396e-23
8.81725e-24
5.95774e-24
4.02263e-24
2.71406e-24
1.82985e-24
1.23281e-24
8.29969e-25
5.58365e-25
3.75375e-25
2.52177e-25
1.69293e-25
1.13572e-25
7.61374e-26
5.10065e-26
3.4147e-26
2.28446e-26
1.52728e-26
1.02037e-26
6.8125e-27
4.54531e-27
3.03061e-27
2.01934e-27
1.34463e-27
8.94768e-28
5.95024e-28
3.95437e-28
2.62627e-28
1.7431e-28
1.15618e-28
7.66401e-29
5.07704e-29
3.36118e-29
2.22383e-29
1.47041e-29
9.71649e-30
6.4167e-30
4.23494e-30
2.7933e-30
1.8413e-30
1.21302e-30
7.98643e-31
5.25505e-31
3.45575e-31
2.27117e-31
1.49177e-31
9.79266e-32
6.42459e-32
4.21248e-32
2.76044e-32
1.80788e-32
1.18335e-32
7.74124e-33
5.06128e-33
3.30724e-33
2.15987e-33
1.40977e-33
9.19654e-34
5.99601e-34
3.90716e-34
2.54461e-34
1.65633e-34
1.07754e-34
7.00629e-35
4.55311e-35
2.95731e-35
1.91979e-35
1.2456e-35
8.0775e-36
5.23536e-36
3.39148e-36
2.19586e-36
1.42101e-36
9.19103e-37
5.94167e-37
3.83912e-37
2.47933e-37
1.60035e-37
1.03247e-37
6.6577e-38
4.29094e-38
2.76417e-38
1.77977e-38
1.14537e-38
7.36745e-39
4.73669e-39
3.04385e-39
1.95506e-39
1.25513e-39
8.0539e-40
5.16557e-40
3.31149e-40
2.12189e-40
1.35899e-40
8.69978e-41
5.56667e-41
3.56029e-41
2.27555e-41
1.45973e-41
8.57834e-42
)
;

boundaryField
{
    sides
    {
        type            zeroGradient;
    }
    empty
    {
        type            empty;
    }
}


// ************************************************************************* //
