/*--------------------------------*- C++ -*----------------------------------*\
  =========                 |
  \\      /  F ield         | OpenFOAM: The Open Source CFD Toolbox
   \\    /   O peration     | Website:  https://openfoam.org
    \\  /    A nd           | Version:  7
     \\/     M anipulation  |
\*---------------------------------------------------------------------------*/
FoamFile
{
    version     2.0;
    format      ascii;
    class       volScalarField;
    location    "0.07";
    object      T;
}
// * * * * * * * * * * * * * * * * * * * * * * * * * * * * * * * * * * * * * //

dimensions      [0 0 0 1 0 0 0];

internalField   nonuniform List<scalar> 
1000
(
0
0
0
0
0
0
0
0
0
0
0
0
0
0
0
0
0
0
0
0
0
0
0
0
0
0
0
0
0
0
0
0
0
0
0
0
0
0
0
0
0
0
0
0
0
0
0
0
0
0
0
0
0
0
0
0
0
0
0
0
0
0
0
0
0
0
0
0
0
0
0
0
0
0
0
0
0
0
0
0
0
0
0
0
0
0
0
0
0
0
0
0
0
0
0
0
0
0
0
0
0
0
0
0
0
0
0
0
0
0
0
0
0
0
0
0
0
0
0
0
0
0
0
0
0
0
0
0
0
0
0
0
0
0
0
0
0
0
0
0
0
0
0
0
0
0
0
0
0
0
0
0
0
0
0
0
0
0
0
0
0
0
0
0
0
0
0
0
0
0
0
0
0
0
0
0
0
0
0
0
0
0
0
0
0
0
0
0
0
0
0
0
0
0
0
0
0
0
0
0
0
0
0
0
0
0
0
0
0
0
0
0
0
0
0
0
0
0
0
0
0
0
0
0
0
0
0
0
0
0
0
0
0
0
0
0
0
0
0
0
0
0
0
0
0
0
0
0
0
0
0
0
0
0
0
0
0
0
0
0
0
0
0
0
0
0
0
0
0
0
0
0
0
0
0
0
0
0
0
0
0
0
0
0
9.88131e-324
1.07706e-321
1.06624e-319
1.04912e-317
1.03201e-315
1.01496e-313
9.97971e-312
9.81046e-310
9.64189e-308
9.47403e-306
9.30693e-304
9.14062e-302
8.97513e-300
8.81051e-298
8.64679e-296
8.48401e-294
8.3222e-292
8.1614e-290
8.00163e-288
7.84295e-286
7.68537e-284
7.52894e-282
7.37369e-280
7.21964e-278
7.06684e-276
6.91531e-274
6.76508e-272
6.61619e-270
6.46867e-268
6.32253e-266
6.17783e-264
6.03457e-262
5.89279e-260
5.75251e-258
5.61376e-256
5.47658e-254
5.34097e-252
5.20696e-250
5.07458e-248
4.94385e-246
4.81479e-244
4.68743e-242
4.56177e-240
4.43784e-238
4.31566e-236
4.19525e-234
4.07661e-232
3.95978e-230
3.84475e-228
3.73154e-226
3.62018e-224
3.51066e-222
3.403e-220
3.2972e-218
3.19328e-216
3.09125e-214
2.99111e-212
2.89286e-210
2.79651e-208
2.70207e-206
2.60953e-204
2.5189e-202
2.43018e-200
2.34337e-198
2.25846e-196
2.17545e-194
2.09434e-192
2.01513e-190
1.93781e-188
1.86236e-186
1.78879e-184
1.71709e-182
1.64724e-180
1.57923e-178
1.51306e-176
1.4487e-174
1.38615e-172
1.32539e-170
1.2664e-168
1.20917e-166
1.15368e-164
1.09991e-162
1.04785e-160
9.97465e-159
9.48742e-157
9.01658e-155
8.5619e-153
8.12315e-151
7.70008e-149
7.29245e-147
6.9e-145
6.52247e-143
6.15959e-141
5.81108e-139
5.47666e-137
5.15605e-135
4.84896e-133
4.55509e-131
4.27415e-129
4.00581e-127
3.74979e-125
3.50577e-123
3.27343e-121
3.05246e-119
2.84254e-117
2.64335e-115
2.45457e-113
2.27588e-111
2.10695e-109
1.94746e-107
1.79709e-105
1.65551e-103
1.52242e-101
1.39747e-99
1.28037e-97
1.17079e-95
1.06842e-93
9.72959e-92
8.84092e-90
8.01521e-88
7.2495e-86
6.54084e-84
5.88637e-82
5.28327e-80
4.72877e-78
4.22017e-76
3.75483e-74
3.33018e-72
2.94371e-70
2.59301e-68
2.2757e-66
1.98952e-64
1.73225e-62
1.5018e-60
1.29612e-58
1.11326e-56
9.51353e-55
8.08628e-53
6.8339e-51
5.74037e-49
4.79055e-47
3.97014e-45
3.26577e-43
2.66489e-41
2.15585e-39
1.72781e-37
1.37078e-35
1.0756e-33
8.33863e-32
6.37962e-30
4.81022e-28
3.5688e-26
2.60056e-24
1.85718e-22
1.29645e-20
8.81859e-19
5.82251e-17
3.71364e-15
2.27414e-13
1.32654e-11
7.29335e-10
3.72489e-08
1.73049e-06
7.08222e-05
0.0024205
0.0623719
0.937628
0.997579
0.999929
0.999998
1
1
1
1
1
1
1
1
1
1
1
1
1
1
1
1
1
1
1
1
1
1
1
1
1
1
1
1
1
1
1
1
1
1
1
1
1
1
1
1
1
1
1
1
1
1
1
1
1
1
1
1
1
1
1
1
1
1
1
1
1
1
1
1
1
1
1
1
1
1
1
1
1
1
1
1
1
1
1
1
1
1
1
1
1
1
1
1
1
1
1
1
0.999998
0.999929
0.997579
0.937628
0.0623719
0.0024205
7.08222e-05
1.73049e-06
3.72489e-08
7.29335e-10
1.32654e-11
2.27414e-13
3.71364e-15
5.82251e-17
8.81859e-19
1.29645e-20
1.85718e-22
2.60056e-24
3.5688e-26
4.81022e-28
6.37962e-30
8.33863e-32
1.0756e-33
1.37078e-35
1.72781e-37
2.15585e-39
2.66489e-41
3.26577e-43
3.97014e-45
4.79055e-47
5.74037e-49
6.8339e-51
8.08628e-53
9.51353e-55
1.11326e-56
1.29612e-58
1.5018e-60
1.73225e-62
1.98952e-64
2.2757e-66
2.59301e-68
2.94371e-70
3.33018e-72
3.75483e-74
4.22017e-76
4.72877e-78
5.28327e-80
5.88637e-82
6.54084e-84
7.2495e-86
8.01521e-88
8.84092e-90
9.72959e-92
1.06842e-93
1.17079e-95
1.28037e-97
1.39747e-99
1.52242e-101
1.65551e-103
1.79709e-105
1.94746e-107
2.10695e-109
2.27588e-111
2.45457e-113
2.64335e-115
2.84254e-117
3.05246e-119
3.27343e-121
3.50577e-123
3.74979e-125
4.00581e-127
4.27415e-129
4.55509e-131
4.84896e-133
5.15605e-135
5.47666e-137
5.81108e-139
6.15959e-141
6.52247e-143
6.9e-145
7.29245e-147
7.70008e-149
8.12315e-151
8.5619e-153
9.01658e-155
9.48742e-157
9.97465e-159
1.04785e-160
1.09991e-162
1.15368e-164
1.20917e-166
1.2664e-168
1.32539e-170
1.38615e-172
1.4487e-174
1.51306e-176
1.57923e-178
1.64724e-180
1.71709e-182
1.78879e-184
1.86236e-186
1.93781e-188
2.01513e-190
2.09434e-192
2.17545e-194
2.25846e-196
2.34337e-198
2.43018e-200
2.5189e-202
2.60953e-204
2.70207e-206
2.79651e-208
2.89286e-210
2.99111e-212
3.09125e-214
3.19328e-216
3.2972e-218
3.403e-220
3.51066e-222
3.62018e-224
3.73154e-226
3.84475e-228
3.95978e-230
4.07661e-232
4.19525e-234
4.31566e-236
4.43784e-238
4.56177e-240
4.68743e-242
4.81479e-244
4.94385e-246
5.07458e-248
5.20696e-250
5.34097e-252
5.47658e-254
5.61376e-256
5.75251e-258
5.89279e-260
6.03457e-262
6.17783e-264
6.32253e-266
6.46867e-268
6.61619e-270
6.76508e-272
6.91531e-274
7.06684e-276
7.21964e-278
7.37369e-280
7.52894e-282
7.68537e-284
7.84295e-286
8.00163e-288
8.1614e-290
8.3222e-292
8.48401e-294
8.64679e-296
8.81051e-298
8.97513e-300
9.14062e-302
9.30693e-304
9.47403e-306
9.64189e-308
9.81046e-310
9.97971e-312
1.01496e-313
1.03201e-315
1.04912e-317
1.06624e-319
1.07706e-321
9.88131e-324
0
0
0
0
0
0
0
0
0
0
0
0
0
0
0
0
0
0
0
0
0
0
0
0
0
0
0
0
0
0
0
0
0
0
0
0
0
0
0
0
0
0
0
0
0
0
0
0
0
0
0
0
0
0
0
0
0
0
0
0
0
0
0
0
0
0
0
0
0
0
0
0
0
0
0
0
0
0
0
0
0
0
0
0
0
0
0
0
0
0
0
0
0
0
0
0
0
0
0
0
0
0
0
0
0
0
0
0
0
0
0
0
0
0
0
0
0
0
0
0
0
0
0
0
0
0
0
0
0
0
0
0
0
0
0
0
0
0
0
0
0
0
0
0
0
0
0
0
0
0
0
0
0
0
0
0
0
0
0
0
0
0
0
0
0
0
0
0
0
0
0
0
0
0
0
0
0
0
0
0
0
0
0
0
0
0
0
0
0
0
0
0
0
0
0
0
0
0
0
0
0
0
0
0
0
0
0
0
0
0
0
0
0
0
0
0
0
0
0
0
0
0
0
0
0
0
0
0
0
0
0
0
0
0
0
0
0
0
0
0
0
0
0
0
0
0
0
0
0
0
0
0
0
0
0
0
0
0
0
0
0
0
0
0
0
0
0
0
0
0
0
0
0
0
0
0
0
0
0
0
0
0
0
0
)
;

boundaryField
{
    sides
    {
        type            zeroGradient;
    }
    empty
    {
        type            empty;
    }
}


// ************************************************************************* //
