/*--------------------------------*- C++ -*----------------------------------*\
  =========                 |
  \\      /  F ield         | OpenFOAM: The Open Source CFD Toolbox
   \\    /   O peration     | Website:  https://openfoam.org
    \\  /    A nd           | Version:  7
     \\/     M anipulation  |
\*---------------------------------------------------------------------------*/
FoamFile
{
    version     2.0;
    format      ascii;
    class       volScalarField;
    location    "4.33";
    object      T;
}
// * * * * * * * * * * * * * * * * * * * * * * * * * * * * * * * * * * * * * //

dimensions      [0 0 0 1 0 0 0];

internalField   nonuniform List<scalar> 
1000
(
0
0
0
0
0
0
0
0
0
0
0
0
0
0
0
0
0
0
0
0
0
0
4.94066e-324
-1.5316e-322
2.21193e-320
-2.70254e-318
2.92097e-316
-2.8278e-314
2.47677e-312
-1.9789e-310
1.45236e-308
-9.84905e-307
6.20282e-305
-3.64396e-303
2.00461e-301
-1.0362e-299
5.04817e-298
-2.32429e-296
1.01386e-294
-4.19912e-293
1.65467e-291
-6.21494e-290
2.22877e-288
-7.6431e-287
2.50997e-285
-7.90375e-284
2.38943e-282
-6.94291e-281
1.94103e-279
-5.22626e-278
1.35649e-276
-3.39683e-275
8.21325e-274
-1.91894e-272
4.3353e-271
-9.47703e-270
2.00581e-268
-4.11264e-267
8.17344e-266
-1.5753e-264
2.9458e-263
-5.34717e-262
9.42557e-261
-1.61409e-259
2.68627e-258
-4.34633e-257
6.83895e-256
-1.04685e-254
1.55931e-253
-2.26072e-252
3.19108e-251
-4.38633e-250
5.87258e-249
-7.65957e-248
9.73424e-247
-1.20556e-245
1.45521e-244
-1.71223e-243
1.96401e-242
-2.19637e-241
2.39483e-240
-2.54609e-239
2.63944e-238
-2.66803e-237
2.62967e-236
-2.52715e-235
2.36782e-234
-2.16279e-233
1.92567e-232
-1.67102e-231
1.41299e-230
-1.16401e-229
9.33957e-229
-7.29649e-228
5.54835e-227
-4.10485e-226
2.95326e-225
-2.06507e-224
1.40251e-223
-9.24442e-223
5.90821e-222
-3.6573e-221
2.18988e-220
-1.26631e-219
7.05758e-219
-3.78162e-218
1.94175e-217
-9.51283e-217
4.41966e-216
-1.92988e-215
7.80727e-215
-2.85188e-214
8.89928e-214
-2.00025e-213
9.67392e-215
3.3506e-212
-2.54363e-211
1.33178e-210
-5.5657e-210
1.8508e-209
-4.21516e-209
8.69103e-211
6.61492e-208
-4.55545e-207
2.06168e-206
-6.80333e-206
1.36296e-205
1.33457e-205
-2.88478e-204
1.6364e-203
-6.0637e-203
1.39672e-202
1.11603e-203
-2.04124e-201
1.20215e-200
-4.25506e-200
8.26883e-200
1.02878e-199
-1.69718e-198
8.14984e-198
-2.27572e-197
1.79975e-197
1.97571e-196
-1.28727e-195
4.28613e-195
-6.14475e-195
-2.18471e-194
1.87439e-193
-6.76276e-193
1.0881e-192
2.79577e-192
-2.65982e-191
9.47782e-191
-1.38207e-190
-4.53715e-190
3.70186e-189
-1.18059e-188
1.1598e-188
8.07385e-188
-4.87565e-187
1.24577e-186
-5.53099e-188
-1.33145e-185
5.70552e-185
-9.67507e-185
-2.04459e-184
1.85695e-183
-5.39349e-183
2.38515e-183
4.59817e-182
-2.04634e-181
3.28364e-181
7.9483e-181
-6.28577e-180
1.57266e-179
3.2925e-180
-1.65144e-178
5.67675e-178
-4.55276e-178
-3.78335e-177
1.75884e-176
-2.56597e-176
-7.54028e-176
4.93244e-175
-9.67714e-175
-1.26794e-174
1.29114e-173
-3.06604e-173
-1.61873e-173
3.22477e-172
-8.74105e-172
-8.41484e-173
7.81881e-171
-2.31275e-170
3.1231e-171
1.86486e-169
-5.76965e-169
1.28587e-169
4.41197e-168
-1.36724e-167
2.59217e-168
1.03783e-166
-3.08165e-166
1.23995e-167
2.41842e-165
-6.57847e-165
-1.54638e-165
5.53516e-164
-1.31612e-163
-8.81476e-164
1.22974e-162
-2.41885e-162
-3.26747e-162
2.61562e-161
-3.92542e-161
-9.90862e-161
5.24162e-160
-5.09737e-160
-2.61643e-159
9.69748e-159
-3.34096e-159
-6.14927e-158
1.60614e-157
7.82376e-158
-1.29211e-156
2.24217e-156
4.13058e-156
-2.40753e-155
2.20709e-155
1.1744e-154
-3.87992e-154
-2.58705e-156
2.58325e-153
-5.07834e-153
-7.05089e-153
4.67317e-152
-4.34052e-152
-2.19361e-151
6.87137e-151
1.30141e-151
-4.58721e-150
7.44846e-150
1.54237e-149
-7.34884e-149
3.263e-149
3.9545e-148
-8.72321e-148
-9.34453e-148
6.82115e-147
-5.60085e-147
-3.16136e-146
8.39894e-146
5.3248e-146
-5.76161e-145
5.82243e-145
2.44953e-144
-7.06334e-144
-3.48341e-144
4.541e-143
-4.65251e-143
-1.88866e-142
5.29756e-142
3.07231e-142
-3.36287e-141
2.92309e-141
1.44666e-140
-3.53012e-140
-3.1726e-140
2.31693e-139
-1.28683e-139
-1.07125e-138
2.02866e-138
3.13076e-138
-1.44725e-137
1.17194e-138
7.36668e-137
-9.28153e-137
-2.70079e-136
7.83444e-136
4.84104e-136
-4.49576e-135
2.52206e-135
1.97135e-134
-3.3662e-134
-6.18241e-134
2.29923e-133
6.58663e-134
-1.185e-132
8.65806e-133
4.84955e-132
-8.85495e-132
-1.46172e-131
5.57372e-131
1.7071e-131
-2.7693e-130
1.70253e-130
1.1335e-129
-1.77797e-129
-3.67207e-129
1.12385e-128
7.29749e-129
-5.68142e-128
1.31662e-128
2.43765e-127
-2.49678e-127
-8.87295e-127
1.77329e-126
2.56815e-126
-9.61965e-126
-4.21279e-126
4.45308e-125
-1.29042e-125
-1.81566e-124
1.76913e-124
6.51788e-124
-1.1675e-123
-1.9888e-123
6.11012e-123
4.50892e-123
-2.79366e-122
-2.05951e-123
1.15396e-121
-5.69794e-122
-4.35488e-121
4.66276e-121
1.49731e-120
-2.64027e-120
-4.5963e-120
1.27225e-119
1.1857e-119
-5.54224e-119
-2.03124e-119
2.23944e-118
-2.12906e-119
-8.49907e-118
4.41166e-118
3.04716e-117
-2.89431e-117
-1.03328e-116
1.47824e-116
3.30265e-116
-6.67572e-116
-9.85167e-116
2.78843e-115
2.68117e-115
-1.10079e-114
-6.29504e-115
4.15782e-114
1.05057e-114
-1.51441e-113
3.69387e-115
5.34821e-113
-1.47547e-113
-1.83877e-112
9.41944e-113
6.17475e-112
-4.57261e-112
-2.03087e-111
1.96065e-111
6.55843e-111
-7.80453e-111
-2.08454e-110
2.95127e-110
6.53655e-110
-1.07377e-109
-2.02716e-109
3.78844e-109
6.2339e-109
-1.30292e-108
-1.90616e-108
4.38384e-108
5.81192e-108
-1.44675e-107
-1.77197e-107
4.69169e-107
5.41609e-107
-1.49699e-106
-1.66309e-106
4.70342e-106
5.13734e-106
-1.45573e-105
-1.59717e-105
4.43835e-105
4.99498e-105
-1.3325e-104
-1.56918e-104
3.93614e-104
4.94141e-104
-1.14253e-103
-1.55583e-103
3.25274e-103
4.8843e-103
-9.05879e-103
-1.52463e-102
2.45872e-102
4.71938e-102
-6.46867e-102
-1.44497e-101
1.63608e-101
4.36552e-101
-3.92453e-101
-1.2984e-100
8.70728e-101
3.79275e-100
-1.68981e-100
-1.08543e-99
2.39673e-100
3.03489e-99
2.40553e-101
-8.26327e-99
-2.04053e-99
2.18179e-98
1.1029e-98
-5.55483e-98
-4.43398e-98
1.35253e-97
1.55572e-97
-3.10848e-97
-5.00492e-97
6.58629e-97
1.50683e-96
-1.22291e-96
-4.28366e-96
1.70733e-96
1.15309e-95
-3.27591e-97
-2.93403e-95
-9.81235e-96
7.01121e-95
5.09699e-95
-1.55185e-94
-1.87141e-94
3.09145e-94
5.85737e-94
-5.16718e-94
-1.64614e-93
5.55931e-94
4.22583e-93
5.15276e-94
-9.91781e-93
-5.72313e-93
2.09915e-92
2.33661e-92
-3.85351e-92
-7.3471e-92
5.45462e-92
1.98385e-91
-2.75841e-92
-4.73272e-91
-1.79391e-91
9.93642e-91
9.3374e-91
-1.76587e-90
-3.07249e-90
2.31213e-90
8.19637e-90
-5.97311e-91
-1.86465e-89
-9.35215e-90
3.59068e-89
4.16823e-89
-5.42671e-89
-1.23802e-88
4.34662e-89
2.95683e-88
8.87006e-89
-5.82339e-88
-5.5813e-88
8.906e-88
1.76363e-87
-7.44748e-88
-4.2213e-87
-1.22939e-87
8.0428e-87
8.0087e-87
-1.13021e-86
-2.4416e-86
6.41786e-87
5.4836e-86
2.56211e-86
-9.39281e-86
-1.19893e-85
1.03715e-85
3.18701e-85
2.63746e-86
-6.20841e-85
-5.195e-85
8.45075e-85
1.67878e-84
-3.80904e-85
-3.61046e-84
-2.07753e-84
5.43927e-84
8.38608e-84
-3.86803e-84
-1.93985e-83
-8.31316e-84
3.0568e-83
4.12365e-83
-2.41785e-83
-9.89695e-83
-3.76714e-83
1.55524e-82
2.04561e-82
-1.16173e-82
-4.85065e-82
-2.07666e-82
7.21474e-82
1.02724e-81
-4.18003e-82
-2.27464e-81
-1.29363e-81
2.99535e-81
5.12276e-81
-7.24614e-82
-9.99736e-81
-8.0642e-81
1.04699e-80
2.44971e-80
4.60585e-81
-3.94968e-80
-4.65105e-80
2.50734e-80
1.07314e-79
6.15176e-80
-1.28653e-79
-2.37145e-79
-1.2293e-80
4.03597e-79
4.32563e-79
-2.61162e-79
-1.02223e-78
-6.06564e-79
1.13784e-78
2.24205e-78
4.05324e-79
-3.42491e-78
-4.35272e-78
1.18649e-78
8.71402e-78
7.44559e-78
-6.67761e-78
-1.99655e-77
-1.07587e-77
2.17644e-77
4.24477e-77
1.10827e-77
-5.87253e-77
-8.526e-77
8.17683e-79
1.43199e-76
1.63917e-76
-4.78422e-77
-3.27793e-76
-3.05135e-76
1.82305e-76
7.1967e-76
5.56728e-76
-5.17475e-76
-1.53708e-75
-1.01028e-75
1.28887e-75
3.2262e-75
1.85654e-75
-2.96897e-75
-6.70342e-75
-3.52498e-75
6.47062e-75
1.38561e-74
7.03586e-75
-1.34763e-74
-2.85649e-74
-1.48771e-74
2.68816e-74
5.87449e-74
3.31373e-74
-5.11167e-74
-1.20267e-73
-7.65363e-74
9.13771e-74
2.44056e-73
1.79855e-73
-1.48747e-73
-4.8769e-73
-4.22725e-73
2.03049e-73
9.50837e-73
9.8031e-73
-1.63444e-73
-1.78517e-72
-2.21886e-72
-2.57568e-73
3.16263e-72
4.85463e-72
1.83523e-72
-5.09671e-72
-1.01607e-71
-6.44006e-72
6.85557e-72
2.00667e-71
1.81551e-71
-5.40604e-72
-3.65921e-71
-4.49555e-71
-8.12948e-72
5.90844e-71
1.0022e-70
5.53888e-71
-7.58263e-71
-2.00872e-70
-1.81654e-70
4.36941e-71
3.5293e-70
4.66303e-70
1.52408e-70
-5.03591e-70
-1.01255e-69
-7.62035e-70
4.2309e-70
1.85871e-69
2.21971e-69
5.24339e-70
-2.68654e-69
-5.04442e-69
-3.69692e-69
2.1327e-69
9.22314e-69
1.12907e-68
3.42272e-69
-1.23807e-68
-2.52832e-68
-2.11135e-68
5.91752e-69
4.3006e-68
6.05025e-68
3.04852e-68
-4.60182e-68
-1.23748e-67
-1.30526e-67
-1.90354e-68
1.75539e-67
3.21357e-67
2.55956e-67
-8.32124e-68
-5.45699e-67
-7.83257e-67
-4.50387e-67
4.85489e-67
1.53756e-66
1.83558e-66
6.74698e-67
-1.77216e-66
-4.10506e-66
-4.2141e-66
-6.99767e-67
5.51496e-66
1.06465e-65
9.64176e-66
-2.54661e-67
-1.58475e-65
-2.72591e-65
-2.23671e-65
4.36469e-66
4.34756e-65
6.96684e-65
5.34945e-65
-1.68764e-65
-1.15752e-64
-1.79008e-64
-1.33677e-64
4.83234e-65
3.01406e-64
4.64024e-64
3.51189e-64
-1.12493e-64
-7.68894e-64
-1.21344e-63
-9.66971e-64
1.94451e-64
1.91476e-63
3.19037e-63
2.75994e-63
-8.06952e-65
-4.60941e-63
-8.37893e-63
-8.04387e-63
-1.3499e-63
1.05198e-62
2.17737e-62
2.35684e-62
8.74392e-63
-2.18696e-62
-5.52552e-62
-6.84122e-62
-3.91349e-62
3.73496e-62
1.34369e-61
1.93998e-61
1.49722e-61
-3.11471e-62
-3.03572e-61
-5.29379e-61
-5.18152e-61
-1.29474e-61
5.97888e-61
1.36318e-60
1.6522e-60
9.62678e-61
-8.41349e-61
-3.20995e-60
-4.86055e-60
-4.20046e-60
-2.18011e-61
6.47143e-60
1.30298e-59
1.49209e-59
7.89023e-60
-9.0217e-60
-3.0782e-59
-4.59466e-59
-4.0187e-59
-3.89153e-60
5.85811e-59
1.22949e-58
1.48213e-58
9.26239e-59
-5.98976e-59
-2.73185e-58
-4.48832e-58
-4.49362e-58
-1.60622e-58
4.21213e-58
1.1169e-57
1.55969e-57
1.30467e-57
5.57203e-59
-2.05548e-57
-4.27615e-57
-5.29656e-57
-3.69464e-57
1.26768e-57
8.75375e-57
1.58417e-56
1.79399e-56
1.04676e-56
-8.39151e-57
-3.48082e-56
-5.79125e-56
-6.16497e-56
-3.08799e-56
3.91175e-56
1.33059e-55
2.1148e-55
2.17834e-55
1.00054e-55
-1.56436e-55
-4.95644e-55
-7.76579e-55
-7.97645e-55
-3.71289e-55
5.60392e-55
1.80702e-54
2.87228e-54
3.02889e-54
1.57108e-54
-1.77829e-54
-6.4282e-54
-1.06661e-53
-1.18504e-53
-7.23685e-54
4.59137e-54
2.20613e-53
3.94539e-53
4.72041e-53
3.44583e-53
-5.97444e-54
-7.13059e-53
-1.43505e-52
-1.88544e-52
-1.63532e-52
-3.32907e-53
2.05958e-52
5.0325e-52
7.42137e-52
7.56447e-52
3.82238e-52
-4.56238e-52
-1.64731e-51
-2.82057e-51
-3.35807e-51
-2.53797e-51
1.71853e-52
4.71512e-51
1.00699e-50
1.40934e-50
1.38157e-50
6.34236e-51
-9.6615e-51
-3.22322e-50
-5.47829e-50
-6.6115e-50
-5.26704e-50
-3.47413e-51
8.2753e-50
1.90212e-49
2.81687e-49
3.01378e-49
1.88508e-49
-9.7287e-50
-5.42524e-49
-1.04841e-48
-1.41728e-48
-1.37558e-48
-6.48004e-49
9.15751e-49
3.18307e-48
5.59964e-48
7.14582e-48
6.47417e-48
2.29198e-48
-6.01201e-48
-1.76062e-47
-2.95651e-47
-3.66942e-47
-3.22399e-47
-9.79299e-48
3.3614e-47
9.37301e-47
1.55796e-46
1.93507e-46
1.72268e-46
5.83474e-47
-1.6582e-46
-4.82383e-46
-8.20281e-46
-1.04747e-45
-9.83541e-46
-4.41888e-46
6.95355e-46
2.37755e-45
4.28487e-45
5.76778e-45
5.88014e-45
3.5592e-45
-2.01673e-45
-1.09118e-44
-2.18541e-44
-3.1785e-44
-3.58099e-44
-2.78569e-44
-2.28973e-45
4.34872e-44
1.0575e-43
1.71321e-43
2.15916e-43
2.05689e-43
1.03687e-43
-1.17776e-43
-4.59342e-43
-8.74408e-43
-1.25254e-42
-1.41548e-42
-1.13645e-42
-1.92226e-43
1.54791e-42
4.00318e-42
6.75539e-42
8.95811e-42
9.34073e-42
6.37503e-42
-1.33891e-42
-1.44497e-41
-3.20506e-41
-5.08572e-41
-6.4653e-41
-6.44037e-41
-3.94866e-41
1.95874e-41
1.16841e-40
2.45258e-40
3.81044e-40
4.79642e-40
4.76214e-40
2.93711e-40
-1.38698e-40
-8.55619e-40
-1.81576e-39
-2.85924e-39
-3.67433e-39
-3.79233e-39
-2.6329e-39
3.77844e-40
5.60269e-39
1.29073e-38
2.13289e-38
2.87772e-38
3.18924e-38
2.62252e-38
6.91942e-39
-2.9954e-38
-8.53625e-38
-1.54724e-37
-2.25195e-37
-2.73635e-37
-2.66407e-37
-1.62466e-37
7.87916e-38
4.83847e-37
1.04555e-36
1.69958e-36
2.30134e-36
2.6109e-36
2.29684e-36
9.71999e-37
-1.72577e-36
-5.99893e-36
-1.17027e-35
-1.8122e-35
-2.37554e-35
-2.61759e-35
-2.20718e-35
-7.58981e-36
2.08914e-35
6.54638e-35
1.24858e-34
1.92218e-34
2.52835e-34
2.82509e-34
2.47452e-34
1.07002e-34
-1.79552e-34
-6.40834e-34
-1.27541e-33
-2.02869e-33
-2.76744e-33
-3.25733e-33
-3.15233e-33
-2.00804e-33
6.66424e-34
5.3028e-33
1.21028e-32
2.07991e-32
3.03626e-32
3.86952e-32
4.23825e-32
3.66192e-32
1.54639e-32
-2.73943e-32
-9.71668e-32
-1.95647e-31
-3.18008e-31
-4.48892e-31
-5.58277e-31
-5.98053e-31
-5.0077e-31
-1.82563e-31
4.47247e-31
1.46719e-30
2.91295e-30
4.73374e-30
6.73691e-30
8.52579e-30
9.44143e-30
8.52599e-30
4.53425e-30
-3.97239e-30
-1.8408e-29
-3.97777e-29
-6.80927e-29
-1.01571e-28
-1.35652e-28
-1.61928e-28
-1.67175e-28
-1.32807e-28
-3.52252e-29
1.52338e-28
4.55728e-28
8.92717e-28
1.46223e-27
2.1291e-27
2.80601e-27
3.33063e-27
3.44815e-27
2.79195e-27
8.86525e-28
-2.82012e-27
-8.94288e-27
-1.78719e-26
-3.00131e-26
-4.45612e-26
-6.08273e-26
-7.55071e-26
-8.30121e-26
-8.26445e-26
-4.34499e-26
-6.2681e-27
1.541e-25
2.71698e-25
5.44356e-25
1.11646e-24
)
;

boundaryField
{
    sides
    {
        type            zeroGradient;
    }
    empty
    {
        type            empty;
    }
}


// ************************************************************************* //
