/*--------------------------------*- C++ -*----------------------------------*\
  =========                 |
  \\      /  F ield         | OpenFOAM: The Open Source CFD Toolbox
   \\    /   O peration     | Website:  https://openfoam.org
    \\  /    A nd           | Version:  7
     \\/     M anipulation  |
\*---------------------------------------------------------------------------*/
FoamFile
{
    version     2.0;
    format      ascii;
    class       volScalarField;
    location    "1.52";
    object      T;
}
// * * * * * * * * * * * * * * * * * * * * * * * * * * * * * * * * * * * * * //

dimensions      [0 0 0 1 0 0 0];

internalField   nonuniform List<scalar> 
1000
(
0.00836687
0.0083687
0.00837237
0.00837786
0.00838518
0.00839434
0.00840533
0.00841815
0.00843281
0.0084493
0.00846764
0.00848781
0.00850982
0.00853368
0.00855938
0.00858693
0.00861633
0.00864758
0.00868068
0.00871565
0.00875247
0.00879116
0.00883172
0.00887414
0.00891845
0.00896463
0.00901269
0.00906264
0.00911448
0.00916821
0.00922385
0.00928139
0.00934083
0.0094022
0.00946548
0.00953068
0.00959782
0.00966689
0.00973791
0.00981087
0.00988578
0.00996265
0.0100415
0.0101223
0.0102051
0.0102899
0.0103766
0.0104654
0.0105562
0.010649
0.0107438
0.0108406
0.0109395
0.0110404
0.0111433
0.0112484
0.0113555
0.0114646
0.0115759
0.0116892
0.0118047
0.0119222
0.0120419
0.0121637
0.0122876
0.0124137
0.0125419
0.0126723
0.0128049
0.0129397
0.0130766
0.0132158
0.0133571
0.0135007
0.0136465
0.0137946
0.0139449
0.0140975
0.0142523
0.0144094
0.0145689
0.0147306
0.0148946
0.015061
0.0152297
0.0154008
0.0155742
0.0157499
0.0159281
0.0161087
0.0162916
0.016477
0.0166648
0.016855
0.0170477
0.0172428
0.0174404
0.0176405
0.017843
0.0180481
0.0182557
0.0184658
0.0186785
0.0188937
0.0191115
0.0193318
0.0195548
0.0197803
0.0200085
0.0202392
0.0204726
0.0207087
0.0209474
0.0211887
0.0214328
0.0216795
0.0219289
0.0221811
0.022436
0.0226936
0.022954
0.0232171
0.023483
0.0237517
0.0240231
0.0242974
0.0245745
0.0248545
0.0251372
0.0254228
0.0257113
0.0260027
0.0262969
0.0265941
0.0268941
0.0271971
0.027503
0.0278118
0.0281236
0.0284383
0.028756
0.0290767
0.0294003
0.029727
0.0300567
0.0303894
0.0307251
0.0310639
0.0314057
0.0317506
0.0320985
0.0324495
0.0328036
0.0331608
0.0335211
0.0338845
0.0342511
0.0346207
0.0349935
0.0353694
0.0357485
0.0361308
0.0365162
0.0369047
0.0372965
0.0376915
0.0380896
0.0384909
0.0388955
0.0393032
0.0397142
0.0401284
0.0405458
0.0409665
0.0413904
0.0418175
0.0422479
0.0426815
0.0431184
0.0435586
0.044002
0.0444487
0.0448987
0.0453519
0.0458084
0.0462682
0.0467313
0.0471977
0.0476673
0.0481402
0.0486164
0.0490959
0.0495787
0.0500648
0.0505541
0.0510468
0.0515427
0.052042
0.0525445
0.0530502
0.0535593
0.0540717
0.0545873
0.0551062
0.0556284
0.0561538
0.0566825
0.0572145
0.0577497
0.0582882
0.0588299
0.0593748
0.059923
0.0604744
0.061029
0.0615869
0.0621479
0.0627122
0.0632796
0.0638503
0.0644241
0.065001
0.0655812
0.0661644
0.0667508
0.0673404
0.067933
0.0685287
0.0691276
0.0697295
0.0703345
0.0709425
0.0715536
0.0721677
0.0727848
0.0734049
0.074028
0.0746541
0.0752831
0.0759151
0.07655
0.0771878
0.0778284
0.078472
0.0791184
0.0797676
0.0804196
0.0810744
0.081732
0.0823924
0.0830554
0.0837212
0.0843897
0.0850609
0.0857347
0.0864111
0.0870901
0.0877717
0.0884558
0.0891425
0.0898317
0.0905233
0.0912174
0.0919139
0.0926129
0.0933141
0.0940178
0.0947237
0.095432
0.0961425
0.0968552
0.0975701
0.0982872
0.0990064
0.0997277
0.100451
0.101177
0.101904
0.102633
0.103365
0.104098
0.104833
0.10557
0.106309
0.10705
0.107792
0.108536
0.109282
0.110029
0.110778
0.111529
0.112281
0.113034
0.113789
0.114545
0.115303
0.116062
0.116822
0.117584
0.118346
0.11911
0.119875
0.120641
0.121408
0.122176
0.122945
0.123715
0.124486
0.125257
0.126029
0.126802
0.127576
0.12835
0.129125
0.129901
0.130677
0.131453
0.13223
0.133007
0.133784
0.134561
0.135339
0.136117
0.136895
0.137673
0.138451
0.139229
0.140007
0.140785
0.141562
0.14234
0.143117
0.143893
0.144669
0.145445
0.14622
0.146995
0.147769
0.148542
0.149314
0.150086
0.150857
0.151627
0.152396
0.153164
0.153931
0.154697
0.155462
0.156225
0.156987
0.157748
0.158507
0.159265
0.160022
0.160777
0.16153
0.162282
0.163031
0.163779
0.164526
0.16527
0.166012
0.166753
0.167491
0.168227
0.168961
0.169693
0.170422
0.171149
0.171873
0.172595
0.173315
0.174032
0.174746
0.175458
0.176167
0.176873
0.177576
0.178276
0.178973
0.179667
0.180358
0.181046
0.181731
0.182412
0.18309
0.183765
0.184436
0.185104
0.185768
0.186428
0.187085
0.187738
0.188388
0.189033
0.189675
0.190312
0.190946
0.191575
0.192201
0.192822
0.193439
0.194052
0.194661
0.195265
0.195864
0.196459
0.19705
0.197636
0.198217
0.198794
0.199366
0.199933
0.200495
0.201053
0.201605
0.202153
0.202695
0.203232
0.203764
0.204291
0.204813
0.205329
0.205841
0.206346
0.206846
0.207341
0.207831
0.208314
0.208792
0.209265
0.209732
0.210193
0.210648
0.211097
0.211541
0.211978
0.21241
0.212836
0.213255
0.213669
0.214077
0.214478
0.214873
0.215262
0.215645
0.216021
0.216391
0.216755
0.217112
0.217463
0.217807
0.218145
0.218477
0.218802
0.21912
0.219431
0.219736
0.220035
0.220326
0.220611
0.220889
0.22116
0.221425
0.221683
0.221933
0.222177
0.222414
0.222644
0.222867
0.223083
0.223292
0.223494
0.223689
0.223877
0.224058
0.224232
0.224399
0.224558
0.224711
0.224856
0.224994
0.225125
0.225248
0.225365
0.225474
0.225576
0.225671
0.225758
0.225839
0.225911
0.225977
0.226036
0.226087
0.226131
0.226167
0.226196
0.226218
0.226233
0.22624
0.22624
0.226233
0.226218
0.226196
0.226167
0.226131
0.226087
0.226036
0.225977
0.225911
0.225839
0.225758
0.225671
0.225576
0.225474
0.225365
0.225248
0.225125
0.224994
0.224856
0.224711
0.224558
0.224399
0.224232
0.224058
0.223877
0.223689
0.223494
0.223292
0.223083
0.222867
0.222644
0.222414
0.222177
0.221933
0.221683
0.221425
0.22116
0.220889
0.220611
0.220326
0.220035
0.219736
0.219431
0.21912
0.218802
0.218477
0.218145
0.217807
0.217463
0.217112
0.216755
0.216391
0.216021
0.215645
0.215262
0.214873
0.214478
0.214077
0.213669
0.213255
0.212836
0.21241
0.211978
0.211541
0.211097
0.210648
0.210193
0.209732
0.209265
0.208792
0.208314
0.207831
0.207341
0.206846
0.206346
0.205841
0.205329
0.204813
0.204291
0.203764
0.203232
0.202695
0.202153
0.201605
0.201053
0.200495
0.199933
0.199366
0.198794
0.198217
0.197636
0.19705
0.196459
0.195864
0.195265
0.194661
0.194052
0.193439
0.192822
0.192201
0.191575
0.190946
0.190312
0.189675
0.189033
0.188388
0.187738
0.187085
0.186428
0.185768
0.185104
0.184436
0.183765
0.18309
0.182412
0.181731
0.181046
0.180358
0.179667
0.178973
0.178276
0.177576
0.176873
0.176167
0.175458
0.174746
0.174032
0.173315
0.172595
0.171873
0.171149
0.170422
0.169693
0.168961
0.168227
0.167491
0.166753
0.166012
0.16527
0.164526
0.163779
0.163031
0.162282
0.16153
0.160777
0.160022
0.159265
0.158507
0.157748
0.156987
0.156225
0.155462
0.154697
0.153931
0.153164
0.152396
0.151627
0.150857
0.150086
0.149314
0.148542
0.147769
0.146995
0.14622
0.145445
0.144669
0.143893
0.143117
0.14234
0.141562
0.140785
0.140007
0.139229
0.138451
0.137673
0.136895
0.136117
0.135339
0.134561
0.133784
0.133007
0.13223
0.131453
0.130677
0.129901
0.129125
0.12835
0.127576
0.126802
0.126029
0.125257
0.124486
0.123715
0.122945
0.122176
0.121408
0.120641
0.119875
0.11911
0.118346
0.117584
0.116822
0.116062
0.115303
0.114545
0.113789
0.113034
0.112281
0.111529
0.110778
0.110029
0.109282
0.108536
0.107792
0.10705
0.106309
0.10557
0.104833
0.104098
0.103365
0.102633
0.101904
0.101177
0.100451
0.0997277
0.0990064
0.0982872
0.0975701
0.0968552
0.0961425
0.095432
0.0947237
0.0940178
0.0933141
0.0926129
0.0919139
0.0912174
0.0905233
0.0898317
0.0891425
0.0884558
0.0877717
0.0870901
0.0864111
0.0857347
0.0850609
0.0843897
0.0837212
0.0830554
0.0823924
0.081732
0.0810744
0.0804196
0.0797676
0.0791184
0.078472
0.0778284
0.0771878
0.07655
0.0759151
0.0752831
0.0746541
0.074028
0.0734049
0.0727848
0.0721677
0.0715536
0.0709425
0.0703345
0.0697295
0.0691276
0.0685287
0.067933
0.0673404
0.0667508
0.0661644
0.0655812
0.065001
0.0644241
0.0638503
0.0632796
0.0627122
0.0621479
0.0615869
0.061029
0.0604744
0.059923
0.0593748
0.0588299
0.0582882
0.0577497
0.0572145
0.0566825
0.0561538
0.0556284
0.0551062
0.0545873
0.0540717
0.0535593
0.0530502
0.0525445
0.052042
0.0515427
0.0510468
0.0505541
0.0500648
0.0495787
0.0490959
0.0486164
0.0481402
0.0476673
0.0471977
0.0467313
0.0462682
0.0458084
0.0453519
0.0448987
0.0444487
0.044002
0.0435586
0.0431184
0.0426815
0.0422479
0.0418175
0.0413904
0.0409665
0.0405458
0.0401284
0.0397142
0.0393032
0.0388955
0.0384909
0.0380896
0.0376915
0.0372965
0.0369047
0.0365162
0.0361308
0.0357485
0.0353694
0.0349935
0.0346207
0.0342511
0.0338845
0.0335211
0.0331608
0.0328036
0.0324495
0.0320985
0.0317506
0.0314057
0.0310639
0.0307251
0.0303894
0.0300567
0.029727
0.0294003
0.0290767
0.028756
0.0284383
0.0281236
0.0278118
0.027503
0.0271971
0.0268941
0.0265941
0.0262969
0.0260027
0.0257113
0.0254228
0.0251372
0.0248545
0.0245745
0.0242974
0.0240231
0.0237517
0.023483
0.0232171
0.022954
0.0226936
0.022436
0.0221811
0.0219289
0.0216795
0.0214328
0.0211887
0.0209474
0.0207087
0.0204726
0.0202392
0.0200085
0.0197803
0.0195548
0.0193318
0.0191115
0.0188937
0.0186785
0.0184658
0.0182557
0.0180481
0.017843
0.0176405
0.0174404
0.0172428
0.0170477
0.016855
0.0166648
0.016477
0.0162916
0.0161087
0.0159281
0.0157499
0.0155742
0.0154008
0.0152297
0.015061
0.0148946
0.0147306
0.0145689
0.0144094
0.0142523
0.0140975
0.0139449
0.0137946
0.0136465
0.0135007
0.0133571
0.0132158
0.0130766
0.0129397
0.0128049
0.0126723
0.0125419
0.0124137
0.0122876
0.0121637
0.0120419
0.0119222
0.0118047
0.0116892
0.0115759
0.0114646
0.0113555
0.0112484
0.0111433
0.0110404
0.0109395
0.0108406
0.0107438
0.010649
0.0105562
0.0104654
0.0103766
0.0102899
0.0102051
0.0101223
0.0100415
0.00996265
0.00988578
0.00981087
0.00973791
0.00966689
0.00959782
0.00953068
0.00946548
0.0094022
0.00934083
0.00928139
0.00922385
0.00916821
0.00911448
0.00906264
0.00901269
0.00896463
0.00891845
0.00887414
0.00883172
0.00879116
0.00875247
0.00871565
0.00868068
0.00864758
0.00861633
0.00858693
0.00855938
0.00853368
0.00850982
0.00848781
0.00846764
0.0084493
0.00843281
0.00841815
0.00840533
0.00839434
0.00838518
0.00837786
0.00837237
0.0083687
0.00836687
)
;

boundaryField
{
    sides
    {
        type            zeroGradient;
    }
    empty
    {
        type            empty;
    }
}


// ************************************************************************* //
