/*--------------------------------*- C++ -*----------------------------------*\
  =========                 |
  \\      /  F ield         | OpenFOAM: The Open Source CFD Toolbox
   \\    /   O peration     | Website:  https://openfoam.org
    \\  /    A nd           | Version:  7
     \\/     M anipulation  |
\*---------------------------------------------------------------------------*/
FoamFile
{
    version     2.0;
    format      ascii;
    class       volScalarField;
    location    "4.68";
    object      T;
}
// * * * * * * * * * * * * * * * * * * * * * * * * * * * * * * * * * * * * * //

dimensions      [0 0 0 1 0 0 0];

internalField   nonuniform List<scalar> 
1000
(
0
0
0
0
0
0
0
0
0
0
0
0
0
0
0
0
0
0
0
0
0
0
0
0
0
0
0
0
0
0
0
0
0
0
0
0
0
0
0
0
0
0
0
0
0
0
0
0
0
0
0
0
0
0
0
0
0
0
0
0
0
0
0
0
0
0
0
0
0
0
0
0
0
0
0
0
0
0
0
0
0
0
0
0
0
0
0
0
0
0
0
0
0
0
0
0
0
0
0
0
0
0
0
0
0
0
0
0
0
0
0
0
0
0
0
0
0
0
0
0
0
0
0
0
0
0
0
0
0
0
0
0
0
0
0
0
0
0
0
0
0
0
0
0
0
0
0
0
0
0
0
0
0
0
0
0
0
0
0
0
0
0
0
0
0
0
0
0
0
0
0
0
0
0
0
0
0
0
0
0
0
0
0
0
0
0
0
0
0
0
1.4822e-322
5.73116e-321
2.0895e-319
7.58735e-318
2.74797e-316
9.92755e-315
3.57746e-313
1.28589e-311
4.61024e-310
1.64865e-308
5.88049e-307
2.09204e-305
7.42326e-304
2.62712e-302
9.27297e-301
3.26442e-299
1.14614e-297
4.0133e-296
1.40151e-294
4.88105e-293
1.6953e-291
5.87206e-290
2.02832e-288
6.98682e-287
2.4e-285
8.22103e-284
2.80813e-282
9.5648e-281
3.24861e-279
1.1002e-277
3.71532e-276
1.25101e-274
4.20007e-273
1.40598e-271
4.69266e-270
1.5616e-268
5.18114e-267
1.71386e-265
5.65214e-264
1.85836e-262
6.09145e-261
1.99056e-259
6.48462e-258
2.10592e-256
6.81775e-255
2.20024e-253
7.07821e-252
2.26982e-250
7.25547e-249
2.31173e-247
7.34173e-246
2.32402e-244
7.3325e-243
2.30583e-241
7.22695e-240
2.2575e-238
7.02805e-237
2.18056e-235
6.74245e-234
2.07766e-232
6.38009e-231
1.95239e-229
5.95367e-228
1.80913e-226
5.47789e-225
1.65274e-223
4.96856e-222
1.48828e-220
4.44176e-219
1.32078e-217
3.91292e-216
1.15493e-214
3.39612e-213
9.94884e-212
2.90344e-210
8.44096e-209
2.44455e-207
7.05217e-206
2.02652e-204
5.80057e-203
1.65376e-201
4.69615e-200
1.32821e-198
3.74142e-197
1.04963e-195
2.93262e-194
8.15981e-193
2.26098e-191
6.23868e-190
1.71417e-188
4.68994e-187
1.27767e-185
3.46575e-184
9.36018e-183
2.51691e-181
6.73805e-180
1.79584e-178
4.76489e-177
1.25857e-175
3.3092e-174
8.66116e-173
2.25642e-171
5.85115e-170
1.51015e-168
3.87923e-167
9.91737e-166
2.52324e-164
6.38873e-163
1.60971e-161
4.03588e-160
1.00687e-158
2.49937e-157
6.17298e-156
1.51686e-154
3.70824e-153
9.0186e-152
2.18194e-150
5.25118e-149
1.25709e-147
2.99326e-146
7.08887e-145
1.66971e-143
3.91125e-142
9.11131e-141
2.11064e-139
4.86177e-138
1.11352e-136
2.53574e-135
5.74105e-134
1.29221e-132
2.89141e-131
6.43121e-130
1.42188e-128
3.12457e-127
6.82423e-126
1.48124e-124
3.19509e-123
6.84852e-122
1.45862e-120
3.08667e-119
6.48954e-118
1.35546e-116
2.81239e-115
5.79638e-114
1.18658e-112
2.41252e-111
4.87126e-110
9.76746e-109
1.94473e-107
3.8445e-106
7.54559e-105
1.47023e-103
2.84367e-102
5.45939e-101
1.04026e-99
1.96715e-98
3.69143e-97
6.87344e-96
1.26981e-94
2.32729e-93
4.23123e-92
7.63044e-91
1.36476e-89
2.42073e-88
4.25768e-87
7.42499e-86
1.28371e-84
2.20011e-83
3.73746e-82
6.29243e-81
1.04983e-79
1.73553e-78
2.84251e-77
4.61188e-76
7.41151e-75
1.1796e-73
1.8591e-72
2.90104e-71
4.48159e-70
6.85292e-69
1.0371e-67
1.55314e-66
2.3013e-65
3.37321e-64
4.89054e-63
7.01196e-62
9.94082e-61
1.39325e-59
1.93014e-58
2.64252e-57
3.5747e-56
4.77718e-55
6.30564e-54
8.21913e-53
1.05772e-51
1.34362e-50
1.68438e-49
2.0834e-48
2.54195e-47
3.0586e-46
3.62855e-45
4.24312e-44
4.88952e-43
5.55083e-42
6.20639e-41
6.83255e-40
7.40388e-39
7.89466e-38
8.28066e-37
8.54101e-36
8.65997e-35
8.62838e-34
8.44476e-33
8.1156e-32
7.65519e-31
7.08451e-30
6.42973e-29
5.72015e-28
4.98596e-27
4.25598e-26
3.5558e-25
2.9062e-24
2.32231e-23
1.81327e-22
1.38256e-21
1.02873e-20
7.46473e-20
5.27854e-19
3.6347e-18
2.43519e-17
1.58614e-16
1.00347e-15
6.16053e-15
3.66645e-14
2.11314e-13
1.1781e-12
6.34576e-12
3.29827e-11
1.65196e-10
7.96158e-10
3.6865e-09
1.6373e-08
6.96269e-08
2.82968e-07
1.09681e-06
4.04587e-06
1.41702e-05
4.70049e-05
0.000147287
0.000434728
0.0012051
0.00312783
0.00757718
0.0170787
0.035709
0.0690746
0.123362
0.203187
0.308753
0.433814
0.566186
0.691247
0.796813
0.876638
0.930925
0.964291
0.982921
0.992423
0.996872
0.998795
0.999565
0.999853
0.999953
0.999986
0.999996
0.999999
1
1
1
1
1
1
1
1
1
1
1
1
1
1
1
1
1
1
1
1
1
1
1
1
1
1
1
1
1
1
1
1
1
1
1
1
1
1
1
1
1
1
1
1
1
1
1
1
1
1
1
1
1
1
1
1
1
1
1
1
1
1
1
1
1
1
1
1
0.999999
0.999996
0.999986
0.999953
0.999853
0.999565
0.998795
0.996872
0.992423
0.982921
0.964291
0.930925
0.876638
0.796813
0.691247
0.566186
0.433814
0.308753
0.203187
0.123362
0.0690746
0.035709
0.0170787
0.00757718
0.00312783
0.0012051
0.000434728
0.000147287
4.70049e-05
1.41702e-05
4.04587e-06
1.09681e-06
2.82968e-07
6.96269e-08
1.6373e-08
3.6865e-09
7.96158e-10
1.65196e-10
3.29827e-11
6.34576e-12
1.1781e-12
2.11314e-13
3.66645e-14
6.16053e-15
1.00347e-15
1.58614e-16
2.43519e-17
3.6347e-18
5.27854e-19
7.46473e-20
1.02873e-20
1.38256e-21
1.81327e-22
2.32231e-23
2.9062e-24
3.5558e-25
4.25598e-26
4.98596e-27
5.72015e-28
6.42973e-29
7.08451e-30
7.65519e-31
8.1156e-32
8.44476e-33
8.62838e-34
8.65997e-35
8.54101e-36
8.28066e-37
7.89466e-38
7.40388e-39
6.83255e-40
6.20639e-41
5.55083e-42
4.88952e-43
4.24312e-44
3.62855e-45
3.0586e-46
2.54195e-47
2.0834e-48
1.68438e-49
1.34362e-50
1.05772e-51
8.21913e-53
6.30564e-54
4.77718e-55
3.5747e-56
2.64252e-57
1.93014e-58
1.39325e-59
9.94082e-61
7.01196e-62
4.89054e-63
3.37321e-64
2.3013e-65
1.55314e-66
1.0371e-67
6.85292e-69
4.48159e-70
2.90104e-71
1.8591e-72
1.1796e-73
7.41151e-75
4.61188e-76
2.84251e-77
1.73553e-78
1.04983e-79
6.29243e-81
3.73746e-82
2.20011e-83
1.28371e-84
7.42499e-86
4.25768e-87
2.42073e-88
1.36476e-89
7.63044e-91
4.23123e-92
2.32729e-93
1.26981e-94
6.87344e-96
3.69143e-97
1.96715e-98
1.04026e-99
5.45939e-101
2.84367e-102
1.47023e-103
7.54559e-105
3.8445e-106
1.94473e-107
9.76746e-109
4.87126e-110
2.41252e-111
1.18658e-112
5.79638e-114
2.81239e-115
1.35546e-116
6.48954e-118
3.08667e-119
1.45862e-120
6.84852e-122
3.19509e-123
1.48124e-124
6.82423e-126
3.12457e-127
1.42188e-128
6.43121e-130
2.89141e-131
1.29221e-132
5.74105e-134
2.53574e-135
1.11352e-136
4.86177e-138
2.11064e-139
9.11131e-141
3.91125e-142
1.66971e-143
7.08887e-145
2.99326e-146
1.25709e-147
5.25118e-149
2.18194e-150
9.0186e-152
3.70824e-153
1.51686e-154
6.17298e-156
2.49937e-157
1.00687e-158
4.03588e-160
1.60971e-161
6.38873e-163
2.52324e-164
9.91737e-166
3.87923e-167
1.51015e-168
5.85115e-170
2.25642e-171
8.66116e-173
3.3092e-174
1.25857e-175
4.76489e-177
1.79584e-178
6.73805e-180
2.51691e-181
9.36018e-183
3.46575e-184
1.27767e-185
4.68994e-187
1.71417e-188
6.23868e-190
2.26098e-191
8.15981e-193
2.93262e-194
1.04963e-195
3.74142e-197
1.32821e-198
4.69615e-200
1.65376e-201
5.80057e-203
2.02652e-204
7.05217e-206
2.44455e-207
8.44096e-209
2.90344e-210
9.94884e-212
3.39612e-213
1.15493e-214
3.91292e-216
1.32078e-217
4.44176e-219
1.48828e-220
4.96856e-222
1.65274e-223
5.47789e-225
1.80913e-226
5.95367e-228
1.95239e-229
6.38009e-231
2.07766e-232
6.74245e-234
2.18056e-235
7.02805e-237
2.2575e-238
7.22695e-240
2.30583e-241
7.3325e-243
2.32402e-244
7.34173e-246
2.31173e-247
7.25547e-249
2.26982e-250
7.07821e-252
2.20024e-253
6.81775e-255
2.10592e-256
6.48462e-258
1.99056e-259
6.09145e-261
1.85836e-262
5.65214e-264
1.71386e-265
5.18114e-267
1.5616e-268
4.69266e-270
1.40598e-271
4.20007e-273
1.25101e-274
3.71532e-276
1.1002e-277
3.24861e-279
9.5648e-281
2.80813e-282
8.22103e-284
2.4e-285
6.98682e-287
2.02832e-288
5.87206e-290
1.6953e-291
4.88105e-293
1.40151e-294
4.0133e-296
1.14614e-297
3.26442e-299
9.27297e-301
2.62712e-302
7.42326e-304
2.09204e-305
5.88049e-307
1.64865e-308
4.61024e-310
1.28589e-311
3.57746e-313
9.92755e-315
2.74797e-316
7.58735e-318
2.08955e-319
5.73116e-321
1.4822e-322
0
0
0
0
0
0
0
0
0
0
0
0
0
0
0
0
0
0
0
0
0
0
0
0
0
0
0
0
0
0
0
0
0
0
0
0
0
0
0
0
0
0
0
0
0
0
0
0
0
0
0
0
0
0
0
0
0
0
0
0
0
0
0
0
0
0
0
0
0
0
0
0
0
0
0
0
0
0
0
0
0
0
0
0
0
0
0
0
0
0
0
0
0
0
0
0
0
0
0
0
0
0
0
0
0
0
0
0
0
0
0
0
0
0
0
0
0
0
0
0
0
0
0
0
0
0
0
0
0
0
0
0
0
0
0
0
0
0
0
0
0
0
0
0
0
0
0
0
0
0
0
0
0
0
0
0
0
0
0
0
0
0
0
0
0
0
0
0
0
0
0
0
0
0
0
0
0
0
0
0
0
0
0
0
0
0
0
0
0
0
)
;

boundaryField
{
    sides
    {
        type            zeroGradient;
    }
    empty
    {
        type            empty;
    }
}


// ************************************************************************* //
