/*--------------------------------*- C++ -*----------------------------------*\
  =========                 |
  \\      /  F ield         | OpenFOAM: The Open Source CFD Toolbox
   \\    /   O peration     | Website:  https://openfoam.org
    \\  /    A nd           | Version:  7
     \\/     M anipulation  |
\*---------------------------------------------------------------------------*/
FoamFile
{
    version     2.0;
    format      ascii;
    class       volScalarField;
    location    "3.56";
    object      T;
}
// * * * * * * * * * * * * * * * * * * * * * * * * * * * * * * * * * * * * * //

dimensions      [0 0 0 1 0 0 0];

internalField   nonuniform List<scalar> 
1000
(
0.00398067
0.0039808
0.00398105
0.00398143
0.00398194
0.00398258
0.00398335
0.00398426
0.0039853
0.00398647
0.00398779
0.00398924
0.00399083
0.00399256
0.00399444
0.00399646
0.00399862
0.00400093
0.00400339
0.004006
0.00400876
0.00401167
0.00401474
0.00401796
0.00402134
0.00402487
0.00402857
0.00403242
0.00403644
0.00404062
0.00404497
0.00404949
0.00405417
0.00405902
0.00406404
0.00406924
0.00407461
0.00408016
0.00408588
0.00409179
0.00409787
0.00410414
0.00411059
0.00411722
0.00412405
0.00413106
0.00413826
0.00414565
0.00415324
0.00416102
0.004169
0.00417718
0.00418556
0.00419414
0.00420292
0.00421191
0.0042211
0.00423051
0.00424012
0.00424995
0.00425999
0.00427025
0.00428072
0.00429142
0.00430233
0.00431347
0.00432483
0.00433642
0.00434823
0.00436028
0.00437256
0.00438507
0.00439782
0.0044108
0.00442403
0.0044375
0.0044512
0.00446516
0.00447936
0.00449381
0.00450851
0.00452347
0.00453867
0.00455414
0.00456986
0.00458585
0.0046021
0.00461861
0.00463539
0.00465243
0.00466975
0.00468734
0.00470521
0.00472335
0.00474177
0.00476047
0.00477946
0.00479873
0.00481829
0.00483813
0.00485827
0.00487871
0.00489943
0.00492046
0.00494178
0.00496341
0.00498534
0.00500758
0.00503013
0.00505299
0.00507616
0.00509965
0.00512345
0.00514758
0.00517202
0.0051968
0.00522189
0.00524732
0.00527308
0.00529917
0.00532559
0.00535236
0.00537946
0.00540691
0.00543471
0.00546285
0.00549134
0.00552018
0.00554938
0.00557893
0.00560884
0.00563912
0.00566976
0.00570076
0.00573213
0.00576388
0.005796
0.00582849
0.00586137
0.00589462
0.00592826
0.00596228
0.0059967
0.0060315
0.0060667
0.00610229
0.00613829
0.00617468
0.00621148
0.00624868
0.00628629
0.00632432
0.00636275
0.00640161
0.00644088
0.00648057
0.00652069
0.00656124
0.00660221
0.00664362
0.00668546
0.00672774
0.00677046
0.00681362
0.00685723
0.00690128
0.00694579
0.00699075
0.00703616
0.00708203
0.00712837
0.00717517
0.00722243
0.00727017
0.00731837
0.00736705
0.00741621
0.00746585
0.00751598
0.00756658
0.00761768
0.00766927
0.00772135
0.00777393
0.00782701
0.00788059
0.00793468
0.00798927
0.00804438
0.0081
0.00815613
0.00821279
0.00826996
0.00832767
0.0083859
0.00844466
0.00850395
0.00856378
0.00862415
0.00868506
0.00874651
0.00880851
0.00887107
0.00893417
0.00899784
0.00906206
0.00912684
0.00919219
0.0092581
0.00932459
0.00939165
0.00945928
0.0095275
0.00959629
0.00966567
0.00973564
0.0098062
0.00987735
0.0099491
0.0100215
0.0100944
0.010168
0.0102421
0.0103169
0.0103923
0.0104683
0.0105449
0.0106222
0.0107
0.0107785
0.0108577
0.0109374
0.0110178
0.0110989
0.0111806
0.0112629
0.0113459
0.0114295
0.0115138
0.0115987
0.0116843
0.0117706
0.0118575
0.0119451
0.0120334
0.0121223
0.0122119
0.0123022
0.0123932
0.0124849
0.0125772
0.0126703
0.012764
0.0128585
0.0129536
0.0130495
0.013146
0.0132433
0.0133412
0.0134399
0.0135393
0.0136394
0.0137403
0.0138418
0.0139441
0.0140471
0.0141509
0.0142554
0.0143606
0.0144666
0.0145733
0.0146808
0.014789
0.014898
0.0150077
0.0151182
0.0152294
0.0153414
0.0154542
0.0155677
0.015682
0.0157971
0.015913
0.0160296
0.016147
0.0162652
0.0163842
0.016504
0.0166245
0.0167459
0.0168681
0.016991
0.0171148
0.0172394
0.0173647
0.0174909
0.0176179
0.0177457
0.0178743
0.0180038
0.018134
0.0182651
0.018397
0.0185298
0.0186634
0.0187978
0.018933
0.0190691
0.019206
0.0193438
0.0194824
0.0196218
0.0197621
0.0199033
0.0200453
0.0201881
0.0203319
0.0204764
0.0206219
0.0207682
0.0209153
0.0210634
0.0212123
0.021362
0.0215127
0.0216642
0.0218166
0.0219699
0.022124
0.0222791
0.022435
0.0225918
0.0227495
0.0229081
0.0230676
0.023228
0.0233892
0.0235514
0.0237145
0.0238785
0.0240433
0.0242091
0.0243758
0.0245434
0.0247118
0.0248812
0.0250516
0.0252228
0.0253949
0.025568
0.0257419
0.0259168
0.0260926
0.0262693
0.026447
0.0266255
0.026805
0.0269854
0.0271668
0.0273491
0.0275322
0.0277164
0.0279014
0.0280874
0.0282743
0.0284622
0.0286509
0.0288407
0.0290313
0.0292229
0.0294154
0.0296089
0.0298033
0.0299986
0.0301949
0.0303921
0.0305902
0.0307893
0.0309893
0.0311903
0.0313922
0.0315951
0.0317989
0.0320036
0.0322093
0.0324159
0.0326235
0.032832
0.0330415
0.0332519
0.0334632
0.0336755
0.0338887
0.0341029
0.034318
0.0345341
0.0347511
0.034969
0.0351879
0.0354077
0.0356285
0.0358502
0.0360728
0.0362964
0.0365209
0.0367464
0.0369728
0.0372001
0.0374284
0.0376576
0.0378878
0.0381188
0.0383508
0.0385838
0.0388177
0.0390525
0.0392882
0.0395249
0.0397624
0.040001
0.0402404
0.0404808
0.040722
0.0409642
0.0412074
0.0414514
0.0416964
0.0419422
0.042189
0.0424367
0.0426853
0.0429348
0.0431852
0.0434366
0.0436888
0.0439419
0.0441959
0.0444509
0.0447067
0.0449634
0.045221
0.0454794
0.0457388
0.0459991
0.0462602
0.0465222
0.0467851
0.0470488
0.0473135
0.047579
0.0478453
0.0481125
0.0483806
0.0486496
0.0489194
0.04919
0.0494615
0.0497338
0.050007
0.050281
0.0505559
0.0508316
0.0511081
0.0513855
0.0516636
0.0519426
0.0522224
0.052503
0.0527845
0.0530667
0.0533497
0.0536335
0.0539182
0.0542036
0.0544898
0.0547768
0.0550645
0.0553531
0.0556424
0.0559324
0.0562233
0.0565149
0.0568072
0.0571003
0.0573941
0.0576887
0.057984
0.0582801
0.0585768
0.0588743
0.0591725
0.0594715
0.0597711
0.0600714
0.0603725
0.0606742
0.0609766
0.0612797
0.0615835
0.0618879
0.062193
0.0624988
0.0628052
0.0631123
0.06342
0.0637284
0.0640374
0.064347
0.0646573
0.0649682
0.0652797
0.0655918
0.0659044
0.0662177
0.0665316
0.0668461
0.0671611
0.0674767
0.0677929
0.0681096
0.0684269
0.0687447
0.0690631
0.069382
0.0697015
0.0700214
0.0703419
0.0706628
0.0709843
0.0713063
0.0716287
0.0719517
0.0722751
0.072599
0.0729233
0.0732481
0.0735733
0.073899
0.0742251
0.0745517
0.0748786
0.075206
0.0755337
0.0758619
0.0761904
0.0765194
0.0768487
0.0771784
0.0775084
0.0778388
0.0781695
0.0785006
0.078832
0.0791637
0.0794957
0.079828
0.0801607
0.0804936
0.0808268
0.0811602
0.081494
0.081828
0.0821622
0.0824967
0.0828314
0.0831664
0.0835015
0.0838369
0.0841725
0.0845082
0.0848442
0.0851803
0.0855166
0.085853
0.0861896
0.0865264
0.0868632
0.0872002
0.0875373
0.0878746
0.0882119
0.0885493
0.0888868
0.0892243
0.0895619
0.0898996
0.0902373
0.0905751
0.0909128
0.0912506
0.0915884
0.0919262
0.092264
0.0926018
0.0929396
0.0932773
0.0936149
0.0939526
0.0942901
0.0946276
0.094965
0.0953023
0.0956395
0.0959766
0.0963136
0.0966504
0.0969871
0.0973237
0.0976601
0.0979963
0.0983324
0.0986683
0.0990039
0.0993394
0.0996747
0.10001
0.100345
0.100679
0.101013
0.101347
0.101681
0.102015
0.102348
0.102681
0.103013
0.103346
0.103678
0.104009
0.104341
0.104672
0.105002
0.105332
0.105662
0.105991
0.10632
0.106649
0.106977
0.107305
0.107632
0.107959
0.108285
0.108611
0.108937
0.109262
0.109586
0.10991
0.110233
0.110556
0.110878
0.1112
0.111521
0.111842
0.112162
0.112481
0.1128
0.113119
0.113436
0.113753
0.11407
0.114385
0.114701
0.115015
0.115329
0.115642
0.115954
0.116266
0.116577
0.116887
0.117197
0.117505
0.117813
0.118121
0.118427
0.118733
0.119038
0.119342
0.119646
0.119948
0.12025
0.120551
0.120851
0.12115
0.121449
0.121746
0.122043
0.122338
0.122633
0.122927
0.12322
0.123513
0.123804
0.124094
0.124383
0.124672
0.124959
0.125246
0.125531
0.125816
0.126099
0.126382
0.126664
0.126944
0.127224
0.127502
0.12778
0.128056
0.128331
0.128606
0.128879
0.129151
0.129422
0.129692
0.129961
0.130229
0.130495
0.130761
0.131025
0.131288
0.13155
0.131811
0.132071
0.13233
0.132587
0.132844
0.133099
0.133353
0.133605
0.133857
0.134107
0.134356
0.134604
0.134851
0.135096
0.13534
0.135583
0.135825
0.136066
0.136305
0.136543
0.136779
0.137014
0.137249
0.137481
0.137713
0.137943
0.138172
0.138399
0.138626
0.13885
0.139074
0.139296
0.139517
0.139737
0.139955
0.140172
0.140387
0.140602
0.140814
0.141026
0.141236
0.141445
0.141652
0.141858
0.142062
0.142266
0.142467
0.142668
0.142867
0.143064
0.143261
0.143455
0.143649
0.143841
0.144031
0.14422
0.144408
0.144594
0.144779
0.144963
0.145145
0.145326
0.145505
0.145682
0.145859
0.146034
0.146207
0.146379
0.14655
0.146719
0.146887
0.147053
0.147218
0.147381
0.147543
0.147704
0.147863
0.14802
0.148177
0.148331
0.148485
0.148637
0.148787
0.148936
0.149084
0.14923
0.149374
0.149518
0.149659
0.1498
0.149939
0.150076
0.150212
0.150347
0.15048
0.150612
0.150743
0.150872
0.150999
0.151125
0.15125
0.151373
0.151495
0.151616
0.151735
0.151853
0.151969
0.152084
0.152198
0.15231
0.152421
0.15253
0.152638
0.152745
0.15285
0.152954
0.153057
0.153158
0.153258
0.153357
0.153454
0.15355
0.153645
0.153738
0.15383
0.153921
0.15401
0.154099
0.154185
0.154271
0.154355
0.154438
0.15452
0.1546
0.15468
0.154758
0.154834
0.15491
0.154984
0.155057
0.155129
0.1552
0.155269
0.155337
0.155404
0.15547
0.155535
0.155599
0.155661
0.155722
0.155782
0.155842
0.155899
0.155956
0.156012
0.156067
0.15612
0.156173
0.156224
0.156274
0.156324
0.156372
0.156419
0.156465
0.156511
0.156555
0.156598
0.15664
0.156682
0.156722
0.156761
0.1568
0.156837
0.156874
0.15691
0.156944
0.156978
0.157011
0.157043
0.157075
0.157105
0.157135
0.157164
0.157192
0.157219
0.157245
0.157271
0.157296
0.15732
0.157343
0.157366
0.157387
0.157409
0.157429
0.157449
0.157468
0.157486
0.157504
0.157521
0.157538
0.157554
0.157569
0.157584
0.157598
0.157611
0.157624
0.157637
0.157648
0.15766
0.157671
0.157681
0.157691
0.1577
0.157709
0.157717
0.157725
0.157733
0.15774
0.157747
0.157753
0.157759
0.157764
0.157769
0.157774
0.157779
0.157783
0.157787
0.15779
0.157793
0.157796
0.157799
0.157801
0.157803
0.157805
0.157807
0.157808
0.157809
0.15781
0.157811
0.157812
0.157812
0.157813
0.157813
0.157813
0.157813
0.157812
0.157812
0.157811
0.157811
0.15781
0.157809
0.157809
0.157808
0.157807
0.157806
0.157805
0.157804
0.157803
0.157801
0.1578
0.157799
0.157798
0.157797
0.157796
0.157795
0.157794
0.157793
0.157792
0.157791
0.15779
0.157789
0.157789
0.157788
0.157787
0.157787
0.157786
0.157786
0.157785
0.157785
0.157785
0.157785
)
;

boundaryField
{
    sides
    {
        type            zeroGradient;
    }
    empty
    {
        type            empty;
    }
}


// ************************************************************************* //
