/*--------------------------------*- C++ -*----------------------------------*\
  =========                 |
  \\      /  F ield         | OpenFOAM: The Open Source CFD Toolbox
   \\    /   O peration     | Website:  https://openfoam.org
    \\  /    A nd           | Version:  7
     \\/     M anipulation  |
\*---------------------------------------------------------------------------*/
FoamFile
{
    version     2.0;
    format      ascii;
    class       volScalarField;
    location    "1.3";
    object      T;
}
// * * * * * * * * * * * * * * * * * * * * * * * * * * * * * * * * * * * * * //

dimensions      [0 0 0 1 0 0 0];

internalField   nonuniform List<scalar> 
1000
(
0
0
0
0
0
0
0
0
0
0
0
0
0
0
0
0
0
0
0
0
0
0
0
0
0
0
0
0
0
0
0
0
0
0
0
0
0
0
0
0
0
0
0
0
0
0
0
0
0
0
0
0
0
0
0
0
0
0
0
0
0
0
0
0
0
0
0
0
0
0
0
0
0
0
0
0
0
0
0
0
0
0
0
0
0
0
0
0
0
0
0
0
0
0
0
0
0
0
0
0
0
0
0
0
0
0
0
0
0
0
0
0
0
0
0
0
0
0
0
0
0
0
0
0
0
0
0
0
0
0
0
0
0
0
0
0
0
0
0
0
0
0
0
0
0
0
0
0
0
0
0
0
0
0
0
0
0
0
0
0
0
0
0
0
0
0
0
0
0
0
0
0
0
0
0
0
0
0
0
0
0
0
0
0
0
0
0
0
0
0
0
0
0
0
0
0
0
0
0
0
0
0
0
0
0
0
0
0
0
0
0
0
0
0
0
0
0
0
0
0
0
0
0
0
0
0
0
0
0
0
0
0
0
0
0
0
0
0
0
0
0
0
9.88131e-324
9.14021e-322
5.73166e-320
3.59504e-318
2.25061e-316
1.40629e-314
8.77043e-313
5.45925e-311
3.3916e-309
2.10295e-307
1.30136e-305
8.03722e-304
4.95387e-302
3.04725e-300
1.87064e-298
1.14599e-296
7.00606e-295
4.27428e-293
2.60219e-291
1.58087e-289
9.58347e-288
5.79716e-286
3.49916e-284
2.10747e-282
1.26648e-280
7.59394e-279
4.54317e-277
2.71186e-275
1.61503e-273
9.59602e-272
5.68841e-270
3.36411e-268
1.98482e-266
1.16824e-264
6.85956e-263
4.01793e-261
2.3477e-259
1.36837e-257
7.95574e-256
4.61381e-254
2.6689e-252
1.53989e-250
8.86169e-249
5.08635e-247
2.9117e-245
1.66237e-243
9.4654e-242
5.37486e-240
3.0437e-238
1.71882e-236
9.67929e-235
5.43535e-233
3.04348e-231
1.69926e-229
9.45983e-228
5.25084e-226
2.90592e-224
1.60337e-222
8.81993e-221
4.83689e-219
2.64437e-217
1.44119e-215
7.82969e-214
4.24016e-212
2.28885e-210
1.2315e-208
6.60423e-207
3.5299e-205
1.88035e-203
9.98244e-202
5.28129e-200
2.7844e-198
1.46284e-196
7.65799e-195
3.99458e-193
2.0761e-191
1.07505e-189
5.54615e-188
2.8505e-186
1.45948e-184
7.4439e-183
3.78192e-181
1.91387e-179
9.64671e-178
4.84277e-176
2.42122e-174
1.20554e-172
5.97735e-171
2.9512e-169
1.45086e-167
7.10178e-166
3.46099e-164
1.67919e-162
8.11044e-161
3.89947e-159
1.8662e-157
8.88951e-156
4.21441e-154
1.98842e-152
9.33608e-151
4.36192e-149
2.02777e-147
9.37903e-146
4.31584e-144
1.97565e-142
8.99626e-141
4.07462e-139
1.8355e-137
8.22297e-136
3.66333e-134
1.62279e-132
7.14745e-131
3.12972e-129
1.36235e-127
5.89468e-126
2.53503e-124
1.08347e-122
4.60169e-121
1.94198e-119
8.14247e-118
3.39161e-116
1.40329e-114
5.76683e-113
2.35355e-111
9.53806e-110
3.83791e-108
1.53312e-106
6.07928e-105
2.39258e-103
9.34465e-102
3.62147e-100
1.39243e-98
5.31086e-97
2.00909e-95
7.5372e-94
2.8037e-92
1.03394e-90
3.77947e-89
1.36919e-87
4.91499e-86
1.74794e-84
6.15739e-83
2.14808e-81
7.42002e-80
2.53729e-78
8.58726e-77
2.87585e-75
9.5281e-74
3.12231e-72
1.01174e-70
3.241e-69
1.02611e-67
3.20993e-66
9.91899e-65
3.02678e-63
9.11819e-62
2.7109e-60
7.95163e-59
2.30033e-57
6.56088e-56
1.84422e-54
5.10715e-53
1.39278e-51
3.73893e-50
9.87601e-49
2.56559e-47
6.55172e-46
1.64388e-44
4.05041e-43
9.79499e-42
2.32344e-40
5.40272e-39
1.23074e-37
2.74472e-36
5.98808e-35
1.27704e-33
2.66008e-32
5.4073e-31
1.07167e-29
2.06877e-28
3.88573e-27
7.09342e-26
1.257e-24
2.15948e-23
3.59158e-22
5.77413e-21
8.95853e-20
1.33893e-18
1.924e-17
2.65242e-16
3.49985e-15
4.40851e-14
5.28586e-13
6.01336e-12
6.46726e-11
6.54856e-10
6.21392e-09
5.49611e-08
4.5032e-07
3.39325e-06
2.33139e-05
0.000144565
0.000799002
0.00387625
0.0161938
0.0568721
0.162929
0.367523
0.632477
0.837071
0.943128
0.983806
0.996124
0.999201
0.999855
0.999977
0.999997
1
1
1
1
1
1
1
1
1
1
1
1
1
1
1
1
1
1
1
1
1
1
1
1
1
1
1
1
1
1
1
1
1
1
1
1
1
1
1
1
1
1
1
1
1
1
1
1
1
1
1
1
1
1
1
1
1
1
1
1
1
1
1
1
1
1
1
1
1
1
1
1
1
1
1
1
1
1
1
1
1
1
0.999997
0.999977
0.999855
0.999201
0.996124
0.983806
0.943128
0.837071
0.632477
0.367523
0.162929
0.0568721
0.0161938
0.00387625
0.000799002
0.000144565
2.33139e-05
3.39325e-06
4.5032e-07
5.49611e-08
6.21392e-09
6.54856e-10
6.46726e-11
6.01336e-12
5.28586e-13
4.40851e-14
3.49985e-15
2.65242e-16
1.924e-17
1.33893e-18
8.95853e-20
5.77413e-21
3.59158e-22
2.15948e-23
1.257e-24
7.09342e-26
3.88573e-27
2.06877e-28
1.07167e-29
5.4073e-31
2.66008e-32
1.27704e-33
5.98808e-35
2.74472e-36
1.23074e-37
5.40272e-39
2.32344e-40
9.79499e-42
4.05041e-43
1.64388e-44
6.55172e-46
2.56559e-47
9.87601e-49
3.73893e-50
1.39278e-51
5.10715e-53
1.84422e-54
6.56088e-56
2.30033e-57
7.95163e-59
2.7109e-60
9.11819e-62
3.02678e-63
9.91899e-65
3.20993e-66
1.02611e-67
3.241e-69
1.01174e-70
3.12231e-72
9.5281e-74
2.87585e-75
8.58726e-77
2.53729e-78
7.42002e-80
2.14808e-81
6.15739e-83
1.74794e-84
4.91499e-86
1.36919e-87
3.77947e-89
1.03394e-90
2.8037e-92
7.5372e-94
2.00909e-95
5.31086e-97
1.39243e-98
3.62147e-100
9.34465e-102
2.39258e-103
6.07928e-105
1.53312e-106
3.83791e-108
9.53806e-110
2.35355e-111
5.76683e-113
1.40329e-114
3.39161e-116
8.14247e-118
1.94198e-119
4.60169e-121
1.08347e-122
2.53503e-124
5.89468e-126
1.36235e-127
3.12972e-129
7.14745e-131
1.62279e-132
3.66333e-134
8.22297e-136
1.8355e-137
4.07462e-139
8.99626e-141
1.97565e-142
4.31584e-144
9.37903e-146
2.02777e-147
4.36192e-149
9.33608e-151
1.98842e-152
4.21441e-154
8.88951e-156
1.8662e-157
3.89947e-159
8.11044e-161
1.67919e-162
3.46099e-164
7.10178e-166
1.45086e-167
2.9512e-169
5.97735e-171
1.20554e-172
2.42122e-174
4.84277e-176
9.64671e-178
1.91387e-179
3.78192e-181
7.4439e-183
1.45948e-184
2.8505e-186
5.54615e-188
1.07505e-189
2.0761e-191
3.99458e-193
7.65799e-195
1.46284e-196
2.7844e-198
5.28129e-200
9.98244e-202
1.88035e-203
3.5299e-205
6.60423e-207
1.2315e-208
2.28885e-210
4.24016e-212
7.82969e-214
1.44119e-215
2.64437e-217
4.83689e-219
8.81993e-221
1.60337e-222
2.90592e-224
5.25084e-226
9.45983e-228
1.69926e-229
3.04348e-231
5.43535e-233
9.67929e-235
1.71882e-236
3.0437e-238
5.37486e-240
9.4654e-242
1.66237e-243
2.9117e-245
5.08635e-247
8.86169e-249
1.53989e-250
2.6689e-252
4.61381e-254
7.95574e-256
1.36837e-257
2.3477e-259
4.01793e-261
6.85956e-263
1.16824e-264
1.98482e-266
3.36411e-268
5.68841e-270
9.59602e-272
1.61503e-273
2.71186e-275
4.54317e-277
7.59394e-279
1.26648e-280
2.10747e-282
3.49916e-284
5.79716e-286
9.58347e-288
1.58087e-289
2.60219e-291
4.27428e-293
7.00606e-295
1.14599e-296
1.87064e-298
3.04725e-300
4.95387e-302
8.03722e-304
1.30136e-305
2.10295e-307
3.3916e-309
5.45925e-311
8.77043e-313
1.40629e-314
2.25061e-316
3.59504e-318
5.73166e-320
9.14021e-322
9.88131e-324
0
0
0
0
0
0
0
0
0
0
0
0
0
0
0
0
0
0
0
0
0
0
0
0
0
0
0
0
0
0
0
0
0
0
0
0
0
0
0
0
0
0
0
0
0
0
0
0
0
0
0
0
0
0
0
0
0
0
0
0
0
0
0
0
0
0
0
0
0
0
0
0
0
0
0
0
0
0
0
0
0
0
0
0
0
0
0
0
0
0
0
0
0
0
0
0
0
0
0
0
0
0
0
0
0
0
0
0
0
0
0
0
0
0
0
0
0
0
0
0
0
0
0
0
0
0
0
0
0
0
0
0
0
0
0
0
0
0
0
0
0
0
0
0
0
0
0
0
0
0
0
0
0
0
0
0
0
0
0
0
0
0
0
0
0
0
0
0
0
0
0
0
0
0
0
0
0
0
0
0
0
0
0
0
0
0
0
0
0
0
0
0
0
0
0
0
0
0
0
0
0
0
0
0
0
0
0
0
0
0
0
0
0
0
0
0
0
0
0
0
0
0
0
0
0
0
0
0
0
0
0
0
0
0
0
0
0
0
0
0
0
0
)
;

boundaryField
{
    sides
    {
        type            zeroGradient;
    }
    empty
    {
        type            empty;
    }
}


// ************************************************************************* //
