/*--------------------------------*- C++ -*----------------------------------*\
  =========                 |
  \\      /  F ield         | OpenFOAM: The Open Source CFD Toolbox
   \\    /   O peration     | Website:  https://openfoam.org
    \\  /    A nd           | Version:  7
     \\/     M anipulation  |
\*---------------------------------------------------------------------------*/
FoamFile
{
    version     2.0;
    format      ascii;
    class       volScalarField;
    location    "2.55";
    object      T;
}
// * * * * * * * * * * * * * * * * * * * * * * * * * * * * * * * * * * * * * //

dimensions      [0 0 0 1 0 0 0];

internalField   nonuniform List<scalar> 
1000
(
2.38099e-183
2.51774e-183
3.02061e-183
4.46394e-183
8.32276e-183
1.83889e-182
4.44072e-182
1.11412e-181
2.83692e-181
7.2628e-181
1.86267e-180
4.7792e-180
1.22614e-179
3.14494e-179
8.06375e-179
2.06683e-178
5.29557e-178
1.3563e-177
3.47244e-177
8.88684e-177
2.2735e-176
5.81401e-176
1.48624e-175
3.79784e-175
9.70099e-175
2.477e-174
6.3222e-174
1.61303e-173
4.11381e-173
1.04876e-172
2.67263e-172
6.80815e-172
1.7336e-171
4.4126e-171
1.12271e-170
2.85541e-170
7.25932e-170
1.8448e-169
4.68626e-169
1.18995e-168
3.02033e-168
7.66311e-168
1.94347e-167
4.92691e-167
1.24851e-166
3.16251e-166
8.00743e-166
2.02663e-165
5.12714e-165
1.29657e-164
3.27744e-164
8.2812e-164
2.09155e-163
5.28033e-163
1.33251e-162
3.36122e-162
8.47496e-162
2.13596e-161
5.38102e-161
1.35503e-160
3.41072e-160
8.58138e-160
2.15814e-159
5.42518e-159
1.3632e-158
3.42386e-158
8.5957e-158
2.15703e-157
5.41053e-157
1.35654e-156
3.39962e-156
8.51602e-156
2.13231e-155
5.33664e-155
1.33503e-154
3.33825e-154
8.34354e-154
2.08442e-153
5.20502e-153
1.29916e-152
3.24118e-152
8.08249e-152
2.01459e-151
5.01913e-151
1.24988e-150
3.11105e-150
7.74005e-150
1.92476e-149
4.78416e-149
1.18859e-148
2.95156e-148
7.32598e-148
1.8175e-147
4.50687e-147
1.11704e-146
2.76728e-146
6.8522e-146
1.69589e-145
4.1952e-145
1.03729e-144
2.56349e-144
6.33217e-144
1.56337e-143
3.85794e-143
9.51557e-143
2.34584e-142
5.78027e-142
1.42357e-141
3.50425e-141
8.62167e-141
2.12016e-140
5.21108e-140
1.28016e-139
3.14328e-139
7.71398e-139
1.89213e-138
4.63875e-138
1.13665e-137
2.78374e-137
6.81404e-137
1.66707e-136
4.0764e-136
9.96259e-136
2.43354e-135
5.94122e-135
1.44972e-134
3.53557e-134
8.61796e-134
2.0995e-133
5.11206e-133
1.24406e-132
3.02588e-132
7.35574e-132
1.78716e-131
4.33976e-131
1.05324e-130
2.55478e-130
6.19352e-130
1.50066e-129
3.63399e-129
8.79517e-129
2.12746e-128
5.14322e-128
1.24269e-127
3.00087e-127
7.24241e-127
1.74692e-126
4.21127e-126
1.01462e-125
2.44313e-125
5.87947e-125
1.41409e-124
3.3991e-124
8.16576e-124
1.96054e-123
4.70433e-123
1.12814e-122
2.7038e-122
6.47628e-122
1.55031e-121
3.70894e-121
8.86791e-121
2.119e-120
5.06031e-120
1.2077e-119
2.88057e-119
6.86642e-119
1.63574e-118
3.89434e-118
9.26579e-118
2.20324e-117
5.23565e-117
1.24339e-116
2.95102e-116
6.99944e-116
1.65913e-115
3.93025e-115
9.3043e-115
2.20125e-114
5.20448e-114
1.22971e-113
2.90369e-113
6.85197e-113
1.61583e-112
3.80798e-112
8.96822e-112
2.11073e-111
4.96445e-111
1.16687e-110
2.74083e-110
6.43358e-110
1.50915e-109
3.53767e-109
8.28721e-109
1.94001e-108
4.53843e-108
1.06098e-107
2.47864e-107
5.78653e-107
1.34996e-106
3.1472e-106
7.33201e-106
1.70694e-105
3.97106e-105
9.23185e-105
2.14468e-104
4.97884e-104
1.155e-103
2.67748e-103
6.20236e-103
1.43573e-102
3.32105e-102
7.67643e-102
1.77307e-101
4.09236e-101
9.43847e-101
2.17524e-100
5.00945e-100
1.15279e-99
2.65083e-99
6.091e-99
1.39852e-98
3.2086e-98
7.35588e-98
1.68508e-97
3.85721e-97
8.82248e-97
2.01638e-96
4.60486e-96
1.0508e-95
2.396e-95
5.45895e-95
1.24276e-94
2.82699e-94
6.4256e-94
1.45934e-93
3.31168e-93
7.50916e-93
1.70131e-92
3.85142e-92
8.71172e-92
1.96893e-91
4.44632e-91
1.00325e-90
2.26183e-90
5.09505e-90
1.14676e-89
2.57888e-89
5.79459e-89
1.30091e-88
2.9181e-88
6.54006e-88
1.4645e-87
3.27661e-87
7.32459e-87
1.63593e-86
3.6506e-86
8.13925e-86
1.8131e-85
4.03529e-85
8.97307e-85
1.99352e-84
4.42496e-84
9.81314e-84
2.17427e-83
4.8131e-83
1.06449e-82
2.35211e-82
5.19248e-82
1.14522e-81
2.5235e-81
5.55535e-81
1.22183e-80
2.68476e-80
5.89369e-80
1.29258e-79
2.83213e-79
6.19945e-79
1.35574e-78
2.96196e-78
6.46488e-78
1.40967e-77
3.0708e-77
6.68279e-77
1.4529e-76
3.15559e-76
6.8469e-76
1.48413e-75
3.21376e-75
6.95211e-75
1.50237e-74
3.24338e-74
6.99475e-74
1.50695e-73
3.24324e-73
6.97279e-73
1.49755e-72
3.21293e-72
6.88596e-72
1.47424e-71
3.1529e-71
6.73581e-71
1.43748e-70
3.06442e-70
6.52567e-70
1.38813e-69
2.94957e-69
6.26053e-69
1.32735e-68
2.81112e-68
5.94689e-68
1.25665e-67
2.65248e-67
5.59243e-67
1.17776e-66
2.47752e-66
5.20572e-66
1.09256e-65
2.29039e-65
4.79588e-65
1.00305e-64
2.0954e-64
4.37219e-64
9.11212e-64
1.89681e-63
3.94375e-63
8.18982e-63
1.6987e-62
3.5191e-62
7.28148e-62
1.50479e-61
3.10599e-61
6.40307e-61
1.31837e-60
2.7111e-60
5.56815e-60
1.14217e-59
2.33991e-59
4.7876e-59
9.78323e-59
1.99659e-58
4.06947e-58
8.28369e-58
1.68401e-57
3.419e-57
6.93238e-57
1.40376e-56
2.83875e-56
5.73303e-56
1.15627e-55
2.32889e-55
4.68439e-55
9.40952e-55
1.88751e-54
3.78107e-54
7.56383e-54
1.51101e-53
3.01432e-53
6.00488e-53
1.19456e-52
2.37302e-52
4.70735e-52
9.32466e-52
1.84445e-51
3.64315e-51
7.18554e-51
1.41517e-50
2.78309e-50
5.4652e-50
1.07163e-49
2.09817e-49
4.10195e-49
8.00737e-49
1.56076e-48
3.03758e-48
5.90282e-48
1.14533e-47
2.21888e-47
4.2921e-47
8.2896e-47
1.59854e-46
3.07775e-46
5.91646e-46
1.13555e-45
2.17602e-45
4.1632e-45
7.95238e-45
1.51659e-44
2.88762e-44
5.48915e-44
1.04175e-43
1.97383e-43
3.73371e-43
7.05106e-43
1.32937e-42
2.50215e-42
4.70167e-42
8.81979e-42
1.6517e-41
3.0879e-41
5.76306e-41
1.07374e-40
1.99708e-40
3.70799e-40
6.87267e-40
1.27161e-39
2.34865e-39
4.33029e-39
7.96977e-39
1.4642e-38
2.68521e-38
4.9156e-38
8.98235e-38
1.63838e-37
2.98298e-37
5.42113e-37
9.83403e-37
1.78062e-36
3.21815e-36
5.80539e-36
1.04531e-35
1.87863e-35
3.36992e-35
6.03357e-35
1.07821e-34
1.92309e-34
3.42345e-34
6.08262e-34
1.07864e-33
1.90906e-33
3.37219e-33
5.94504e-33
1.04603e-32
1.83684e-32
3.21913e-32
5.63042e-32
9.82819e-32
1.71212e-31
2.97659e-31
5.16445e-31
8.94224e-31
1.54519e-30
2.66458e-30
4.58546e-30
7.87481e-30
1.34958e-29
2.30809e-29
3.93912e-29
6.70868e-29
1.14015e-28
1.93362e-28
3.27234e-28
5.52617e-28
9.31244e-28
1.56593e-27
2.62755e-27
4.39938e-27
7.35012e-27
1.22533e-26
2.03831e-26
3.38327e-26
5.60341e-26
9.26007e-26
1.52693e-25
2.51225e-25
4.12424e-25
6.75553e-25
1.10409e-24
1.80045e-24
2.92942e-24
4.7556e-24
7.7028e-24
1.24483e-23
2.00718e-23
3.22905e-23
5.1829e-23
8.3e-23
1.32614e-22
2.11398e-22
3.36213e-22
5.33488e-22
8.44559e-22
1.33392e-21
2.10193e-21
3.30444e-21
5.18279e-21
8.10987e-21
1.26604e-20
1.97179e-20
3.06375e-20
4.74923e-20
7.34459e-20
1.13315e-19
1.74412e-19
2.67816e-19
4.10266e-19
6.26992e-19
9.55926e-19
1.45395e-18
2.20617e-18
3.33957e-18
5.04315e-18
7.59753e-18
1.14183e-17
1.71194e-17
2.56053e-17
3.82057e-17
5.68695e-17
8.44472e-17
1.25096e-16
1.84865e-16
2.72532e-16
4.00804e-16
5.88025e-16
8.60619e-16
1.25654e-15
1.83016e-15
2.65921e-15
3.85449e-15
5.57351e-15
8.0397e-15
1.15691e-14
1.66077e-14
2.37832e-14
3.39766e-14
4.84215e-14
6.88412e-14
9.76358e-14
1.3814e-13
1.94978e-13
2.74537e-13
3.8563e-13
5.40375e-13
7.55394e-13
1.05344e-12
1.46554e-12
2.03398e-12
2.81614e-12
3.88975e-12
5.35982e-12
7.36786e-12
1.0104e-11
1.38234e-11
1.88669e-11
2.56894e-11
3.48961e-11
4.72902e-11
6.39349e-11
8.62342e-11
1.16037e-10
1.55773e-10
2.08626e-10
2.78757e-10
3.71593e-10
4.94192e-10
6.55709e-10
8.67994e-10
1.14634e-09
1.51046e-09
1.98563e-09
2.60428e-09
3.40783e-09
4.44911e-09
5.79529e-09
7.53157e-09
9.76582e-09
1.26341e-08
1.6308e-08
2.10027e-08
2.6988e-08
3.46014e-08
4.42633e-08
5.64969e-08
7.19516e-08
9.14309e-08
1.15927e-07
1.46663e-07
1.85141e-07
2.33202e-07
2.931e-07
3.67582e-07
4.59994e-07
5.74395e-07
7.15707e-07
8.89874e-07
1.10406e-06
1.36689e-06
1.6887e-06
2.08187e-06
2.56117e-06
3.14423e-06
3.85196e-06
4.70918e-06
5.74524e-06
6.99479e-06
8.4986e-06
1.03046e-05
1.24689e-05
1.50572e-05
1.81459e-05
2.18243e-05
2.61958e-05
3.13801e-05
3.75157e-05
4.47623e-05
5.33035e-05
6.335e-05
7.51431e-05
8.89584e-05
0.00010511
0.000123955
0.000145899
0.000171401
0.000200977
0.000235212
0.000274762
0.000320361
0.000372833
0.000433095
0.000502172
0.000581198
0.000671433
0.000774271
0.000891248
0.00102406
0.00117455
0.00134477
0.00153694
0.00175348
0.00199704
0.00227047
0.00257687
0.0029196
0.00330226
0.00372872
0.00420315
0.00472998
0.00531395
0.00596011
0.00667381
0.00746071
0.00832679
0.00927836
0.010322
0.0114647
0.0127136
0.0140763
0.0155606
0.0171746
0.0189266
0.0208252
0.0228793
0.0250978
0.0274899
0.0300648
0.0328321
0.0358011
0.0389814
0.0423824
0.0460136
0.0498842
0.0540035
0.0583803
0.0630234
0.0679411
0.0731416
0.0786323
0.0844204
0.0905126
0.0969149
0.103633
0.110671
0.118033
0.125722
0.133742
0.142092
0.150775
0.159789
0.169134
0.178807
0.188805
0.199124
0.209759
0.220703
0.231949
0.243489
0.255313
0.267411
0.279772
0.292384
0.305234
0.318308
0.331591
0.345068
0.358723
0.372539
0.3865
0.400586
0.41478
0.429064
0.443419
0.457825
0.472264
0.486716
0.501163
0.515584
0.529961
0.544276
0.558509
0.572643
0.58666
0.600543
0.614275
0.627839
0.641221
0.654406
0.667378
0.680126
0.692635
0.704894
0.716892
0.728617
0.740061
0.751214
0.762068
0.772615
0.782849
0.792763
0.802352
0.811611
0.820536
0.829123
0.837368
0.84527
0.852826
0.860033
0.866891
0.873398
0.879553
0.885355
0.890803
0.895898
0.900638
0.905023
0.909052
0.912726
0.916043
0.919002
0.921604
0.923847
0.92573
0.927252
0.928411
0.929206
0.929635
0.929696
0.929388
0.928708
0.927653
0.926223
0.924414
0.922224
0.91965
0.916691
0.913345
0.909609
0.905482
0.900963
0.896049
0.890741
0.885038
0.878941
0.872449
0.865564
0.858288
0.850624
0.842574
0.834143
0.825334
0.816154
0.806609
0.796706
0.786452
0.775858
0.764931
0.753684
0.742126
0.730271
0.718132
0.705722
0.693056
0.680149
0.667017
0.653677
0.640146
0.626442
0.612582
0.598587
0.584474
0.570263
0.555973
0.541624
0.527236
0.512827
0.498419
0.484029
0.469678
0.455384
0.441166
0.427042
0.41303
0.399146
0.385407
0.37183
0.358428
0.345218
0.332211
0.319422
0.306862
0.294542
0.282473
0.270663
0.259122
0.247858
0.236875
0.226182
0.215781
0.205678
0.195875
0.186375
0.177179
0.168287
0.159701
0.151418
0.143437
0.135756
0.128372
0.121282
0.114482
0.107967
0.101732
0.095772
0.0900809
0.0846527
0.0794808
0.0745587
0.0698793
0.0654355
0.06122
0.0572253
0.053444
0.0498684
0.0464909
0.043304
0.0403
0.0374714
0.0348108
0.0323107
0.0299639
0.0277633
0.0257018
0.0237727
0.0219692
0.020285
0.0187136
0.0172491
0.0158854
0.0146169
0.0134382
0.0123439
0.0113291
0.0103888
0.0095184
0.00871354
0.00796997
0.00728368
0.00665088
0.00606794
0.00553145
0.00503816
0.00458504
0.00416919
0.00378791
0.00343864
0.003119
0.00282673
0.00255975
0.00231609
0.0020939
0.00189149
0.00170725
0.00153971
0.00138749
0.00124931
0.00112398
0.00101042
0.000907606
0.000814604
0.000730551
0.000654652
0.000586175
0.000524447
0.000468851
0.000418821
0.000373838
0.000333426
0.000297153
0.00026462
0.000235468
0.000209367
0.000186016
0.000165143
0.000146501
0.000129865
0.00011503
0.000101814
9.00481e-05
7.95823e-05
7.02804e-05
6.20195e-05
5.4689e-05
4.81893e-05
4.24308e-05
3.73329e-05
3.28235e-05
2.88376e-05
2.53174e-05
2.22107e-05
1.94712e-05
1.70572e-05
1.49318e-05
1.30619e-05
1.1418e-05
9.97388e-06
8.70623e-06
7.59432e-06
6.61975e-06
5.7662e-06
5.01919e-06
4.3659e-06
3.79501e-06
3.29647e-06
2.86146e-06
2.48213e-06
2.15162e-06
1.86384e-06
1.61345e-06
1.39575e-06
1.2066e-06
1.04238e-06
8.9991e-07
7.76389e-07
6.69374e-07
5.76726e-07
4.96571e-07
4.27274e-07
3.67404e-07
3.15716e-07
2.71121e-07
2.32674e-07
1.99548e-07
1.71028e-07
1.46489e-07
1.2539e-07
1.07261e-07
9.16945e-08
7.83369e-08
6.68827e-08
5.7067e-08
4.86611e-08
4.14673e-08
3.53147e-08
3.00563e-08
2.55648e-08
2.1731e-08
1.84607e-08
1.56729e-08
1.32978e-08
1.12758e-08
9.55537e-09
8.09251e-09
6.84943e-09
5.79379e-09
4.89789e-09
4.13803e-09
3.49396e-09
2.94837e-09
2.4865e-09
2.09573e-09
1.76533e-09
1.48614e-09
1.25037e-09
1.0514e-09
8.83595e-10
7.42199e-10
6.23236e-10
5.23513e-10
4.40829e-10
3.7474e-10
3.2887e-10
)
;

boundaryField
{
    sides
    {
        type            zeroGradient;
    }
    empty
    {
        type            empty;
    }
}


// ************************************************************************* //
