/*--------------------------------*- C++ -*----------------------------------*\
  =========                 |
  \\      /  F ield         | OpenFOAM: The Open Source CFD Toolbox
   \\    /   O peration     | Website:  https://openfoam.org
    \\  /    A nd           | Version:  7
     \\/     M anipulation  |
\*---------------------------------------------------------------------------*/
FoamFile
{
    version     2.0;
    format      ascii;
    class       volScalarField;
    location    "0.12";
    object      T;
}
// * * * * * * * * * * * * * * * * * * * * * * * * * * * * * * * * * * * * * //

dimensions      [0 0 0 1 0 0 0];

internalField   nonuniform List<scalar> 
1000
(
0
0
0
0
0
0
0
0
0
0
0
0
0
0
0
0
0
0
0
0
0
0
0
0
0
0
0
0
0
0
0
0
0
0
0
0
0
0
0
0
0
0
0
0
0
0
0
0
0
0
0
0
0
0
0
0
0
0
0
0
0
0
0
0
0
0
0
0
0
0
0
0
0
0
0
0
0
0
0
0
0
0
0
0
0
0
0
0
0
0
0
0
0
0
0
0
0
0
0
0
0
0
0
0
0
0
0
0
0
0
0
0
0
0
0
0
0
0
0
0
0
0
0
0
0
0
0
0
0
0
0
0
0
0
0
0
0
0
0
0
0
0
0
0
0
0
0
0
0
0
0
0
0
0
0
0
0
0
0
0
0
0
0
0
0
0
0
0
0
0
0
0
0
0
0
0
0
0
0
0
0
0
0
0
0
0
0
0
0
0
0
0
0
0
0
0
0
0
0
0
0
0
0
0
0
0
0
0
0
0
0
0
0
0
0
0
0
0
0
0
0
0
0
0
0
0
0
0
0
0
0
0
0
0
0
0
0
0
0
0
0
0
0
0
0
0
0
0
0
0
0
0
0
0
0
0
0
0
0
0
0
0
0
0
0
0
0
0
0
0
0
0
0
0
0
0
0
0
0
0
0
0
0
0
0
0
0
0
0
0
0
0
0
0
0
0
0
0
0
0
0
0
0
0
0
0
0
0
0
0
0
0
0
0
0
0
0
0
0
0
0
0
0
0
0
0
0
0
0
0
0
0
0
0
0
0
0
0
0
0
0
0
0
0
0
0
0
0
0
0
0
0
0
0
0
0
0
0
0
0
0
0
0
0
0
0
6.91692e-323
6.77507e-319
5.98345e-315
5.27678e-311
4.64679e-307
4.08591e-303
3.58724e-299
3.1445e-295
2.75199e-291
2.40452e-287
2.09738e-283
1.82632e-279
1.58748e-275
1.37737e-271
1.19284e-267
1.03105e-263
8.89461e-260
7.65765e-256
6.57904e-252
5.64031e-248
4.82491e-244
4.11809e-240
3.50664e-236
2.97884e-232
2.52424e-228
2.13359e-224
1.79867e-220
1.51223e-216
1.26786e-212
1.05992e-208
8.8344e-205
7.34081e-201
6.08033e-197
5.01969e-193
4.12993e-189
3.38587e-185
2.76568e-181
2.25049e-177
1.82404e-173
1.47233e-169
1.18336e-165
9.46877e-162
7.54146e-158
5.97745e-154
4.71393e-150
3.69794e-146
2.88498e-142
2.23778e-138
1.7253e-134
1.32177e-130
1.0059e-126
7.60164e-123
5.70238e-119
4.24448e-115
3.13346e-111
2.29324e-107
1.66293e-103
1.19414e-99
8.48639e-96
5.96461e-92
4.14293e-88
2.84144e-84
1.92254e-80
1.28195e-76
8.41451e-73
5.42981e-69
3.43958e-65
2.13535e-61
1.29672e-57
7.68586e-54
4.43505e-50
2.48414e-46
1.34585e-42
7.0233e-39
3.51238e-35
1.67291e-31
7.52971e-28
3.17109e-24
1.23347e-20
4.35441e-17
1.36108e-13
3.63046e-10
7.78183e-07
0.00119766
0.998802
0.999999
1
1
1
1
1
1
1
1
1
1
1
1
1
1
1
1
1
1
1
1
1
1
1
1
1
1
1
1
1
1
1
1
1
1
1
1
1
1
1
1
1
1
1
1
1
1
1
1
1
1
1
1
1
1
1
1
1
1
1
1
1
1
1
1
1
1
1
1
1
1
1
1
1
1
1
1
1
1
1
1
1
1
1
1
1
1
1
1
1
1
1
1
1
1
1
1
0.999999
0.998802
0.00119766
7.78183e-07
3.63046e-10
1.36108e-13
4.35441e-17
1.23347e-20
3.17109e-24
7.52971e-28
1.67291e-31
3.51238e-35
7.0233e-39
1.34585e-42
2.48414e-46
4.43505e-50
7.68586e-54
1.29672e-57
2.13535e-61
3.43958e-65
5.42981e-69
8.41451e-73
1.28195e-76
1.92254e-80
2.84144e-84
4.14293e-88
5.96461e-92
8.48639e-96
1.19414e-99
1.66293e-103
2.29324e-107
3.13346e-111
4.24448e-115
5.70238e-119
7.60164e-123
1.0059e-126
1.32177e-130
1.7253e-134
2.23778e-138
2.88498e-142
3.69794e-146
4.71393e-150
5.97745e-154
7.54146e-158
9.46877e-162
1.18336e-165
1.47233e-169
1.82404e-173
2.25049e-177
2.76568e-181
3.38587e-185
4.12993e-189
5.01969e-193
6.08033e-197
7.34081e-201
8.8344e-205
1.05992e-208
1.26786e-212
1.51223e-216
1.79867e-220
2.13359e-224
2.52424e-228
2.97884e-232
3.50664e-236
4.11809e-240
4.82491e-244
5.64031e-248
6.57904e-252
7.65765e-256
8.89461e-260
1.03105e-263
1.19284e-267
1.37737e-271
1.58748e-275
1.82632e-279
2.09738e-283
2.40452e-287
2.75199e-291
3.1445e-295
3.58724e-299
4.08591e-303
4.64679e-307
5.27678e-311
5.98345e-315
6.77507e-319
6.91692e-323
0
0
0
0
0
0
0
0
0
0
0
0
0
0
0
0
0
0
0
0
0
0
0
0
0
0
0
0
0
0
0
0
0
0
0
0
0
0
0
0
0
0
0
0
0
0
0
0
0
0
0
0
0
0
0
0
0
0
0
0
0
0
0
0
0
0
0
0
0
0
0
0
0
0
0
0
0
0
0
0
0
0
0
0
0
0
0
0
0
0
0
0
0
0
0
0
0
0
0
0
0
0
0
0
0
0
0
0
0
0
0
0
0
0
0
0
0
0
0
0
0
0
0
0
0
0
0
0
0
0
0
0
0
0
0
0
0
0
0
0
0
0
0
0
0
0
0
0
0
0
0
0
0
0
0
0
0
0
0
0
0
0
0
0
0
0
0
0
0
0
0
0
0
0
0
0
0
0
0
0
0
0
0
0
0
0
0
0
0
0
0
0
0
0
0
0
0
0
0
0
0
0
0
0
0
0
0
0
0
0
0
0
0
0
0
0
0
0
0
0
0
0
0
0
0
0
0
0
0
0
0
0
0
0
0
0
0
0
0
0
0
0
0
0
0
0
0
0
0
0
0
0
0
0
0
0
0
0
0
0
0
0
0
0
0
0
0
0
0
0
0
0
0
0
0
0
0
0
0
0
0
0
0
0
0
0
0
0
0
0
0
0
0
0
0
0
0
0
0
0
0
0
0
0
0
0
0
0
0
0
0
0
0
0
0
0
0
0
0
0
0
0
0
0
0
0
0
0
0
0
0
0
0
0
0
0
0
0
0
0
0
0
0
0
0
0
0
0
0
0
0
0
0
0
0
0
0
0
0
0
0
0
0
0
0
0
)
;

boundaryField
{
    sides
    {
        type            zeroGradient;
    }
    empty
    {
        type            empty;
    }
}


// ************************************************************************* //
