/*--------------------------------*- C++ -*----------------------------------*\
  =========                 |
  \\      /  F ield         | OpenFOAM: The Open Source CFD Toolbox
   \\    /   O peration     | Website:  https://openfoam.org
    \\  /    A nd           | Version:  7
     \\/     M anipulation  |
\*---------------------------------------------------------------------------*/
FoamFile
{
    version     2.0;
    format      ascii;
    class       volScalarField;
    location    "1.77";
    object      T;
}
// * * * * * * * * * * * * * * * * * * * * * * * * * * * * * * * * * * * * * //

dimensions      [0 0 0 1 0 0 0];

internalField   nonuniform List<scalar> 
1000
(
4.4681e-85
6.47337e-85
1.13793e-84
2.13741e-84
4.09105e-84
7.8678e-84
1.51448e-83
2.91483e-83
5.60763e-83
1.07827e-82
2.07228e-82
3.98051e-82
7.64183e-82
1.4663e-81
2.81202e-81
5.38986e-81
1.03253e-80
1.97693e-80
3.78306e-80
7.23533e-80
1.38304e-79
2.64225e-79
5.04513e-79
9.62788e-79
1.83632e-78
3.50044e-78
6.6689e-78
1.26982e-77
2.41649e-77
4.59604e-77
8.73646e-77
1.65974e-76
3.15135e-76
5.98004e-76
1.13413e-75
2.14966e-75
4.07217e-75
7.70956e-75
1.45875e-74
2.75852e-74
5.21336e-74
9.847e-74
1.8588e-73
3.50674e-73
6.61175e-73
1.24586e-72
2.34619e-72
4.41565e-72
8.30546e-72
1.56124e-71
2.933e-71
5.50668e-71
1.03324e-70
1.93752e-70
3.63096e-70
6.80032e-70
1.27282e-69
2.38087e-69
4.45072e-69
8.31483e-69
1.5524e-68
2.89653e-68
5.40103e-68
1.00647e-67
1.87432e-67
3.48827e-67
6.48779e-67
1.20588e-66
2.23989e-66
4.15785e-66
7.71305e-66
1.42988e-65
2.64903e-65
4.90442e-65
9.07402e-65
1.67774e-64
3.09997e-64
5.724e-64
1.05621e-63
1.94763e-63
3.58897e-63
6.60902e-63
1.21621e-62
2.23656e-62
4.11013e-62
7.54798e-62
1.38517e-61
2.54025e-61
4.65526e-61
8.52527e-61
1.56015e-60
2.85311e-60
5.21389e-60
9.52132e-60
1.73749e-59
3.16837e-59
5.77346e-59
1.05129e-58
1.91292e-58
3.47818e-58
6.31963e-58
1.14739e-57
2.08167e-57
3.77392e-57
6.83676e-57
1.23761e-56
2.23869e-56
4.04648e-56
7.30859e-56
1.31905e-55
2.37881e-55
4.28674e-55
7.71901e-55
1.38887e-54
2.49706e-54
4.486e-54
8.0529e-54
1.44446e-53
2.58893e-53
4.63652e-53
8.297e-53
1.48356e-52
2.65061e-52
4.73193e-52
8.44078e-52
1.50445e-51
2.6793e-51
4.76773e-51
8.47713e-51
1.50602e-50
2.67335e-50
4.74158e-50
8.40293e-50
1.48791e-49
2.63246e-49
4.65352e-49
8.21932e-49
1.45052e-48
2.55766e-48
4.50602e-48
7.93179e-48
1.39501e-47
2.45136e-47
4.30391e-47
7.54989e-47
1.32324e-46
2.31717e-46
4.0541e-46
7.08675e-46
1.2377e-45
2.15971e-45
3.76519e-45
6.55827e-45
1.1413e-44
1.98435e-44
3.44699e-44
5.98227e-44
1.03727e-43
1.79689e-43
3.10991e-43
5.37739e-43
9.28946e-43
1.60325e-42
2.76444e-42
4.76212e-42
8.19563e-42
1.40913e-41
2.4205e-41
4.15377e-41
7.12131e-41
1.21971e-40
2.08705e-40
3.56767e-40
6.09271e-40
1.03946e-39
1.77165e-39
3.01658e-39
5.1312e-39
8.71943e-39
1.4802e-38
2.51023e-38
4.25272e-38
7.19744e-38
1.21687e-37
2.05525e-37
3.46765e-37
5.84463e-37
9.84071e-37
1.65517e-36
2.781e-36
4.66769e-36
7.82606e-36
1.31076e-35
2.19299e-35
3.6651e-35
6.11881e-35
1.02042e-34
1.69987e-34
2.82866e-34
4.70184e-34
7.80687e-34
1.29481e-33
2.14512e-33
3.54987e-33
5.86795e-33
9.68884e-33
1.59796e-32
2.63248e-32
4.33181e-32
7.11994e-32
1.16891e-31
1.91684e-31
3.13969e-31
5.13664e-31
8.39387e-31
1.37004e-30
2.23354e-30
3.63694e-30
5.91507e-30
9.60867e-30
1.55899e-29
2.52638e-29
4.0891e-29
6.61036e-29
1.06731e-28
1.72116e-28
2.77213e-28
4.4593e-28
7.16437e-28
1.14959e-27
1.84232e-27
2.94872e-27
4.71359e-27
7.52515e-27
1.19983e-26
1.91059e-26
3.03845e-26
4.82582e-26
7.65462e-26
1.21257e-25
1.9183e-25
3.03075e-25
4.78197e-25
7.535e-25
1.1857e-24
1.86331e-24
2.92417e-24
4.5828e-24
7.1724e-24
1.12099e-23
1.7496e-23
2.72694e-23
4.2443e-23
6.59674e-23
1.02386e-22
1.58687e-22
2.45598e-22
3.79567e-22
5.85776e-22
9.02712e-22
1.38912e-21
2.13451e-21
3.27511e-21
5.01782e-21
7.67655e-21
1.17267e-20
1.7887e-20
2.72429e-20
4.14302e-20
6.2911e-20
9.53849e-20
1.44402e-19
2.18274e-19
3.29431e-19
4.96429e-19
7.46927e-19
1.12208e-18
1.68302e-18
2.52043e-18
3.76855e-18
5.62583e-18
8.38507e-18
1.24776e-17
1.85379e-17
2.74972e-17
4.07203e-17
6.02042e-17
8.88652e-17
1.30955e-16
1.92662e-16
2.82977e-16
4.14935e-16
6.07412e-16
8.87679e-16
1.29507e-15
1.88624e-15
2.74257e-15
3.98085e-15
5.76829e-15
8.34387e-15
1.20485e-14
1.73677e-14
2.49914e-14
3.58984e-14
5.14745e-14
7.3678e-14
1.05271e-13
1.50142e-13
2.13754e-13
3.03768e-13
4.30904e-13
6.10138e-13
8.62342e-13
1.21656e-12
1.7131e-12
2.40784e-12
3.37803e-12
4.73026e-12
6.61137e-12
9.22311e-12
1.28422e-11
1.78474e-11
2.47559e-11
3.42728e-11
4.73568e-11
6.53091e-11
8.98918e-11
1.23486e-10
1.69303e-10
2.31662e-10
3.16363e-10
4.31175e-10
5.86484e-10
7.96138e-10
1.07857e-09
1.45824e-09
1.96757e-09
2.6494e-09
3.56023e-09
4.77438e-09
6.38942e-09
8.53311e-09
1.13724e-08
1.51248e-08
2.00734e-08
2.65852e-08
3.51352e-08
4.63369e-08
6.09801e-08
8.00799e-08
1.04937e-07
1.37215e-07
1.79036e-07
2.33098e-07
3.02826e-07
3.92556e-07
5.07764e-07
6.55343e-07
8.43955e-07
1.08445e-06
1.3904e-06
1.77871e-06
2.27038e-06
2.8915e-06
3.67427e-06
4.65846e-06
5.89294e-06
7.43768e-06
9.36606e-06
1.17676e-05
1.4751e-05
1.84486e-05
2.30201e-05
2.86583e-05
3.5595e-05
4.41084e-05
5.45313e-05
6.72602e-05
8.27671e-05
0.000101611
0.000124453
0.000152072
0.000185383
0.000225458
0.000273548
0.000331111
0.000399836
0.000481679
0.000578893
0.000694069
0.000830174
0.000990595
0.00117919
0.00140032
0.00165892
0.00196057
0.00231149
0.00271866
0.00318986
0.0037337
0.00435973
0.00507844
0.00590135
0.00684105
0.00791125
0.00912679
0.0105037
0.0120591
0.0138116
0.0157805
0.0179868
0.0204522
0.0231997
0.0262532
0.0296375
0.0333779
0.0375008
0.0420327
0.0470002
0.0524304
0.0583497
0.0647844
0.0717598
0.0793003
0.0874289
0.0961671
0.105534
0.115547
0.126221
0.137567
0.149594
0.162306
0.175704
0.189787
0.204547
0.219972
0.236048
0.252754
0.270065
0.287953
0.306385
0.325322
0.344724
0.364545
0.384738
0.405249
0.426026
0.447011
0.468146
0.489372
0.510628
0.531854
0.552989
0.573974
0.59475
0.615262
0.635454
0.655275
0.674677
0.693614
0.712046
0.729933
0.747244
0.763949
0.780024
0.795449
0.810207
0.824288
0.837685
0.850395
0.862418
0.87376
0.88443
0.894437
0.903797
0.912527
0.920645
0.928173
0.935133
0.941549
0.947445
0.952848
0.957782
0.962274
0.966349
0.970031
0.973347
0.976319
0.978969
0.981319
0.983389
0.985198
0.986762
0.988096
0.989214
0.990128
0.990847
0.99138
0.991732
0.991907
0.991907
0.991732
0.99138
0.990847
0.990128
0.989214
0.988096
0.986762
0.985198
0.983389
0.981319
0.978969
0.976319
0.973347
0.970031
0.966349
0.962274
0.957782
0.952848
0.947445
0.941549
0.935133
0.928173
0.920645
0.912527
0.903797
0.894437
0.88443
0.87376
0.862418
0.850395
0.837685
0.824288
0.810207
0.795449
0.780024
0.763949
0.747244
0.729933
0.712046
0.693614
0.674677
0.655275
0.635454
0.615262
0.59475
0.573974
0.552989
0.531854
0.510628
0.489372
0.468146
0.447011
0.426026
0.405249
0.384738
0.364545
0.344724
0.325322
0.306385
0.287953
0.270065
0.252754
0.236048
0.219972
0.204547
0.189787
0.175704
0.162306
0.149594
0.137567
0.126221
0.115547
0.105534
0.0961671
0.0874289
0.0793003
0.0717598
0.0647844
0.0583497
0.0524304
0.0470002
0.0420327
0.0375008
0.0333779
0.0296375
0.0262532
0.0231997
0.0204522
0.0179868
0.0157805
0.0138116
0.0120591
0.0105037
0.00912679
0.00791125
0.00684105
0.00590135
0.00507844
0.00435973
0.0037337
0.00318986
0.00271866
0.00231149
0.00196057
0.00165892
0.00140032
0.00117919
0.000990595
0.000830174
0.000694069
0.000578893
0.000481679
0.000399836
0.000331111
0.000273548
0.000225458
0.000185383
0.000152072
0.000124453
0.000101611
8.27671e-05
6.72602e-05
5.45313e-05
4.41084e-05
3.5595e-05
2.86583e-05
2.30201e-05
1.84486e-05
1.4751e-05
1.17676e-05
9.36606e-06
7.43768e-06
5.89294e-06
4.65846e-06
3.67427e-06
2.8915e-06
2.27038e-06
1.77871e-06
1.3904e-06
1.08445e-06
8.43955e-07
6.55343e-07
5.07764e-07
3.92556e-07
3.02826e-07
2.33098e-07
1.79036e-07
1.37215e-07
1.04937e-07
8.00799e-08
6.09801e-08
4.63369e-08
3.51352e-08
2.65852e-08
2.00734e-08
1.51248e-08
1.13724e-08
8.53311e-09
6.38942e-09
4.77438e-09
3.56023e-09
2.6494e-09
1.96757e-09
1.45824e-09
1.07857e-09
7.96138e-10
5.86484e-10
4.31175e-10
3.16363e-10
2.31662e-10
1.69303e-10
1.23486e-10
8.98918e-11
6.53091e-11
4.73568e-11
3.42728e-11
2.47559e-11
1.78474e-11
1.28422e-11
9.22311e-12
6.61137e-12
4.73026e-12
3.37803e-12
2.40784e-12
1.7131e-12
1.21656e-12
8.62342e-13
6.10138e-13
4.30904e-13
3.03768e-13
2.13754e-13
1.50142e-13
1.05271e-13
7.3678e-14
5.14745e-14
3.58984e-14
2.49914e-14
1.73677e-14
1.20485e-14
8.34387e-15
5.76829e-15
3.98085e-15
2.74257e-15
1.88624e-15
1.29507e-15
8.87679e-16
6.07412e-16
4.14935e-16
2.82977e-16
1.92662e-16
1.30955e-16
8.88652e-17
6.02042e-17
4.07203e-17
2.74972e-17
1.85379e-17
1.24776e-17
8.38507e-18
5.62583e-18
3.76855e-18
2.52043e-18
1.68302e-18
1.12208e-18
7.46927e-19
4.96429e-19
3.29431e-19
2.18274e-19
1.44402e-19
9.53849e-20
6.2911e-20
4.14302e-20
2.72429e-20
1.7887e-20
1.17267e-20
7.67655e-21
5.01782e-21
3.27511e-21
2.13451e-21
1.38912e-21
9.02712e-22
5.85776e-22
3.79567e-22
2.45598e-22
1.58687e-22
1.02386e-22
6.59674e-23
4.2443e-23
2.72694e-23
1.7496e-23
1.12099e-23
7.1724e-24
4.5828e-24
2.92417e-24
1.86331e-24
1.1857e-24
7.535e-25
4.78197e-25
3.03075e-25
1.9183e-25
1.21257e-25
7.65462e-26
4.82582e-26
3.03845e-26
1.91059e-26
1.19983e-26
7.52515e-27
4.71359e-27
2.94872e-27
1.84232e-27
1.14959e-27
7.16437e-28
4.4593e-28
2.77213e-28
1.72116e-28
1.06731e-28
6.61036e-29
4.0891e-29
2.52638e-29
1.55899e-29
9.60867e-30
5.91507e-30
3.63694e-30
2.23354e-30
1.37004e-30
8.39387e-31
5.13664e-31
3.13969e-31
1.91684e-31
1.16891e-31
7.11994e-32
4.33181e-32
2.63248e-32
1.59796e-32
9.68884e-33
5.86795e-33
3.54987e-33
2.14512e-33
1.29481e-33
7.80687e-34
4.70184e-34
2.82866e-34
1.69987e-34
1.02042e-34
6.11881e-35
3.6651e-35
2.19299e-35
1.31076e-35
7.82606e-36
4.66769e-36
2.781e-36
1.65517e-36
9.84071e-37
5.84463e-37
3.46765e-37
2.05525e-37
1.21687e-37
7.19744e-38
4.25272e-38
2.51023e-38
1.4802e-38
8.71943e-39
5.1312e-39
3.01658e-39
1.77165e-39
1.03946e-39
6.09271e-40
3.56767e-40
2.08705e-40
1.21971e-40
7.12131e-41
4.15377e-41
2.4205e-41
1.40913e-41
8.19563e-42
4.76212e-42
2.76444e-42
1.60325e-42
9.28946e-43
5.37739e-43
3.10991e-43
1.79689e-43
1.03727e-43
5.98227e-44
3.44699e-44
1.98435e-44
1.1413e-44
6.55827e-45
3.76519e-45
2.15971e-45
1.2377e-45
7.08675e-46
4.0541e-46
2.31717e-46
1.32324e-46
7.54989e-47
4.30391e-47
2.45136e-47
1.39501e-47
7.93179e-48
4.50602e-48
2.55766e-48
1.45052e-48
8.21932e-49
4.65352e-49
2.63246e-49
1.48791e-49
8.40293e-50
4.74158e-50
2.67335e-50
1.50602e-50
8.47713e-51
4.76773e-51
2.6793e-51
1.50445e-51
8.44078e-52
4.73193e-52
2.65061e-52
1.48356e-52
8.297e-53
4.63652e-53
2.58893e-53
1.44446e-53
8.0529e-54
4.486e-54
2.49706e-54
1.38887e-54
7.71901e-55
4.28674e-55
2.37881e-55
1.31905e-55
7.30859e-56
4.04648e-56
2.23869e-56
1.23761e-56
6.83676e-57
3.77392e-57
2.08167e-57
1.14739e-57
6.31963e-58
3.47818e-58
1.91292e-58
1.05129e-58
5.77346e-59
3.16837e-59
1.73749e-59
9.52132e-60
5.21389e-60
2.85311e-60
1.56015e-60
8.52527e-61
4.65526e-61
2.54025e-61
1.38517e-61
7.54798e-62
4.11013e-62
2.23656e-62
1.21621e-62
6.60902e-63
3.58897e-63
1.94763e-63
1.05621e-63
5.724e-64
3.09997e-64
1.67774e-64
9.07402e-65
4.90442e-65
2.64903e-65
1.42988e-65
7.71305e-66
4.15785e-66
2.23989e-66
1.20588e-66
6.48779e-67
3.48827e-67
1.87432e-67
1.00647e-67
5.40103e-68
2.89653e-68
1.5524e-68
8.31483e-69
4.45072e-69
2.38087e-69
1.27282e-69
6.80032e-70
3.63096e-70
1.93752e-70
1.03324e-70
5.50668e-71
2.933e-71
1.56124e-71
8.30546e-72
4.41565e-72
2.34619e-72
1.24586e-72
6.61175e-73
3.50674e-73
1.8588e-73
9.847e-74
5.21336e-74
2.75852e-74
1.45875e-74
7.70956e-75
4.07217e-75
2.14966e-75
1.13413e-75
5.98004e-76
3.15135e-76
1.65974e-76
8.73646e-77
4.59604e-77
2.41649e-77
1.26982e-77
6.6689e-78
3.50044e-78
1.83632e-78
9.62788e-79
5.04513e-79
2.64225e-79
1.38304e-79
7.23533e-80
3.78306e-80
1.97693e-80
1.03253e-80
5.38986e-81
2.81202e-81
1.4663e-81
7.64183e-82
3.98051e-82
2.07228e-82
1.07827e-82
5.60763e-83
2.91483e-83
1.51448e-83
7.8678e-84
4.09105e-84
2.13741e-84
1.13793e-84
6.47337e-85
4.4681e-85
)
;

boundaryField
{
    sides
    {
        type            zeroGradient;
    }
    empty
    {
        type            empty;
    }
}


// ************************************************************************* //
