/*--------------------------------*- C++ -*----------------------------------*\
  =========                 |
  \\      /  F ield         | OpenFOAM: The Open Source CFD Toolbox
   \\    /   O peration     | Website:  https://openfoam.org
    \\  /    A nd           | Version:  7
     \\/     M anipulation  |
\*---------------------------------------------------------------------------*/
FoamFile
{
    version     2.0;
    format      ascii;
    class       volScalarField;
    location    "1.29";
    object      T;
}
// * * * * * * * * * * * * * * * * * * * * * * * * * * * * * * * * * * * * * //

dimensions      [0 0 0 1 0 0 0];

internalField   nonuniform List<scalar> 
1000
(
0
0
0
0
0
0
0
0
0
0
0
0
0
0
0
0
0
0
0
0
0
0
0
0
0
0
0
0
0
0
0
0
0
0
0
0
0
0
0
0
0
0
0
0
0
0
0
0
0
0
0
0
0
0
0
0
0
0
0
0
0
0
0
0
0
0
0
0
0
0
0
0
0
0
0
0
0
0
0
0
0
0
0
0
0
0
0
0
0
0
0
0
0
0
0
0
0
0
0
0
0
0
0
0
0
0
0
0
0
0
0
0
0
0
0
0
0
0
0
0
0
0
0
0
0
0
0
0
0
0
0
0
0
0
0
0
0
0
0
0
0
0
0
0
0
0
0
0
0
0
0
0
0
0
0
0
0
0
0
0
0
0
0
0
0
0
0
0
0
0
0
0
0
0
0
0
0
0
0
0
0
0
0
0
0
0
0
0
0
0
0
0
0
0
0
0
0
0
0
0
0
0
0
0
0
0
0
0
0
0
0
0
0
0
0
0
0
0
0
0
0
0
0
0
0
0
0
0
0
0
0
0
0
0
0
0
0
0
0
0
0
0
0
3.60668e-322
2.25047e-320
1.41576e-318
8.88972e-317
5.57145e-315
3.48518e-313
2.17596e-311
1.35594e-309
8.43307e-308
5.23457e-306
3.24279e-304
2.00489e-302
1.23707e-300
7.61756e-299
4.68116e-297
2.87076e-295
1.75687e-293
1.07294e-291
6.53875e-290
3.9764e-288
2.41298e-286
1.4611e-284
8.82788e-283
5.32205e-281
3.20138e-279
1.92142e-277
1.15061e-275
6.87455e-274
4.09791e-272
2.43711e-270
1.44601e-268
8.55937e-267
5.05451e-265
2.97765e-263
1.74991e-261
1.02588e-259
5.99932e-258
3.49967e-256
2.03639e-254
1.18193e-252
6.84247e-251
3.95103e-249
2.27549e-247
1.30706e-245
7.4879e-244
4.27818e-242
2.43771e-240
1.38521e-238
7.84965e-237
4.43581e-235
2.49961e-233
1.40454e-231
7.86957e-230
4.39649e-228
2.449e-226
1.36014e-224
7.53151e-223
4.15784e-221
2.28837e-219
1.25559e-217
6.86776e-216
3.74469e-214
2.03533e-212
1.1027e-210
5.95481e-209
3.20519e-207
1.71948e-205
9.1936e-204
4.89892e-202
2.60151e-200
1.37672e-198
7.26015e-197
3.8151e-195
1.99761e-193
1.04218e-191
5.41727e-190
2.8055e-188
1.44748e-186
7.4399e-185
3.8094e-183
1.94294e-181
9.87095e-180
4.99496e-178
2.51744e-176
1.26363e-174
6.3167e-173
3.1445e-171
1.55876e-169
7.69403e-168
3.78137e-166
1.85031e-164
9.01389e-163
4.3715e-161
2.11044e-159
1.01418e-157
4.85102e-156
2.30939e-154
1.09416e-152
5.15889e-151
2.42046e-149
1.12999e-147
5.24874e-146
2.42557e-144
1.11511e-142
5.09959e-141
2.31972e-139
1.0495e-137
4.72226e-136
2.11299e-134
9.40135e-133
4.15906e-131
1.82925e-129
7.99814e-128
3.47618e-126
1.50167e-124
6.44714e-123
2.75066e-121
1.16611e-119
4.91177e-118
2.05533e-116
8.54336e-115
3.52721e-113
1.44624e-111
5.88856e-110
2.38059e-108
9.55473e-107
3.80675e-105
1.50536e-103
5.90768e-102
2.30054e-100
8.88828e-99
3.4066e-97
1.29502e-95
4.88223e-94
1.82508e-92
6.76392e-91
2.48483e-89
9.047e-88
3.26398e-86
1.16667e-84
4.13071e-83
1.44843e-81
5.02898e-80
1.72856e-78
5.88062e-77
1.9797e-75
6.59348e-74
2.17206e-72
7.07563e-71
2.2787e-69
7.25313e-68
2.28121e-66
7.08737e-65
2.17451e-63
6.58663e-62
1.96905e-60
5.80763e-59
1.68945e-57
4.84557e-56
1.36974e-54
3.81466e-53
1.04623e-51
2.82472e-50
7.50421e-49
1.96074e-47
5.03631e-46
1.27106e-44
3.15027e-43
7.6634e-42
1.82865e-40
4.27771e-39
9.80346e-38
2.19957e-36
4.82806e-35
1.03598e-33
2.17127e-32
4.44111e-31
8.85688e-30
1.7205e-28
3.25203e-27
5.9744e-26
1.06549e-24
1.84226e-23
3.08384e-22
4.99017e-21
7.793e-20
1.17242e-18
1.6959e-17
2.35356e-16
3.12634e-15
3.9646e-14
4.78584e-13
5.48161e-12
5.93574e-11
6.05167e-10
5.78204e-09
5.1495e-08
4.24844e-07
3.22347e-06
2.23006e-05
0.000139233
0.000774773
0.00378385
0.0159102
0.0562183
0.161944
0.36692
0.63308
0.838056
0.943782
0.98409
0.996216
0.999225
0.999861
0.999978
0.999997
1
1
1
1
1
1
1
1
1
1
1
1
1
1
1
1
1
1
1
1
1
1
1
1
1
1
1
1
1
1
1
1
1
1
1
1
1
1
1
1
1
1
1
1
1
1
1
1
1
1
1
1
1
1
1
1
1
1
1
1
1
1
1
1
1
1
1
1
1
1
1
1
1
1
1
1
1
1
1
1
1
1
0.999997
0.999978
0.999861
0.999225
0.996216
0.98409
0.943782
0.838056
0.63308
0.36692
0.161944
0.0562183
0.0159102
0.00378385
0.000774773
0.000139233
2.23006e-05
3.22347e-06
4.24844e-07
5.1495e-08
5.78204e-09
6.05167e-10
5.93574e-11
5.48161e-12
4.78584e-13
3.9646e-14
3.12634e-15
2.35356e-16
1.6959e-17
1.17242e-18
7.793e-20
4.99017e-21
3.08384e-22
1.84226e-23
1.06549e-24
5.9744e-26
3.25203e-27
1.7205e-28
8.85688e-30
4.44111e-31
2.17127e-32
1.03598e-33
4.82806e-35
2.19957e-36
9.80346e-38
4.27771e-39
1.82865e-40
7.6634e-42
3.15027e-43
1.27106e-44
5.03631e-46
1.96074e-47
7.50421e-49
2.82472e-50
1.04623e-51
3.81466e-53
1.36974e-54
4.84557e-56
1.68945e-57
5.80763e-59
1.96905e-60
6.58663e-62
2.17451e-63
7.08737e-65
2.28121e-66
7.25313e-68
2.2787e-69
7.07563e-71
2.17206e-72
6.59348e-74
1.9797e-75
5.88062e-77
1.72856e-78
5.02898e-80
1.44843e-81
4.13071e-83
1.16667e-84
3.26398e-86
9.047e-88
2.48483e-89
6.76392e-91
1.82508e-92
4.88223e-94
1.29502e-95
3.4066e-97
8.88828e-99
2.30054e-100
5.90768e-102
1.50536e-103
3.80675e-105
9.55473e-107
2.38059e-108
5.88856e-110
1.44624e-111
3.52721e-113
8.54336e-115
2.05533e-116
4.91177e-118
1.16611e-119
2.75066e-121
6.44714e-123
1.50167e-124
3.47618e-126
7.99814e-128
1.82925e-129
4.15906e-131
9.40135e-133
2.11299e-134
4.72226e-136
1.0495e-137
2.31972e-139
5.09959e-141
1.11511e-142
2.42557e-144
5.24874e-146
1.12999e-147
2.42046e-149
5.15889e-151
1.09416e-152
2.30939e-154
4.85102e-156
1.01418e-157
2.11044e-159
4.3715e-161
9.01389e-163
1.85031e-164
3.78137e-166
7.69403e-168
1.55876e-169
3.1445e-171
6.3167e-173
1.26363e-174
2.51744e-176
4.99496e-178
9.87095e-180
1.94294e-181
3.8094e-183
7.4399e-185
1.44748e-186
2.8055e-188
5.41727e-190
1.04218e-191
1.99761e-193
3.8151e-195
7.26015e-197
1.37672e-198
2.60151e-200
4.89892e-202
9.1936e-204
1.71948e-205
3.20519e-207
5.95481e-209
1.1027e-210
2.03533e-212
3.74469e-214
6.86776e-216
1.25559e-217
2.28837e-219
4.15784e-221
7.53151e-223
1.36014e-224
2.449e-226
4.39649e-228
7.86957e-230
1.40454e-231
2.49961e-233
4.43581e-235
7.84965e-237
1.38521e-238
2.43771e-240
4.27818e-242
7.4879e-244
1.30706e-245
2.27549e-247
3.95103e-249
6.84247e-251
1.18193e-252
2.03639e-254
3.49967e-256
5.99932e-258
1.02588e-259
1.74991e-261
2.97765e-263
5.05451e-265
8.55937e-267
1.44601e-268
2.43711e-270
4.09791e-272
6.87455e-274
1.15061e-275
1.92142e-277
3.20138e-279
5.32205e-281
8.82788e-283
1.4611e-284
2.41298e-286
3.9764e-288
6.53875e-290
1.07294e-291
1.75687e-293
2.87076e-295
4.68116e-297
7.61756e-299
1.23707e-300
2.00489e-302
3.24279e-304
5.23457e-306
8.43307e-308
1.35594e-309
2.17596e-311
3.48518e-313
5.57145e-315
8.88972e-317
1.41576e-318
2.25047e-320
3.60668e-322
0
0
0
0
0
0
0
0
0
0
0
0
0
0
0
0
0
0
0
0
0
0
0
0
0
0
0
0
0
0
0
0
0
0
0
0
0
0
0
0
0
0
0
0
0
0
0
0
0
0
0
0
0
0
0
0
0
0
0
0
0
0
0
0
0
0
0
0
0
0
0
0
0
0
0
0
0
0
0
0
0
0
0
0
0
0
0
0
0
0
0
0
0
0
0
0
0
0
0
0
0
0
0
0
0
0
0
0
0
0
0
0
0
0
0
0
0
0
0
0
0
0
0
0
0
0
0
0
0
0
0
0
0
0
0
0
0
0
0
0
0
0
0
0
0
0
0
0
0
0
0
0
0
0
0
0
0
0
0
0
0
0
0
0
0
0
0
0
0
0
0
0
0
0
0
0
0
0
0
0
0
0
0
0
0
0
0
0
0
0
0
0
0
0
0
0
0
0
0
0
0
0
0
0
0
0
0
0
0
0
0
0
0
0
0
0
0
0
0
0
0
0
0
0
0
0
0
0
0
0
0
0
0
0
0
0
0
0
0
0
0
0
0
)
;

boundaryField
{
    sides
    {
        type            zeroGradient;
    }
    empty
    {
        type            empty;
    }
}


// ************************************************************************* //
