/*--------------------------------*- C++ -*----------------------------------*\
  =========                 |
  \\      /  F ield         | OpenFOAM: The Open Source CFD Toolbox
   \\    /   O peration     | Website:  https://openfoam.org
    \\  /    A nd           | Version:  7
     \\/     M anipulation  |
\*---------------------------------------------------------------------------*/
FoamFile
{
    version     2.0;
    format      ascii;
    class       volScalarField;
    location    "2.77";
    object      T;
}
// * * * * * * * * * * * * * * * * * * * * * * * * * * * * * * * * * * * * * //

dimensions      [0 0 0 1 0 0 0];

internalField   nonuniform List<scalar> 
1000
(
5.35867e-65
6.97928e-65
1.07064e-64
1.76562e-64
2.99064e-64
5.1112e-64
8.7586e-64
1.50162e-63
2.57383e-63
4.40947e-63
7.54991e-63
1.29192e-62
2.20932e-62
3.77583e-62
6.44902e-62
1.10079e-61
1.87776e-61
3.20112e-61
5.45367e-61
9.28541e-61
1.57992e-60
2.68655e-60
4.56536e-60
7.75313e-60
1.31583e-59
2.23173e-59
3.78272e-59
6.40742e-59
1.08463e-58
1.83483e-58
3.10188e-58
5.24047e-58
8.8477e-58
1.49281e-57
2.51704e-57
4.2412e-57
7.14164e-57
1.20176e-56
2.02092e-56
3.39615e-56
5.70339e-56
9.57166e-56
1.60527e-55
2.69038e-55
4.50592e-55
7.54151e-55
1.26135e-54
2.10822e-54
3.52126e-54
5.87733e-54
9.80306e-54
1.63396e-53
2.72158e-53
4.52999e-53
7.53477e-53
1.25239e-52
2.08018e-52
3.45269e-52
5.72674e-52
9.49181e-52
1.57211e-51
2.60199e-51
4.30347e-51
7.11246e-51
1.17465e-50
1.93859e-50
3.19703e-50
5.26859e-50
8.67611e-50
1.42771e-49
2.34767e-49
3.85758e-49
6.33394e-49
1.03923e-48
1.70384e-48
2.79142e-48
4.56979e-48
7.47557e-48
1.22199e-47
1.99602e-47
3.25788e-47
5.31346e-47
8.65947e-47
1.41018e-46
2.29472e-46
3.73122e-46
6.06235e-46
9.84231e-46
1.59668e-45
2.58824e-45
4.19233e-45
6.78528e-45
1.09734e-44
1.77328e-44
2.86334e-44
4.61983e-44
7.44797e-44
1.19979e-43
1.93121e-43
3.10606e-43
4.99163e-43
8.01544e-43
1.28607e-42
2.06183e-42
3.30287e-42
5.28661e-42
8.45497e-42
1.35112e-41
2.15735e-41
3.44184e-41
5.48663e-41
8.73903e-41
1.39079e-40
2.21158e-40
3.51383e-40
5.57825e-40
8.84815e-40
1.40231e-39
2.22059e-39
3.51341e-39
5.55421e-39
8.77298e-39
1.38453e-38
2.18318e-38
3.43956e-38
5.41433e-38
8.51556e-38
1.33816e-37
2.101e-37
3.29585e-37
5.16571e-37
8.08937e-37
1.26567e-36
1.97853e-36
3.09017e-36
4.82214e-36
7.51817e-36
1.17111e-35
1.82263e-35
2.83407e-35
4.40284e-35
6.83385e-35
1.05976e-34
1.64193e-34
2.5416e-34
3.93067e-34
6.07337e-34
9.37553e-34
1.44598e-33
2.22808e-33
3.43002e-33
5.27547e-33
8.10629e-33
1.24445e-32
1.90867e-32
2.92465e-32
4.47724e-32
6.84758e-32
1.04629e-31
1.59719e-31
2.43584e-31
3.71131e-31
5.64923e-31
8.59082e-31
1.30515e-30
1.98094e-30
3.00371e-30
4.55014e-30
6.88603e-30
1.04109e-29
1.57247e-29
2.37274e-29
3.57676e-29
5.38642e-29
8.10364e-29
1.21795e-28
1.82871e-28
2.743e-28
4.11027e-28
6.15289e-28
9.20131e-28
1.37461e-27
2.0515e-27
3.05857e-27
4.55537e-27
6.77772e-27
1.00739e-26
1.49577e-26
2.21862e-26
3.28739e-26
4.86595e-26
7.19501e-26
1.06278e-25
1.56818e-25
2.3115e-25
3.40357e-25
5.00628e-25
7.35588e-25
1.07967e-24
1.58302e-24
2.31855e-24
3.39219e-24
4.95765e-24
7.23773e-24
1.0555e-23
1.5376e-23
2.23746e-23
3.25231e-23
4.7223e-23
6.84917e-23
9.92301e-23
1.43605e-22
2.07593e-22
2.9976e-22
4.32364e-22
6.22933e-22
8.96489e-22
1.28872e-21
1.85048e-21
2.65411e-21
3.80242e-21
5.44136e-21
7.77784e-21
1.11049e-20
1.58368e-20
2.25592e-20
3.2098e-20
4.56173e-20
6.47555e-20
9.18159e-20
1.30032e-19
1.8394e-19
2.59891e-19
3.66771e-19
5.16995e-19
7.27884e-19
1.02358e-18
1.43769e-18
2.01692e-18
2.82612e-18
3.95523e-18
5.52879e-18
7.71904e-18
1.07639e-17
1.49916e-17
2.08544e-17
2.89746e-17
4.02072e-17
5.57259e-17
7.71391e-17
1.06649e-16
1.47265e-16
2.03096e-16
2.79745e-16
3.84842e-16
5.28758e-16
7.25582e-16
9.94417e-16
1.36114e-15
1.86074e-15
2.54049e-15
3.46414e-15
4.71758e-15
6.41633e-15
8.71559e-15
1.18235e-14
1.60191e-14
2.16753e-14
2.92907e-14
3.95302e-14
5.32797e-14
7.17176e-14
9.64097e-14
1.29433e-13
1.73538e-13
2.32366e-13
3.10723e-13
4.14951e-13
5.53404e-13
7.37067e-13
9.80372e-13
1.30224e-12
1.72746e-12
2.28843e-12
3.02747e-12
3.99975e-12
5.2771e-12
6.95291e-12
9.14837e-12
1.20206e-11
1.57729e-11
2.06681e-11
2.70452e-11
3.53409e-11
4.61173e-11
6.0096e-11
7.82029e-11
1.01623e-10
1.31873e-10
1.70887e-10
2.21132e-10
2.85747e-10
3.68721e-10
4.75116e-10
6.11341e-10
7.85508e-10
1.00785e-09
1.29129e-09
1.65207e-09
2.11062e-09
2.69257e-09
3.43002e-09
4.36313e-09
5.54206e-09
7.02934e-09
8.90278e-09
1.12591e-08
1.42183e-08
1.7929e-08
2.2575e-08
2.83832e-08
3.56332e-08
4.46691e-08
5.59136e-08
6.98852e-08
8.72183e-08
1.08689e-07
1.35243e-07
1.68033e-07
2.08462e-07
2.58231e-07
3.19401e-07
3.94469e-07
4.86446e-07
5.98964e-07
7.36393e-07
9.03986e-07
1.10804e-06
1.35609e-06
1.65714e-06
2.02195e-06
2.4633e-06
2.9964e-06
3.63929e-06
4.41334e-06
5.34382e-06
6.46051e-06
7.79854e-06
9.39918e-06
1.13108e-05
1.35903e-05
1.63038e-05
1.95288e-05
2.33554e-05
2.78885e-05
3.32495e-05
3.95794e-05
4.70408e-05
5.58216e-05
6.61379e-05
7.82381e-05
9.24072e-05
0.000108971
0.000128303
0.000150827
0.000177026
0.00020745
0.000242719
0.000283538
0.000330699
0.000385096
0.000447733
0.000519737
0.000602366
0.00069703
0.000805295
0.000928904
0.00106979
0.0012301
0.00141219
0.00161867
0.0018524
0.00211653
0.00241449
0.00275003
0.00312726
0.00355059
0.00402486
0.00455527
0.00514743
0.00580738
0.0065416
0.00735702
0.00826103
0.00926153
0.0103668
0.0115858
0.0129278
0.0144026
0.0160206
0.0177924
0.0197292
0.0218428
0.0241452
0.0266487
0.0293662
0.0323106
0.0354954
0.038934
0.0426399
0.0466269
0.0509087
0.0554989
0.0604108
0.0656577
0.0712523
0.0772071
0.0835338
0.0902437
0.0973472
0.104854
0.112772
0.12111
0.129874
0.139069
0.148698
0.158765
0.16927
0.180212
0.191589
0.203397
0.21563
0.228281
0.24134
0.254796
0.268635
0.282844
0.297405
0.3123
0.32751
0.343012
0.358784
0.374801
0.391038
0.407467
0.424062
0.440792
0.457628
0.474542
0.491501
0.508475
0.525433
0.542344
0.559178
0.575905
0.592495
0.608919
0.625149
0.641158
0.65692
0.67241
0.687606
0.702485
0.717027
0.731213
0.745027
0.758452
0.771476
0.784086
0.796272
0.808026
0.81934
0.830211
0.840633
0.850605
0.860126
0.869197
0.87782
0.885998
0.893734
0.901034
0.907904
0.91435
0.920378
0.925998
0.931215
0.936039
0.940476
0.944536
0.948226
0.951553
0.954524
0.957148
0.959428
0.961372
0.962984
0.964269
0.965229
0.965868
0.966187
0.966187
0.965868
0.965229
0.964269
0.962984
0.961372
0.959428
0.957148
0.954524
0.951553
0.948226
0.944536
0.940476
0.936039
0.931215
0.925998
0.920378
0.91435
0.907904
0.901034
0.893734
0.885998
0.87782
0.869197
0.860126
0.850605
0.840633
0.830211
0.81934
0.808026
0.796272
0.784086
0.771476
0.758452
0.745027
0.731213
0.717027
0.702485
0.687606
0.67241
0.65692
0.641158
0.625149
0.608919
0.592495
0.575905
0.559178
0.542344
0.525433
0.508475
0.491501
0.474542
0.457628
0.440792
0.424062
0.407467
0.391038
0.374801
0.358784
0.343012
0.32751
0.3123
0.297405
0.282844
0.268635
0.254796
0.24134
0.228281
0.21563
0.203397
0.191589
0.180212
0.16927
0.158765
0.148698
0.139069
0.129874
0.12111
0.112772
0.104854
0.0973472
0.0902437
0.0835338
0.0772071
0.0712523
0.0656577
0.0604108
0.0554989
0.0509087
0.0466269
0.0426399
0.038934
0.0354954
0.0323106
0.0293662
0.0266487
0.0241452
0.0218428
0.0197292
0.0177924
0.0160206
0.0144026
0.0129278
0.0115858
0.0103668
0.00926153
0.00826103
0.00735702
0.0065416
0.00580738
0.00514743
0.00455527
0.00402486
0.00355059
0.00312726
0.00275003
0.00241449
0.00211653
0.0018524
0.00161867
0.00141219
0.0012301
0.00106979
0.000928904
0.000805295
0.00069703
0.000602366
0.000519737
0.000447733
0.000385096
0.000330699
0.000283538
0.000242719
0.00020745
0.000177026
0.000150827
0.000128303
0.000108971
9.24072e-05
7.82381e-05
6.61379e-05
5.58216e-05
4.70408e-05
3.95794e-05
3.32495e-05
2.78885e-05
2.33554e-05
1.95288e-05
1.63038e-05
1.35903e-05
1.13108e-05
9.39918e-06
7.79854e-06
6.46051e-06
5.34382e-06
4.41334e-06
3.63929e-06
2.9964e-06
2.4633e-06
2.02195e-06
1.65714e-06
1.35609e-06
1.10804e-06
9.03986e-07
7.36393e-07
5.98964e-07
4.86446e-07
3.94469e-07
3.19401e-07
2.58231e-07
2.08462e-07
1.68033e-07
1.35243e-07
1.08689e-07
8.72183e-08
6.98852e-08
5.59136e-08
4.46691e-08
3.56332e-08
2.83832e-08
2.2575e-08
1.7929e-08
1.42183e-08
1.12591e-08
8.90278e-09
7.02934e-09
5.54206e-09
4.36313e-09
3.43002e-09
2.69257e-09
2.11062e-09
1.65207e-09
1.29129e-09
1.00785e-09
7.85508e-10
6.11341e-10
4.75116e-10
3.68721e-10
2.85747e-10
2.21132e-10
1.70887e-10
1.31873e-10
1.01623e-10
7.82029e-11
6.0096e-11
4.61173e-11
3.53409e-11
2.70452e-11
2.06681e-11
1.57729e-11
1.20206e-11
9.14837e-12
6.95291e-12
5.2771e-12
3.99975e-12
3.02747e-12
2.28843e-12
1.72746e-12
1.30224e-12
9.80372e-13
7.37067e-13
5.53404e-13
4.14951e-13
3.10723e-13
2.32366e-13
1.73538e-13
1.29433e-13
9.64097e-14
7.17176e-14
5.32797e-14
3.95302e-14
2.92907e-14
2.16753e-14
1.60191e-14
1.18235e-14
8.71559e-15
6.41633e-15
4.71758e-15
3.46414e-15
2.54049e-15
1.86074e-15
1.36114e-15
9.94417e-16
7.25582e-16
5.28758e-16
3.84842e-16
2.79745e-16
2.03096e-16
1.47265e-16
1.06649e-16
7.71391e-17
5.57259e-17
4.02072e-17
2.89746e-17
2.08544e-17
1.49916e-17
1.07639e-17
7.71904e-18
5.52879e-18
3.95523e-18
2.82612e-18
2.01692e-18
1.43769e-18
1.02358e-18
7.27884e-19
5.16995e-19
3.66771e-19
2.59891e-19
1.8394e-19
1.30032e-19
9.18159e-20
6.47555e-20
4.56173e-20
3.2098e-20
2.25592e-20
1.58368e-20
1.11049e-20
7.77784e-21
5.44136e-21
3.80242e-21
2.65411e-21
1.85048e-21
1.28872e-21
8.96489e-22
6.22933e-22
4.32364e-22
2.9976e-22
2.07593e-22
1.43605e-22
9.92301e-23
6.84917e-23
4.7223e-23
3.25231e-23
2.23746e-23
1.5376e-23
1.0555e-23
7.23773e-24
4.95765e-24
3.39219e-24
2.31855e-24
1.58302e-24
1.07967e-24
7.35588e-25
5.00628e-25
3.40357e-25
2.3115e-25
1.56818e-25
1.06278e-25
7.19501e-26
4.86595e-26
3.28739e-26
2.21862e-26
1.49577e-26
1.00739e-26
6.77772e-27
4.55537e-27
3.05857e-27
2.0515e-27
1.37461e-27
9.20131e-28
6.15289e-28
4.11027e-28
2.743e-28
1.82871e-28
1.21795e-28
8.10364e-29
5.38642e-29
3.57676e-29
2.37274e-29
1.57247e-29
1.04109e-29
6.88603e-30
4.55014e-30
3.00371e-30
1.98094e-30
1.30515e-30
8.59082e-31
5.64923e-31
3.71131e-31
2.43584e-31
1.59719e-31
1.04629e-31
6.84758e-32
4.47724e-32
2.92465e-32
1.90867e-32
1.24445e-32
8.10629e-33
5.27547e-33
3.43002e-33
2.22808e-33
1.44598e-33
9.37553e-34
6.07337e-34
3.93067e-34
2.5416e-34
1.64193e-34
1.05976e-34
6.83385e-35
4.40284e-35
2.83407e-35
1.82263e-35
1.17111e-35
7.51817e-36
4.82214e-36
3.09017e-36
1.97853e-36
1.26567e-36
8.08937e-37
5.16571e-37
3.29585e-37
2.101e-37
1.33816e-37
8.51556e-38
5.41433e-38
3.43956e-38
2.18318e-38
1.38453e-38
8.77298e-39
5.55421e-39
3.51341e-39
2.22059e-39
1.40231e-39
8.84815e-40
5.57825e-40
3.51383e-40
2.21158e-40
1.39079e-40
8.73903e-41
5.48663e-41
3.44184e-41
2.15735e-41
1.35112e-41
8.45497e-42
5.28661e-42
3.30287e-42
2.06183e-42
1.28607e-42
8.01544e-43
4.99163e-43
3.10606e-43
1.93121e-43
1.19979e-43
7.44797e-44
4.61983e-44
2.86334e-44
1.77328e-44
1.09734e-44
6.78528e-45
4.19233e-45
2.58824e-45
1.59668e-45
9.84231e-46
6.06235e-46
3.73122e-46
2.29472e-46
1.41018e-46
8.65947e-47
5.31346e-47
3.25788e-47
1.99602e-47
1.22199e-47
7.47557e-48
4.56979e-48
2.79142e-48
1.70384e-48
1.03923e-48
6.33394e-49
3.85758e-49
2.34767e-49
1.42771e-49
8.67611e-50
5.26859e-50
3.19703e-50
1.93859e-50
1.17465e-50
7.11246e-51
4.30347e-51
2.60199e-51
1.57211e-51
9.49181e-52
5.72674e-52
3.45269e-52
2.08018e-52
1.25239e-52
7.53477e-53
4.52999e-53
2.72158e-53
1.63396e-53
9.80306e-54
5.87733e-54
3.52126e-54
2.10822e-54
1.26135e-54
7.54151e-55
4.50592e-55
2.69038e-55
1.60527e-55
9.57166e-56
5.70339e-56
3.39615e-56
2.02092e-56
1.20176e-56
7.14164e-57
4.2412e-57
2.51704e-57
1.49281e-57
8.8477e-58
5.24047e-58
3.10188e-58
1.83483e-58
1.08463e-58
6.40742e-59
3.78272e-59
2.23173e-59
1.31583e-59
7.75313e-60
4.56536e-60
2.68655e-60
1.57992e-60
9.28541e-61
5.45367e-61
3.20112e-61
1.87776e-61
1.10079e-61
6.44902e-62
3.77583e-62
2.20932e-62
1.29192e-62
7.54991e-63
4.40947e-63
2.57383e-63
1.50162e-63
8.7586e-64
5.1112e-64
2.99064e-64
1.76562e-64
1.07064e-64
6.97928e-65
5.35867e-65
)
;

boundaryField
{
    sides
    {
        type            zeroGradient;
    }
    empty
    {
        type            empty;
    }
}


// ************************************************************************* //
