/*--------------------------------*- C++ -*----------------------------------*\
  =========                 |
  \\      /  F ield         | OpenFOAM: The Open Source CFD Toolbox
   \\    /   O peration     | Website:  https://openfoam.org
    \\  /    A nd           | Version:  7
     \\/     M anipulation  |
\*---------------------------------------------------------------------------*/
FoamFile
{
    version     2.0;
    format      ascii;
    class       volScalarField;
    location    "3.67";
    object      T;
}
// * * * * * * * * * * * * * * * * * * * * * * * * * * * * * * * * * * * * * //

dimensions      [0 0 0 1 0 0 0];

internalField   nonuniform List<scalar> 
1000
(
0.0542641
0.0542658
0.0542693
0.0542745
0.0542814
0.0542901
0.0543005
0.0543126
0.0543265
0.0543421
0.0543595
0.0543785
0.0543993
0.0544219
0.0544461
0.0544721
0.0544999
0.0545293
0.0545605
0.0545934
0.054628
0.0546644
0.0547025
0.0547422
0.0547838
0.054827
0.0548719
0.0549186
0.054967
0.0550171
0.0550689
0.0551224
0.0551776
0.0552345
0.0552931
0.0553534
0.0554155
0.0554792
0.0555446
0.0556117
0.0556805
0.055751
0.0558232
0.055897
0.0559725
0.0560498
0.0561286
0.0562092
0.0562914
0.0563753
0.0564609
0.0565481
0.056637
0.0567276
0.0568198
0.0569136
0.0570091
0.0571062
0.057205
0.0573054
0.0574075
0.0575112
0.0576165
0.0577234
0.057832
0.0579421
0.0580539
0.0581673
0.0582823
0.0583989
0.0585171
0.0586368
0.0587582
0.0588812
0.0590057
0.0591318
0.0592595
0.0593888
0.0595196
0.059652
0.0597859
0.0599214
0.0600584
0.060197
0.0603371
0.0604787
0.0606219
0.0607666
0.0609128
0.0610605
0.0612097
0.0613604
0.0615126
0.0616664
0.0618216
0.0619782
0.0621364
0.062296
0.0624571
0.0626196
0.0627836
0.0629491
0.063116
0.0632843
0.0634541
0.0636252
0.0637978
0.0639719
0.0641473
0.0643241
0.0645023
0.0646819
0.0648629
0.0650453
0.065229
0.0654141
0.0656006
0.0657884
0.0659775
0.066168
0.0663598
0.0665529
0.0667474
0.0669432
0.0671402
0.0673386
0.0675383
0.0677392
0.0679414
0.0681449
0.0683496
0.0685556
0.0687629
0.0689714
0.0691811
0.069392
0.0696042
0.0698176
0.0700322
0.0702479
0.0704649
0.070683
0.0709023
0.0711228
0.0713444
0.0715672
0.0717911
0.0720162
0.0722423
0.0724696
0.072698
0.0729275
0.0731581
0.0733898
0.0736225
0.0738563
0.0740912
0.0743271
0.0745641
0.0748021
0.0750411
0.0752811
0.0755222
0.0757642
0.0760073
0.0762513
0.0764962
0.0767422
0.0769891
0.0772369
0.0774857
0.0777354
0.077986
0.0782376
0.07849
0.0787433
0.0789975
0.0792526
0.0795086
0.0797653
0.080023
0.0802814
0.0805407
0.0808008
0.0810618
0.0813235
0.081586
0.0818492
0.0821133
0.082378
0.0826436
0.0829099
0.0831769
0.0834446
0.083713
0.0839821
0.0842519
0.0845224
0.0847936
0.0850654
0.0853378
0.0856109
0.0858847
0.086159
0.0864339
0.0867095
0.0869856
0.0872623
0.0875395
0.0878173
0.0880957
0.0883746
0.088654
0.0889339
0.0892143
0.0894952
0.0897766
0.0900584
0.0903407
0.0906235
0.0909067
0.0911903
0.0914743
0.0917587
0.0920436
0.0923288
0.0926143
0.0929003
0.0931865
0.0934732
0.0937601
0.0940474
0.0943349
0.0946228
0.0949109
0.0951993
0.095488
0.0957769
0.096066
0.0963554
0.096645
0.0969348
0.0972248
0.0975149
0.0978052
0.0980957
0.0983864
0.0986771
0.098968
0.099259
0.0995501
0.0998413
0.100133
0.100424
0.100715
0.101007
0.101298
0.10159
0.101881
0.102173
0.102464
0.102755
0.103047
0.103338
0.103629
0.103921
0.104212
0.104503
0.104794
0.105085
0.105375
0.105666
0.105956
0.106246
0.106536
0.106826
0.107116
0.107405
0.107694
0.107983
0.108272
0.10856
0.108849
0.109136
0.109424
0.109711
0.109998
0.110285
0.110571
0.110857
0.111143
0.111428
0.111713
0.111997
0.112281
0.112565
0.112848
0.11313
0.113413
0.113694
0.113976
0.114256
0.114537
0.114816
0.115096
0.115374
0.115652
0.11593
0.116207
0.116483
0.116759
0.117034
0.117309
0.117583
0.117856
0.118128
0.1184
0.118672
0.118942
0.119212
0.119481
0.11975
0.120017
0.120284
0.120551
0.120816
0.121081
0.121345
0.121608
0.12187
0.122131
0.122392
0.122652
0.12291
0.123168
0.123426
0.123682
0.123937
0.124192
0.124445
0.124698
0.124949
0.1252
0.12545
0.125698
0.125946
0.126193
0.126438
0.126683
0.126927
0.127169
0.127411
0.127652
0.127891
0.128129
0.128367
0.128603
0.128838
0.129072
0.129305
0.129536
0.129767
0.129996
0.130224
0.130451
0.130677
0.130902
0.131125
0.131347
0.131568
0.131788
0.132006
0.132223
0.132439
0.132654
0.132867
0.133079
0.13329
0.133499
0.133708
0.133914
0.13412
0.134324
0.134526
0.134728
0.134928
0.135126
0.135323
0.135519
0.135713
0.135906
0.136098
0.136288
0.136477
0.136664
0.136849
0.137034
0.137216
0.137398
0.137577
0.137755
0.137932
0.138107
0.138281
0.138453
0.138624
0.138793
0.13896
0.139126
0.139291
0.139453
0.139615
0.139774
0.139932
0.140088
0.140243
0.140396
0.140548
0.140698
0.140846
0.140992
0.141137
0.141281
0.141422
0.141562
0.1417
0.141837
0.141972
0.142105
0.142236
0.142366
0.142494
0.14262
0.142745
0.142868
0.142989
0.143108
0.143226
0.143341
0.143456
0.143568
0.143678
0.143787
0.143894
0.143999
0.144103
0.144204
0.144304
0.144402
0.144498
0.144592
0.144685
0.144776
0.144865
0.144952
0.145037
0.14512
0.145202
0.145282
0.145359
0.145435
0.14551
0.145582
0.145652
0.145721
0.145788
0.145852
0.145915
0.145976
0.146036
0.146093
0.146148
0.146202
0.146254
0.146303
0.146351
0.146397
0.146441
0.146483
0.146524
0.146562
0.146598
0.146633
0.146666
0.146696
0.146725
0.146752
0.146777
0.1468
0.146821
0.14684
0.146858
0.146873
0.146886
0.146898
0.146908
0.146915
0.146921
0.146925
0.146927
0.146927
0.146925
0.146921
0.146915
0.146908
0.146898
0.146886
0.146873
0.146858
0.14684
0.146821
0.1468
0.146777
0.146752
0.146725
0.146696
0.146666
0.146633
0.146598
0.146562
0.146524
0.146483
0.146441
0.146397
0.146351
0.146303
0.146254
0.146202
0.146148
0.146093
0.146036
0.145976
0.145915
0.145852
0.145788
0.145721
0.145652
0.145582
0.14551
0.145435
0.145359
0.145282
0.145202
0.14512
0.145037
0.144952
0.144865
0.144776
0.144685
0.144592
0.144498
0.144402
0.144304
0.144204
0.144103
0.143999
0.143894
0.143787
0.143678
0.143568
0.143456
0.143341
0.143226
0.143108
0.142989
0.142868
0.142745
0.14262
0.142494
0.142366
0.142236
0.142105
0.141972
0.141837
0.1417
0.141562
0.141422
0.141281
0.141137
0.140992
0.140846
0.140698
0.140548
0.140396
0.140243
0.140088
0.139932
0.139774
0.139615
0.139453
0.139291
0.139126
0.13896
0.138793
0.138624
0.138453
0.138281
0.138107
0.137932
0.137755
0.137577
0.137398
0.137216
0.137034
0.136849
0.136664
0.136477
0.136288
0.136098
0.135906
0.135713
0.135519
0.135323
0.135126
0.134928
0.134728
0.134526
0.134324
0.13412
0.133914
0.133708
0.133499
0.13329
0.133079
0.132867
0.132654
0.132439
0.132223
0.132006
0.131788
0.131568
0.131347
0.131125
0.130902
0.130677
0.130451
0.130224
0.129996
0.129767
0.129536
0.129305
0.129072
0.128838
0.128603
0.128367
0.128129
0.127891
0.127652
0.127411
0.127169
0.126927
0.126683
0.126438
0.126193
0.125946
0.125698
0.12545
0.1252
0.124949
0.124698
0.124445
0.124192
0.123937
0.123682
0.123426
0.123168
0.12291
0.122652
0.122392
0.122131
0.12187
0.121608
0.121345
0.121081
0.120816
0.120551
0.120284
0.120017
0.11975
0.119481
0.119212
0.118942
0.118672
0.1184
0.118128
0.117856
0.117583
0.117309
0.117034
0.116759
0.116483
0.116207
0.11593
0.115652
0.115374
0.115096
0.114816
0.114537
0.114256
0.113976
0.113694
0.113413
0.11313
0.112848
0.112565
0.112281
0.111997
0.111713
0.111428
0.111143
0.110857
0.110571
0.110285
0.109998
0.109711
0.109424
0.109136
0.108849
0.10856
0.108272
0.107983
0.107694
0.107405
0.107116
0.106826
0.106536
0.106246
0.105956
0.105666
0.105375
0.105085
0.104794
0.104503
0.104212
0.103921
0.103629
0.103338
0.103047
0.102755
0.102464
0.102173
0.101881
0.10159
0.101298
0.101007
0.100715
0.100424
0.100133
0.0998413
0.0995501
0.099259
0.098968
0.0986771
0.0983864
0.0980957
0.0978052
0.0975149
0.0972248
0.0969348
0.096645
0.0963554
0.096066
0.0957769
0.095488
0.0951993
0.0949109
0.0946228
0.0943349
0.0940474
0.0937601
0.0934732
0.0931865
0.0929003
0.0926143
0.0923288
0.0920436
0.0917587
0.0914743
0.0911903
0.0909067
0.0906235
0.0903407
0.0900584
0.0897766
0.0894952
0.0892143
0.0889339
0.088654
0.0883746
0.0880957
0.0878173
0.0875395
0.0872623
0.0869856
0.0867095
0.0864339
0.086159
0.0858847
0.0856109
0.0853378
0.0850654
0.0847936
0.0845224
0.0842519
0.0839821
0.083713
0.0834446
0.0831769
0.0829099
0.0826436
0.082378
0.0821133
0.0818492
0.081586
0.0813235
0.0810618
0.0808008
0.0805407
0.0802814
0.080023
0.0797653
0.0795086
0.0792526
0.0789975
0.0787433
0.07849
0.0782376
0.077986
0.0777354
0.0774857
0.0772369
0.0769891
0.0767422
0.0764962
0.0762513
0.0760073
0.0757642
0.0755222
0.0752811
0.0750411
0.0748021
0.0745641
0.0743271
0.0740912
0.0738563
0.0736225
0.0733898
0.0731581
0.0729275
0.072698
0.0724696
0.0722423
0.0720162
0.0717911
0.0715672
0.0713444
0.0711228
0.0709023
0.070683
0.0704649
0.0702479
0.0700322
0.0698176
0.0696042
0.069392
0.0691811
0.0689714
0.0687629
0.0685556
0.0683496
0.0681449
0.0679414
0.0677392
0.0675383
0.0673386
0.0671402
0.0669432
0.0667474
0.0665529
0.0663598
0.066168
0.0659775
0.0657884
0.0656006
0.0654141
0.065229
0.0650453
0.0648629
0.0646819
0.0645023
0.0643241
0.0641473
0.0639719
0.0637978
0.0636252
0.0634541
0.0632843
0.063116
0.0629491
0.0627836
0.0626196
0.0624571
0.062296
0.0621364
0.0619782
0.0618216
0.0616664
0.0615126
0.0613604
0.0612097
0.0610605
0.0609128
0.0607666
0.0606219
0.0604787
0.0603371
0.060197
0.0600584
0.0599214
0.0597859
0.059652
0.0595196
0.0593888
0.0592595
0.0591318
0.0590057
0.0588812
0.0587582
0.0586368
0.0585171
0.0583989
0.0582823
0.0581673
0.0580539
0.0579421
0.057832
0.0577234
0.0576165
0.0575112
0.0574075
0.0573054
0.057205
0.0571062
0.0570091
0.0569136
0.0568198
0.0567276
0.056637
0.0565481
0.0564609
0.0563753
0.0562914
0.0562092
0.0561286
0.0560498
0.0559725
0.055897
0.0558232
0.055751
0.0556805
0.0556117
0.0555446
0.0554792
0.0554155
0.0553534
0.0552931
0.0552345
0.0551776
0.0551224
0.0550689
0.0550171
0.054967
0.0549186
0.0548719
0.054827
0.0547838
0.0547422
0.0547025
0.0546644
0.054628
0.0545934
0.0545605
0.0545293
0.0544999
0.0544721
0.0544461
0.0544219
0.0543993
0.0543785
0.0543595
0.0543421
0.0543265
0.0543126
0.0543005
0.0542901
0.0542814
0.0542745
0.0542693
0.0542658
0.0542641
)
;

boundaryField
{
    sides
    {
        type            zeroGradient;
    }
    empty
    {
        type            empty;
    }
}


// ************************************************************************* //
