/*--------------------------------*- C++ -*----------------------------------*\
  =========                 |
  \\      /  F ield         | OpenFOAM: The Open Source CFD Toolbox
   \\    /   O peration     | Website:  https://openfoam.org
    \\  /    A nd           | Version:  7
     \\/     M anipulation  |
\*---------------------------------------------------------------------------*/
FoamFile
{
    version     2.0;
    format      ascii;
    class       volScalarField;
    location    "0.11";
    object      T;
}
// * * * * * * * * * * * * * * * * * * * * * * * * * * * * * * * * * * * * * //

dimensions      [0 0 0 1 0 0 0];

internalField   nonuniform List<scalar> 
1000
(
0
0
0
0
0
0
0
0
0
0
0
0
0
0
0
0
0
0
0
0
0
0
0
0
0
0
0
0
0
0
0
0
0
0
0
0
0
0
0
0
0
0
0
0
0
0
0
0
0
0
0
0
0
0
0
0
0
0
0
0
0
0
0
0
0
0
0
0
0
0
0
0
0
0
0
0
0
0
0
0
0
0
0
0
0
0
0
0
0
0
0
0
0
0
0
0
0
0
0
0
0
0
0
0
0
0
0
0
0
0
0
0
0
0
0
0
0
0
0
0
0
0
0
0
0
0
0
0
0
0
0
0
0
0
0
0
0
0
0
0
0
0
0
0
0
0
0
0
0
0
0
0
0
0
0
0
0
0
0
0
0
0
0
0
0
0
0
0
0
0
0
0
0
0
0
0
0
0
0
0
0
0
0
0
0
0
0
0
0
0
0
0
0
0
0
0
0
0
0
0
0
0
0
0
0
0
0
0
0
0
0
0
0
0
0
0
0
0
0
0
0
0
0
0
0
0
0
0
0
0
0
0
0
0
0
0
0
0
0
0
0
0
0
0
0
0
0
0
0
0
0
0
0
0
0
0
0
0
0
0
0
0
0
0
0
0
0
0
0
0
0
0
0
0
0
0
0
0
0
0
0
0
1.97626e-322
1.94612e-320
1.87263e-318
1.80139e-316
1.73226e-314
1.66521e-312
1.60018e-310
1.53715e-308
1.47607e-306
1.4169e-304
1.35959e-302
1.30412e-300
1.25043e-298
1.1985e-296
1.14827e-294
1.09972e-292
1.0528e-290
1.00748e-288
9.63713e-287
9.21466e-285
8.80702e-283
8.41384e-281
8.03475e-279
7.6694e-277
7.31743e-275
6.97848e-273
6.65221e-271
6.33828e-269
6.03635e-267
5.74609e-265
5.46716e-263
5.19924e-261
4.94202e-259
4.69517e-257
4.45839e-255
4.23137e-253
4.01382e-251
3.80544e-249
3.60594e-247
3.41503e-245
3.23244e-243
3.0579e-241
2.89113e-239
2.73187e-237
2.57987e-235
2.43487e-233
2.29663e-231
2.16491e-229
2.03946e-227
1.92006e-225
1.80648e-223
1.69851e-221
1.59592e-219
1.49851e-217
1.40608e-215
1.31843e-213
1.23535e-211
1.15668e-209
1.08221e-207
1.01178e-205
9.45207e-204
8.82331e-202
8.22985e-200
7.67012e-198
7.1426e-196
6.64581e-194
6.17831e-192
5.73871e-190
5.32569e-188
4.93795e-186
4.57423e-184
4.23335e-182
3.91413e-180
3.61547e-178
3.33628e-176
3.07553e-174
2.83224e-172
2.60544e-170
2.39423e-168
2.19772e-166
2.01508e-164
1.8455e-162
1.6882e-160
1.54247e-158
1.40759e-156
1.2829e-154
1.16776e-152
1.06156e-150
9.63729e-149
8.73712e-147
7.9099e-145
7.15071e-143
6.45486e-141
5.81793e-139
5.23574e-137
4.70433e-135
4.21997e-133
3.77916e-131
3.3786e-129
3.01518e-127
2.68598e-125
2.38828e-123
2.11953e-121
1.87732e-119
1.65943e-117
1.46379e-115
1.28845e-113
1.13161e-111
9.91604e-110
8.66888e-108
7.56028e-106
6.57702e-104
5.70692e-102
4.93878e-100
4.26229e-98
3.66801e-96
3.14732e-94
2.69233e-92
2.29586e-90
1.95138e-88
1.65296e-86
1.39526e-84
1.17343e-82
9.83124e-81
8.20426e-79
6.81837e-77
5.64231e-75
4.64823e-73
3.81143e-71
3.11003e-69
2.52477e-67
2.03871e-65
1.63701e-63
1.30674e-61
1.03667e-59
8.17085e-58
6.39607e-56
4.9707e-54
3.83356e-52
2.93274e-50
2.22443e-48
1.6719e-46
1.2445e-44
9.16837e-43
6.6803e-41
4.81023e-39
3.41999e-37
2.39856e-35
1.65756e-33
1.12733e-31
7.53512e-30
4.942e-28
3.1747e-26
1.99335e-24
1.22037e-22
7.26431e-21
4.19016e-19
2.33267e-17
1.24723e-15
6.36665e-14
3.07957e-12
1.39807e-10
5.88291e-09
2.25591e-07
7.69757e-06
0.000225546
0.0053574
0.0927441
0.907256
0.994643
0.999774
0.999992
1
1
1
1
1
1
1
1
1
1
1
1
1
1
1
1
1
1
1
1
1
1
1
1
1
1
1
1
1
1
1
1
1
1
1
1
1
1
1
1
1
1
1
1
1
1
1
1
1
1
1
1
1
1
1
1
1
1
1
1
1
1
1
1
1
1
1
1
1
1
1
1
1
1
1
1
1
1
1
1
1
1
1
1
1
1
1
1
1
1
1
1
0.999992
0.999774
0.994643
0.907256
0.0927441
0.0053574
0.000225546
7.69757e-06
2.25591e-07
5.88291e-09
1.39807e-10
3.07957e-12
6.36665e-14
1.24723e-15
2.33267e-17
4.19016e-19
7.26431e-21
1.22037e-22
1.99335e-24
3.1747e-26
4.942e-28
7.53512e-30
1.12733e-31
1.65756e-33
2.39856e-35
3.41999e-37
4.81023e-39
6.6803e-41
9.16837e-43
1.2445e-44
1.6719e-46
2.22443e-48
2.93274e-50
3.83356e-52
4.9707e-54
6.39607e-56
8.17085e-58
1.03667e-59
1.30674e-61
1.63701e-63
2.03871e-65
2.52477e-67
3.11003e-69
3.81143e-71
4.64823e-73
5.64231e-75
6.81837e-77
8.20426e-79
9.83124e-81
1.17343e-82
1.39526e-84
1.65296e-86
1.95138e-88
2.29586e-90
2.69233e-92
3.14732e-94
3.66801e-96
4.26229e-98
4.93878e-100
5.70692e-102
6.57702e-104
7.56028e-106
8.66888e-108
9.91604e-110
1.13161e-111
1.28845e-113
1.46379e-115
1.65943e-117
1.87732e-119
2.11953e-121
2.38828e-123
2.68598e-125
3.01518e-127
3.3786e-129
3.77916e-131
4.21997e-133
4.70433e-135
5.23574e-137
5.81793e-139
6.45486e-141
7.15071e-143
7.9099e-145
8.73712e-147
9.63729e-149
1.06156e-150
1.16776e-152
1.2829e-154
1.40759e-156
1.54247e-158
1.6882e-160
1.8455e-162
2.01508e-164
2.19772e-166
2.39423e-168
2.60544e-170
2.83224e-172
3.07553e-174
3.33628e-176
3.61547e-178
3.91413e-180
4.23335e-182
4.57423e-184
4.93795e-186
5.32569e-188
5.73871e-190
6.17831e-192
6.64581e-194
7.1426e-196
7.67012e-198
8.22985e-200
8.82331e-202
9.45207e-204
1.01178e-205
1.08221e-207
1.15668e-209
1.23535e-211
1.31843e-213
1.40608e-215
1.49851e-217
1.59592e-219
1.69851e-221
1.80648e-223
1.92006e-225
2.03946e-227
2.16491e-229
2.29663e-231
2.43487e-233
2.57987e-235
2.73187e-237
2.89113e-239
3.0579e-241
3.23244e-243
3.41503e-245
3.60594e-247
3.80544e-249
4.01382e-251
4.23137e-253
4.45839e-255
4.69517e-257
4.94202e-259
5.19924e-261
5.46716e-263
5.74609e-265
6.03635e-267
6.33828e-269
6.65221e-271
6.97848e-273
7.31743e-275
7.6694e-277
8.03475e-279
8.41384e-281
8.80702e-283
9.21466e-285
9.63713e-287
1.00748e-288
1.0528e-290
1.09972e-292
1.14827e-294
1.1985e-296
1.25043e-298
1.30412e-300
1.35959e-302
1.4169e-304
1.47607e-306
1.53715e-308
1.60018e-310
1.66521e-312
1.73226e-314
1.80139e-316
1.87263e-318
1.94612e-320
1.97626e-322
0
0
0
0
0
0
0
0
0
0
0
0
0
0
0
0
0
0
0
0
0
0
0
0
0
0
0
0
0
0
0
0
0
0
0
0
0
0
0
0
0
0
0
0
0
0
0
0
0
0
0
0
0
0
0
0
0
0
0
0
0
0
0
0
0
0
0
0
0
0
0
0
0
0
0
0
0
0
0
0
0
0
0
0
0
0
0
0
0
0
0
0
0
0
0
0
0
0
0
0
0
0
0
0
0
0
0
0
0
0
0
0
0
0
0
0
0
0
0
0
0
0
0
0
0
0
0
0
0
0
0
0
0
0
0
0
0
0
0
0
0
0
0
0
0
0
0
0
0
0
0
0
0
0
0
0
0
0
0
0
0
0
0
0
0
0
0
0
0
0
0
0
0
0
0
0
0
0
0
0
0
0
0
0
0
0
0
0
0
0
0
0
0
0
0
0
0
0
0
0
0
0
0
0
0
0
0
0
0
0
0
0
0
0
0
0
0
0
0
0
0
0
0
0
0
0
0
0
0
0
0
0
0
0
0
0
0
0
0
0
0
0
0
0
0
0
0
0
0
0
0
0
0
0
0
0
0
0
0
0
0
0
0
0
0
0
0
0
0
0
0
0
0
0
0
0
0
0
0
0
0
0
)
;

boundaryField
{
    sides
    {
        type            zeroGradient;
    }
    empty
    {
        type            empty;
    }
}


// ************************************************************************* //
