/*--------------------------------*- C++ -*----------------------------------*\
  =========                 |
  \\      /  F ield         | OpenFOAM: The Open Source CFD Toolbox
   \\    /   O peration     | Website:  https://openfoam.org
    \\  /    A nd           | Version:  7
     \\/     M anipulation  |
\*---------------------------------------------------------------------------*/
FoamFile
{
    version     2.0;
    format      ascii;
    class       volScalarField;
    location    "3.47";
    object      T;
}
// * * * * * * * * * * * * * * * * * * * * * * * * * * * * * * * * * * * * * //

dimensions      [0 0 0 1 0 0 0];

internalField   nonuniform List<scalar> 
1000
(
0
0
0
0
0
0
0
0
0
0
0
0
0
0
0
0
0
0
0
0
0
0
0
0
0
0
0
0
0
0
0
0
0
0
0
0
0
0
0
0
0
0
0
0
0
0
0
0
0
0
0
0
0
0
0
0
0
0
0
0
0
0
0
0
0
0
0
0
0
0
0
0
0
0
0
0
0
0
0
0
0
0
0
0
0
0
0
0
0
0
0
0
0
0
0
0
0
0
1.97626e-323
8.44852e-322
-1.17933e-320
-9.17855e-319
1.94904e-319
8.44368e-316
8.65586e-315
-6.87817e-313
-1.43353e-311
5.03535e-310
1.72116e-308
-3.28982e-307
-1.80011e-305
1.84219e-304
1.74594e-302
-7.62015e-302
-1.62159e-299
3.80997e-300
1.47177e-296
3.79843e-296
-1.3236e-293
-5.53295e-293
1.1901e-290
5.39801e-290
-1.07419e-287
-3.87327e-287
9.72133e-285
1.34706e-284
-8.76247e-282
1.84603e-281
7.76985e-279
-5.37429e-278
-6.64851e-276
8.86139e-275
5.32473e-273
-1.18583e-271
-3.77027e-270
1.38533e-268
2.02848e-267
-1.43382e-265
-2.3468e-265
1.29408e-262
-1.38209e-261
-9.60923e-260
2.53275e-258
4.79433e-257
-2.94862e-255
4.75152e-255
2.50182e-252
-4.75036e-251
-1.32501e-249
6.63215e-248
-1.44543e-247
-5.46815e-245
1.27793e-243
1.94456e-242
-1.54475e-240
1.93408e-239
8.64006e-238
-3.82033e-236
2.41349e-235
2.63565e-233
-9.2732e-232
3.58182e-231
6.87322e-229
-2.35212e-227
1.35753e-226
1.56869e-224
-6.21243e-223
7.31608e-222
2.75516e-220
-1.57517e-218
3.30537e-217
1.12646e-216
-3.18681e-214
1.12635e-212
-1.75832e-211
-2.3165e-210
2.40728e-208
-8.16317e-207
1.50519e-205
1.45341e-205
-1.30154e-202
5.81018e-201
-1.63727e-199
3.02873e-198
-1.33869e-197
-1.79645e-195
1.0122e-193
-3.74192e-192
1.14144e-190
-3.07671e-189
7.56045e-188
-1.72349e-186
3.68519e-185
-7.44722e-184
1.43024e-182
-2.62136e-181
4.60028e-180
-7.75061e-179
1.25643e-177
-1.96329e-176
2.96181e-175
-4.31953e-174
6.09716e-173
-8.33818e-172
1.10574e-170
-1.42304e-169
1.77855e-168
-2.16006e-167
2.55071e-166
-2.92995e-165
3.27535e-164
-3.56469e-163
3.77834e-162
-3.90149e-161
3.92577e-160
-3.85022e-159
3.68128e-158
-3.43193e-157
3.12007e-156
-2.76645e-155
2.39248e-154
-2.01819e-153
1.66064e-152
-1.33286e-151
1.04345e-150
-7.96721e-150
5.93264e-149
-4.3076e-148
3.04927e-147
-2.10396e-146
1.41465e-145
-9.2661e-145
5.91058e-144
-3.67001e-143
2.21715e-142
-1.30248e-141
7.43544e-141
-4.12161e-140
2.21645e-139
-1.15508e-138
5.82601e-138
-2.83964e-137
1.33493e-136
-6.03851e-136
2.62031e-135
-1.0864e-134
4.28021e-134
-1.58984e-133
5.50018e-133
-1.73596e-132
4.79703e-132
-1.04241e-131
1.00823e-131
5.8056e-131
-4.76945e-130
2.25712e-129
-8.23251e-129
2.37334e-128
-4.80416e-128
1.75304e-128
4.22291e-127
-2.56651e-126
9.74832e-126
-2.62785e-125
3.99461e-125
5.9581e-125
-7.23446e-124
3.14449e-123
-8.7873e-123
1.29143e-122
2.27346e-122
-2.38353e-121
9.3342e-121
-2.16278e-120
1.27727e-120
1.45449e-119
-7.8737e-119
2.2107e-118
-2.60766e-118
-8.73805e-118
6.1654e-117
-1.85869e-116
2.36608e-116
6.56537e-116
-4.78131e-115
1.37225e-114
-1.3764e-114
-6.3029e-114
3.62974e-113
-8.67109e-113
2.61581e-113
6.20886e-112
-2.51183e-111
4.09904e-111
5.58266e-111
-5.27631e-110
1.40364e-109
-6.77388e-110
-8.71001e-109
3.45741e-108
-4.73671e-108
-1.10291e-107
7.16793e-107
-1.44861e-106
-8.28812e-107
1.33558e-105
-3.46721e-105
6.44402e-106
2.33441e-104
-7.30544e-104
4.34542e-104
3.96946e-103
-1.42251e-102
1.15045e-102
6.78293e-102
-2.62278e-101
2.29437e-101
1.19121e-100
-4.62757e-100
3.73751e-100
2.15897e-99
-7.81195e-99
4.76131e-99
3.97665e-98
-1.24903e-97
3.36596e-98
7.24562e-97
-1.85092e-96
-4.70964e-97
1.26748e-95
-2.44079e-95
-2.68037e-95
2.06581e-94
-2.6143e-94
-7.2677e-94
3.0315e-93
-1.59317e-93
-1.50063e-92
3.80092e-92
1.71911e-92
-2.54107e-91
3.60712e-91
8.24819e-91
-3.51726e-90
1.36128e-90
1.76276e-89
-3.70553e-89
-3.79365e-89
2.67202e-88
-2.13227e-88
-1.13614e-87
2.89962e-87
1.81294e-87
-1.83055e-86
1.6769e-86
7.36767e-86
-1.91469e-85
-1.25721e-85
1.16998e-84
-8.86679e-85
-4.90003e-84
1.07555e-83
1.16693e-83
-6.8764e-83
2.30503e-83
3.179e-82
-4.78092e-82
-1.04052e-81
3.49398e-81
1.35403e-81
-1.84286e-80
1.23174e-80
7.63514e-80
-1.3359e-79
-2.35581e-79
8.51432e-79
3.32938e-79
-4.27605e-78
2.15335e-78
1.79473e-77
-2.46438e-77
-6.22972e-77
1.60481e-76
1.59964e-76
-8.38777e-76
-1.15005e-76
3.80645e-75
-2.05479e-75
-1.53833e-74
1.87041e-74
5.53999e-74
-1.13609e-73
-1.73144e-73
5.81122e-73
4.26861e-73
-2.67554e-72
-4.76275e-73
1.14148e-71
-3.2035e-72
-4.5831e-71
3.22511e-71
1.74774e-70
-1.97438e-70
-6.36707e-70
1.01258e-69
2.22415e-69
-4.71316e-69
-7.46791e-69
2.05921e-68
2.41412e-68
-8.59814e-68
-7.52511e-68
3.46935e-67
2.26774e-67
-1.36301e-66
-6.64662e-67
5.24189e-66
1.92104e-66
-1.98108e-65
-5.63351e-66
7.37789e-65
1.75718e-65
-2.71225e-64
-6.13472e-65
9.85015e-64
2.43767e-64
-3.5337e-63
-1.06568e-63
1.25098e-62
4.86063e-63
-4.36179e-62
-2.22159e-62
1.49343e-61
9.95375e-62
-5.00042e-61
-4.32816e-61
1.62787e-60
1.81891e-60
-5.11052e-60
-7.3743e-60
1.52805e-59
2.88065e-59
-4.26125e-59
-1.08252e-58
1.06318e-58
3.90371e-58
-2.12621e-58
-1.34561e-57
1.85013e-58
4.40644e-57
1.18032e-57
-1.35729e-56
-9.59806e-57
3.86593e-56
4.79623e-56
-9.8495e-56
-1.97601e-55
2.07059e-55
7.17593e-55
-2.5865e-55
-2.33974e-54
-5.09516e-55
6.81957e-54
5.51082e-54
-1.72602e-53
-2.70347e-53
3.47276e-53
1.02445e-52
-3.64042e-53
-3.26107e-52
-1.13057e-52
8.75643e-52
9.42335e-52
-1.86656e-51
-4.07562e-51
2.35613e-51
1.34405e-50
3.54977e-51
-3.54166e-50
-3.799e-50
6.93271e-50
1.6304e-49
-5.90222e-50
-5.03399e-49
-2.64759e-49
1.1619e-48
1.74572e-48
-1.63502e-48
-6.23746e-48
-1.24012e-48
1.57555e-47
1.80908e-47
-2.52278e-47
-7.26781e-47
-3.25209e-48
1.90101e-46
1.97744e-46
-3.02897e-46
-8.28658e-46
-5.93245e-47
2.10287e-45
2.36857e-45
-2.93365e-45
-9.27887e-45
-2.53109e-45
2.10411e-44
2.98305e-44
-2.02091e-44
-9.87021e-44
-6.16902e-44
1.77968e-43
3.62761e-43
-1.94511e-44
-9.30222e-43
-1.06698e-42
1.02029e-42
3.88893e-42
2.27144e-42
-6.75151e-42
-1.40397e-41
-1.23044e-42
3.26879e-41
4.50296e-41
-2.09057e-41
-1.36251e-40
-1.29149e-40
1.5613e-40
5.18843e-40
3.26796e-40
-7.93185e-40
-1.86458e-39
-6.92985e-40
3.44828e-39
6.46928e-39
1.01678e-39
-1.37458e-38
-2.20741e-38
2.70284e-40
5.18469e-38
7.52326e-38
-9.43595e-39
-1.88116e-37
-2.59154e-37
4.37428e-38
6.61892e-37
9.0803e-37
-1.22373e-37
-2.26237e-36
-3.23493e-36
8.83145e-38
7.47968e-36
1.1637e-35
1.6248e-36
-2.36458e-35
-4.17672e-35
-1.45871e-35
6.98824e-35
1.47298e-34
8.68974e-35
-1.84341e-34
-5.01168e-34
-4.31476e-34
3.8379e-34
1.60729e-33
1.89435e-33
-2.98349e-34
-4.69117e-33
-7.48061e-33
-2.73422e-33
1.16241e-32
2.64761e-32
2.14619e-32
-1.96439e-32
-8.19884e-32
-1.04655e-31
-1.07368e-32
2.07972e-31
4.02973e-31
2.88331e-31
-3.41143e-31
-1.25552e-30
-1.59957e-30
-2.81569e-31
2.91908e-30
6.11561e-30
5.31663e-30
-3.01428e-30
-1.71801e-29
-2.65555e-29
-1.44597e-29
2.88012e-29
8.7015e-29
1.08674e-28
2.77424e-29
-1.77056e-28
-4.09935e-28
-4.38619e-28
-4.11904e-30
9.24323e-28
1.87089e-27
1.82207e-27
-2.68667e-28
-4.41104e-27
-8.4617e-27
-8.0524e-27
1.29009e-27
1.97028e-26
3.82474e-26
3.82222e-26
-6.58886e-28
-8.20468e-26
-1.71843e-25
-1.91204e-25
-4.4592e-26
3.07534e-25
7.52827e-25
9.71682e-25
5.13315e-25
-9.31571e-25
-3.10378e-24
-4.81211e-24
-4.01231e-24
1.29317e-24
1.1273e-23
2.22143e-23
2.56366e-23
1.04773e-23
-3.03583e-23
-9.0001e-23
-1.38727e-22
-1.24324e-22
9.31054e-24
2.81578e-22
6.21818e-22
8.31073e-22
6.02837e-22
-3.53868e-22
-2.07804e-21
-4.0667e-21
-5.08776e-21
-3.33181e-21
2.86768e-21
1.36862e-20
2.61427e-20
3.29458e-20
2.31399e-20
-1.40966e-20
-8.19028e-20
-1.65685e-19
-2.2462e-19
-1.91719e-19
9.13229e-21
4.2309e-19
1.00341e-18
1.54652e-18
1.65878e-18
8.06001e-19
-1.50179e-18
-5.36599e-18
-1.00382e-17
-1.34923e-17
-1.23059e-17
-2.2221e-18
2.02497e-17
5.50512e-17
9.49566e-17
1.22234e-16
1.07635e-16
1.45202e-17
-1.88953e-16
-5.07894e-16
-8.90473e-16
-1.19639e-15
-1.17819e-15
-4.97206e-16
1.19977e-15
4.1195e-15
8.07e-15
1.21435e-14
1.44155e-14
1.1812e-14
3.66277e-16
-2.38639e-14
-6.29686e-14
-1.14336e-13
-1.66978e-13
-1.97737e-13
-1.68828e-13
-2.89696e-14
2.7879e-13
7.99133e-13
1.53341e-12
2.39445e-12
3.15041e-12
3.3675e-12
2.37136e-12
-7.41098e-13
-6.99441e-12
-1.72761e-11
-3.18683e-11
-4.97207e-11
-6.74549e-11
-7.81586e-11
-7.01488e-11
-2.60609e-11
7.71455e-11
2.66377e-10
5.67589e-10
9.96443e-10
1.54274e-09
2.14695e-09
2.66765e-09
2.83982e-09
2.22609e-09
1.66714e-10
-4.26042e-09
-1.22505e-08
-2.52226e-08
-4.46646e-08
-7.18082e-08
-1.07042e-07
-1.48947e-07
-1.92788e-07
-2.28279e-07
-2.36352e-07
-1.84656e-07
-2.13977e-08
3.32872e-07
9.96016e-07
2.13815e-06
3.99917e-06
6.91055e-06
1.13221e-05
1.78346e-05
2.72381e-05
4.05581e-05
5.91082e-05
8.45516e-05
0.00011897
0.000164941
0.000225624
0.000304854
0.000407242
0.000538281
0.000704459
0.000913373
0.00117384
0.00149603
0.00189153
0.00237351
0.00295675
0.00365778
0.00449488
0.00548816
0.00665956
0.00803282
0.00963345
0.0114887
0.0136272
0.0160793
0.0188763
0.0220507
0.0256357
0.0296647
0.0341714
0.0391894
0.0447513
0.0508889
0.0576324
0.0650101
0.0730482
0.0817698
0.0911952
0.101341
0.11222
0.12384
0.136207
0.149319
0.16317
0.177751
0.193046
0.209035
0.225692
0.242986
0.260884
0.279346
0.298329
0.317785
0.337664
0.357913
0.378476
0.399295
0.420312
0.441466
0.462697
0.483944
0.505147
0.526249
0.547192
0.56792
0.588381
0.608525
0.628306
0.647678
0.666603
0.685043
0.702967
0.720346
0.737154
0.753372
0.768982
0.783972
0.798333
0.812058
0.825147
0.8376
0.849422
0.860618
0.8712
0.881179
0.890569
0.899385
0.907646
0.915369
0.922576
0.929285
0.93552
0.941301
0.946651
0.951592
0.956146
0.960334
0.964177
0.967697
0.970914
0.973845
0.97651
0.978926
0.981108
0.98307
0.984826
0.986387
0.987763
0.988963
0.989991
0.990854
0.991552
0.992087
0.992456
0.992655
0.992677
0.992513
0.992152
0.991579
0.99078
0.989735
0.988423
0.986821
0.984905
0.982649
0.980022
0.976997
0.973542
0.969626
0.965218
0.960286
0.954798
0.948725
0.942037
0.934707
0.92671
0.918024
0.908629
0.89851
0.887653
0.876052
0.863702
0.850604
0.836765
0.822194
0.806907
0.790926
0.774275
0.756986
0.739092
0.720634
0.701655
0.682202
0.662325
0.642078
0.621516
0.600698
0.579682
0.558529
0.5373
0.516053
0.49485
0.473749
0.452807
0.432079
0.411618
0.391474
0.371694
0.352321
0.333397
0.314956
0.297033
0.279654
0.262846
0.246628
0.231018
0.216028
0.201667
0.187942
0.174853
0.1624
0.150578
0.139382
0.1288
0.118821
0.109431
0.100615
0.0923545
0.084631
0.0774247
0.0707149
0.0644801
0.0586984
0.0533478
0.0484059
0.0438504
0.0396595
0.0358114
0.0322848
0.0290591
0.0261141
0.0234305
0.0209895
0.0187734
0.0167651
0.0149484
0.013308
0.0118294
0.0104991
0.00930412
0.00823271
0.00727371
0.00641681
0.00565242
0.00497171
0.00436653
0.00382939
0.00335343
0.00293237
0.00256048
0.00223255
0.00194383
0.00169006
0.00146734
0.00127218
0.00110144
0.000952286
0.000822196
0.000708902
0.000610385
0.000524845
0.000450683
0.000386481
0.000330981
0.000283075
0.000241783
0.000206243
0.000175697
0.000149481
0.000127012
0.000107782
9.13462e-05
7.73184e-05
6.53622e-05
5.51853e-05
4.65347e-05
3.91914e-05
3.2966e-05
2.76954e-05
2.3239e-05
1.9476e-05
1.63025e-05
1.36297e-05
1.13815e-05
9.49281e-06
7.90816e-06
6.58029e-06
5.46896e-06
4.54003e-06
3.76453e-06
3.11782e-06
2.57973e-06
2.12902e-06
1.77442e-06
1.3547e-06
)
;

boundaryField
{
    sides
    {
        type            zeroGradient;
    }
    empty
    {
        type            empty;
    }
}


// ************************************************************************* //
