/*--------------------------------*- C++ -*----------------------------------*\
  =========                 |
  \\      /  F ield         | OpenFOAM: The Open Source CFD Toolbox
   \\    /   O peration     | Website:  https://openfoam.org
    \\  /    A nd           | Version:  7
     \\/     M anipulation  |
\*---------------------------------------------------------------------------*/
FoamFile
{
    version     2.0;
    format      ascii;
    class       volScalarField;
    location    "4.33";
    object      T;
}
// * * * * * * * * * * * * * * * * * * * * * * * * * * * * * * * * * * * * * //

dimensions      [0 0 0 1 0 0 0];

internalField   nonuniform List<scalar> 
1000
(
0
0
0
0
0
0
0
0
0
0
0
0
0
0
0
0
0
0
0
0
0
0
0
0
0
0
0
0
0
0
0
0
0
0
0
0
0
0
0
0
0
0
0
0
0
0
0
0
0
0
0
0
0
0
0
0
0
0
0
0
0
0
0
0
0
0
0
0
0
0
0
0
0
0
0
0
0
0
0
0
0
0
0
0
0
0
0
0
0
0
0
0
0
0
0
0
0
0
0
0
0
0
0
0
0
0
0
0
0
0
0
0
0
0
0
0
0
0
0
0
0
0
0
0
0
0
0
0
0
0
0
0
0
0
0
0
0
0
0
0
0
0
0
0
0
0
0
0
0
0
0
0
0
0
0
0
0
0
0
0
0
0
0
0
0
0
0
0
0
0
0
0
0
0
0
0
0
0
0
0
0
0
0
0
0
0
0
0
0
0
0
0
0
0
5.92879e-323
2.88534e-321
1.09905e-319
4.1519e-318
1.56454e-316
5.88089e-315
2.20499e-313
8.24662e-312
3.0764e-310
1.14472e-308
4.24859e-307
1.57278e-305
5.80717e-304
2.13859e-302
7.85512e-301
2.87761e-299
1.05138e-297
3.83112e-296
1.39229e-294
5.04615e-293
1.82395e-291
6.57476e-290
2.3635e-288
8.47289e-287
3.02902e-285
1.07984e-283
3.83882e-282
1.36084e-280
4.81044e-279
1.69559e-277
5.95945e-276
2.08851e-274
7.29797e-273
2.54271e-271
8.83311e-270
3.05945e-268
1.05652e-266
3.63757e-265
1.24863e-263
4.27306e-262
1.45786e-260
4.95862e-259
1.68137e-257
5.68346e-256
1.91516e-254
6.4332e-253
2.15414e-251
7.19011e-250
2.39223e-248
7.93356e-247
2.62253e-245
8.64079e-244
2.83763e-242
9.28794e-241
3.02994e-239
9.85125e-238
3.19213e-236
1.03085e-234
3.31757e-233
1.06402e-231
3.40073e-230
1.08312e-228
3.43761e-227
1.08717e-225
3.42605e-224
1.0758e-222
3.36588e-221
1.04927e-219
3.25902e-218
1.00852e-216
3.10935e-215
9.55062e-214
2.92253e-212
8.90921e-211
2.70559e-209
8.18492e-208
2.46652e-206
7.40393e-205
2.21378e-203
6.59306e-202
1.95573e-200
5.77814e-199
1.70024e-197
4.9827e-196
1.45424e-194
4.22681e-193
1.22343e-191
3.52634e-190
1.01212e-188
2.89262e-187
8.23161e-186
2.33238e-184
6.57995e-183
1.84815e-181
5.16808e-180
1.43874e-178
3.98736e-177
1.10007e-175
3.02112e-174
8.25882e-173
2.24725e-171
6.08631e-170
1.64062e-168
4.40145e-167
1.17517e-165
3.12254e-164
8.25653e-163
2.17247e-161
5.68795e-160
1.4818e-158
3.84089e-157
9.90529e-156
2.54142e-154
6.48694e-153
1.64717e-151
4.16055e-150
1.04534e-148
2.61241e-147
6.49347e-146
1.60526e-144
3.94662e-143
9.6493e-142
2.34603e-140
5.67175e-139
1.3634e-137
3.25859e-136
7.74306e-135
1.82915e-133
4.29549e-132
1.00272e-130
2.32664e-129
5.36575e-128
1.22987e-126
2.80151e-125
6.34161e-124
1.42645e-122
3.1881e-121
7.07948e-120
1.56183e-118
3.42298e-117
7.45212e-116
1.6115e-114
3.46121e-113
7.38312e-112
1.56399e-110
3.28987e-109
6.87135e-108
1.42492e-106
2.93351e-105
5.99516e-104
1.21617e-102
2.44869e-101
4.89305e-100
9.70278e-99
1.90917e-97
3.72724e-96
7.2191e-95
1.38705e-93
2.64346e-92
4.99669e-91
9.36653e-90
1.74108e-88
3.20889e-87
5.86331e-86
1.06203e-84
1.90672e-83
3.3927e-82
5.98223e-81
1.04517e-79
1.80911e-78
3.10202e-77
5.2683e-76
8.86108e-75
1.47583e-73
2.43365e-72
3.97279e-71
6.41926e-70
1.02651e-68
1.6243e-67
2.54288e-66
3.93799e-65
6.03176e-64
9.13609e-63
1.3682e-61
2.02554e-60
2.9638e-59
4.28547e-58
6.12219e-57
8.63949e-56
1.20408e-54
1.657e-53
2.25109e-52
3.01837e-51
3.9936e-50
5.21277e-49
6.71087e-48
8.519e-47
1.06607e-45
1.3148e-44
1.59768e-43
1.91228e-42
2.25382e-41
2.61496e-40
2.98572e-39
3.35377e-38
3.70486e-37
4.02359e-36
4.29437e-35
4.50266e-34
4.63609e-33
4.68567e-32
4.6467e-31
4.51939e-30
4.30902e-29
4.02561e-28
3.68319e-27
3.29858e-26
2.89004e-25
2.47575e-24
2.0724e-23
1.69408e-22
1.35145e-21
1.0514e-20
7.97117e-20
5.88476e-19
4.22702e-18
2.95167e-17
2.00185e-16
1.31739e-15
8.40364e-15
5.19069e-14
3.1009e-13
1.78946e-12
9.96235e-12
5.34319e-11
2.75671e-10
1.36596e-09
6.48933e-09
2.95034e-08
1.28115e-07
5.30214e-07
2.08657e-06
7.78881e-06
2.75049e-05
9.16233e-05
0.000287033
0.000842886
0.00231219
0.00590391
0.0139808
0.0305944
0.0616636
0.114156
0.193777
0.301554
0.431102
0.568898
0.698446
0.806223
0.885844
0.938336
0.969406
0.986019
0.994096
0.997688
0.999157
0.999713
0.999908
0.999972
0.999992
0.999998
0.999999
1
1
1
1
1
1
1
1
1
1
1
1
1
1
1
1
1
1
1
1
1
1
1
1
1
1
1
1
1
1
1
1
1
1
1
1
1
1
1
1
1
1
1
1
1
1
1
1
1
1
1
1
1
1
1
1
1
1
1
1
1
1
1
1
1
1
1
1
0.999999
0.999998
0.999992
0.999972
0.999908
0.999713
0.999157
0.997688
0.994096
0.986019
0.969406
0.938336
0.885844
0.806223
0.698446
0.568898
0.431102
0.301554
0.193777
0.114156
0.0616636
0.0305944
0.0139808
0.00590391
0.00231219
0.000842886
0.000287033
9.16233e-05
2.75049e-05
7.78881e-06
2.08657e-06
5.30214e-07
1.28115e-07
2.95034e-08
6.48933e-09
1.36596e-09
2.75671e-10
5.34319e-11
9.96235e-12
1.78946e-12
3.1009e-13
5.19069e-14
8.40364e-15
1.31739e-15
2.00185e-16
2.95167e-17
4.22702e-18
5.88476e-19
7.97117e-20
1.0514e-20
1.35145e-21
1.69408e-22
2.0724e-23
2.47575e-24
2.89004e-25
3.29858e-26
3.68319e-27
4.02561e-28
4.30902e-29
4.51939e-30
4.6467e-31
4.68567e-32
4.63609e-33
4.50266e-34
4.29437e-35
4.02359e-36
3.70486e-37
3.35377e-38
2.98572e-39
2.61496e-40
2.25382e-41
1.91228e-42
1.59768e-43
1.3148e-44
1.06607e-45
8.519e-47
6.71087e-48
5.21277e-49
3.9936e-50
3.01837e-51
2.25109e-52
1.657e-53
1.20408e-54
8.63949e-56
6.12219e-57
4.28547e-58
2.9638e-59
2.02554e-60
1.3682e-61
9.13609e-63
6.03176e-64
3.93799e-65
2.54288e-66
1.6243e-67
1.02651e-68
6.41926e-70
3.97279e-71
2.43365e-72
1.47583e-73
8.86108e-75
5.2683e-76
3.10202e-77
1.80911e-78
1.04517e-79
5.98223e-81
3.3927e-82
1.90672e-83
1.06203e-84
5.86331e-86
3.20889e-87
1.74108e-88
9.36653e-90
4.99669e-91
2.64346e-92
1.38705e-93
7.2191e-95
3.72724e-96
1.90917e-97
9.70278e-99
4.89305e-100
2.44869e-101
1.21617e-102
5.99516e-104
2.93351e-105
1.42492e-106
6.87135e-108
3.28987e-109
1.56399e-110
7.38312e-112
3.46121e-113
1.6115e-114
7.45212e-116
3.42298e-117
1.56183e-118
7.07948e-120
3.1881e-121
1.42645e-122
6.34161e-124
2.80151e-125
1.22987e-126
5.36575e-128
2.32664e-129
1.00272e-130
4.29549e-132
1.82915e-133
7.74306e-135
3.25859e-136
1.3634e-137
5.67175e-139
2.34603e-140
9.6493e-142
3.94662e-143
1.60526e-144
6.49347e-146
2.61241e-147
1.04534e-148
4.16055e-150
1.64717e-151
6.48694e-153
2.54142e-154
9.90529e-156
3.84089e-157
1.4818e-158
5.68795e-160
2.17247e-161
8.25653e-163
3.12254e-164
1.17517e-165
4.40145e-167
1.64062e-168
6.08631e-170
2.24725e-171
8.25882e-173
3.02112e-174
1.10007e-175
3.98736e-177
1.43874e-178
5.16808e-180
1.84815e-181
6.57995e-183
2.33238e-184
8.23161e-186
2.89262e-187
1.01212e-188
3.52634e-190
1.22343e-191
4.22681e-193
1.45424e-194
4.9827e-196
1.70024e-197
5.77814e-199
1.95573e-200
6.59306e-202
2.21378e-203
7.40393e-205
2.46652e-206
8.18492e-208
2.70559e-209
8.90921e-211
2.92253e-212
9.55062e-214
3.10935e-215
1.00852e-216
3.25902e-218
1.04927e-219
3.36588e-221
1.0758e-222
3.42605e-224
1.08717e-225
3.43761e-227
1.08312e-228
3.40073e-230
1.06402e-231
3.31757e-233
1.03085e-234
3.19213e-236
9.85125e-238
3.02994e-239
9.28794e-241
2.83763e-242
8.64079e-244
2.62253e-245
7.93356e-247
2.39223e-248
7.19011e-250
2.15414e-251
6.4332e-253
1.91516e-254
5.68346e-256
1.68137e-257
4.95862e-259
1.45786e-260
4.27306e-262
1.24863e-263
3.63757e-265
1.05652e-266
3.05945e-268
8.83311e-270
2.54271e-271
7.29797e-273
2.08851e-274
5.95945e-276
1.69559e-277
4.81044e-279
1.36084e-280
3.83882e-282
1.07984e-283
3.02902e-285
8.47289e-287
2.3635e-288
6.57476e-290
1.82395e-291
5.04615e-293
1.39229e-294
3.83112e-296
1.05138e-297
2.87761e-299
7.85512e-301
2.13859e-302
5.80717e-304
1.57278e-305
4.24859e-307
1.14472e-308
3.0764e-310
8.24662e-312
2.20499e-313
5.88089e-315
1.56454e-316
4.1519e-318
1.0991e-319
2.88534e-321
5.92879e-323
0
0
0
0
0
0
0
0
0
0
0
0
0
0
0
0
0
0
0
0
0
0
0
0
0
0
0
0
0
0
0
0
0
0
0
0
0
0
0
0
0
0
0
0
0
0
0
0
0
0
0
0
0
0
0
0
0
0
0
0
0
0
0
0
0
0
0
0
0
0
0
0
0
0
0
0
0
0
0
0
0
0
0
0
0
0
0
0
0
0
0
0
0
0
0
0
0
0
0
0
0
0
0
0
0
0
0
0
0
0
0
0
0
0
0
0
0
0
0
0
0
0
0
0
0
0
0
0
0
0
0
0
0
0
0
0
0
0
0
0
0
0
0
0
0
0
0
0
0
0
0
0
0
0
0
0
0
0
0
0
0
0
0
0
0
0
0
0
0
0
0
0
0
0
0
0
0
0
0
0
0
0
0
0
0
0
0
0
0
0
0
0
0
0
)
;

boundaryField
{
    sides
    {
        type            zeroGradient;
    }
    empty
    {
        type            empty;
    }
}


// ************************************************************************* //
