/*--------------------------------*- C++ -*----------------------------------*\
  =========                 |
  \\      /  F ield         | OpenFOAM: The Open Source CFD Toolbox
   \\    /   O peration     | Website:  https://openfoam.org
    \\  /    A nd           | Version:  7
     \\/     M anipulation  |
\*---------------------------------------------------------------------------*/
FoamFile
{
    version     2.0;
    format      ascii;
    class       volScalarField;
    location    "3.42";
    object      T;
}
// * * * * * * * * * * * * * * * * * * * * * * * * * * * * * * * * * * * * * //

dimensions      [0 0 0 1 0 0 0];

internalField   nonuniform List<scalar> 
1000
(
0
0
0
0
0
0
0
0
0
0
0
0
0
0
0
0
0
0
0
0
0
0
0
0
0
0
0
0
0
0
0
0
0
0
0
0
0
0
0
0
0
0
0
0
0
0
0
0
0
0
0
0
0
0
0
0
0
0
0
0
0
0
0
0
0
0
0
0
0
0
0
0
0
0
0
0
0
0
0
0
0
0
0
0
0
0
0
0
0
0
0
0
0
0
0
0
0
0
0
0
0
0
0
0
0
0
0
0
0
0
0
0
0
0
0
0
0
0
0
0
0
0
0
0
0
0
0
0
0
0
0
0
0
0
0
0
0
0
0
0
0
0
0
0
0
0
0
0
0
0
0
0
0
0
0
0
0
0
0
0
0
0
0
0
0
0
0
0
0
0
0
0
0
0
0
0
0
0
0
0
0
0
0
0
0
0
0
0
0
0
0
0
0
0
0
0
0
0
0
0
0
0
0
0
0
0
0
0
0
0
0
0
0
0
0
0
0
0
0
0
0
0
0
0
0
0
0
0
0
0
0
0
0
0
0
0
0
0
0
0
0
0
0
0
0
0
0
0
0
0
0
0
0
0
0
0
0
0
0
0
0
0
0
0
0
0
0
0
0
0
0
0
0
0
0
0
0
0
0
0
0
0
0
0
0
0
0
0
0
0
0
0
0
0
0
0
0
0
0
0
0
0
0
0
0
0
0
0
0
0
0
0
0
0
0
0
0
0
0
0
0
0
0
0
0
0
0
0
0
0
0
0
0
0
0
0
0
0
0
0
0
0
0
1.4822e-323
8.78152e-320
2.08369e-316
4.90654e-313
1.14693e-309
2.66121e-306
6.12864e-303
1.40072e-299
3.17688e-296
7.14944e-293
1.59633e-289
3.53597e-286
7.76938e-283
1.69322e-279
3.65965e-276
7.8437e-273
1.6669e-269
3.51201e-266
7.33517e-263
1.51852e-259
3.11555e-256
6.3343e-253
1.27602e-249
2.54658e-246
5.03426e-243
9.85683e-240
1.91117e-236
3.66912e-233
6.97363e-230
1.31198e-226
2.44284e-223
4.5009e-220
8.20477e-217
1.47953e-213
2.63874e-210
4.65382e-207
8.11487e-204
1.39873e-200
2.38275e-197
4.01083e-194
6.66975e-191
1.09551e-187
1.77686e-184
2.84533e-181
4.49726e-178
7.01451e-175
1.07938e-171
1.63821e-168
2.4517e-165
3.61702e-162
5.25893e-159
7.53321e-156
1.06284e-152
1.47648e-149
2.01891e-146
2.71637e-143
3.59495e-140
4.6781e-137
5.9835e-134
7.51934e-131
9.28036e-128
1.12441e-124
1.3368e-121
1.55878e-118
1.78185e-115
1.99574e-112
2.18902e-109
2.34999e-106
2.46773e-103
2.53323e-100
2.54048e-97
2.48728e-94
2.37566e-91
2.21189e-88
2.0059e-85
1.77032e-82
1.51913e-79
1.26624e-76
1.02416e-73
8.02912e-71
6.09404e-68
4.47227e-65
3.16916e-62
2.16528e-59
1.42411e-56
9.00089e-54
5.45656e-51
3.16628e-48
1.75467e-45
9.26347e-43
4.64605e-40
2.20692e-37
9.89422e-35
4.17036e-32
1.64525e-29
6.04428e-27
2.05559e-24
6.42672e-22
1.83193e-19
4.71347e-17
1.0812e-14
2.17663e-12
3.76755e-10
5.45195e-08
6.33357e-06
0.000554087
0.0325057
0.967494
0.999446
0.999994
1
1
1
1
1
1
1
1
1
1
1
1
1
1
1
1
1
1
1
1
1
1
1
1
1
1
1
1
1
1
1
1
1
1
1
1
1
1
1
1
1
1
1
1
1
1
1
1
1
1
1
1
1
1
1
1
1
1
1
1
1
1
1
1
1
1
1
1
1
1
1
1
1
1
1
1
1
1
1
1
1
1
1
1
1
1
1
1
1
1
1
1
1
1
0.999994
0.999446
0.967494
0.0325057
0.000554087
6.33357e-06
5.45195e-08
3.76755e-10
2.17663e-12
1.0812e-14
4.71347e-17
1.83193e-19
6.42672e-22
2.05559e-24
6.04428e-27
1.64525e-29
4.17036e-32
9.89422e-35
2.20692e-37
4.64605e-40
9.26347e-43
1.75467e-45
3.16628e-48
5.45656e-51
9.00089e-54
1.42411e-56
2.16528e-59
3.16916e-62
4.47227e-65
6.09404e-68
8.02912e-71
1.02416e-73
1.26624e-76
1.51913e-79
1.77032e-82
2.0059e-85
2.21189e-88
2.37566e-91
2.48728e-94
2.54048e-97
2.53323e-100
2.46773e-103
2.34999e-106
2.18902e-109
1.99574e-112
1.78185e-115
1.55878e-118
1.3368e-121
1.12441e-124
9.28036e-128
7.51934e-131
5.9835e-134
4.6781e-137
3.59495e-140
2.71637e-143
2.01891e-146
1.47648e-149
1.06284e-152
7.53321e-156
5.25893e-159
3.61702e-162
2.4517e-165
1.63821e-168
1.07938e-171
7.01451e-175
4.49726e-178
2.84533e-181
1.77686e-184
1.09551e-187
6.66975e-191
4.01083e-194
2.38275e-197
1.39873e-200
8.11487e-204
4.65382e-207
2.63874e-210
1.47953e-213
8.20477e-217
4.5009e-220
2.44284e-223
1.31198e-226
6.97363e-230
3.66912e-233
1.91117e-236
9.85683e-240
5.03426e-243
2.54658e-246
1.27602e-249
6.3343e-253
3.11555e-256
1.51852e-259
7.33517e-263
3.51201e-266
1.6669e-269
7.8437e-273
3.65965e-276
1.69322e-279
7.76938e-283
3.53597e-286
1.59633e-289
7.14944e-293
3.17688e-296
1.40072e-299
6.12864e-303
2.66121e-306
1.14693e-309
4.90654e-313
2.08369e-316
8.78152e-320
1.4822e-323
0
0
0
0
0
0
0
0
0
0
0
0
0
0
0
0
0
0
0
0
0
0
0
0
0
0
0
0
0
0
0
0
0
0
0
0
0
0
0
0
0
0
0
0
0
0
0
0
0
0
0
0
0
0
0
0
0
0
0
0
0
0
0
0
0
0
0
0
0
0
0
0
0
0
0
0
0
0
0
0
0
0
0
0
0
0
0
0
0
0
0
0
0
0
0
0
0
0
0
0
0
0
0
0
0
0
0
0
0
0
0
0
0
0
0
0
0
0
0
0
0
0
0
0
0
0
0
0
0
0
0
0
0
0
0
0
0
0
0
0
0
0
0
0
0
0
0
0
0
0
0
0
0
0
0
0
0
0
0
0
0
0
0
0
0
0
0
0
0
0
0
0
0
0
0
0
0
0
0
0
0
0
0
0
0
0
0
0
0
0
0
0
0
0
0
0
0
0
0
0
0
0
0
0
0
0
0
0
0
0
0
0
0
0
0
0
0
0
0
0
0
0
0
0
0
0
0
0
0
0
0
0
0
0
0
0
0
0
0
0
0
0
0
0
0
0
0
0
0
0
0
0
0
0
0
0
0
0
0
0
0
0
0
0
0
0
0
0
0
0
0
0
0
0
0
0
0
0
0
0
0
0
0
0
0
0
0
0
0
0
0
0
0
0
0
0
0
0
0
0
0
0
0
0
0
0
0
0
0
0
0
0
0
0
0
0
0
0
0
0
0
0
0
0
0
0
0
0
0
0
0
0
0
0
0
0
0
0
0
0
0
0
0
)
;

boundaryField
{
    sides
    {
        type            zeroGradient;
    }
    empty
    {
        type            empty;
    }
}


// ************************************************************************* //
