/*--------------------------------*- C++ -*----------------------------------*\
  =========                 |
  \\      /  F ield         | OpenFOAM: The Open Source CFD Toolbox
   \\    /   O peration     | Website:  https://openfoam.org
    \\  /    A nd           | Version:  7
     \\/     M anipulation  |
\*---------------------------------------------------------------------------*/
FoamFile
{
    version     2.0;
    format      ascii;
    class       volScalarField;
    location    "3.02";
    object      T;
}
// * * * * * * * * * * * * * * * * * * * * * * * * * * * * * * * * * * * * * //

dimensions      [0 0 0 1 0 0 0];

internalField   nonuniform List<scalar> 
1000
(
0
0
0
0
0
0
0
0
0
0
0
0
0
0
0
0
0
0
0
0
0
0
0
0
0
0
0
0
0
0
0
0
0
0
0
0
0
0
0
0
0
0
0
0
0
0
0
0
0
0
0
0
0
0
0
0
0
0
0
0
0
0
0
0
0
0
0
0
0
0
0
0
0
0
0
0
0
0
0
0
0
0
0
0
0
0
0
0
0
0
0
0
0
0
0
0
0
0
0
0
0
0
0
0
0
0
0
0
0
0
0
0
0
0
0
0
0
0
0
0
0
0
0
0
0
0
0
0
0
0
2.42092e-322
2.5064e-319
2.48707e-316
2.30554e-313
1.98387e-310
1.5721e-307
1.13589e-304
7.38544e-302
4.24345e-299
2.09686e-296
8.51235e-294
2.5804e-291
4.22796e-289
-6.56247e-287
-6.06423e-284
-1.05659e-281
3.31764e-279
1.43226e-276
-1.91184e-274
-1.3182e-271
2.47165e-269
8.87604e-267
-3.92703e-264
2.15325e-262
2.83577e-259
-1.31752e-256
3.58364e-254
-7.3515e-252
1.23744e-249
-1.78299e-247
2.2564e-245
-2.55219e-243
2.61315e-241
-2.44571e-239
2.10862e-237
-1.68537e-235
1.2554e-233
-8.75401e-232
5.73645e-230
-3.54444e-228
2.07112e-226
-1.1475e-224
6.04235e-223
-3.03027e-221
1.45013e-219
-6.63336e-218
2.90502e-216
-1.21978e-214
4.91716e-213
-1.90537e-211
7.10516e-210
-2.55245e-208
8.84211e-207
-2.95645e-205
9.54938e-204
-2.98207e-202
9.01003e-201
-2.63578e-199
7.4706e-198
-2.05276e-196
5.47163e-195
-1.41557e-193
3.55643e-192
-8.68124e-191
2.05987e-189
-4.75317e-188
1.06708e-186
-2.33162e-185
4.96056e-184
-1.02796e-182
2.07558e-181
-4.08479e-180
7.83786e-179
-1.46674e-177
2.6777e-176
-4.77019e-175
8.29443e-174
-1.40805e-172
2.33417e-171
-3.7794e-170
5.97828e-169
-9.24014e-168
1.39576e-166
-2.06084e-165
2.97477e-164
-4.19858e-163
5.79504e-162
-7.82296e-161
1.033e-159
-1.33444e-158
1.68658e-157
-2.0858e-156
2.52425e-155
-2.98965e-154
3.46552e-153
-3.93193e-152
4.36671e-151
-4.74717e-150
5.05199e-149
-5.2632e-148
5.36792e-147
-5.35962e-146
5.23884e-145
-5.01306e-144
4.69603e-143
-4.3063e-142
3.8655e-141
-3.39635e-140
2.92076e-139
-2.45822e-138
2.02465e-137
-1.63169e-136
1.28656e-135
-9.92355e-135
7.48658e-134
-5.52335e-133
3.98419e-132
-2.80933e-131
1.9359e-130
-1.30337e-129
8.57081e-129
-5.50303e-128
3.44862e-127
-2.10849e-126
1.25711e-125
-7.30508e-125
4.1349e-124
-2.27825e-123
1.22095e-122
-6.35867e-122
3.21486e-121
-1.57601e-120
7.48063e-120
-3.43204e-119
1.51875e-118
-6.46556e-118
2.63905e-117
-1.0282e-116
3.80035e-116
-1.32063e-115
4.25383e-115
-1.23855e-114
3.09086e-114
-5.64168e-114
1.16248e-114
5.28279e-113
-3.23814e-112
1.33415e-111
-4.31673e-111
1.08019e-110
-1.66164e-110
-1.67342e-110
2.55339e-109
-1.19995e-108
3.83798e-108
-8.37248e-108
6.23565e-108
4.77244e-107
-2.96118e-106
1.01057e-105
-2.16612e-105
1.11866e-105
1.43264e-104
-7.65249e-104
2.22916e-103
-3.31847e-103
-4.69983e-103
4.93455e-102
-1.73118e-101
3.18493e-101
1.21126e-101
-3.1662e-100
1.19378e-99
-2.20713e-99
-9.6626e-100
2.16348e-98
-7.57956e-98
1.16458e-97
1.60895e-97
-1.50641e-96
4.24468e-96
-3.66168e-96
-1.9437e-95
9.5611e-95
-1.8304e-94
-9.17436e-95
1.6602e-93
-4.79666e-93
3.48952e-93
2.34742e-92
-9.9002e-92
1.40623e-91
2.6803e-91
-1.79243e-90
3.46218e-90
2.22479e-90
-3.00943e-89
7.03302e-89
6.09995e-90
-4.87035e-88
1.28022e-87
-2.10765e-88
-7.81494e-87
2.15978e-86
-4.70843e-87
-1.26266e-85
3.41686e-85
-3.50326e-86
-2.05303e-84
5.05011e-84
9.56771e-85
-3.30813e-83
6.83505e-83
4.8795e-83
-5.15134e-82
8.08724e-82
1.34467e-81
-7.5137e-81
7.40816e-81
2.86598e-80
-9.86567e-80
2.65917e-80
5.0802e-79
-1.09352e-78
-8.39143e-79
7.56548e-78
-8.70065e-78
-2.63193e-77
9.19027e-77
-1.11391e-77
-4.74024e-76
8.19407e-76
1.21571e-75
-6.17612e-75
3.00547e-75
2.75248e-74
-5.54689e-74
-6.16348e-74
3.67555e-73
-1.91551e-73
-1.58478e-72
3.02927e-72
3.95099e-72
-1.98335e-71
5.05294e-72
9.0087e-71
-1.2996e-70
-2.82206e-70
9.33698e-70
3.12934e-70
-4.71634e-69
3.44806e-69
1.83573e-68
-3.40378e-68
-5.11871e-68
2.02819e-67
4.59242e-68
-9.51465e-67
6.17732e-67
3.69973e-66
-5.7413e-66
-1.16536e-65
3.39399e-65
2.5128e-65
-1.64017e-64
7.13902e-66
6.9161e-64
-4.81097e-64
-2.5982e-63
3.58219e-63
8.67331e-63
-1.96299e-62
-2.49085e-62
9.27904e-62
5.4703e-62
-3.99088e-61
-3.77502e-62
1.60207e-60
-5.091e-61
-6.09238e-60
4.23536e-60
2.21677e-59
-2.36047e-59
-7.77723e-59
1.1233e-58
2.64874e-58
-4.88776e-58
-8.81713e-58
2.00386e-57
2.89065e-57
-7.86705e-57
-9.41749e-57
2.98691e-56
3.08071e-56
-1.10365e-55
-1.02309e-55
3.9844e-55
3.48259e-55
-1.40859e-54
-1.22198e-54
4.87991e-54
4.41842e-54
-1.65554e-53
-1.63633e-53
5.48794e-53
6.14657e-53
-1.77052e-52
-2.31664e-52
5.52426e-52
8.67339e-52
-1.65048e-51
-3.19819e-51
4.64449e-51
1.15309e-50
-1.19351e-50
-4.03876e-50
2.60669e-50
1.3654e-49
-3.7132e-50
-4.42273e-49
-4.48998e-50
1.3594e-48
6.78008e-49
-3.90809e-48
-3.75255e-48
1.02505e-47
1.61022e-47
-2.3285e-47
-5.98131e-47
3.92784e-47
1.98422e-46
-9.54315e-48
-5.89677e-46
-3.07154e-46
1.54069e-45
1.81373e-45
-3.33778e-45
-7.31211e-45
4.84609e-45
2.40126e-44
2.42145e-45
-6.60784e-44
-5.31931e-44
1.46575e-43
2.55152e-43
-2.15741e-43
-8.67358e-43
-7.92534e-44
2.30734e-42
2.06686e-42
-4.56082e-42
-9.35983e-42
4.3394e-42
2.87397e-41
1.35158e-41
-6.4179e-41
-9.33937e-41
8.33294e-41
3.21576e-40
8.52876e-41
-7.53028e-40
-9.48765e-40
1.00753e-39
3.43328e-39
8.85998e-40
-7.82591e-39
-1.0333e-38
8.92804e-39
3.54303e-38
1.56583e-38
-7.13625e-38
-1.1731e-37
4.62549e-38
3.41323e-37
2.74466e-37
-5.20088e-37
-1.27419e-36
-2.33043e-37
2.80986e-36
3.93508e-36
-1.98762e-36
-1.18699e-35
-9.94017e-36
1.58452e-35
4.35962e-35
1.80702e-35
-7.95737e-35
-1.4584e-34
-4.69113e-36
3.34559e-34
4.57601e-34
-1.60567e-34
-1.27785e-33
-1.38118e-33
1.03192e-33
4.60994e-33
4.12138e-33
-4.67933e-33
-1.60745e-32
-1.25472e-32
1.81705e-32
5.49579e-32
4.01948e-32
-6.37131e-32
-1.85635e-31
-1.37941e-31
2.04228e-31
6.20203e-31
5.04456e-31
-5.89349e-31
-2.03887e-30
-1.91779e-30
1.4401e-30
6.51778e-30
7.3467e-30
-2.33924e-30
-1.98627e-29
-2.75652e-29
-2.42524e-30
5.58063e-29
9.88415e-29
4.60908e-29
-1.35172e-28
-3.30394e-28
-2.77268e-28
2.30185e-28
9.95595e-28
1.25064e-27
7.40728e-29
-2.53976e-27
-4.68571e-27
-2.99308e-27
4.56771e-27
1.46415e-26
1.70158e-26
1.90159e-28
-3.56538e-26
-6.65167e-26
-4.87511e-26
4.88759e-26
1.94788e-25
2.66164e-25
9.74236e-26
-3.72413e-25
-9.20884e-25
-1.00024e-24
-1.56726e-26
2.062e-24
4.08013e-24
3.74113e-24
-1.10014e-24
-9.99277e-24
-1.77036e-23
-1.47845e-23
6.97745e-24
4.49057e-23
7.70451e-23
6.45105e-23
-2.72267e-23
-1.90104e-22
-3.38115e-22
-3.10862e-22
4.95578e-23
7.479e-22
1.47689e-21
1.58492e-21
3.21188e-22
-2.58961e-21
-6.22502e-21
-8.07335e-21
-4.62342e-21
6.61815e-21
2.39877e-20
3.89052e-20
3.6096e-20
-5.32898e-22
-7.56206e-20
-1.67193e-19
-2.17607e-19
-1.43332e-19
1.25874e-19
5.79735e-19
1.05516e-18
1.2068e-18
5.82461e-19
-1.15104e-18
-3.84771e-18
-6.51135e-18
-7.15812e-18
-3.22713e-18
7.21781e-18
2.35428e-17
4.04241e-17
4.67583e-17
2.72684e-17
-3.1659e-17
-1.31546e-16
-2.48873e-16
-3.25075e-16
-2.68241e-16
2.34714e-17
6.09889e-16
1.43138e-15
2.22582e-15
2.48122e-15
1.48356e-15
-1.47655e-15
-6.70051e-15
-1.35103e-14
-1.96503e-14
-2.09439e-14
-1.16206e-14
1.42246e-14
5.96957e-14
1.2073e-13
1.81051e-13
2.08193e-13
1.53429e-13
-4.06953e-14
-4.21509e-13
-9.93857e-13
-1.67573e-12
-2.24975e-12
-2.32725e-12
-1.35149e-12
1.32461e-12
6.2483e-12
1.35348e-11
2.23905e-11
3.05388e-11
3.36756e-11
2.51804e-11
-3.57154e-12
-6.18525e-11
-1.56684e-10
-2.87968e-10
-4.4145e-10
-5.79846e-10
-6.33295e-10
-4.91543e-10
-1.87645e-12
1.02126e-09
2.76706e-09
5.37014e-09
8.81303e-09
1.27808e-08
1.64628e-08
1.83069e-08
1.57447e-08
4.9322e-09
-1.94181e-08
-6.39888e-08
-1.3641e-07
-2.44149e-07
-3.92392e-07
-5.80447e-07
-7.96093e-07
-1.00715e-06
-1.14943e-06
-1.11005e-06
-7.05009e-07
3.50245e-07
2.47852e-06
6.2883e-06
1.26321e-05
2.26772e-05
3.79897e-05
6.06326e-05
9.32791e-05
0.00013934
0.000203107
0.000289908
0.000406271
0.000560106
0.000760885
0.00101982
0.00135007
0.00176685
0.00228769
0.00293248
0.00372363
0.00468612
0.00584758
0.00723823
0.00889082
0.0108406
0.0131249
0.0157832
0.0188567
0.0223877
0.0264196
0.030996
0.0361606
0.0419561
0.048424
0.0556038
0.0635323
0.072243
0.0817655
0.092125
0.103341
0.115429
0.128396
0.142245
0.156971
0.172562
0.188999
0.206257
0.224303
0.243098
0.262596
0.282747
0.303492
0.324771
0.346516
0.368658
0.391125
0.413841
0.43673
0.459716
0.482721
0.505671
0.52849
0.551108
0.573455
0.595467
0.61708
0.63824
0.658892
0.678991
0.698494
0.717363
0.735569
0.753086
0.769891
0.785972
0.801317
0.81592
0.829782
0.842905
0.855296
0.866968
0.877933
0.88821
0.897817
0.906776
0.915111
0.922847
0.93001
0.936627
0.942726
0.948333
0.953478
0.958188
0.962489
0.96641
0.969975
0.97321
0.976139
0.978786
0.981173
0.983319
0.985245
0.98697
0.988509
0.989879
0.991093
0.992163
0.9931
0.993912
0.994607
0.99519
0.995664
0.996028
0.996282
0.996422
0.99644
0.996327
0.996071
0.995656
0.995065
0.994276
0.993264
0.992003
0.990462
0.988608
0.986406
0.983818
0.980805
0.977326
0.973338
0.9688
0.963667
0.957899
0.951454
0.944294
0.936382
0.927685
0.918175
0.907825
0.896617
0.884536
0.871575
0.857731
0.843009
0.827422
0.810988
0.793732
0.775688
0.756895
0.737397
0.717248
0.696504
0.675226
0.653481
0.63134
0.608873
0.586158
0.563269
0.540283
0.517278
0.494329
0.471509
0.448892
0.426544
0.404533
0.382919
0.36176
0.341107
0.321009
0.301506
0.282636
0.264431
0.246914
0.230108
0.214028
0.198683
0.18408
0.170218
0.157095
0.144703
0.133032
0.122067
0.11179
0.102183
0.0932238
0.0848887
0.0771527
0.0699897
0.0633728
0.0572744
0.0516668
0.046522
0.0418126
0.0375111
0.0335909
0.0300259
0.0267909
0.0238617
0.0212148
0.0188282
0.0166806
0.0147521
0.0130239
0.0114782
0.0100985
0.0088695
0.00777681
0.00680722
0.0059485
0.00518943
0.00451971
0.00392992
0.0034115
0.00295664
0.00255829
0.00221004
0.00190614
0.00164143
0.00141124
0.00121143
0.00103829
0.000888514
0.000759175
0.000647671
0.000551704
0.000469248
0.000398515
0.00033794
0.000286148
0.000241937
0.000204257
0.000172194
0.000144955
0.000121849
0.000102281
8.57329e-05
7.1761e-05
5.9982e-05
5.00667e-05
4.17326e-05
3.47379e-05
2.88762e-05
2.39709e-05
1.98721e-05
1.6452e-05
1.36024e-05
1.12315e-05
9.26162e-06
7.62724e-06
6.27311e-06
5.15272e-06
4.22699e-06
3.46315e-06
2.83374e-06
2.3158e-06
1.89015e-06
1.54081e-06
1.25448e-06
1.02011e-06
8.28501e-07
6.72065e-07
5.44508e-07
4.40631e-07
3.56144e-07
2.87514e-07
2.31835e-07
1.86719e-07
1.50207e-07
1.20695e-07
9.68687e-08
7.76569e-08
6.21843e-08
4.97379e-08
3.97379e-08
3.17127e-08
2.52801e-08
2.01298e-08
1.60112e-08
1.27212e-08
1.00963e-08
8.00428e-09
6.33891e-09
5.01464e-09
3.9628e-09
3.12827e-09
2.46687e-09
1.94327e-09
1.52921e-09
1.20212e-09
9.44024e-10
7.40578e-10
5.80383e-10
4.54378e-10
3.5537e-10
2.77657e-10
2.16721e-10
1.68991e-10
1.31642e-10
1.02447e-10
7.96484e-11
6.18633e-11
4.8003e-11
3.72122e-11
2.88195e-11
2.22981e-11
1.72383e-11
1.3298e-11
1.03602e-11
7.29427e-12
)
;

boundaryField
{
    sides
    {
        type            zeroGradient;
    }
    empty
    {
        type            empty;
    }
}


// ************************************************************************* //
