/*--------------------------------*- C++ -*----------------------------------*\
  =========                 |
  \\      /  F ield         | OpenFOAM: The Open Source CFD Toolbox
   \\    /   O peration     | Website:  https://openfoam.org
    \\  /    A nd           | Version:  7
     \\/     M anipulation  |
\*---------------------------------------------------------------------------*/
FoamFile
{
    version     2.0;
    format      ascii;
    class       volScalarField;
    location    "7";
    object      p;
}
// * * * * * * * * * * * * * * * * * * * * * * * * * * * * * * * * * * * * * //

dimensions      [0 2 -2 0 0 0 0];

internalField   nonuniform List<scalar> 
8800
(
0.415981
0.368377
0.329972
0.301342
0.280938
0.266619
0.256529
0.24948
0.244949
0.242954
0.243885
0.247518
0.253501
0.262123
0.274237
0.29137
0.315664
0.349254
0.391464
0.45011
0.246474
0.254259
0.262455
0.266214
0.265231
0.260724
0.254806
0.249256
0.244923
0.242214
0.241753
0.243852
0.247708
0.252929
0.258959
0.264538
0.267523
0.266299
0.260157
0.251001
0.22445
0.230952
0.235719
0.239386
0.242054
0.243274
0.242779
0.241189
0.239498
0.238639
0.239234
0.240986
0.243038
0.244401
0.244206
0.242264
0.239166
0.234938
0.22983
0.225971
0.218668
0.221557
0.225752
0.229389
0.231798
0.23335
0.234263
0.234575
0.234457
0.234392
0.234756
0.235348
0.235611
0.235227
0.234166
0.232347
0.229406
0.225321
0.221719
0.220421
0.218388
0.219418
0.221672
0.224108
0.226434
0.228381
0.229772
0.230594
0.231029
0.231302
0.23163
0.231802
0.231564
0.230732
0.229232
0.227191
0.224901
0.222483
0.220821
0.220453
0.217946
0.218309
0.219211
0.220302
0.221382
0.22244
0.223576
0.22453
0.225258
0.225791
0.226104
0.226105
0.225718
0.224986
0.224105
0.223192
0.222196
0.221196
0.22059
0.220457
0.216071
0.216245
0.216766
0.217523
0.218373
0.219318
0.220201
0.221037
0.221784
0.222417
0.222812
0.222875
0.222646
0.222209
0.221495
0.220782
0.220108
0.219508
0.219192
0.219136
0.21323
0.213306
0.213549
0.21394
0.214425
0.215019
0.215713
0.216477
0.217253
0.217981
0.218495
0.218689
0.218615
0.218376
0.218064
0.217742
0.217442
0.217191
0.217071
0.217045
0.209837
0.209888
0.21005
0.210323
0.210692
0.211166
0.211751
0.212444
0.213227
0.214054
0.21473
0.215112
0.215253
0.215234
0.215125
0.214979
0.214828
0.214704
0.214643
0.214626
0.206082
0.206112
0.206224
0.20642
0.206709
0.207114
0.207658
0.208357
0.209209
0.210181
0.21106
0.211651
0.211986
0.212145
0.212199
0.212197
0.212169
0.212137
0.21212
0.212109
0.202
0.202024
0.202115
0.202284
0.202547
0.202935
0.203486
0.204234
0.205198
0.20637
0.207505
0.208342
0.208885
0.209224
0.20942
0.209526
0.209578
0.2096
0.209607
0.2096
0.197594
0.197617
0.19771
0.197879
0.198151
0.198568
0.199178
0.200034
0.201179
0.20262
0.204071
0.205187
0.205966
0.206479
0.206806
0.207006
0.207122
0.207185
0.20721
0.207205
0.19285
0.192872
0.192974
0.193165
0.193476
0.193959
0.194676
0.195702
0.197099
0.198896
0.200744
0.202208
0.203248
0.203952
0.204413
0.204704
0.20488
0.204978
0.205019
0.205014
0.187714
0.187739
0.187859
0.188086
0.188461
0.189046
0.189923
0.191187
0.192926
0.195184
0.197535
0.199417
0.200764
0.201689
0.202302
0.202693
0.202932
0.203067
0.203124
0.203119
0.182094
0.182124
0.182273
0.182554
0.18302
0.183749
0.184846
0.18643
0.188619
0.191471
0.194453
0.196849
0.198573
0.199762
0.200553
0.20106
0.201371
0.201548
0.201623
0.201617
0.17587
0.175907
0.176096
0.176453
0.177043
0.177966
0.179355
0.181362
0.184134
0.187747
0.191523
0.19456
0.196748
0.198259
0.199264
0.19991
0.200307
0.200533
0.200629
0.200623
0.168877
0.168925
0.169168
0.169625
0.170381
0.171563
0.173337
0.175895
0.179421
0.184004
0.188783
0.192618
0.195379
0.197285
0.198554
0.19937
0.199871
0.200157
0.200278
0.20027
0.160892
0.160955
0.161271
0.161864
0.162841
0.164366
0.166648
0.169927
0.174425
0.180243
0.18628
0.19111
0.194581
0.196975
0.198569
0.199593
0.200223
0.200582
0.200734
0.200724
0.151617
0.151701
0.152115
0.152893
0.154168
0.156151
0.159106
0.163328
0.169081
0.176468
0.184082
0.190146
0.194495
0.197492
0.199487
0.200769
0.201558
0.202007
0.202196
0.202183
0.140645
0.14076
0.14131
0.142339
0.144023
0.146629
0.150483
0.155947
0.163323
0.172697
0.182274
0.18986
0.19529
0.199031
0.201522
0.203124
0.20411
0.20467
0.204905
0.204888
0.127415
0.127577
0.128315
0.129702
0.131962
0.135429
0.140505
0.147615
0.15709
0.168968
0.180967
0.190415
0.197167
0.201823
0.20493
0.20693
0.208161
0.208858
0.209151
0.20913
0.111114
0.111343
0.112358
0.114278
0.117384
0.122079
0.128843
0.13816
0.150348
0.165352
0.180298
0.191993
0.200352
0.206134
0.210009
0.212512
0.214052
0.21492
0.215283
0.215257
0.0905055
0.0908322
0.0922889
0.0950646
0.0994701
0.105968
0.115119
0.12742
0.143101
0.161954
0.180425
0.194788
0.205075
0.21224
0.217086
0.220244
0.222194
0.223287
0.223738
0.223704
0.0636467
0.0641397
0.0663864
0.0706329
0.077122
0.0863662
0.0989616
0.115299
0.13542
0.158919
0.181505
0.19896
0.211524
0.220385
0.226481
0.230534
0.233083
0.234523
0.235109
0.235055
0.0272163
0.0280974
0.03204
0.0390659
0.0490998
0.0626775
0.0802492
0.101936
0.127536
0.156462
0.183692
0.204619
0.219801
0.230709
0.238424
0.243744
0.247246
0.24931
0.250169
0.250083
-0.0254262
-0.0228308
-0.0144861
-0.00173078
0.0146262
0.0349844
0.0594498
0.0878862
0.119929
0.154907
0.187148
0.211802
0.229861
0.243137
0.252882
0.259969
0.265001
0.268267
0.269788
0.269689
-0.10552
-0.0930199
-0.073755
-0.0506376
-0.0246503
0.0047214
0.0375576
0.0737344
0.112908
0.154479
0.192187
0.221009
0.242436
0.25866
0.271147
0.280903
0.288583
0.294421
0.298111
0.298902
-0.190614
-0.163847
-0.133051
-0.0996149
-0.0639056
-0.0255753
0.0155742
0.0595454
0.10615
0.15497
0.199119
0.233141
0.258883
0.278907
0.294896
0.308001
0.318946
0.328506
0.336396
0.33756
-0.253526
-0.22458
-0.185895
-0.144259
-0.100227
-0.0538118
-0.00496868
0.0463062
0.0999057
0.155513
0.205528
0.243962
0.273018
0.295594
0.313527
0.328033
0.339923
0.349766
0.356588
0.357765
-0.303247
-0.27225
-0.229153
-0.182058
-0.132047
-0.0793264
-0.0240508
0.0336268
0.0934963
0.155184
0.210295
0.252335
0.283789
0.307873
0.326671
0.3416
0.353648
0.363436
0.370304
0.371573
-0.34215
-0.310761
-0.264606
-0.213635
-0.159269
-0.101756
-0.041363
0.0216683
0.0870445
0.154275
0.214072
0.259287
0.292701
0.317937
0.33734
0.352509
0.364554
0.374107
0.380801
0.38212
-0.374144
-0.342668
-0.29462
-0.240802
-0.183079
-0.121751
-0.0571162
0.01051
0.0807562
0.153019
0.217147
0.265313
0.300545
0.326814
0.34674
0.362103
0.374149
0.383591
0.390124
0.391447
-0.401491
-0.370015
-0.32067
-0.264781
-0.204446
-0.14003
-0.0719076
-0.000387999
0.0741788
0.151158
0.21956
0.270734
0.307852
0.33522
0.355727
0.371344
0.383444
0.392814
0.399205
0.400529
-0.425738
-0.394194
-0.343887
-0.286425
-0.224082
-0.157232
-0.0862091
-0.0113144
0.0671708
0.148687
0.221443
0.275844
0.31505
0.343676
0.364882
0.380831
0.393038
0.402392
0.408681
0.409996
-0.447863
-0.416166
-0.365099
-0.30637
-0.242414
-0.173594
-0.100205
-0.022449
0.0595643
0.145477
0.222798
0.280774
0.322397
0.352531
0.374603
0.391003
0.403391
0.412751
0.418932
0.420237
-0.468584
-0.436589
-0.384851
-0.325096
-0.259855
-0.18946
-0.114153
-0.0339984
0.0511781
0.141376
0.223551
0.285573
0.330046
0.362017
0.385178
0.402161
0.414802
0.424181
0.430321
0.431684
-0.488006
-0.455742
-0.403422
-0.342851
-0.276585
-0.20497
-0.128174
-0.0460797
0.0418606
0.13623
0.223574
0.290203
0.338065
0.372285
0.396816
0.414562
0.427573
0.437118
0.443045
0.444502
-0.506427
-0.473823
-0.420982
-0.359781
-0.292712
-0.220194
-0.142316
-0.0587591
0.0314964
0.129853
0.222695
0.294551
0.346437
0.383409
0.409661
0.428385
0.441881
0.4516
0.457473
0.458906
-0.523906
-0.490986
-0.437671
-0.375907
-0.308267
-0.235148
-0.156594
-0.0720585
0.0200169
0.122082
0.220708
0.298457
0.355074
0.395388
0.423782
0.443759
0.457897
0.467856
0.473722
0.475074
-0.540436
-0.507264
-0.453522
-0.391255
-0.323226
-0.249783
-0.170951
-0.0859568
0.00737763
0.112778
0.217396
0.301712
0.363811
0.408135
0.439165
0.460723
0.475728
0.486053
0.491923
0.493113
-0.55605
-0.522541
-0.468454
-0.405826
-0.337558
-0.264044
-0.185303
-0.100384
-0.0064172
0.101824
0.212545
0.304072
0.372422
0.421443
0.455703
0.479251
0.495393
0.506257
0.512191
0.513103
-0.570851
-0.536877
-0.482469
-0.419574
-0.351199
-0.27785
-0.199559
-0.115235
-0.0213317
0.0891402
0.205977
0.305298
0.380609
0.435033
0.473185
0.499256
0.516783
0.528282
0.534321
0.53495
-0.584625
-0.55043
-0.495558
-0.432458
-0.364104
-0.291108
-0.213604
-0.130386
-0.0372633
0.0746895
0.197543
0.305159
0.388024
0.44851
0.491182
0.520479
0.539829
0.552082
0.558081
0.558334
-0.597437
-0.562937
-0.507723
-0.444452
-0.37622
-0.303751
-0.227311
-0.145699
-0.0541
0.0584714
0.187109
0.303442
0.394343
0.461203
0.509153
0.542507
0.56438
0.577397
0.582998
0.582712
-0.609376
-0.574453
-0.518953
-0.45555
-0.38751
-0.315702
-0.240575
-0.161016
-0.0716979
0.0405453
0.174573
0.300085
0.399155
0.472469
0.526121
0.56464
0.59048
0.604595
0.608411
0.607044
-0.620377
-0.585077
-0.529239
-0.465737
-0.397956
-0.326906
-0.253289
-0.176186
-0.089879
0.020991
0.159932
0.294959
0.402433
0.481512
0.540355
0.585155
0.617545
0.63577
0.63623
0.630593
-0.630581
-0.594815
-0.538621
-0.475061
-0.407603
-0.337396
-0.265481
-0.191238
-0.108741
-0.000435423
0.142783
0.287949
0.404044
0.487568
0.550264
0.601117
0.642454
0.672989
0.677506
0.65253
-0.640024
-0.603673
-0.547177
-0.483666
-0.416634
-0.347384
-0.277428
-0.206594
-0.128987
-0.0249824
0.121808
0.278403
0.403769
0.490523
0.552948
0.60606
0.651258
0.681522
0.677902
0.645413
-0.648589
-0.611604
-0.554784
-0.49144
-0.424871
-0.356631
-0.288908
-0.221898
-0.150206
-0.0524778
0.096775
0.266154
0.402388
0.490982
0.544493
0.590484
0.623115
0.629582
0.564197
0.515889
-0.65568
-0.61843
-0.561175
-0.497858
-0.431895
-0.364852
-0.299712
-0.236974
-0.172262
-0.0833207
0.0670876
0.250799
0.39993
0.489823
0.527347
0.544794
0.557879
0.511757
0.428475
0.373141
-0.710092
-0.621445
-0.567344
-0.504009
-0.438858
-0.372996
-0.309872
-0.251971
-0.195379
-0.117827
0.0316419
0.232336
0.395422
0.486379
0.494706
0.477037
0.434127
0.355229
0.255904
0.200837
-0.64154
-0.627208
-0.57331
-0.512177
-0.447539
-0.383097
-0.323905
-0.273018
-0.231367
-0.175892
-0.0342614
0.199592
0.389489
0.458911
0.433526
0.278497
0.125643
0.0229022
-0.0778166
-0.0245459
-0.666084
-0.635348
-0.580297
-0.519023
-0.454421
-0.39087
-0.333516
-0.288225
-0.258369
-0.224308
-0.101476
0.152096
0.374768
0.421342
0.317783
0.0865732
-0.118856
-0.263334
-0.406593
-0.310582
-0.680416
-0.645029
-0.588469
-0.526231
-0.461486
-0.398483
-0.342959
-0.303044
-0.285721
-0.2748
-0.17098
0.0978993
0.346195
0.380152
0.18053
-0.14003
-0.401792
-0.600245
-0.815477
-0.697271
-0.692914
-0.654247
-0.596177
-0.532673
-0.467536
-0.404946
-0.351378
-0.316982
-0.313354
-0.335492
-0.273144
0.0123619
0.302576
0.295838
-0.00760615
-0.394593
-0.736533
-1.0265
-1.3532
-1.28729
-0.70275
-0.662805
-0.60331
-0.538609
-0.472927
-0.410563
-0.358798
-0.329999
-0.341634
-0.405913
-0.414282
-0.131818
0.203067
0.13955
-0.229704
-0.657035
-1.08262
-1.47587
-1.939
-2.28754
-0.710945
-0.670327
-0.609899
-0.544181
-0.477786
-0.415314
-0.364903
-0.341155
-0.368543
-0.48399
-0.608286
-0.362701
0.0259627
-0.0808493
-0.473522
-0.884702
-1.35236
-1.77197
-1.96348
-2.32342
-0.71826
-0.677137
-0.616007
-0.549328
-0.482053
-0.419133
-0.369535
-0.350247
-0.393975
-0.572659
-0.872574
-0.727767
-0.266343
-0.383381
-0.73096
-1.06092
-1.44889
-1.7888
-1.86577
-1.9148
-0.725145
-0.683485
-0.621626
-0.553926
-0.485555
-0.421782
-0.372268
-0.356434
-0.416081
-0.669913
-1.21966
-1.24141
-0.682123
-0.755068
-1.00375
-1.18977
-1.43309
-1.77164
-1.82503
-1.76691
-0.731927
-0.689526
-0.62675
-0.557866
-0.488103
-0.422932
-0.372542
-0.35833
-0.431877
-0.762379
-1.62035
-1.84363
-1.1794
-1.15648
-1.29795
-1.34148
-1.29675
-1.44156
-1.54382
-1.52057
-0.738926
-0.695445
-0.631467
-0.561133
-0.48961
-0.422355
-0.36985
-0.354552
-0.436245
-0.831633
-1.95926
-2.36221
-1.62912
-1.52428
-1.64342
-1.55701
-1.11512
-1.14183
-1.43191
-1.53715
-0.746205
-0.701374
-0.635905
-0.56382
-0.490069
-0.420015
-0.363833
-0.344061
-0.423492
-0.844607
-2.11237
-2.59333
-1.86056
-1.81419
-2.14229
-2.4502
-2.32216
-2.23626
-2.15456
-2.15263
-0.753847
-0.707529
-0.640255
-0.566072
-0.489646
-0.415978
-0.354576
-0.326292
-0.389797
-0.775259
-1.95635
-2.35121
-1.75461
-1.91608
-2.66482
-3.94295
-4.32031
-3.97899
-3.48329
-3.2516
-0.762206
-0.714111
-0.644772
-0.568164
-0.488613
-0.410612
-0.342435
-0.301869
-0.336392
-0.621528
-1.47154
-1.64995
-1.24731
-1.54697
-2.53052
-4.1483
-4.59896
-4.03654
-3.41396
-3.14752
-0.771501
-0.721533
-0.649807
-0.570451
-0.487377
-0.404431
-0.328399
-0.27276
-0.269304
-0.417351
-0.827238
-0.768537
-0.462995
-0.591951
-1.06745
-1.70756
-1.97995
-1.75328
-1.51381
-1.41572
-0.782042
-0.730088
-0.6557
-0.573309
-0.486436
-0.398195
-0.31357
-0.241397
-0.198147
-0.215595
-0.257653
-0.0492811
0.188659
0.250282
0.187605
0.1126
0.126708
0.176258
0.20749
0.21464
-0.793903
-0.740087
-0.662716
-0.577077
-0.48615
-0.392399
-0.299188
-0.210937
-0.131927
-0.055011
0.0888299
0.352653
0.553542
0.698839
0.784591
0.85982
0.929286
0.971812
0.986003
0.987012
-0.806969
-0.751151
-0.670807
-0.581661
-0.486695
-0.387608
-0.286224
-0.183534
-0.0765864
0.0565037
0.264063
0.522147
0.721388
0.882856
1.00195
1.09477
1.16601
1.21041
1.23052
1.23332
-0.8204
-0.762772
-0.679253
-0.586715
-0.48779
-0.383689
-0.275058
-0.160774
-0.0342667
0.128167
0.348698
0.583167
0.771424
0.920483
1.03429
1.12073
1.18526
1.22949
1.25379
1.25863
-0.83125
-0.77267
-0.686877
-0.590985
-0.488481
-0.380074
-0.265584
-0.142816
-0.00408965
0.170898
0.385664
0.595025
0.76524
0.897876
0.998996
1.07563
1.1334
1.17544
1.20057
1.20595
-0.83686
-0.778364
-0.690956
-0.592546
-0.487187
-0.37552
-0.256971
-0.128842
0.0161136
0.193902
0.396188
0.582511
0.733712
0.851539
0.941855
1.0109
1.06374
1.1035
1.12649
1.13279
-0.834319
-0.776348
-0.688606
-0.588432
-0.48149
-0.368273
-0.247808
-0.11748
0.0289568
0.202729
0.39077
0.557168
0.691326
0.796566
0.878258
0.941627
0.990974
1.02864
1.05064
1.05714
-0.816433
-0.760956
-0.675341
-0.575388
-0.468777
-0.355954
-0.236222
-0.107208
0.0363167
0.202812
0.374849
0.52321
0.642292
0.736585
0.810874
0.869323
0.915528
0.950728
0.97221
0.97909
-0.77684
-0.726729
-0.646147
-0.548788
-0.445493
-0.336514
-0.220814
-0.0965049
0.0402786
0.194973
0.350476
0.481855
0.586802
0.670606
0.737683
0.79133
0.834275
0.867298
0.888306
0.895615
-0.711256
-0.669613
-0.593601
-0.504024
-0.408264
-0.306989
-0.199403
-0.0839967
0.0419177
0.181867
0.319157
0.433171
0.523601
0.59598
0.654537
0.702225
0.740566
0.770761
0.791776
0.798883
-0.609417
-0.579893
-0.514923
-0.43752
-0.354409
-0.265739
-0.170718
-0.0682803
0.0431334
0.165349
0.282714
0.378053
0.4524
0.510975
0.557657
0.595597
0.626609
0.650617
0.666252
0.670955
-0.458319
-0.443619
-0.401116
-0.345242
-0.282537
-0.212678
-0.135212
-0.0494151
0.0456556
0.150841
0.251696
0.332646
0.394566
0.44212
0.478712
0.506622
0.527767
0.544594
0.55672
0.559868
-0.298416
-0.293381
-0.271873
-0.240112
-0.200271
-0.1517
-0.0940191
-0.026518
0.0511659
0.139084
0.22402
0.291881
0.343043
0.381131
0.408951
0.429047
0.443498
0.453032
0.4582
0.459277
-0.169202
-0.167212
-0.158588
-0.14315
-0.121209
-0.0911399
-0.0514534
-0.00134366
0.0596344
0.131114
0.201207
0.256947
0.298149
0.327938
0.349101
0.36348
0.372493
0.377805
0.380449
0.380786
-0.0774177
-0.077791
-0.0759827
-0.0699393
-0.0583087
-0.0400204
-0.0135673
0.022511
0.0689847
0.12561
0.182271
0.227416
0.26043
0.283696
0.299275
0.309244
0.315392
0.318763
0.320057
0.320093
-0.0199293
-0.0207928
-0.0216824
-0.0201364
-0.014408
-0.00300757
0.0152142
0.0414622
0.0767117
0.121039
0.166112
0.202001
0.227875
0.245768
0.257722
0.265281
0.269553
0.271564
0.272201
0.272183
0.0136898
0.0131326
0.0123827
0.0130604
0.0163215
0.0234697
0.035948
0.0550856
0.0817939
0.116242
0.151787
0.180195
0.200657
0.214715
0.223825
0.229332
0.232395
0.233839
0.234298
0.234292
0.0346196
0.0343581
0.0340228
0.0346332
0.0370422
0.0422023
0.0511696
0.0651859
0.085326
0.111954
0.139808
0.162111
0.178033
0.188807
0.195747
0.199965
0.202292
0.203361
0.203704
0.203701
0.0483239
0.0482009
0.0480662
0.0485917
0.0503778
0.0541674
0.0608468
0.0713998
0.0867158
0.107226
0.128895
0.146298
0.158724
0.167138
0.172532
0.175769
0.177539
0.178352
0.178617
0.178615
0.0569904
0.0569464
0.0569557
0.0574657
0.0589022
0.0617955
0.0668237
0.0748013
0.0865004
0.102327
0.119168
0.132728
0.142395
0.148905
0.153059
0.155551
0.156914
0.157539
0.157743
0.15774
0.0621128
0.0621026
0.0621745
0.0626334
0.0637898
0.0660423
0.0699071
0.0760108
0.0849784
0.0971797
0.11023
0.120759
0.128261
0.133311
0.13653
0.138456
0.139505
0.139983
0.140137
0.140133
0.0646246
0.0646284
0.0647216
0.0651188
0.0660479
0.067806
0.0707888
0.0754836
0.0823857
0.0918047
0.101913
0.11008
0.115899
0.11981
0.122299
0.123784
0.124591
0.124956
0.125072
0.125066
0.065174
0.0651822
0.0652728
0.0656028
0.0663433
0.0677193
0.0700318
0.0736554
0.0789782
0.086253
0.0940759
0.100403
0.104909
0.107936
0.109859
0.111004
0.111623
0.1119
0.111985
0.11198
0.0642124
0.064221
0.0642994
0.0645659
0.0651504
0.066224
0.0680177
0.0708191
0.0749301
0.0805519
0.0866032
0.0914997
0.0949868
0.0973261
0.09881
0.0996915
0.100165
0.100375
0.100438
0.100432
0.0620795
0.0620871
0.0621514
0.0623628
0.06282
0.0636554
0.0650461
0.0672135
0.0703901
0.0747339
0.0794129
0.0831989
0.0858941
0.0877012
0.0888459
0.0895236
0.0898867
0.0900448
0.0900906
0.0900852
0.0590365
0.0590426
0.0590938
0.0592593
0.0596159
0.0602647
0.0613416
0.063017
0.0654709
0.0688267
0.0724415
0.0753671
0.0774492
0.0788425
0.0797228
0.0802427
0.0805196
0.080639
0.0806729
0.0806682
0.0552878
0.0552925
0.0553324
0.055461
0.0557369
0.0562387
0.0570711
0.0583655
0.0602604
0.0628509
0.0656411
0.0678977
0.0695021
0.0705757
0.0712533
0.0716521
0.0718629
0.0719527
0.0719772
0.0719731
0.0509922
0.0509957
0.0510263
0.0511252
0.0513379
0.051725
0.0523668
0.0533643
0.0548245
0.0568204
0.0589703
0.0607086
0.0619433
0.062768
0.063288
0.0635938
0.0637543
0.0638218
0.0638398
0.0638362
0.0462744
0.046277
0.0462998
0.0463751
0.0465378
0.046835
0.0473285
0.0480956
0.049218
0.050752
0.0524039
0.0537389
0.0546868
0.0553194
0.0557166
0.055949
0.0560701
0.0561202
0.0561328
0.0561297
0.0412301
0.0412318
0.0412485
0.0413053
0.0414292
0.0416564
0.0420335
0.0426196
0.0434781
0.0446523
0.0459161
0.046937
0.0476612
0.0481432
0.048445
0.048622
0.0487131
0.0487502
0.0487591
0.0487564
0.0359343
0.0359351
0.035947
0.0359894
0.0360828
0.0362544
0.0365404
0.0369856
0.0376378
0.0385295
0.0394891
0.0402633
0.040811
0.0411749
0.0414027
0.0415362
0.041604
0.0416307
0.0416366
0.0416346
0.0304475
0.0304477
0.030456
0.0304869
0.0305561
0.0306837
0.0308968
0.0312298
0.0317185
0.0323869
0.033106
0.0336859
0.0340965
0.0343693
0.0345393
0.0346372
0.0346865
0.0347052
0.0347087
0.034707
0.0248175
0.0248172
0.0248222
0.0248435
0.024893
0.0249852
0.0251404
0.0253836
0.025741
0.0262308
0.0267585
0.0271847
0.0274863
0.0276861
0.0278096
0.0278797
0.0279144
0.0279266
0.0279281
0.0279266
0.0190797
0.0190791
0.0190815
0.0190952
0.0191285
0.0191924
0.0193016
0.0194735
0.0197257
0.0200718
0.0204445
0.0207438
0.0209535
0.0210908
0.0211755
0.0212239
0.0212473
0.0212549
0.0212555
0.0212544
0.0132624
0.0132615
0.0132615
0.0132692
0.0132903
0.0133317
0.0134019
0.0135124
0.0136763
0.0139006
0.0141431
0.0143357
0.0144716
0.0145614
0.0146159
0.0146453
0.0146586
0.0146617
0.0146607
0.0146598
0.00739136
0.00739074
0.00738982
0.00739278
0.00740281
0.00742354
0.00746013
0.00751859
0.00760483
0.00772371
0.00785224
0.0079566
0.00802989
0.00807679
0.00810468
0.00811947
0.00812475
0.0081241
0.00812238
0.00812183
0.001482
0.00148174
0.00147793
0.0014761
0.00147684
0.00147992
0.00148594
0.00149577
0.00151076
0.00153211
0.00155794
0.001583
0.00160088
0.00161252
0.00161996
0.00162414
0.00162589
0.00162564
0.00162328
0.00162072
-0.92813
-0.63079
-0.314706
-0.0612675
0.140938
0.304077
0.444326
0.565811
0.626542
0.59893
-0.407619
-0.216805
-0.0240339
0.139883
0.278464
0.395479
0.492324
0.562505
0.597705
0.603299
-0.0700191
0.051212
0.175348
0.2859
0.381982
0.463208
0.527396
0.572803
0.601782
0.614634
0.153725
0.233401
0.319003
0.396618
0.464238
0.520749
0.565805
0.599779
0.624727
0.63949
0.312351
0.368935
0.430337
0.48669
0.535978
0.578098
0.613122
0.640671
0.661889
0.677303
0.436126
0.478596
0.524284
0.568156
0.607412
0.641703
0.67063
0.69393
0.712467
0.728379
0.539311
0.57353
0.613197
0.650204
0.684228
0.714436
0.740348
0.761301
0.777212
0.793456
0.634842
0.667143
0.70507
0.740167
0.772281
0.800786
0.825004
0.844144
0.857741
0.874375
0.734428
0.769642
0.808543
0.84408
0.87568
0.903055
0.925742
0.943554
0.955584
0.972806
0.852346
0.891278
0.931263
0.966636
0.996889
1.02236
1.04325
1.05942
1.07107
1.0891
0.998932
1.03835
1.07512
1.1064
1.13262
1.15515
1.17451
1.19028
1.20288
1.22091
1.17512
1.20721
1.23382
1.25654
1.27674
1.29572
1.31369
1.33031
1.34582
1.36397
1.36436
1.38183
1.39709
1.4135
1.42955
1.44422
1.45758
1.47163
1.48924
1.5094
1.54652
1.55607
1.56774
1.57869
1.58819
1.59785
1.60865
1.62007
1.63148
1.64685
1.75361
1.75729
1.74249
1.728
1.72183
1.72749
1.74611
1.77645
1.80857
1.83516
2.06058
1.92581
1.84911
1.80641
1.78888
1.79299
1.82021
1.87671
1.97962
2.20409
0.30634
0.304353
0.300018
0.291773
0.280009
0.268428
0.258772
0.251395
0.246188
0.24313
0.24263
0.244876
0.249308
0.255799
0.264452
0.275287
0.287336
0.297872
0.303717
0.306565
0.230173
0.236154
0.243023
0.248194
0.25132
0.251684
0.249609
0.246314
0.243104
0.240881
0.240524
0.242356
0.245464
0.249058
0.252069
0.253109
0.251406
0.24716
0.241296
0.234307
0.220987
0.223246
0.227527
0.231567
0.23436
0.236254
0.237344
0.237515
0.236985
0.236417
0.236454
0.237199
0.238196
0.238694
0.238232
0.236858
0.23462
0.231282
0.226908
0.22347
0.218036
0.218731
0.221474
0.2251
0.228158
0.230375
0.231829
0.232634
0.232925
0.232957
0.233158
0.233635
0.233892
0.23363
0.232705
0.231023
0.22849
0.225157
0.221737
0.220085
0.218465
0.218677
0.219613
0.221097
0.222594
0.22421
0.225727
0.226931
0.227773
0.228332
0.228712
0.228865
0.228662
0.228
0.226866
0.225425
0.22399
0.222566
0.2213
0.220789
0.217115
0.217196
0.217683
0.218549
0.219471
0.220533
0.221462
0.222342
0.223123
0.223761
0.224231
0.224446
0.224321
0.223893
0.223321
0.222535
0.221655
0.220816
0.220139
0.219909
0.214758
0.214794
0.215009
0.215461
0.216045
0.216752
0.217549
0.218385
0.219197
0.21994
0.220529
0.220808
0.220761
0.220466
0.220003
0.219487
0.21901
0.218567
0.218273
0.218184
0.211578
0.211597
0.211721
0.211988
0.212357
0.212821
0.213385
0.214049
0.214792
0.21557
0.216274
0.21672
0.216876
0.216833
0.216677
0.216469
0.216248
0.21604
0.215902
0.215859
0.208003
0.208015
0.208097
0.208278
0.208552
0.208929
0.209428
0.210057
0.210814
0.211677
0.212539
0.213176
0.213522
0.213662
0.213674
0.21362
0.213539
0.213457
0.213401
0.213382
0.204079
0.204085
0.204146
0.204283
0.204504
0.204831
0.205292
0.205917
0.206725
0.207714
0.208781
0.209653
0.21022
0.210554
0.210737
0.210824
0.210857
0.21086
0.210856
0.210852
0.199839
0.199841
0.199899
0.200024
0.200235
0.200561
0.201042
0.201721
0.202639
0.203816
0.205149
0.206308
0.207105
0.207641
0.207975
0.208177
0.208293
0.208354
0.208382
0.208388
0.195266
0.195266
0.195327
0.195462
0.195691
0.196052
0.196595
0.197383
0.198475
0.199912
0.201589
0.203088
0.204169
0.204913
0.205404
0.205716
0.205906
0.206016
0.206071
0.206085
0.190337
0.190336
0.190404
0.190559
0.190826
0.191252
0.191902
0.192855
0.194193
0.195979
0.198096
0.200021
0.201436
0.202419
0.203079
0.203507
0.203774
0.203931
0.204011
0.204032
0.184971
0.184969
0.185051
0.18524
0.185567
0.186091
0.186893
0.188075
0.189746
0.191989
0.194668
0.19712
0.198932
0.200205
0.201064
0.201625
0.201977
0.202186
0.202294
0.202322
0.179067
0.179063
0.179167
0.179404
0.179814
0.180472
0.181482
0.182972
0.18508
0.187916
0.191307
0.194419
0.196724
0.198346
0.199445
0.200164
0.200615
0.200885
0.201025
0.201061
0.172482
0.172478
0.172611
0.172913
0.173436
0.174275
0.17556
0.177455
0.180133
0.18373
0.188027
0.191964
0.194878
0.196931
0.198322
0.199233
0.199806
0.200149
0.200326
0.200372
0.165027
0.165021
0.165193
0.165584
0.166259
0.167337
0.168987
0.171412
0.174829
0.179404
0.184845
0.189817
0.193489
0.196073
0.197824
0.19897
0.199692
0.200123
0.200346
0.200404
0.156443
0.156435
0.156662
0.157173
0.158051
0.159449
0.161582
0.164705
0.169082
0.174909
0.181796
0.188057
0.192669
0.19591
0.198105
0.199541
0.200446
0.200987
0.201266
0.201338
0.146379
0.146371
0.146674
0.147351
0.148506
0.150337
0.153116
0.15716
0.162788
0.170217
0.178923
0.186787
0.19256
0.196611
0.199353
0.201148
0.20228
0.202957
0.203306
0.203396
0.134349
0.13434
0.134753
0.135668
0.13721
0.139634
0.143288
0.148563
0.155829
0.165307
0.176289
0.186129
0.193326
0.198374
0.201792
0.204033
0.205448
0.206297
0.206736
0.206847
0.119661
0.119655
0.12024
0.121502
0.123594
0.12685
0.131717
0.13866
0.148082
0.160174
0.173978
0.186229
0.19516
0.201427
0.205682
0.20848
0.210255
0.211329
0.211887
0.212025
0.101322
0.101331
0.102196
0.103986
0.106882
0.111348
0.117944
0.127182
0.13945
0.15485
0.172104
0.187249
0.198266
0.206022
0.211317
0.21482
0.217062
0.218436
0.219161
0.219339
0.0778058
0.0778659
0.0792199
0.081853
0.0860121
0.0923507
0.101498
0.113926
0.129927
0.149449
0.170829
0.189374
0.202852
0.212405
0.219001
0.223418
0.226281
0.228065
0.229031
0.229274
0.0465314
0.046734
0.0490236
0.0531787
0.0595625
0.0689935
0.0819842
0.0988386
0.119661
0.144192
0.170366
0.192781
0.209084
0.220773
0.228995
0.234631
0.238368
0.240745
0.242065
0.242413
0.00277219
0.00338815
0.00783994
0.0152327
0.0258907
0.040511
0.059222
0.0820805
0.108946
0.13936
0.170907
0.197569
0.217004
0.231152
0.24138
0.248663
0.253725
0.257116
0.259089
0.259579
-0.0617929
-0.059387
-0.0490587
-0.0345414
-0.0158178
0.00701828
0.0337532
0.0642713
0.0982813
0.135263
0.172563
0.20368
0.226425
0.243261
0.255819
0.265212
0.272202
0.277352
0.280647
0.281153
-0.139807
-0.135055
-0.115927
-0.08964
-0.060305
-0.0279637
0.00748425
0.046064
0.0876326
0.131814
0.175803
0.212508
0.239731
0.260441
0.276523
0.289222
0.299428
0.307651
0.312129
0.313991
-0.219052
-0.206926
-0.178099
-0.14186
-0.102948
-0.0615712
-0.0177137
0.0287232
0.0777057
0.129001
0.179682
0.221964
0.253493
0.277732
0.296863
0.312258
0.324782
0.335019
0.341933
0.34537
-0.275973
-0.262856
-0.229245
-0.186629
-0.140704
-0.0921573
-0.0411159
0.0123414
0.0681196
0.125984
0.182712
0.229731
0.264577
0.291148
0.311842
0.328195
0.341223
0.351621
0.3587
0.362046
-0.320819
-0.307458
-0.270388
-0.223469
-0.172679
-0.118813
-0.0621511
-0.00290172
0.0587252
0.122413
0.184569
0.235754
0.273302
0.301545
0.323217
0.340098
0.35336
0.363795
0.370985
0.374226
-0.356368
-0.343255
-0.304348
-0.254373
-0.20001
-0.142127
-0.081006
-0.0169287
0.0497927
0.11875
0.185908
0.240885
0.280815
0.310478
0.332929
0.350173
0.363552
0.373954
0.381175
0.384397
-0.386266
-0.373354
-0.333243
-0.281107
-0.224014
-0.162909
-0.0981412
-0.03003
0.0410911
0.114767
0.1866
0.245247
0.287523
0.318589
0.341811
0.359436
0.372963
0.383376
0.390673
0.39387
-0.412249
-0.399465
-0.358499
-0.304777
-0.245644
-0.182033
-0.114301
-0.0427928
0.032196
0.110248
0.186677
0.249103
0.293869
0.326468
0.350564
0.368637
0.382363
0.392829
0.400195
0.403362
-0.435574
-0.422838
-0.38121
-0.326254
-0.265506
-0.199906
-0.129774
-0.0554104
0.022977
0.105112
0.186133
0.252577
0.300124
0.334493
0.359633
0.378274
0.392271
0.402833
0.41028
0.413437
-0.457099
-0.444395
-0.402108
-0.346159
-0.284117
-0.216908
-0.144833
-0.0681075
0.0132236
0.0991695
0.184859
0.255697
0.306437
0.342913
0.369337
0.388701
0.403063
0.413767
0.421258
0.424381
-0.477288
-0.464541
-0.421623
-0.364848
-0.301788
-0.233316
-0.159704
-0.0810639
0.00278244
0.0922631
0.182726
0.258415
0.312863
0.35188
0.379896
0.40018
0.415024
0.425954
0.433505
0.436622
-0.496323
-0.483422
-0.440055
-0.382554
-0.318668
-0.249225
-0.174461
-0.0943647
-0.00845524
0.0842387
0.17955
0.260606
0.31938
0.361463
0.391458
0.412907
0.428384
0.439603
0.447245
0.450318
-0.514416
-0.501332
-0.457476
-0.39941
-0.334845
-0.264696
-0.189133
-0.108035
-0.0205648
0.0749668
0.175153
0.262099
0.325889
0.371658
0.40409
0.427013
0.443304
0.454925
0.462684
0.465749
-0.531542
-0.518297
-0.473953
-0.415422
-0.350343
-0.27972
-0.203701
-0.122054
-0.0335671
0.0643293
0.169338
0.262692
0.332225
0.382372
0.417792
0.442572
0.459906
0.472049
0.479974
0.483069
-0.547766
-0.534303
-0.489574
-0.430565
-0.365143
-0.294255
-0.218109
-0.13636
-0.047432
0.0522602
0.161933
0.26216
0.33817
0.393441
0.432486
0.459595
0.47826
0.491066
0.49922
0.502336
-0.563024
-0.549412
-0.504269
-0.444853
-0.379196
-0.308241
-0.23226
-0.150868
-0.0620904
0.038723
0.152768
0.260274
0.343468
0.404623
0.447955
0.477909
0.498305
0.512003
0.520497
0.523539
-0.577411
-0.563542
-0.518015
-0.458269
-0.392456
-0.321612
-0.246066
-0.165451
-0.0774593
0.0237499
0.141713
0.256813
0.347853
0.415533
0.463828
0.497268
0.519856
0.534752
0.54369
0.546587
-0.590722
-0.576799
-0.530791
-0.470776
-0.40489
-0.334285
-0.259431
-0.179981
-0.0934004
0.00738496
0.128684
0.251602
0.351104
0.42574
0.479544
0.517282
0.542679
0.558998
0.568206
0.570846
-0.603168
-0.589061
-0.54261
-0.482362
-0.416476
-0.346225
-0.272246
-0.194337
-0.109764
-0.0102714
0.11365
0.244568
0.352918
0.434711
0.494314
0.537266
0.566735
0.585057
0.593999
0.595687
-0.614669
-0.600339
-0.553508
-0.49302
-0.427177
-0.357377
-0.284433
-0.208364
-0.126385
-0.0291067
0.0965947
0.235602
0.353164
0.441932
0.507348
0.55601
0.591148
0.613394
0.621711
0.619925
-0.625334
-0.610813
-0.563463
-0.502749
-0.437001
-0.367713
-0.295918
-0.221957
-0.143094
-0.0489364
0.0775514
0.224657
0.351726
0.447334
0.517589
0.571367
0.613656
0.64413
0.656266
0.645698
-0.635162
-0.620436
-0.572557
-0.511656
-0.446093
-0.377416
-0.306934
-0.235444
-0.160423
-0.0706567
0.0552726
0.210698
0.348369
0.4508
0.52343
0.580346
0.628816
0.67035
0.690044
0.68907
-0.644197
-0.629119
-0.580769
-0.519754
-0.45448
-0.386504
-0.317442
-0.248752
-0.178293
-0.0943537
0.0292793
0.193198
0.342918
0.451934
0.522827
0.576832
0.623242
0.657362
0.657726
0.588768
-0.652283
-0.63661
-0.587946
-0.527222
-0.462277
-0.395094
-0.327446
-0.261694
-0.1965
-0.119834
-0.000666956
0.172176
0.336188
0.451581
0.516655
0.553898
0.587762
0.593623
0.541193
0.464085
-0.659359
-0.644175
-0.593531
-0.533868
-0.469297
-0.402846
-0.337051
-0.274219
-0.214923
-0.146932
-0.0350868
0.14742
0.32782
0.450901
0.508753
0.535164
0.513411
0.47476
0.392795
0.304967
-0.629695
-0.61725
-0.571717
-0.509268
-0.444244
-0.378545
-0.315266
-0.259239
-0.206714
-0.135237
0.0137244
0.220928
0.38968
0.481318
0.534529
0.436596
0.36537
0.284205
0.187922
0.123811
-0.648904
-0.632621
-0.601094
-0.543253
-0.479963
-0.41437
-0.35037
-0.292548
-0.243515
-0.193116
-0.0987434
0.090773
0.308581
0.441433
0.484811
0.461421
0.320606
0.201196
0.116866
0.00279281
-0.661235
-0.643042
-0.605496
-0.546919
-0.484078
-0.419269
-0.357382
-0.303296
-0.261124
-0.223811
-0.144514
0.0462419
0.284767
0.428706
0.421467
0.304371
0.0871959
-0.0595462
-0.170592
-0.289123
-0.672337
-0.657709
-0.612965
-0.553877
-0.490295
-0.425743
-0.365096
-0.314468
-0.28074
-0.261041
-0.207443
-0.010903
0.259484
0.408339
0.344148
0.117495
-0.148245
-0.342491
-0.501599
-0.675827
-0.685521
-0.669949
-0.621722
-0.561245
-0.496931
-0.432418
-0.37278
-0.325459
-0.300394
-0.301872
-0.282912
-0.0982613
0.219868
0.377957
0.2408
-0.0915845
-0.423134
-0.687776
-0.918357
-1.21511
-0.696325
-0.68034
-0.630015
-0.56794
-0.502778
-0.438166
-0.379521
-0.335579
-0.319762
-0.34491
-0.374529
-0.221715
0.138427
0.29598
0.0897067
-0.323082
-0.724355
-1.09401
-1.42148
-2.04102
-0.704978
-0.689286
-0.637571
-0.574211
-0.508168
-0.443214
-0.385265
-0.344391
-0.338052
-0.390442
-0.490954
-0.412293
-0.0103401
0.143621
-0.140827
-0.562176
-1.00357
-1.45756
-1.85431
-2.62377
-0.712564
-0.697076
-0.644429
-0.580064
-0.513094
-0.447549
-0.389848
-0.351462
-0.354139
-0.436329
-0.637692
-0.694761
-0.252949
-0.0991509
-0.414297
-0.785163
-1.19662
-1.63043
-1.8726
-1.89708
-0.719595
-0.704237
-0.65078
-0.585461
-0.517477
-0.451075
-0.393131
-0.356536
-0.367558
-0.483088
-0.823918
-1.10766
-0.631704
-0.457763
-0.72708
-0.992887
-1.27759
-1.63886
-1.83096
-1.83548
-0.72639
-0.710938
-0.656674
-0.590311
-0.521142
-0.453521
-0.394723
-0.358764
-0.376476
-0.526105
-1.03243
-1.6674
-1.16164
-0.885739
-1.06587
-1.20725
-1.29237
-1.53291
-1.76493
-1.68138
-0.733196
-0.717497
-0.662204
-0.594598
-0.523986
-0.454697
-0.394214
-0.357302
-0.378501
-0.557475
-1.22392
-2.22705
-1.71867
-1.32683
-1.41301
-1.47651
-1.29032
-1.09853
-1.31332
-1.4612
-0.740284
-0.724109
-0.667529
-0.598408
-0.525997
-0.454519
-0.391331
-0.351496
-0.3711
-0.564103
-1.34798
-2.59506
-2.09637
-1.68961
-1.7531
-1.93671
-1.66076
-1.44239
-1.56697
-1.70903
-0.747655
-0.730933
-0.672795
-0.601866
-0.527293
-0.453015
-0.386093
-0.340869
-0.352654
-0.538167
-1.33721
-2.59166
-2.12031
-1.81301
-2.08421
-2.85675
-3.35076
-3.2807
-2.98369
-2.75437
-0.755656
-0.738147
-0.678225
-0.6052
-0.528072
-0.450422
-0.378667
-0.325691
-0.322451
-0.469388
-1.14196
-2.11753
-1.71933
-1.60346
-2.18882
-3.52411
-4.81085
-4.6701
-4.02061
-3.58055
-0.764486
-0.746139
-0.68416
-0.60871
-0.528663
-0.447126
-0.369597
-0.306794
-0.282838
-0.368354
-0.797345
-1.32209
-0.989521
-0.924288
-1.45624
-2.47475
-3.38764
-3.25577
-2.76471
-2.45504
-0.774478
-0.755201
-0.690938
-0.612767
-0.529474
-0.443635
-0.359772
-0.285727
-0.237483
-0.25265
-0.41564
-0.512057
-0.21391
-0.064456
-0.19403
-0.45402
-0.699871
-0.681753
-0.559915
-0.507278
-0.785863
-0.76565
-0.698872
-0.617704
-0.530937
-0.440555
-0.349906
-0.264184
-0.191634
-0.142843
-0.109742
0.0520038
0.304915
0.475035
0.529864
0.560144
0.609099
0.66356
0.69046
0.691179
-0.798541
-0.777861
-0.708045
-0.623707
-0.533194
-0.438192
-0.340915
-0.244054
-0.149538
-0.0525913
0.0831966
0.324833
0.565355
0.745027
0.877327
0.97601
1.05861
1.11808
1.14729
1.15264
-0.812018
-0.791097
-0.718125
-0.630401
-0.536227
-0.436718
-0.333154
-0.226341
-0.1143
0.0143226
0.194574
0.441156
0.665315
0.839029
0.976013
1.08007
1.16029
1.21721
1.25084
1.26284
-0.825066
-0.803659
-0.727977
-0.637045
-0.539232
-0.435564
-0.326554
-0.21165
-0.0870489
0.0603503
0.255715
0.486427
0.688636
0.847929
0.971329
1.0649
1.1359
1.18829
1.2233
1.23822
-0.834537
-0.813674
-0.735819
-0.641768
-0.540862
-0.433714
-0.320357
-0.1996
-0.0669535
0.0898334
0.285672
0.496412
0.676001
0.818033
0.927368
1.01067
1.07432
1.12281
1.1572
1.17205
-0.837631
-0.817948
-0.738192
-0.64207
-0.538865
-0.429355
-0.313269
-0.189125
-0.0523241
0.10673
0.29617
0.48732
0.646547
0.772677
0.870466
0.945917
1.00442
1.0498
1.08356
1.09949
-0.829314
-0.811703
-0.73178
-0.634426
-0.530345
-0.420157
-0.30347
-0.178695
-0.0417519
0.115118
0.292896
0.466549
0.608076
0.720442
0.808561
0.877646
0.932096
0.974818
1.00795
1.02326
-0.803821
-0.789193
-0.710483
-0.614369
-0.511957
-0.403638
-0.288949
-0.166895
-0.0334412
0.116106
0.282144
0.437274
0.562598
0.662537
0.741869
0.805108
0.855916
0.896693
0.929347
0.943937
-0.752879
-0.741288
-0.667995
-0.576671
-0.479503
-0.376659
-0.26781
-0.151835
-0.026095
0.113063
0.263117
0.400486
0.510003
0.59753
0.667744
0.724569
0.771354
0.810459
0.842733
0.857471
-0.668053
-0.656038
-0.596554
-0.516523
-0.42915
-0.336336
-0.237748
-0.132316
-0.0183465
0.106623
0.238717
0.357057
0.44995
0.523587
0.582694
0.630663
0.670589
0.705475
0.735155
0.752046
-0.540954
-0.533462
-0.493481
-0.429729
-0.358373
-0.281422
-0.197985
-0.107394
-0.00862498
0.0996153
0.212967
0.312826
0.389617
0.448997
0.495252
0.531634
0.560172
0.582342
0.600151
0.611605
-0.376146
-0.37445
-0.353774
-0.31551
-0.268317
-0.21327
-0.14992
-0.0778288
0.00372732
0.0952661
0.192088
0.277178
0.341911
0.391051
0.428183
0.455791
0.476172
0.49144
0.502132
0.50681
-0.228922
-0.228562
-0.220055
-0.201646
-0.17547
-0.141208
-0.0979198
-0.0445864
0.0192093
0.0936428
0.174077
0.245042
0.298459
0.337898
0.366442
0.386863
0.401042
0.410073
0.415281
0.417347
-0.117978
-0.11862
-0.116192
-0.108929
-0.0960413
-0.076582
-0.0488909
-0.0115272
0.036451
0.0951689
0.160358
0.218277
0.261455
0.29282
0.314959
0.329801
0.339132
0.344781
0.347795
0.348756
-0.0446258
-0.0453238
-0.046101
-0.044783
-0.0392478
-0.0279386
-0.00993856
0.0161945
0.0517071
0.0971545
0.149089
0.195704
0.23025
0.254757
0.271371
0.282246
0.289048
0.292818
0.29443
0.294794
-0.000730369
-0.00116859
-0.00225291
-0.00253192
-0.000245943
0.00607598
0.0179303
0.0365881
0.0630998
0.098088
0.138908
0.175796
0.203026
0.222253
0.235293
0.243627
0.248492
0.251013
0.252022
0.25223
0.0253596
0.0251075
0.0245376
0.0244715
0.0260802
0.0303321
0.0383863
0.0516178
0.0712911
0.0981103
0.130062
0.159202
0.180699
0.195704
0.205618
0.211818
0.215449
0.217335
0.218085
0.218251
0.04229
0.0421541
0.0418791
0.0419427
0.0431519
0.04628
0.0522354
0.0620477
0.0767938
0.0972703
0.122063
0.144823
0.161571
0.173205
0.180898
0.185709
0.188489
0.189905
0.190463
0.190591
0.0532202
0.0531453
0.0530344
0.0532017
0.0541895
0.0565429
0.0609633
0.0683204
0.079515
0.0952241
0.114437
0.132184
0.145264
0.154337
0.160297
0.163992
0.166121
0.167208
0.16764
0.167741
0.05996
0.0599158
0.0598969
0.0601182
0.0609575
0.0628152
0.0662119
0.0718068
0.0803346
0.0923964
0.107265
0.121055
0.131216
0.138247
0.142857
0.145714
0.147357
0.148192
0.148521
0.148597
0.0636722
0.0636431
0.0636631
0.0638879
0.0645833
0.0660461
0.0686724
0.0729726
0.0795209
0.0888045
0.1003
0.110997
0.118885
0.124341
0.127914
0.130122
0.131389
0.132031
0.132281
0.132337
0.065131
0.0651108
0.0651445
0.0653493
0.0659186
0.0670749
0.0691164
0.0724345
0.0774772
0.0846359
0.0935263
0.101815
0.107929
0.112156
0.114919
0.116624
0.117599
0.118089
0.118278
0.118319
0.0648723
0.0648576
0.0648918
0.0650652
0.0655216
0.0664309
0.0680196
0.0705873
0.0744806
0.0800076
0.0868806
0.0932974
0.0980316
0.101302
0.103437
0.104753
0.105503
0.105878
0.106019
0.106048
0.0632851
0.0632742
0.063304
0.0634448
0.0638061
0.0645168
0.0657513
0.0677396
0.0707486
0.0750184
0.0803324
0.0852969
0.0889586
0.0914866
0.0931356
0.0941489
0.0947245
0.0950094
0.0951153
0.0951361
0.0606659
0.0606576
0.0606823
0.0607943
0.0610772
0.0616307
0.0625889
0.0641282
0.0664539
0.0697524
0.0738584
0.0776955
0.0805258
0.0824785
0.0837503
0.0845301
0.0849719
0.0851883
0.0852667
0.0852813
0.0572466
0.0572401
0.0572594
0.0573468
0.0575669
0.0579966
0.0587386
0.0599288
0.0617256
0.0642731
0.0674444
0.0704083
0.0725928
0.0740983
0.0750775
0.0756766
0.0760141
0.0761788
0.0762377
0.0762481
0.0532053
0.0532002
0.0532151
0.0532827
0.0534531
0.0537851
0.0543581
0.0552767
0.0566633
0.0586285
0.0610744
0.0633595
0.065043
0.0662021
0.0669549
0.0674148
0.067673
0.0677976
0.0678409
0.0678481
0.0486832
0.048679
0.0486902
0.048742
0.0488729
0.0491283
0.0495697
0.0502771
0.0513445
0.0528568
0.0547391
0.0564977
0.0577919
0.0586824
0.0592604
0.0596124
0.0598088
0.0599028
0.0599349
0.0599398
0.0437897
0.0437863
0.0437945
0.0438339
0.0439339
0.0441297
0.0444677
0.0450097
0.0458281
0.0469883
0.0484323
0.0497808
0.0507735
0.0514557
0.0518968
0.0521642
0.052313
0.0523834
0.0524065
0.0524098
0.038611
0.0386084
0.0386142
0.0386434
0.0387185
0.0388663
0.0391229
0.0395359
0.0401598
0.0410444
0.0421455
0.0431733
0.0439289
0.0444474
0.0447823
0.0449853
0.0450988
0.0451509
0.0451673
0.0451693
0.0332139
0.0332119
0.0332154
0.0332362
0.0332917
0.0334024
0.0335956
0.0339073
0.0343787
0.0350469
0.0358788
0.0366547
0.0372235
0.0376133
0.0378648
0.0380166
0.0381008
0.0381394
0.0381517
0.0381526
0.0276498
0.0276482
0.0276503
0.0276647
0.027705
0.0277864
0.0279291
0.0281597
0.0285089
0.0290049
0.0296227
0.0301989
0.0306219
0.0309111
0.0310971
0.0312084
0.0312685
0.0312952
0.0313026
0.0313028
0.0219611
0.0219597
0.0219602
0.0219693
0.0219969
0.0220545
0.0221568
0.0223225
0.022574
0.0229318
0.0233783
0.0237946
0.0240993
0.0243066
0.024438
0.0245159
0.0245578
0.0245756
0.0245798
0.0245796
0.0161793
0.0161781
0.0161774
0.0161824
0.0162003
0.0162387
0.0163073
0.0164194
0.0165909
0.0168349
0.0171389
0.0174216
0.0176273
0.0177674
0.0178572
0.0179102
0.0179377
0.0179488
0.0179508
0.01795
0.0103335
0.0103329
0.0103321
0.010334
0.0103434
0.0103653
0.0104059
0.0104732
0.0105759
0.0107221
0.0109057
0.011076
0.011201
0.0112859
0.011339
0.0113689
0.0113832
0.0113874
0.0113864
0.0113853
0.00148194
0.00148004
0.00147665
0.00147617
0.00147806
0.00148251
0.0014903
0.00150252
0.0015206
0.00154512
0.00157131
0.00159283
0.00160729
0.00161668
0.00162241
0.00162527
0.00162601
0.00162472
0.00162116
0.0048679
-2.47897
-1.322
-0.709777
-0.333467
-0.0571634
0.158106
0.329932
0.478672
0.627132
0.743839
-0.884726
-0.55269
-0.274598
-0.0500492
0.13449
0.286927
0.414739
0.521936
0.592485
0.605677
-0.332625
-0.15454
0.00894074
0.153873
0.27824
0.384566
0.473108
0.540714
0.58336
0.603971
-0.0148344
0.0956612
0.201754
0.299697
0.386198
0.460448
0.520844
0.566651
0.599053
0.618859
0.194283
0.267815
0.341566
0.411358
0.473103
0.525851
0.569463
0.604356
0.630815
0.647866
0.345189
0.394676
0.451826
0.50391
0.550131
0.590793
0.625534
0.653884
0.676069
0.690337
0.46458
0.502909
0.548456
0.589185
0.627166
0.661192
0.690588
0.715251
0.735027
0.746776
0.566153
0.600737
0.639494
0.67617
0.710471
0.741582
0.768748
0.791383
0.808853
0.818318
0.66325
0.697938
0.736387
0.77285
0.806165
0.836236
0.861971
0.883001
0.898895
0.907171
0.768931
0.807698
0.84785
0.885867
0.91915
0.947891
0.972143
0.991649
1.00599
1.01458
0.898379
0.941562
0.981609
1.01843
1.04967
1.07595
1.09794
1.11586
1.12953
1.13982
1.06143
1.10344
1.1376
1.16756
1.19255
1.2144
1.23428
1.25197
1.2669
1.27964
1.25278
1.28382
1.30538
1.32464
1.34282
1.36027
1.3767
1.3927
1.40942
1.42648
1.45126
1.46275
1.4739
1.48809
1.50243
1.51538
1.52689
1.53784
1.55085
1.56772
1.63705
1.64699
1.6557
1.65831
1.65949
1.66395
1.67469
1.69067
1.70826
1.7128
1.93823
1.88279
1.83201
1.79191
1.76963
1.7655
1.77927
1.81318
1.86951
1.94496
0.448783
0.390142
0.347952
0.314394
0.290151
0.273095
0.261096
0.252639
0.24689
0.243586
0.243057
0.245425
0.250235
0.25748
0.267709
0.282122
0.302589
0.33126
0.369689
0.417307
0.249612
0.258784
0.264955
0.266221
0.2633
0.257816
0.251933
0.246925
0.243359
0.241648
0.24253
0.245571
0.250154
0.255882
0.261919
0.266504
0.267539
0.263815
0.25564
0.247865
0.226144
0.228312
0.233445
0.237713
0.240871
0.242902
0.24323
0.242062
0.240288
0.238906
0.238749
0.240022
0.242038
0.243862
0.244519
0.243406
0.240812
0.237196
0.232459
0.227666
0.219066
0.219968
0.223596
0.227727
0.230739
0.232665
0.233887
0.234495
0.234546
0.23438
0.234517
0.235062
0.235547
0.2355
0.234778
0.233359
0.231036
0.227457
0.223298
0.22082
0.218453
0.218757
0.220446
0.222919
0.225302
0.227479
0.229161
0.230248
0.230852
0.231169
0.231459
0.231751
0.231741
0.231228
0.23005
0.228262
0.226051
0.223685
0.221472
0.22052
0.217979
0.218075
0.218705
0.219761
0.220851
0.22188
0.223032
0.224084
0.224924
0.225547
0.225976
0.226149
0.225957
0.225384
0.224532
0.223689
0.222693
0.221678
0.220816
0.220494
0.216084
0.216124
0.216465
0.217131
0.217935
0.21885
0.219762
0.220631
0.221425
0.222119
0.222649
0.222883
0.222791
0.222449
0.221887
0.221121
0.220447
0.219782
0.219304
0.219153
0.213237
0.213254
0.213405
0.213732
0.214167
0.214709
0.215355
0.216091
0.216869
0.217629
0.218271
0.21863
0.218678
0.218509
0.218224
0.217902
0.217591
0.217303
0.217112
0.217055
0.20984
0.209852
0.209954
0.210175
0.210495
0.210916
0.211445
0.212085
0.212827
0.213642
0.214419
0.214956
0.215206
0.215258
0.215187
0.215054
0.214902
0.21476
0.214664
0.214633
0.206083
0.206089
0.206158
0.206311
0.206551
0.206895
0.207367
0.207988
0.208766
0.209686
0.210643
0.211392
0.211845
0.212081
0.212182
0.212203
0.212185
0.212152
0.212126
0.212115
0.201997
0.202006
0.202059
0.202189
0.202402
0.202723
0.203188
0.203833
0.204689
0.205763
0.206955
0.207962
0.208646
0.209077
0.209336
0.209482
0.209557
0.209591
0.209604
0.209605
0.19759
0.197595
0.197655
0.197783
0.198
0.198339
0.198846
0.199572
0.200569
0.201866
0.20336
0.204682
0.205609
0.20625
0.206662
0.206919
0.207072
0.207159
0.207201
0.207211
0.192844
0.19285
0.192913
0.193057
0.193302
0.193692
0.194284
0.195146
0.196351
0.197951
0.199834
0.201533
0.202781
0.203635
0.204207
0.204576
0.204803
0.204937
0.205004
0.205022
0.187706
0.187712
0.187787
0.187957
0.188251
0.188722
0.189442
0.190501
0.191993
0.193993
0.196374
0.198548
0.200151
0.201272
0.202028
0.20252
0.202828
0.20301
0.203104
0.203128
0.182083
0.182091
0.182183
0.182394
0.18276
0.183345
0.184244
0.185569
0.187444
0.189965
0.192978
0.195742
0.197787
0.199226
0.200199
0.200835
0.201235
0.201473
0.201596
0.201628
0.175855
0.175866
0.175983
0.17625
0.176713
0.177455
0.178593
0.180271
0.182645
0.185839
0.189656
0.193157
0.19575
0.197577
0.198814
0.199624
0.200134
0.200438
0.200595
0.200636
0.168858
0.168871
0.169022
0.169365
0.169959
0.170909
0.172364
0.174506
0.17753
0.181586
0.186421
0.190847
0.19412
0.196425
0.197986
0.199008
0.199652
0.200037
0.200236
0.200287
0.160867
0.160885
0.161081
0.161527
0.162295
0.163522
0.165397
0.168148
0.172014
0.177177
0.1833
0.188881
0.192999
0.195894
0.197855
0.199139
0.199948
0.200431
0.200681
0.200745
0.151585
0.151608
0.151867
0.152451
0.153455
0.155055
0.157488
0.161041
0.166003
0.172583
0.180329
0.18735
0.192513
0.196139
0.198594
0.200201
0.201213
0.201818
0.20213
0.20221
0.140604
0.140636
0.140981
0.141755
0.143083
0.145191
0.148378
0.152993
0.159386
0.167778
0.177562
0.186366
0.192816
0.197342
0.200407
0.202414
0.203679
0.204434
0.204823
0.204922
0.127362
0.127408
0.127874
0.128914
0.130702
0.13352
0.137739
0.143783
0.152051
0.162756
0.175077
0.186066
0.194091
0.19972
0.203539
0.206044
0.207623
0.208565
0.209048
0.209173
0.111044
0.11111
0.111751
0.113187
0.115658
0.119505
0.125172
0.133161
0.143896
0.157539
0.17298
0.186614
0.196542
0.20352
0.208272
0.211402
0.21338
0.214555
0.215155
0.21531
0.0904092
0.0905028
0.0914146
0.0934889
0.0970363
0.102424
0.110179
0.12086
0.134852
0.15219
0.171409
0.188183
0.200379
0.208993
0.214908
0.218841
0.221344
0.22283
0.22358
0.223772
0.063507
0.0636455
0.0650285
0.0682433
0.0735696
0.0813619
0.0922188
0.106663
0.12492
0.146827
0.170516
0.190933
0.205775
0.216354
0.223728
0.228724
0.231966
0.233921
0.234904
0.235148
0.0269883
0.0272312
0.0296597
0.0351969
0.0436773
0.0554167
0.070962
0.0906049
0.114305
0.141684
0.170488
0.19499
0.21283
0.225716
0.234911
0.241343
0.245691
0.248441
0.249869
0.250222
-0.0258051
-0.0250081
-0.0193361
-0.00851482
0.00597634
0.0243106
0.0467351
0.0732259
0.103538
0.137166
0.171566
0.20045
0.221533
0.237012
0.248392
0.256717
0.262716
0.266846
0.26924
0.269901
-0.104136
-0.0998789
-0.0841307
-0.0624665
-0.0380108
-0.010354
0.0207647
0.0553081
0.0930517
0.133531
0.173999
0.207703
0.232495
0.2511
0.265306
0.276322
0.284987
0.29174
0.296576
0.29894
-0.187347
-0.177478
-0.14885
-0.116512
-0.082007
-0.045015
-0.00528373
0.0372978
0.0826313
0.13042
0.177807
0.217381
0.246872
0.269502
0.287336
0.30177
0.313724
0.323685
0.333296
0.33743
-0.250873
-0.241158
-0.205683
-0.165297
-0.122451
-0.0772331
-0.0295983
0.0204681
0.0729395
0.127606
0.181409
0.226166
0.259462
0.284996
0.305067
0.321163
0.334286
0.345046
0.354022
0.357554
-0.300544
-0.290188
-0.251311
-0.205914
-0.157305
-0.105915
-0.0518891
0.00461526
0.0634329
0.12428
0.183766
0.23291
0.26916
0.296614
0.317845
0.334559
0.347952
0.358781
0.367602
0.371404
-0.339632
-0.329233
-0.288479
-0.239491
-0.186765
-0.130778
-0.0717851
-0.0100311
0.0542239
0.12062
0.185336
0.238455
0.277214
0.306184
0.328264
0.345385
0.35888
0.369604
0.378102
0.381959
-0.371723
-0.361331
-0.319631
-0.268166
-0.212307
-0.15273
-0.0897016
-0.0235179
0.0454809
0.116851
0.186366
0.243171
0.284265
0.314621
0.337452
0.354912
0.368492
0.379169
0.387457
0.391291
-0.399154
-0.388798
-0.346492
-0.293243
-0.235042
-0.172604
-0.106279
-0.0364097
0.0366967
0.112598
0.186735
0.247251
0.290745
0.322554
0.346199
0.364057
0.377776
0.388452
0.396564
0.400379
-0.423455
-0.413072
-0.370325
-0.31572
-0.255729
-0.191076
-0.122085
-0.0490817
0.0276623
0.107789
0.186509
0.250906
0.297018
0.330466
0.35506
0.373412
0.387337
0.398068
0.406061
0.409854
-0.445576
-0.435162
-0.392028
-0.336342
-0.274907
-0.208468
-0.137317
-0.0617145
0.0181974
0.102266
0.185611
0.254202
0.303289
0.338662
0.364412
0.383399
0.397623
0.408434
0.416345
0.420106
-0.466236
-0.455704
-0.412195
-0.355607
-0.293026
-0.225153
-0.152271
-0.0745347
0.00811428
0.0958632
0.183926
0.25713
0.309654
0.347338
0.374516
0.394317
0.40894
0.419883
0.427827
0.43154
-0.485649
-0.475022
-0.431119
-0.373782
-0.310293
-0.241303
-0.167074
-0.0876569
-0.00272149
0.0884141
0.181294
0.2596
0.316129
0.356608
0.38556
0.406395
0.421564
0.432743
0.440617
0.444338
-0.504034
-0.493263
-0.449014
-0.391061
-0.326822
-0.256997
-0.181788
-0.101139
-0.014394
0.0797783
0.177535
0.261468
0.322658
0.366502
0.397655
0.419803
0.435677
0.447167
0.455086
0.458757
-0.521472
-0.510618
-0.465924
-0.407499
-0.342658
-0.272249
-0.196422
-0.114989
-0.0269459
0.069826
0.172452
0.262539
0.329107
0.376974
0.41083
0.434641
0.451433
0.463341
0.471364
0.47495
-0.538014
-0.526976
-0.481913
-0.423081
-0.357815
-0.287036
-0.210921
-0.129165
-0.0403794
0.0584777
0.165854
0.262595
0.33528
0.387901
0.425047
0.45092
0.468903
0.481405
0.489604
0.493045
-0.553635
-0.542444
-0.49703
-0.437798
-0.37225
-0.301308
-0.225208
-0.143586
-0.054658
0.0456778
0.157571
0.261405
0.340947
0.399062
0.440142
0.468581
0.488084
0.501403
0.509892
0.51317
-0.568375
-0.557031
-0.511277
-0.451658
-0.385914
-0.314994
-0.239205
-0.158147
-0.0696955
0.0314235
0.147468
0.25875
0.345839
0.410149
0.455865
0.487491
0.508886
0.523188
0.532008
0.535195
-0.582187
-0.570556
-0.524532
-0.464625
-0.398767
-0.32803
-0.252799
-0.172727
-0.0853626
0.0157347
0.135441
0.254454
0.349657
0.4208
0.471779
0.507276
0.531185
0.546716
0.555867
0.558783
-0.594951
-0.583273
-0.536824
-0.476676
-0.410778
-0.340346
-0.2659
-0.187186
-0.101539
-0.00129422
0.121408
0.248351
0.352176
0.43047
0.487233
0.527413
0.554701
0.571834
0.581066
0.583395
-0.606902
-0.595029
-0.548184
-0.487799
-0.421927
-0.351889
-0.278414
-0.201392
-0.118057
-0.0195623
0.105367
0.240313
0.353155
0.438682
0.501414
0.547067
0.579057
0.598922
0.60752
0.607997
-0.617921
-0.605817
-0.558616
-0.497994
-0.432192
-0.362637
-0.290263
-0.215225
-0.134743
-0.0389219
0.0873141
0.230338
0.352583
0.445056
0.512965
0.564399
0.602898
0.628661
0.637855
0.632151
-0.628095
-0.615857
-0.568123
-0.50729
-0.441618
-0.372615
-0.301459
-0.228688
-0.151636
-0.0594952
0.0669405
0.218064
0.350362
0.449309
0.520758
0.577037
0.622997
0.659364
0.679222
0.666743
-0.637585
-0.625012
-0.576792
-0.515804
-0.450366
-0.382026
-0.312251
-0.242135
-0.169301
-0.0822765
0.0427615
0.202415
0.346186
0.451592
0.523526
0.580362
0.630077
0.668232
0.690689
0.642236
-0.646841
-0.633097
-0.584531
-0.52354
-0.458412
-0.390838
-0.322494
-0.255279
-0.187381
-0.106884
0.0147377
0.183256
0.33998
0.45204
0.52063
0.567591
0.609271
0.635268
0.60298
0.528982
-0.65688
-0.640002
-0.59109
-0.53078
-0.465994
-0.399181
-0.332325
-0.268029
-0.205813
-0.133321
-0.0174789
0.160363
0.332134
0.451372
0.513347
0.53258
0.556503
0.541909
0.471484
0.388738
-0.666062
-0.661422
-0.595158
-0.535343
-0.47119
-0.405213
-0.341389
-0.280147
-0.224257
-0.161249
-0.0533686
0.133929
0.323146
0.451776
0.499119
0.452246
0.46123
0.39702
0.30676
0.213185
-0.621003
-0.624887
-0.573228
-0.511629
-0.446822
-0.381656
-0.320813
-0.266953
-0.21958
-0.154717
-0.0102556
0.207753
0.386683
0.470316
0.491296
0.362421
0.249356
0.160697
0.063281
-0.140272
-0.657822
-0.630925
-0.576307
-0.515263
-0.450648
-0.386709
-0.328508
-0.280479
-0.24465
-0.199776
-0.0666303
0.178668
0.384609
0.441202
0.374007
0.186141
0.0063112
-0.116421
-0.232699
-0.459984
-0.673579
-0.640318
-0.584434
-0.522731
-0.458088
-0.394845
-0.338376
-0.295779
-0.272102
-0.248956
-0.134384
0.125657
0.36058
0.403541
0.256203
-0.0227812
-0.254607
-0.420516
-0.595522
-0.919986
-0.687328
-0.649812
-0.592408
-0.529541
-0.464622
-0.40184
-0.347286
-0.310094
-0.299407
-0.303556
-0.21737
0.0612166
0.328635
0.347446
0.0912055
-0.264121
-0.564153
-0.800549
-1.06296
-1.62929
-0.698431
-0.65874
-0.599829
-0.535684
-0.470299
-0.407852
-0.355225
-0.323657
-0.327514
-0.369652
-0.337768
-0.0504273
0.261839
0.22424
-0.11404
-0.526677
-0.9121
-1.26623
-1.65136
-2.92486
-0.707287
-0.666817
-0.606687
-0.541447
-0.475429
-0.413056
-0.362034
-0.335848
-0.355342
-0.444022
-0.504412
-0.234507
0.125055
0.0392553
-0.35163
-0.777501
-1.23162
-1.66067
-2.08716
-3.76643
-0.715022
-0.67394
-0.613031
-0.546814
-0.480003
-0.417348
-0.367424
-0.34599
-0.381509
-0.526963
-0.730518
-0.525777
-0.104042
-0.221766
-0.600868
-0.981062
-1.42232
-1.78931
-1.8947
-1.95147
-0.722103
-0.68054
-0.618902
-0.551706
-0.483912
-0.420623
-0.371173
-0.353785
-0.405624
-0.620609
-1.0349
-0.968437
-0.459698
-0.563401
-0.86263
-1.12899
-1.45404
-1.77949
-1.8382
-1.83623
-0.728972
-0.686749
-0.624275
-0.555988
-0.486957
-0.422564
-0.372743
-0.358013
-0.425008
-0.718347
-1.41887
-1.53802
-0.927168
-0.95401
-1.14742
-1.25502
-1.38231
-1.68778
-1.71613
-1.65738
-0.735973
-0.692746
-0.62919
-0.559582
-0.48899
-0.422865
-0.371595
-0.357221
-0.435874
-0.802286
-1.80898
-2.12534
-1.42271
-1.34978
-1.4635
-1.41482
-1.16437
-1.19473
-1.41028
-1.46876
-0.743225
-0.698708
-0.633762
-0.562546
-0.489965
-0.421403
-0.367265
-0.350189
-0.432331
-0.847279
-2.06773
-2.52746
-1.78273
-1.68247
-1.85947
-1.86844
-1.45785
-1.48391
-1.65249
-1.7494
-0.75079
-0.704785
-0.638137
-0.564991
-0.489951
-0.418198
-0.359583
-0.336096
-0.409369
-0.821324
-2.07951
-2.54159
-1.85136
-1.90774
-2.43786
-3.2151
-3.35471
-3.16263
-2.84627
-2.71549
-0.758955
-0.711155
-0.642552
-0.567123
-0.489186
-0.413428
-0.348837
-0.314779
-0.365272
-0.707609
-1.74891
-2.04299
-1.5537
-1.80841
-2.74439
-4.37437
-4.85809
-4.35746
-3.74437
-3.51043
-0.767865
-0.718204
-0.647304
-0.569262
-0.487995
-0.407582
-0.33556
-0.287781
-0.30398
-0.522443
-1.15198
-1.214
-0.869448
-1.11408
-1.91897
-3.05313
-3.42616
-3.01357
-2.57491
-2.38767
-0.778115
-0.726231
-0.65276
-0.571787
-0.486836
-0.401288
-0.321031
-0.257136
-0.233569
-0.312833
-0.526671
-0.361259
-0.0956631
-0.108867
-0.317282
-0.58792
-0.727729
-0.614519
-0.5261
-0.496358
-0.789674
-0.735601
-0.659226
-0.575083
-0.486216
-0.395201
-0.306226
-0.225894
-0.163919
-0.128767
-0.0553778
0.189685
0.400395
0.51214
0.543666
0.580925
0.63745
0.681369
0.693071
0.690028
-0.802713
-0.746305
-0.666858
-0.579296
-0.48632
-0.389875
-0.292507
-0.196716
-0.102614
0.00659416
0.192018
0.457339
0.658039
0.818588
0.929633
1.01877
1.09204
1.13643
1.15229
1.15207
-0.816496
-0.757655
-0.675317
-0.584223
-0.487249
-0.385576
-0.280404
-0.171512
-0.0537669
0.0966757
0.314352
0.561297
0.756337
0.912785
1.03172
1.12289
1.19166
1.23688
1.25939
1.2634
-0.829352
-0.769497
-0.683669
-0.589077
-0.488281
-0.381939
-0.270172
-0.151232
-0.0177406
0.152506
0.371494
0.593225
0.772977
0.91383
1.02134
1.10289
1.16425
1.20804
1.23345
1.23916
-0.83856
-0.778176
-0.689853
-0.592305
-0.48825
-0.378059
-0.26128
-0.135427
0.00708818
0.184438
0.393381
0.590813
0.751345
0.876308
0.971799
1.04459
1.10027
1.14188
1.16732
1.17316
-0.841664
-0.781862
-0.69136
-0.591425
-0.485112
-0.372387
-0.252602
-0.122983
0.0233004
0.199761
0.395072
0.571043
0.713404
0.824667
0.910579
0.976963
1.02859
1.06805
1.09452
1.10042
-0.833239
-0.776305
-0.684196
-0.58332
-0.476232
-0.362901
-0.242474
-0.112363
0.0331444
0.203688
0.383837
0.541117
0.667541
0.767136
0.845135
0.906439
0.954757
0.992495
1.01851
1.02436
-0.807259
-0.755253
-0.663266
-0.564096
-0.458746
-0.347363
-0.229052
-0.102028
0.0386336
0.199526
0.363476
0.503361
0.61539
0.704428
0.775198
0.831845
0.877405
0.914035
0.939479
0.94524
-0.755813
-0.710483
-0.623175
-0.529016
-0.428978
-0.323235
-0.211048
-0.0906157
0.0412718
0.18898
0.335518
0.45829
0.556143
0.634498
0.697555
0.749005
0.791677
0.827659
0.852877
0.858936
-0.670962
-0.630771
-0.557789
-0.473744
-0.38359
-0.288003
-0.186168
-0.076752
0.0423626
0.173854
0.301418
0.406226
0.488798
0.554677
0.607847
0.651375
0.6885
0.721194
0.746053
0.754138
-0.53964
-0.517985
-0.463143
-0.394763
-0.32079
-0.240699
-0.153775
-0.0592702
0.0440628
0.157505
0.266124
0.353675
0.42115
0.473504
0.514491
0.546783
0.571918
0.591721
0.607175
0.613444
-0.376537
-0.367074
-0.335994
-0.292892
-0.241943
-0.182705
-0.11513
-0.0383802
0.0480918
0.144675
0.237476
0.311733
0.368148
0.410929
0.443034
0.466725
0.484359
0.497422
0.505301
0.507111
-0.229427
-0.225663
-0.211953
-0.189468
-0.159424
-0.120819
-0.0725807
-0.0140956
0.055019
0.134564
0.211974
0.273678
0.319717
0.353343
0.377517
0.394661
0.406145
0.413072
0.416686
0.417443
-0.118533
-0.117946
-0.113178
-0.103254
-0.0872024
-0.0638757
-0.031512
0.0110717
0.0644325
0.128193
0.191309
0.241514
0.278433
0.304908
0.323192
0.335042
0.342332
0.346598
0.348486
0.348644
-0.0449578
-0.0457887
-0.0458608
-0.0426191
-0.0343113
-0.0198551
0.00201706
0.032703
0.0731619
0.123331
0.173991
0.214357
0.243626
0.263917
0.277408
0.28609
0.291264
0.293841
0.29472
0.294705
-0.000908608
-0.00164596
-0.00261729
-0.00178397
0.00232038
0.0112405
0.0263424
0.0488
0.0795042
0.118592
0.158615
0.190523
0.213521
0.229448
0.239976
0.246426
0.249987
0.251663
0.252189
0.252177
0.0252485
0.0248629
0.0243598
0.0250188
0.0278119
0.0338106
0.0442756
0.060588
0.0837798
0.114101
0.145618
0.170842
0.188928
0.201214
0.209108
0.213901
0.216574
0.217818
0.218216
0.218213
0.0422218
0.0420405
0.0418135
0.0423663
0.0444248
0.0488492
0.056596
0.0687422
0.0862806
0.109642
0.134211
0.153905
0.167956
0.177476
0.183609
0.187311
0.189336
0.190263
0.190562
0.19056
0.0531755
0.0530987
0.0530466
0.0535663
0.0551591
0.0584481
0.0642205
0.073387
0.086773
0.104792
0.123903
0.139277
0.150248
0.157653
0.162382
0.165218
0.166771
0.167485
0.167719
0.167717
0.0599283
0.059905
0.0599531
0.0604408
0.0617319
0.0642862
0.0686912
0.07566
0.0858946
0.0997897
0.114618
0.126567
0.135081
0.140813
0.14447
0.146662
0.147857
0.148404
0.148581
0.148577
0.0636486
0.0636469
0.0637333
0.0641622
0.0651986
0.0671865
0.0705795
0.0759307
0.0837963
0.0945152
0.106001
0.115276
0.121885
0.12633
0.129161
0.130853
0.131774
0.132192
0.132326
0.132321
0.0651131
0.0651198
0.0652137
0.0655774
0.0664083
0.0679641
0.0705898
0.0747127
0.0807721
0.0890496
0.0979431
0.105132
0.110254
0.113695
0.115883
0.117187
0.117893
0.118211
0.118311
0.118305
0.0648586
0.0648673
0.0649525
0.0652498
0.0659086
0.0671243
0.069161
0.0723467
0.0770242
0.0834189
0.0902992
0.0958656
0.0998302
0.102491
0.104181
0.105186
0.105728
0.10597
0.106043
0.106037
0.0632746
0.0632828
0.063354
0.0635917
0.064109
0.0650563
0.0666358
0.0690999
0.0727134
0.0776553
0.0829772
0.0872834
0.0903494
0.0924057
0.0937089
0.0944817
0.0948963
0.0950787
0.0951327
0.0951271
0.0606577
0.0606648
0.0607224
0.0609096
0.0613135
0.0620498
0.063274
0.0651798
0.067972
0.0717902
0.0759028
0.0792311
0.0816004
0.0831876
0.0841918
0.0847856
0.0851028
0.0852399
0.0852791
0.0852741
0.0572402
0.0572457
0.0572907
0.0574365
0.0577504
0.0583214
0.0592685
0.0607413
0.0628979
0.0658467
0.0690234
0.0715935
0.0734214
0.0746445
0.0754171
0.0758724
0.0761139
0.0762178
0.0762468
0.0762423
0.0532004
0.0532045
0.0532394
0.0533522
0.0535948
0.0540359
0.0547671
0.0559038
0.0575678
0.0598424
0.0622921
0.0642732
0.0656812
0.0666221
0.0672155
0.0675648
0.0677488
0.0678265
0.0678474
0.0678435
0.0486793
0.0486822
0.0487087
0.0487954
0.0489818
0.0493215
0.0498847
0.0507599
0.0520406
0.053791
0.0556764
0.0572001
0.0582822
0.0590051
0.0594602
0.0597268
0.0598661
0.0599244
0.0599395
0.0599362
0.0437866
0.0437885
0.0438085
0.0438746
0.0440174
0.0442776
0.044709
0.0453797
0.046362
0.047705
0.049151
0.0503197
0.0511494
0.0517022
0.0520486
0.052251
0.0523561
0.052399
0.0524096
0.0524069
0.0386087
0.0386099
0.0386246
0.038674
0.0387814
0.0389784
0.0393067
0.039818
0.0405669
0.0415911
0.0426934
0.0435835
0.0442147
0.0446345
0.0448976
0.0450522
0.0451308
0.0451622
0.0451694
0.0451671
0.0332121
0.0332127
0.0332226
0.0332586
0.0333387
0.0334868
0.0337343
0.0341204
0.0346862
0.0354598
0.0362926
0.0369638
0.0374384
0.0377539
0.0379512
0.0380661
0.0381246
0.0381479
0.0381529
0.0381508
0.0276485
0.0276487
0.0276551
0.0276809
0.0277396
0.0278487
0.0280316
0.0283175
0.0287371
0.0293117
0.0299299
0.0304286
0.0307814
0.0310152
0.0311606
0.0312437
0.0312852
0.0313005
0.0313032
0.0313015
0.0219601
0.0219596
0.021963
0.0219802
0.0220212
0.0220991
0.0222304
0.0224361
0.0227385
0.0231534
0.0236005
0.0239603
0.024214
0.0243805
0.0244824
0.0245406
0.0245691
0.0245788
0.0245799
0.0245786
0.0161785
0.0161776
0.0161789
0.0161893
0.0162165
0.0162685
0.016357
0.0164968
0.0167032
0.016986
0.0172901
0.0175335
0.0177046
0.0178177
0.0178877
0.0179265
0.0179449
0.0179505
0.0179505
0.0179493
0.0103331
0.0103325
0.0103324
0.0103375
0.0103525
0.0103828
0.0104357
0.0105196
0.0106432
0.0108123
0.0109965
0.011144
0.0112481
0.0113159
0.0113564
0.0113777
0.0113863
0.0113872
0.0113857
0.011385
0.00444068
0.00443962
0.00443839
0.00443767
0.00444081
0.00444964
0.00446647
0.00449419
0.00453685
0.00459802
0.00467293
0.00474472
0.00479663
0.00483076
0.00485195
0.00486415
0.00486952
0.00487002
0.00486824
0.0048675
-1.71001
-0.965016
-0.507196
-0.189035
0.0557858
0.246942
0.407143
0.550003
0.702749
0.691403
-0.653523
-0.403494
-0.156706
0.0469522
0.21441
0.353376
0.471241
0.563818
0.606306
0.603998
-0.221393
-0.0707582
0.0842367
0.218416
0.333598
0.43116
0.509873
0.565036
0.596679
0.607913
0.0531457
0.149518
0.252135
0.344466
0.424959
0.492469
0.545533
0.584371
0.611288
0.625658
0.239669
0.305077
0.377457
0.443325
0.500634
0.548782
0.587953
0.618626
0.641556
0.656988
0.377461
0.427325
0.478625
0.527715
0.571181
0.608934
0.640517
0.665641
0.685411
0.701339
0.489909
0.526788
0.569109
0.608633
0.644721
0.676484
0.703518
0.725736
0.742907
0.759228
0.587745
0.620237
0.658113
0.693664
0.726491
0.755676
0.78069
0.800765
0.815324
0.831907
0.683263
0.717039
0.755025
0.789875
0.821675
0.849689
0.87308
0.89163
0.904425
0.921391
0.790195
0.827561
0.867415
0.903087
0.934074
0.960612
0.982511
0.999448
1.01114
1.02889
0.921685
0.961646
1.0007
1.0347
1.06339
1.08744
1.10743
1.12314
1.13509
1.15334
1.08423
1.12084
1.15331
1.18056
1.20377
1.22457
1.24346
1.25973
1.27354
1.29142
1.26974
1.29511
1.31521
1.33382
1.35167
1.36863
1.3847
1.40088
1.41819
1.43733
1.457
1.46794
1.48078
1.49541
1.50909
1.52131
1.53235
1.54379
1.55927
1.57873
1.63881
1.65235
1.6575
1.65878
1.66105
1.66846
1.68214
1.69977
1.71344
1.72479
1.90785
1.85725
1.80989
1.77846
1.76539
1.77004
1.79352
1.83857
1.9051
1.9992
0.305214
0.302383
0.296565
0.286071
0.274086
0.263347
0.254835
0.248549
0.2444
0.242538
0.24343
0.246817
0.252266
0.259812
0.269586
0.281245
0.293061
0.30134
0.305697
0.307694
0.232857
0.239863
0.245759
0.250052
0.251824
0.250885
0.248024
0.244644
0.241834
0.240404
0.241216
0.243786
0.24725
0.250725
0.252922
0.252643
0.249574
0.244441
0.237598
0.231623
0.221847
0.225298
0.229703
0.233091
0.2354
0.236895
0.237538
0.237303
0.23666
0.236346
0.236748
0.237712
0.23855
0.238599
0.237659
0.235858
0.233123
0.229124
0.224865
0.222609
0.218185
0.219851
0.223313
0.226716
0.229361
0.231187
0.232302
0.232827
0.232951
0.23301
0.233391
0.233819
0.233841
0.233261
0.231968
0.229882
0.226913
0.223342
0.220627
0.219933
0.218514
0.219035
0.220338
0.221829
0.223393
0.224991
0.22637
0.22739
0.228075
0.228545
0.228829
0.22882
0.228398
0.227494
0.22616
0.224715
0.223295
0.221864
0.220951
0.220737
0.217133
0.217372
0.218089
0.219003
0.219991
0.221011
0.221906
0.222748
0.22346
0.224024
0.224382
0.224426
0.224143
0.223603
0.222996
0.222065
0.221243
0.220434
0.219971
0.219886
0.214769
0.214868
0.215208
0.215744
0.216384
0.217141
0.217965
0.218795
0.219578
0.220268
0.220715
0.220822
0.22064
0.220251
0.219746
0.219237
0.218781
0.218395
0.218208
0.218171
0.211582
0.21164
0.211838
0.212162
0.212577
0.21309
0.213704
0.214412
0.215179
0.215949
0.216539
0.216829
0.216874
0.216766
0.216577
0.216357
0.21614
0.215959
0.215872
0.215851
0.208004
0.208044
0.208176
0.208403
0.208726
0.209162
0.209725
0.210419
0.211234
0.212128
0.212899
0.213381
0.213614
0.21368
0.213652
0.213581
0.213497
0.213424
0.213389
0.213375
0.204077
0.204106
0.204205
0.204382
0.204653
0.205042
0.205582
0.206298
0.207198
0.208261
0.209261
0.20997
0.21041
0.210661
0.21079
0.210846
0.210861
0.210858
0.210854
0.210846
0.199835
0.199864
0.199952
0.200118
0.200381
0.200779
0.201354
0.202148
0.203194
0.204492
0.205777
0.206751
0.207403
0.207828
0.20809
0.208244
0.208329
0.208371
0.208388
0.208382
0.195261
0.195287
0.195384
0.195563
0.195852
0.196297
0.196955
0.197887
0.199148
0.200755
0.202392
0.20367
0.20458
0.205185
0.205578
0.205823
0.205969
0.20605
0.206083
0.206078
0.190329
0.19036
0.19047
0.190676
0.191016
0.191545
0.192335
0.19347
0.195027
0.197039
0.199125
0.20079
0.201973
0.202784
0.203318
0.203657
0.203864
0.20398
0.204029
0.204024
0.184961
0.184998
0.185131
0.185383
0.1858
0.186451
0.18743
0.188843
0.190792
0.193328
0.195976
0.198101
0.199628
0.200679
0.201376
0.201823
0.202096
0.202252
0.202317
0.202313
0.179054
0.1791
0.179268
0.179584
0.180107
0.180926
0.182158
0.18394
0.186401
0.189611
0.192967
0.195666
0.19761
0.198952
0.199844
0.200417
0.200769
0.200969
0.201054
0.201049
0.172466
0.172525
0.172739
0.173143
0.173809
0.174852
0.176421
0.178685
0.18181
0.185878
0.190127
0.193541
0.196
0.197698
0.198828
0.199555
0.200002
0.200256
0.200364
0.200357
0.165005
0.165082
0.165359
0.16588
0.166738
0.168079
0.170089
0.172983
0.176964
0.182127
0.187499
0.191804
0.194901
0.197038
0.198461
0.199375
0.199938
0.200258
0.200394
0.200385
0.156415
0.156517
0.156879
0.157559
0.158673
0.160409
0.163003
0.16672
0.171805
0.17836
0.185141
0.190554
0.19444
0.197119
0.198903
0.200049
0.200754
0.201156
0.201326
0.201314
0.146343
0.14648
0.146962
0.14786
0.149323
0.151589
0.154958
0.159756
0.166268
0.174589
0.183129
0.189914
0.194774
0.198122
0.20035
0.201783
0.202666
0.203169
0.20338
0.203365
0.134301
0.134489
0.135144
0.136349
0.138292
0.141284
0.145697
0.151925
0.160282
0.170836
0.18156
0.190029
0.196085
0.200257
0.203036
0.204826
0.205932
0.206564
0.206829
0.206807
0.119597
0.119867
0.120782
0.12243
0.125051
0.129053
0.1349
0.143038
0.153787
0.167146
0.180549
0.191069
0.198585
0.20377
0.207234
0.209474
0.210866
0.211667
0.212003
0.211974
0.101237
0.101651
0.102972
0.105275
0.108884
0.114346
0.122202
0.132914
0.146754
0.163597
0.180239
0.193218
0.202499
0.208933
0.213257
0.216072
0.21784
0.218875
0.219311
0.219273
0.0776962
0.0783798
0.0803767
0.0837104
0.0888664
0.0965389
0.107272
0.12146
0.139248
0.160336
0.180804
0.196669
0.208053
0.216021
0.22144
0.225012
0.227287
0.228646
0.229234
0.229192
0.0463965
0.0476336
0.0508724
0.0560442
0.0638551
0.0750161
0.0899023
0.108738
0.131465
0.157586
0.182438
0.20159
0.215424
0.225257
0.232091
0.236701
0.239702
0.241535
0.242349
0.242315
0.00263078
0.00518442
0.0111984
0.0200938
0.0326848
0.0493343
0.07011
0.0949984
0.123707
0.155587
0.185283
0.208048
0.224638
0.236686
0.24534
0.251436
0.255601
0.258299
0.259497
0.259442
-0.0619004
-0.0548646
-0.0422987
-0.025738
-0.00491739
0.0198677
0.0485104
0.0808148
0.116383
0.154549
0.18936
0.215913
0.235457
0.24999
0.260853
0.268968
0.274981
0.279295
0.281218
0.280927
-0.138968
-0.127104
-0.103239
-0.0753907
-0.044571
-0.0106927
0.0263166
0.0664119
0.109341
0.154593
0.195585
0.227078
0.250755
0.268961
0.283227
0.294578
0.303809
0.310526
0.31319
0.314212
-0.216169
-0.19417
-0.160404
-0.122802
-0.0826389
-0.0400448
0.00509071
0.0528094
0.102982
0.155268
0.202454
0.238807
0.266351
0.287822
0.304953
0.318828
0.330165
0.339031
0.344106
0.345455
-0.272883
-0.247912
-0.208485
-0.164107
-0.116841
-0.0670431
-0.0147926
0.0398362
0.0966898
0.155434
0.208071
0.248377
0.27871
0.302107
0.320477
0.335065
0.346722
0.355713
0.360828
0.362236
-0.317958
-0.290909
-0.24757
-0.198576
-0.146213
-0.0909291
-0.0329581
0.0275014
0.0902015
0.154721
0.212229
0.255907
0.288377
0.313062
0.332163
0.347116
0.358889
0.367943
0.37308
0.374433
-0.353636
-0.32605
-0.280098
-0.227749
-0.171599
-0.112072
-0.049448
0.0159835
0.0838804
0.153687
0.215677
0.262374
0.296699
0.322452
0.342096
0.357274
0.369082
0.378093
0.383274
0.3846
-0.383681
-0.355714
-0.308018
-0.253187
-0.194054
-0.131087
-0.0646209
0.005032
0.0774933
0.152138
0.218398
0.268051
0.304208
0.331012
0.351207
0.366632
0.378514
0.387531
0.392776
0.394073
-0.40975
-0.38154
-0.332544
-0.275896
-0.214491
-0.148788
-0.0791421
-0.00586617
0.0707138
0.149982
0.220542
0.273294
0.311423
0.339393
0.360226
0.375957
0.387954
0.397005
0.402294
0.403554
-0.433061
-0.404692
-0.354693
-0.296615
-0.23341
-0.165518
-0.0932515
-0.0168641
0.0634377
0.147166
0.222171
0.278306
0.318671
0.348017
0.369628
0.385758
0.397926
0.407039
0.412398
0.413609
-0.454676
-0.42597
-0.375132
-0.315908
-0.251261
-0.181596
-0.107191
-0.028181
0.0554592
0.143533
0.22324
0.283171
0.326158
0.357166
0.37975
0.396402
0.408812
0.417982
0.423402
0.424492
-0.474899
-0.445829
-0.394269
-0.334116
-0.26833
-0.197277
-0.121165
-0.0399777
0.0466267
0.138929
0.22365
0.287897
0.333993
0.36703
0.390837
0.408166
0.42091
0.430197
0.435688
0.436632
-0.49391
-0.46454
-0.412329
-0.351439
-0.284741
-0.21264
-0.135244
-0.0523477
0.0368054
0.133189
0.223242
0.292408
0.342197
0.377724
0.403066
0.421264
0.434449
0.443899
0.449442
0.450266
-0.51197
-0.482221
-0.429459
-0.367969
-0.300578
-0.227721
-0.149458
-0.0653439
0.0258969
0.126138
0.221837
0.29656
0.350717
0.389278
0.416538
0.435843
0.449612
0.459316
0.464888
0.465649
-0.529127
-0.498992
-0.44574
-0.383697
-0.315842
-0.242523
-0.16378
-0.0789495
0.0138423
0.117627
0.219213
0.300165
0.359423
0.401649
0.43129
0.452009
0.466527
0.476565
0.482204
0.482914
-0.545346
-0.51481
-0.461125
-0.398656
-0.330488
-0.25698
-0.178142
-0.0931172
0.000612589
0.107517
0.215171
0.302999
0.368118
0.414711
0.447293
0.469805
0.485278
0.495745
0.501456
0.502155
-0.560596
-0.529654
-0.4756
-0.412823
-0.34448
-0.27102
-0.192463
-0.107766
-0.013749
0.095701
0.209499
0.304816
0.37655
0.428242
0.464344
0.489107
0.505854
0.516912
0.522703
0.523297
-0.574978
-0.543645
-0.489147
-0.426138
-0.357759
-0.284565
-0.206625
-0.12279
-0.0291725
0.0821361
0.202018
0.305377
0.384414
0.441821
0.482162
0.509701
0.528114
0.539966
0.54589
0.54617
-0.588264
-0.556705
-0.501771
-0.438582
-0.370275
-0.297522
-0.220515
-0.138037
-0.045574
0.0668048
0.192571
0.304491
0.391315
0.454917
0.50019
0.53131
0.551826
0.56446
0.570308
0.570261
-0.600716
-0.568719
-0.513463
-0.450127
-0.38198
-0.309825
-0.234012
-0.153365
-0.0628147
0.0497318
0.181094
0.302004
0.396992
0.466863
0.51759
0.553541
0.577186
0.590632
0.59557
0.594862
-0.612162
-0.57981
-0.524216
-0.460767
-0.392851
-0.321409
-0.24702
-0.168635
-0.0807272
0.0309777
0.167507
0.297789
0.400996
0.477056
0.533507
0.575181
0.603953
0.619375
0.621533
0.618704
-0.622833
-0.590003
-0.534027
-0.470499
-0.402866
-0.33222
-0.259423
-0.183674
-0.0991327
0.0106554
0.151801
0.291863
0.4033
0.4849
0.54608
0.59382
0.630581
0.653277
0.6532
0.630521
-0.632654
-0.599318
-0.543001
-0.479468
-0.412219
-0.34248
-0.271523
-0.198924
-0.11874
-0.0123607
0.132789
0.283601
0.404042
0.48986
0.553111
0.605373
0.650801
0.685062
0.684971
0.699148
-0.641951
-0.607717
-0.551116
-0.487689
-0.420886
-0.352133
-0.283252
-0.214276
-0.139498
-0.0383558
0.109883
0.27236
0.403068
0.491127
0.550466
0.601359
0.641207
0.670912
0.621929
0.583465
-0.651422
-0.615149
-0.55815
-0.49487
-0.428564
-0.360891
-0.294428
-0.229502
-0.161162
-0.0674068
0.0826041
0.258539
0.400774
0.490522
0.536071
0.572967
0.597138
0.575228
0.501115
0.447721
-0.661765
-0.620898
-0.564036
-0.500679
-0.435133
-0.368736
-0.304744
-0.244414
-0.183531
-0.0999174
0.0501372
0.242301
0.398385
0.488927
0.521993
0.519914
0.501186
0.436562
0.346001
0.289948
-0.344918
-0.285543
-0.23343
-0.176192
-0.0733233
0.118463
0.319981
0.0994174
-0.656843
-0.636076
-0.603147
-0.544868
-0.482029
-0.416885
-0.353988
-0.298035
-0.252192
-0.208272
-0.121166
0.0671173
0.297634
0.437645
0.454066
0.390764
0.199659
0.0708888
-0.0253248
-0.665834
-0.65053
-0.608835
-0.550108
-0.486926
-0.422288
-0.361115
-0.308807
-0.270775
-0.241482
-0.172298
0.022082
0.272311
0.418546
0.385144
0.213092
-0.0250762
-0.196324
-0.332513
-0.67893
-0.663989
-0.617344
-0.557653
-0.493701
-0.429192
-0.369038
-0.320053
-0.290627
-0.281356
-0.244527
-0.0519959
0.244034
0.396325
0.297594
0.0163644
-0.280769
-0.505298
-0.701943
-0.691033
-0.675223
-0.625934
-0.564659
-0.499933
-0.435393
-0.376271
-0.330643
-0.310118
-0.322883
-0.325577
-0.153223
0.185538
0.344804
0.174569
-0.20482
-0.57379
-0.884376
-1.18117
-0.700617
-0.684847
-0.633864
-0.571118
-0.505524
-0.440767
-0.382528
-0.340193
-0.329165
-0.367665
-0.429677
-0.307206
0.0748419
0.229433
-0.019308
-0.443713
-0.872568
-1.28644
-1.66869
-0.708509
-0.693073
-0.641039
-0.577185
-0.510689
-0.445465
-0.387701
-0.348137
-0.346333
-0.413102
-0.559211
-0.538594
-0.117578
0.0362509
-0.2714
-0.674663
-1.11337
-1.58615
-1.89404
-2.0415
-0.715767
-0.700501
-0.647621
-0.582822
-0.515367
-0.449428
-0.391676
-0.354297
-0.361275
-0.459816
-0.726397
-0.885247
-0.422794
-0.265984
-0.566911
-0.889979
-1.24695
-1.64496
-1.84918
-1.91036
-0.722549
-0.707335
-0.653724
-0.587956
-0.519407
-0.452452
-0.394164
-0.358062
-0.37271
-0.50538
-0.927331
-1.37074
-0.87948
-0.665404
-0.89406
-1.10337
-1.28733
-1.61343
-1.82412
-1.78049
-0.729297
-0.713884
-0.659396
-0.592516
-0.52267
-0.454278
-0.394753
-0.35854
-0.378514
-0.544793
-1.13312
-1.96055
-1.44816
-1.11058
-1.2398
-1.32982
-1.29809
-1.36943
-1.52793
-1.53772
-0.736134
-0.7204
-0.664773
-0.596546
-0.525091
-0.454776
-0.393076
-0.354985
-0.376094
-0.564015
-1.29496
-2.45116
-1.93974
-1.52568
-1.57921
-1.66217
-1.33892
-1.04631
-1.29635
-1.50855
-0.743269
-0.72704
-0.669997
-0.600159
-0.526721
-0.453921
-0.389004
-0.346781
-0.363356
-0.556385
-1.36406
-2.64789
-2.16015
-1.78711
-1.93562
-2.35136
-2.40081
-2.28678
-2.17957
-2.14116
-0.750635
-0.733953
-0.675274
-0.603517
-0.527727
-0.451834
-0.382624
-0.333829
-0.338934
-0.508508
-1.26231
-2.41003
-1.97177
-1.76076
-2.19142
-3.30544
-4.26667
-4.1894
-3.71048
-3.3314
-0.758715
-0.741435
-0.680844
-0.606896
-0.528361
-0.448833
-0.374294
-0.316603
-0.303644
-0.422037
-0.982346
-1.74372
-1.37951
-1.31449
-1.96909
-3.24698
-4.56869
-4.38785
-3.68232
-3.24119
-0.767766
-0.749826
-0.68709
-0.610629
-0.529016
-0.445355
-0.364722
-0.296455
-0.260572
-0.311051
-0.60351
-0.8944
-0.585201
-0.478667
-0.78864
-1.3867
-1.92328
-1.89364
-1.61639
-1.45054
-0.778011
-0.759391
-0.694338
-0.615077
-0.530094
-0.442028
-0.354797
-0.27487
-0.214339
-0.196029
-0.248301
-0.192362
0.0827738
0.248082
0.225078
0.148758
0.100276
0.154172
0.193647
0.211374
-0.789536
-0.770557
-0.702825
-0.62054
-0.531957
-0.439244
-0.345257
-0.253887
-0.169919
-0.0949244
-0.00100674
0.216468
0.461199
0.637293
0.744151
0.822641
0.897172
0.954574
0.981572
0.98637
-0.802207
-0.782725
-0.712419
-0.626938
-0.534617
-0.437362
-0.336875
-0.234842
-0.130964
-0.0163772
0.146664
0.395462
0.628915
0.807053
0.945766
1.05085
1.13377
1.1915
1.22313
1.23301
-0.815395
-0.794965
-0.722563
-0.633738
-0.537782
-0.436122
-0.329716
-0.218623
-0.0997146
0.0396442
0.229967
0.469746
0.683215
0.850455
0.981243
1.08037
1.15567
1.20984
1.24423
1.25801
-0.825817
-0.804974
-0.731752
-0.639668
-0.540314
-0.434786
-0.323438
-0.205323
-0.076217
0.0768961
0.273687
0.494593
0.685357
0.835985
0.951996
1.03997
1.10663
1.15637
1.19033
1.20539
-0.831805
-0.810991
-0.73698
-0.642538
-0.54046
-0.431935
-0.316989
-0.19422
-0.0590232
0.0995794
0.292886
0.49367
0.66273
0.796562
0.899789
0.978714
1.03911
1.08516
1.11728
1.13179
-0.829217
-0.809619
-0.735391
-0.639299
-0.535527
-0.425509
-0.30883
-0.183956
-0.0465721
0.111949
0.295728
0.478149
0.628283
0.747315
0.840063
0.911975
0.967847
1.01145
1.04145
1.05609
-0.812019
-0.792553
-0.722183
-0.626063
-0.522677
-0.412938
-0.296839
-0.172955
-0.0373755
0.115962
0.289249
0.452969
0.586213
0.692296
0.776001
0.841878
0.893784
0.934781
0.962894
0.978194
-0.772939
-0.754988
-0.690368
-0.598184
-0.497611
-0.391625
-0.279355
-0.159772
-0.0296998
0.115191
0.273447
0.419905
0.537331
0.631105
0.70605
0.766059
0.813994
0.852316
0.879004
0.894794
-0.708179
-0.69472
-0.634804
-0.549585
-0.456629
-0.358159
-0.253851
-0.142612
-0.0223168
0.110129
0.251488
0.379577
0.480997
0.561807
0.626812
0.679654
0.722547
0.756555
0.782845
0.797486
-0.607806
-0.599773
-0.55011
-0.476959
-0.396457
-0.310643
-0.218912
-0.120319
-0.0136023
0.103001
0.22519
0.33344
0.417521
0.483434
0.535623
0.577597
0.611967
0.639532
0.65956
0.669976
-0.458487
-0.45444
-0.425039
-0.374145
-0.314596
-0.248446
-0.1748
-0.0932909
-0.00295277
0.0971028
0.202358
0.294932
0.365697
0.419928
0.461642
0.493652
0.517898
0.536619
0.551561
0.559244
-0.298276
-0.29752
-0.284307
-0.257046
-0.221214
-0.177007
-0.124002
-0.0614284
0.0111324
0.0940002
0.182461
0.260337
0.319326
0.363544
0.39617
0.419815
0.436904
0.448836
0.456128
0.459135
-0.168571
-0.168818
-0.163825
-0.151845
-0.133142
-0.107281
-0.0725308
-0.0277061
0.0278533
0.0942213
0.166873
0.231124
0.279176
0.314286
0.339459
0.357054
0.368541
0.375507
0.379491
0.380824
-0.0769775
-0.0777263
-0.0773127
-0.0736028
-0.0649113
-0.0500997
-0.0279099
0.00321862
0.0444681
0.0961683
0.154446
0.206533
0.245286
0.273149
0.292313
0.304827
0.312706
0.317381
0.319607
0.3202
-0.0196873
-0.0202515
-0.0214128
-0.0213376
-0.0179222
-0.00950027
0.00516814
0.0272696
0.0579444
0.0978454
0.14394
0.185433
0.216071
0.237683
0.252371
0.261971
0.267755
0.270778
0.272
0.27225
0.0138285
0.0134927
0.0126639
0.0124567
0.0142864
0.0193115
0.0289411
0.0446121
0.0674689
0.0981234
0.134263
0.167082
0.191327
0.20839
0.219796
0.226944
0.231105
0.233277
0.23415
0.234337
0.0347071
0.0345217
0.0341323
0.034149
0.0355505
0.0392135
0.0461266
0.0574649
0.0744488
0.0978783
0.126048
0.151825
0.170799
0.183977
0.192676
0.198135
0.201317
0.202948
0.20359
0.203735
0.0483782
0.0482777
0.0480916
0.0482059
0.0492807
0.0519657
0.0570794
0.0655756
0.078422
0.0963488
0.118171
0.13827
0.153077
0.163366
0.170151
0.174369
0.176798
0.178037
0.178528
0.178642
0.0570278
0.0569711
0.056916
0.0571201
0.058035
0.0601252
0.06399
0.0703895
0.0801494
0.0939136
0.110822
0.126473
0.138006
0.145991
0.151227
0.154473
0.156344
0.157297
0.157674
0.157763
0.06214
0.0621046
0.0621091
0.0623355
0.0630999
0.0647476
0.0677335
0.0726365
0.0801051
0.0906829
0.103756
0.115901
0.124855
0.131051
0.135111
0.137624
0.139066
0.139799
0.140086
0.140151
0.0646452
0.064621
0.0646504
0.0648676
0.0654987
0.0667995
0.0691136
0.0728887
0.0786331
0.0867842
0.0968942
0.106312
0.113258
0.11806
0.121202
0.123143
0.124254
0.124816
0.125033
0.125081
0.0651897
0.0651725
0.0652074
0.065397
0.0659078
0.0669338
0.0687351
0.0716536
0.0760838
0.082373
0.0901898
0.0974835
0.102864
0.106583
0.109012
0.11051
0.111365
0.111794
0.111958
0.111992
0.0642244
0.0642118
0.0642441
0.064401
0.0648078
0.0656122
0.067013
0.0692723
0.0726945
0.0775524
0.0835961
0.0892407
0.0934049
0.0962804
0.0981569
0.0993115
0.0999687
0.100295
0.100418
0.100442
0.0620888
0.0620792
0.0621065
0.0622324
0.0625525
0.0631797
0.0642676
0.0660172
0.068663
0.072416
0.0770874
0.0814524
0.0846717
0.0868937
0.0883424
0.0892319
0.0897368
0.089985
0.090076
0.0900933
0.0590437
0.0590363
0.0590582
0.0591574
0.0594073
0.0598956
0.0607391
0.0620926
0.0641368
0.0670357
0.0706446
0.0740176
0.0765052
0.0782203
0.0793358
0.0800191
0.0804051
0.0805941
0.0806622
0.0806747
0.0552934
0.0552876
0.0553047
0.0553819
0.0555757
0.0559533
0.0566054
0.0576514
0.0592303
0.0614683
0.064254
0.0668569
0.0687747
0.0700963
0.0709557
0.0714807
0.0717759
0.0719192
0.0719696
0.0719782
0.0509966
0.050992
0.051005
0.0510643
0.0512136
0.0515049
0.0520078
0.0528141
0.0540309
0.0557552
0.0579016
0.0599071
0.0613838
0.0623998
0.0630596
0.0634626
0.0636882
0.0637968
0.0638343
0.0638403
0.0462778
0.0462743
0.0462838
0.0463286
0.0464427
0.0466659
0.0470524
0.0476725
0.048608
0.0499333
0.0515828
0.0531235
0.0542573
0.0550373
0.0555425
0.0558492
0.0560204
0.0561018
0.056129
0.056133
0.0412327
0.0412299
0.0412366
0.0412701
0.0413567
0.0415272
0.0418226
0.0422962
0.0430113
0.0440256
0.0452879
0.0464663
0.0473332
0.0479283
0.0483127
0.0485457
0.0486758
0.0487367
0.0487566
0.048759
0.0359364
0.035934
0.0359384
0.0359631
0.036028
0.0361567
0.0363803
0.0367399
0.0372833
0.0380536
0.0390122
0.0399066
0.0405632
0.0410127
0.0413029
0.0414785
0.0415764
0.0416212
0.041635
0.0416365
0.0304492
0.0304471
0.0304499
0.0304676
0.0305155
0.030611
0.0307775
0.0310459
0.0314527
0.0320301
0.0327486
0.0334187
0.0339106
0.0342478
0.034465
0.0345954
0.0346665
0.0346988
0.0347077
0.0347085
0.0248187
0.0248171
0.0248183
0.02483
0.0248638
0.0249326
0.0250533
0.0252492
0.0255466
0.0259693
0.0264963
0.0269883
0.0273498
0.0275972
0.0277558
0.02785
0.0279005
0.0279226
0.0279279
0.0279278
0.0190805
0.0190793
0.0190795
0.0190864
0.0191087
0.0191557
0.0192402
0.0193785
0.0195885
0.0198869
0.0202594
0.0206063
0.0208589
0.0210299
0.0211384
0.0212034
0.021238
0.0212526
0.0212555
0.0212552
0.013263
0.013262
0.0132609
0.013264
0.0132777
0.0133079
0.0133626
0.0134513
0.0135871
0.0137806
0.0140229
0.014247
0.0144102
0.0145215
0.0145924
0.0146331
0.0146535
0.0146611
0.0146612
0.0146604
0.00739165
0.0073911
0.00739006
0.00739061
0.00739666
0.00741155
0.00743946
0.00748622
0.0075579
0.00766029
0.00778839
0.00790856
0.00799684
0.00805616
0.00809264
0.00811346
0.00812303
0.00812494
0.00812301
0.00812207
0.00444025
0.00443899
0.00443767
0.00443866
0.0044444
0.0044569
0.00447876
0.00451341
0.00456493
0.00463559
0.00471117
0.00477314
0.00481562
0.00484268
0.00485903
0.00486759
0.00487027
0.00486909
0.00486799
0.00162057
-1.36284
-0.839003
-0.466226
-0.181799
0.0442244
0.226292
0.376402
0.50794
0.607568
0.616437
-0.577098
-0.325824
-0.116349
0.0612784
0.212182
0.339411
0.446582
0.531506
0.584468
0.602203
-0.159693
-0.0162599
0.114889
0.232453
0.335745
0.424527
0.497594
0.55243
0.589022
0.6094
0.0983087
0.188321
0.276943
0.358959
0.431753
0.493944
0.544684
0.584088
0.613282
0.631634
0.27431
0.334642
0.398975
0.459415
0.512254
0.557916
0.596515
0.627803
0.652067
0.667354
0.407782
0.451258
0.501344
0.546769
0.588385
0.625192
0.656857
0.682953
0.703842
0.716716
0.516309
0.552247
0.593745
0.632043
0.667664
0.699819
0.727983
0.75145
0.77004
0.780433
0.614679
0.648195
0.686358
0.723017
0.756628
0.787029
0.813479
0.835237
0.851825
0.86039
0.714083
0.750356
0.789374
0.826823
0.860372
0.889947
0.914967
0.935314
0.950431
0.958419
0.829868
0.8712
0.911634
0.949631
0.982375
1.0102
1.03336
1.05195
1.06584
1.07501
0.975515
1.01888
1.05726
1.09149
1.12004
1.14429
1.16523
1.18289
1.19693
1.20816
1.15458
1.19248
1.22095
1.24561
1.26685
1.28635
1.30485
1.32218
1.33821
1.35287
1.3529
1.3741
1.38926
1.40524
1.42166
1.43709
1.45094
1.46435
1.47992
1.4984
1.54397
1.55113
1.56178
1.57345
1.58353
1.5929
1.60316
1.61429
1.62595
1.6349
1.75684
1.75864
1.75078
1.73451
1.72363
1.72302
1.73528
1.75997
1.79405
1.81852
2.17716
1.98335
1.88232
1.82424
1.79478
1.78834
1.8034
1.84418
1.92023
2.06339
-0.627967
-0.636049
-0.597413
-0.539005
-0.475249
-0.409443
0.447201
0.505988
0.492769
0.398877
0.304085
0.210298
-0.119333
-0.452609
-0.903919
-1.51257
-2.37407
)
;

boundaryField
{
    wall-4
    {
        type            zeroGradient;
    }
    pressure-outlet-7
    {
        type            fixedValue;
        value           uniform 0;
    }
    velocity-inlet-6
    {
        type            zeroGradient;
    }
    velocity-inlet-5
    {
        type            zeroGradient;
    }
    frontAndBackPlanes
    {
        type            empty;
    }
}


// ************************************************************************* //
