/*--------------------------------*- C++ -*----------------------------------*\
  =========                 |
  \\      /  F ield         | OpenFOAM: The Open Source CFD Toolbox
   \\    /   O peration     | Website:  https://openfoam.org
    \\  /    A nd           | Version:  7
     \\/     M anipulation  |
\*---------------------------------------------------------------------------*/
FoamFile
{
    version     2.0;
    format      ascii;
    class       volScalarField;
    location    "0.79";
    object      T;
}
// * * * * * * * * * * * * * * * * * * * * * * * * * * * * * * * * * * * * * //

dimensions      [0 0 0 1 0 0 0];

internalField   nonuniform List<scalar> 
1000
(
0
0
0
0
0
0
0
0
0
0
0
0
0
0
0
0
0
0
0
0
0
0
0
0
0
0
0
0
0
0
0
0
0
0
0
0
0
0
0
0
0
0
0
0
0
0
0
0
0
0
0
0
0
0
0
0
0
0
0
0
0
0
0
0
0
0
0
0
0
0
0
0
0
0
0
0
0
0
0
0
0
0
0
0
0
0
0
0
0
0
0
0
0
0
0
0
0
0
0
0
0
0
0
0
0
0
0
0
0
0
0
0
0
0
0
0
0
0
0
0
0
0
0
0
0
0
0
0
0
0
0
0
0
0
0
0
0
0
0
0
0
0
0
0
0
0
0
0
0
0
0
0
0
0
0
0
0
0
0
0
0
0
0
0
0
0
0
0
0
0
0
0
0
0
0
0
0
0
0
0
0
0
0
0
0
0
0
0
0
0
0
0
0
0
0
0
0
0
0
0
0
0
0
0
0
0
0
0
0
0
0
0
0
0
0
0
0
0
0
0
0
0
0
0
0
0
0
0
0
0
0
0
0
0
0
0
0
-5.43472e-323
-6.48214e-321
-8.159e-319
-1.02473e-316
-1.2832e-314
-1.60204e-312
-1.99404e-310
-2.47432e-308
-3.0607e-306
-3.77409e-304
-4.63886e-302
-5.68326e-300
-6.9399e-298
-8.44614e-296
-1.02445e-293
-1.23833e-291
-1.49164e-289
-1.79044e-287
-2.14141e-285
-2.55189e-283
-3.02985e-281
-3.5839e-279
-4.22319e-277
-4.95737e-275
-5.79647e-273
-6.75073e-271
-7.83044e-269
-9.04572e-267
-1.04062e-264
-1.19209e-262
-1.35976e-260
-1.54426e-258
-1.74605e-256
-1.96533e-254
-2.20204e-252
-2.45581e-250
-2.7259e-248
-3.01116e-246
-3.31004e-244
-3.62051e-242
-3.94008e-240
-4.26582e-238
-4.59431e-236
-4.92172e-234
-5.24386e-232
-5.55622e-230
-5.85405e-228
-6.13248e-226
-6.38662e-224
-6.61167e-222
-6.8031e-220
-6.95674e-218
-7.06893e-216
-7.13666e-214
-7.15767e-212
-7.13059e-210
-7.05494e-208
-6.93127e-206
-6.7611e-204
-6.54696e-202
-6.29227e-200
-6.00135e-198
-5.67921e-196
-5.33144e-194
-4.96406e-192
-4.58333e-190
-4.19553e-188
-3.80682e-186
-3.42304e-184
-3.04954e-182
-2.69108e-180
-2.35168e-178
-2.03458e-176
-1.74219e-174
-1.47611e-172
-1.23711e-170
-1.02525e-168
-8.3992e-167
-6.79953e-165
-5.43742e-163
-4.29347e-161
-3.34617e-159
-2.57289e-157
-1.95085e-155
-1.45796e-153
-1.07338e-151
-7.78051e-150
-5.5494e-148
-3.89213e-146
-2.68245e-144
-1.81532e-142
-1.20531e-140
-7.84493e-139
-5.00035e-137
-3.11799e-135
-1.89979e-133
-1.12961e-131
-6.54509e-130
-3.68939e-128
-2.01946e-126
-1.0711e-124
-5.49098e-123
-2.71275e-121
-1.28694e-119
-5.83674e-118
-2.5165e-116
-1.02374e-114
-3.88876e-113
-1.35779e-111
-4.2447e-110
-1.12775e-108
-2.20913e-107
-1.09675e-106
1.58117e-104
9.31546e-103
3.15931e-101
6.34947e-100
-8.17905e-100
-6.56141e-97
-2.80075e-95
-5.43224e-94
5.22618e-93
7.27026e-91
2.16134e-89
5.06928e-89
-1.91205e-86
-6.37814e-85
-4.79166e-86
6.07768e-82
1.49602e-80
-2.43019e-79
-1.90573e-77
-1.09709e-76
1.6252e-74
3.1469e-73
-1.18861e-71
-3.88519e-70
8.94577e-69
3.8377e-67
-8.25904e-66
-3.28477e-64
9.44036e-63
2.15932e-61
-1.10939e-59
-2.79497e-59
1.04346e-56
-2.00495e-55
-4.19736e-54
2.96001e-52
-5.8963e-51
-4.32418e-50
6.78162e-48
-2.61614e-46
6.89463e-45
-1.43975e-43
2.52143e-42
-3.81304e-41
5.06636e-40
-5.98057e-39
6.31814e-38
-6.00183e-37
5.14054e-36
-3.97375e-35
2.77049e-34
-1.7376e-33
9.75413e-33
-4.85867e-32
2.11625e-31
-7.8491e-31
2.34502e-30
-4.80788e-30
1.28096e-30
4.18164e-29
-2.11699e-28
5.62465e-28
-4.85569e-28
-2.92643e-27
1.50921e-26
-3.00117e-26
-1.73577e-26
2.81709e-25
-7.09851e-25
-1.54044e-26
4.92558e-24
-1.20433e-23
-4.07858e-24
8.46409e-23
-1.46336e-22
-2.26981e-22
1.24517e-21
-7.55522e-22
-5.67637e-21
1.19483e-20
1.41497e-20
-7.70839e-20
1.26848e-20
3.58433e-19
-3.71603e-19
-1.35211e-18
2.58449e-18
4.35905e-18
-1.32204e-17
-1.25262e-17
5.80213e-17
3.45097e-17
-2.31747e-16
-1.05528e-16
8.64939e-16
4.13637e-16
-3.03468e-15
-1.96473e-15
9.88506e-15
9.57335e-15
-2.88615e-14
-4.3147e-14
6.97056e-14
1.71632e-13
-1.06772e-13
-5.81737e-13
-1.08304e-13
1.58525e-12
1.62402e-12
-2.95794e-12
-7.2016e-12
8.15058e-13
1.98707e-11
1.95296e-11
-2.87027e-11
-8.34328e-11
-3.14681e-11
1.64944e-10
2.95542e-10
1.01141e-11
-6.87019e-10
-1.02928e-09
4.45849e-11
2.43756e-09
3.7829e-09
6.7695e-10
-7.35001e-09
-1.41382e-08
-8.61135e-09
1.55882e-08
4.7478e-08
5.52153e-08
2.96458e-09
-1.13261e-07
-2.31757e-07
-2.27098e-07
2.66061e-08
5.3974e-07
1.09454e-06
1.22581e-06
3.76386e-07
-1.75654e-06
-4.77855e-06
-7.26664e-06
-6.81979e-06
-7.21847e-07
1.2716e-05
3.23311e-05
5.23067e-05
6.11493e-05
4.23189e-05
-2.27006e-05
-0.000148414
-0.000336421
-0.000564223
-0.000772901
-0.000855277
-0.000646389
8.19567e-05
0.00162117
0.00431951
0.00856938
0.0147888
0.0233983
0.034796
0.0493309
0.0672798
0.0888261
0.114046
0.1429
0.17523
0.210769
0.249146
0.28991
0.332544
0.376491
0.421175
0.466024
0.51049
0.554064
0.596292
0.636783
0.675217
0.711346
0.744993
0.776049
0.804467
0.830258
0.853477
0.874221
0.892615
0.90881
0.922968
0.935263
0.945871
0.954964
0.962712
0.969274
0.9748
0.979426
0.983279
0.98647
0.9891
0.991255
0.993014
0.994441
0.995595
0.996523
0.997266
0.997858
0.998328
0.9987
0.998993
0.999222
0.999402
0.999541
0.999649
0.999733
0.999797
0.999846
0.999884
0.999913
0.999935
0.999951
0.999964
0.999973
0.99998
0.999985
0.999989
0.999992
0.999994
0.999996
0.999997
0.999998
0.999999
0.999999
0.999999
0.999999
0.999998
0.999998
0.999999
1
1
1.00001
1.00001
1
0.999987
0.999968
0.999948
0.999939
0.999958
1.00002
1.00015
1.00034
1.00056
1.00077
1.00086
1.00065
0.999918
0.998379
0.99568
0.991431
0.985211
0.976602
0.965204
0.950669
0.93272
0.911174
0.885954
0.8571
0.82477
0.789231
0.750854
0.71009
0.667456
0.623509
0.578825
0.533976
0.48951
0.445936
0.403708
0.363217
0.324783
0.288654
0.255007
0.223951
0.195533
0.169742
0.146523
0.125779
0.107385
0.0911902
0.0770319
0.0647368
0.0541294
0.0450358
0.0372879
0.0307258
0.0252002
0.0205736
0.0167209
0.0135298
0.0109004
0.00874479
0.00698629
0.00555864
0.00440504
0.00347715
0.00273414
0.00214177
0.00167152
0.00129977
0.00100709
0.000777569
0.000598291
0.000458789
0.000350645
0.000267116
0.000202832
0.000153533
0.000115856
8.71588e-05
6.53732e-05
4.88885e-05
3.64548e-05
2.71058e-05
2.0098e-05
1.48608e-05
1.09586e-05
8.05941e-06
5.91167e-06
4.32506e-06
3.15622e-06
2.29748e-06
1.66825e-06
1.20841e-06
8.73227e-07
6.29525e-07
4.5278e-07
3.24912e-07
2.32629e-07
1.66185e-07
1.18459e-07
8.42568e-08
5.98017e-08
4.23554e-08
2.99366e-08
2.11158e-08
1.4864e-08
1.04423e-08
7.32161e-09
5.12359e-09
3.57858e-09
2.49475e-09
1.73594e-09
1.20571e-09
8.35914e-10
5.78499e-10
3.99645e-10
2.75605e-10
1.89736e-10
1.30398e-10
8.94672e-11
6.12819e-11
4.1907e-11
2.86112e-11
1.95025e-11
1.32725e-11
9.01856e-12
6.11855e-12
4.14472e-12
2.8034e-12
1.89332e-12
1.2768e-12
8.59774e-13
5.78122e-13
3.8818e-13
2.60275e-13
1.74271e-13
1.16525e-13
7.78065e-14
5.18831e-14
3.45505e-14
2.29778e-14
1.52614e-14
1.01231e-14
6.70623e-15
4.43702e-15
2.93196e-15
1.93501e-15
1.27549e-15
8.39728e-16
5.52175e-16
3.62658e-16
2.37905e-16
1.55884e-16
1.02022e-16
6.66946e-17
4.35504e-17
2.84057e-17
1.85069e-17
1.20443e-17
7.82991e-18
5.08464e-18
3.29835e-18
2.13733e-18
1.38353e-18
8.94653e-19
5.77923e-19
3.72941e-19
2.40419e-19
1.54832e-19
9.9614e-20
6.40251e-20
4.11107e-20
2.63716e-20
1.69006e-20
1.08206e-20
6.92137e-21
4.42308e-21
2.82393e-21
1.80129e-21
1.14793e-21
7.30893e-22
4.64946e-22
2.95505e-22
1.87648e-22
1.19053e-22
7.54679e-23
4.77979e-23
3.02472e-23
1.91246e-23
1.20819e-23
7.62635e-24
4.80992e-24
3.03112e-24
1.9086e-24
1.20082e-24
7.54901e-25
4.74196e-25
2.97635e-25
1.86668e-25
1.16982e-25
7.32543e-26
4.58369e-26
2.86595e-26
1.79058e-26
1.11788e-26
6.97389e-27
4.34745e-27
2.70818e-27
1.6858e-27
1.04863e-27
6.51817e-28
4.04877e-28
2.51313e-28
1.55884e-28
9.66249e-29
5.98517e-29
3.70482e-29
2.29173e-29
1.41666e-29
8.75142e-30
5.4026e-30
3.33304e-30
2.05491e-30
1.26608e-30
7.79565e-31
4.79693e-31
2.94983e-31
1.81283e-31
1.11338e-31
6.83374e-32
4.19184e-32
2.5697e-32
1.57433e-32
9.63929e-33
5.89837e-33
3.6071e-33
2.20458e-33
1.3466e-33
8.2204e-34
5.01528e-34
3.05805e-34
1.86357e-34
1.135e-34
6.90877e-35
4.203e-35
2.55549e-35
1.55291e-35
9.43144e-36
5.72493e-36
3.47316e-36
2.10593e-36
1.27622e-36
7.72995e-37
4.67945e-37
2.83128e-37
1.71215e-37
1.03484e-37
6.2514e-38
3.77448e-38
2.27779e-38
1.37388e-38
8.2825e-39
4.99063e-39
3.0056e-39
1.80922e-39
1.08851e-39
6.54581e-40
3.93441e-40
2.36365e-40
1.41931e-40
8.51848e-41
5.11021e-41
3.06414e-41
1.83642e-41
1.1001e-41
6.58701e-42
3.94223e-42
2.35828e-42
1.4101e-42
8.42758e-43
5.03454e-43
3.00622e-43
1.79426e-43
1.07043e-43
6.38314e-44
3.8047e-44
2.26681e-44
1.34995e-44
8.0359e-45
4.78148e-45
2.84383e-45
1.69067e-45
1.00468e-45
5.96781e-46
3.54338e-46
2.103e-46
1.24761e-46
7.39846e-47
4.38554e-47
2.59853e-47
1.53905e-47
9.11181e-48
5.39238e-48
3.18993e-48
1.88629e-48
1.11497e-48
6.58792e-49
3.89101e-49
2.29723e-49
1.35575e-49
7.99809e-50
4.71656e-50
2.78035e-50
1.63835e-50
9.65049e-51
5.68236e-51
3.3446e-51
1.96788e-51
1.15742e-51
6.80493e-52
3.99941e-52
2.34969e-52
1.37996e-52
8.10146e-53
4.7545e-53
2.78927e-53
1.63577e-53
9.58955e-54
5.6198e-54
3.29224e-54
1.92801e-54
1.1287e-54
6.60531e-55
3.8642e-55
2.25984e-55
1.32113e-55
7.72089e-56
4.51068e-56
2.63433e-56
1.53799e-56
8.97615e-57
5.23701e-57
3.05445e-57
1.7809e-57
1.03802e-57
6.04823e-58
3.52298e-58
2.05141e-58
1.19414e-58
6.94895e-59
4.04245e-59
2.35089e-59
1.36673e-59
7.94322e-60
4.61504e-60
2.68052e-60
1.55642e-60
9.03446e-61
5.24256e-61
3.04125e-61
1.76372e-61
1.02252e-61
5.92636e-62
3.43377e-62
1.98896e-62
1.15173e-62
6.66724e-63
3.85846e-63
2.23231e-63
1.29112e-63
7.46542e-64
4.31535e-64
2.49374e-64
1.44066e-64
8.32049e-65
4.8041e-65
2.77301e-65
1.60018e-65
9.23133e-66
5.324e-66
3.06966e-66
1.76938e-66
1.01961e-66
5.8739e-67
3.38298e-67
1.94784e-67
1.12122e-67
6.45223e-68
3.71204e-68
2.135e-68
1.22763e-68
7.05702e-69
4.05564e-69
2.33015e-69
1.33842e-69
7.68582e-70
4.41238e-70
2.53247e-70
1.45312e-70
8.33581e-71
4.7806e-71
2.74098e-71
1.57116e-71
9.00375e-72
5.15826e-72
2.95847e-72
1.59958e-72
)
;

boundaryField
{
    sides
    {
        type            zeroGradient;
    }
    empty
    {
        type            empty;
    }
}


// ************************************************************************* //
