/*--------------------------------*- C++ -*----------------------------------*\
  =========                 |
  \\      /  F ield         | OpenFOAM: The Open Source CFD Toolbox
   \\    /   O peration     | Website:  https://openfoam.org
    \\  /    A nd           | Version:  7
     \\/     M anipulation  |
\*---------------------------------------------------------------------------*/
FoamFile
{
    version     2.0;
    format      ascii;
    class       volScalarField;
    location    "0.5";
    object      T;
}
// * * * * * * * * * * * * * * * * * * * * * * * * * * * * * * * * * * * * * //

dimensions      [0 0 0 1 0 0 0];

internalField   nonuniform List<scalar> 
1000
(
1.41147e-05
1.4137e-05
1.41818e-05
1.4249e-05
1.43387e-05
1.44512e-05
1.45864e-05
1.47446e-05
1.4926e-05
1.51309e-05
1.53595e-05
1.56121e-05
1.5889e-05
1.61907e-05
1.65174e-05
1.68698e-05
1.72481e-05
1.76529e-05
1.80848e-05
1.85443e-05
1.90319e-05
1.95485e-05
2.00945e-05
2.06708e-05
2.1278e-05
2.1917e-05
2.25885e-05
2.32935e-05
2.40329e-05
2.48076e-05
2.56186e-05
2.64668e-05
2.73535e-05
2.82798e-05
2.92467e-05
3.02556e-05
3.13076e-05
3.24042e-05
3.35466e-05
3.47364e-05
3.59749e-05
3.72638e-05
3.86045e-05
3.99988e-05
4.14484e-05
4.2955e-05
4.45205e-05
4.61467e-05
4.78357e-05
4.95895e-05
5.14101e-05
5.32998e-05
5.52607e-05
5.72953e-05
5.94059e-05
6.15951e-05
6.38653e-05
6.62192e-05
6.86596e-05
7.11893e-05
7.38112e-05
7.65283e-05
7.93438e-05
8.22608e-05
8.52826e-05
8.84127e-05
9.16546e-05
9.50119e-05
9.84884e-05
0.000102088
0.000105814
0.000109672
0.000113665
0.000117797
0.000122074
0.0001265
0.000131079
0.000135816
0.000140717
0.000145787
0.000151031
0.000156454
0.000162063
0.000167862
0.000173859
0.000180059
0.000186469
0.000193095
0.000199944
0.000207022
0.000214338
0.000221898
0.000229709
0.000237781
0.000246119
0.000254734
0.000263633
0.000272824
0.000282317
0.000292121
0.000302245
0.000312698
0.000323492
0.000334635
0.000346138
0.000358013
0.000370269
0.000382919
0.000395973
0.000409445
0.000423345
0.000437687
0.000452483
0.000467746
0.000483491
0.000499731
0.00051648
0.000533752
0.000551564
0.000569929
0.000588865
0.000608386
0.00062851
0.000649253
0.000670633
0.000692668
0.000715375
0.000738774
0.000762884
0.000787723
0.000813313
0.000839674
0.000866827
0.000894793
0.000923594
0.000953253
0.000983793
0.00101524
0.00104761
0.00108094
0.00111524
0.00115056
0.0011869
0.0012243
0.00126278
0.00130238
0.00134312
0.00138504
0.00142815
0.00147251
0.00151812
0.00156503
0.00161328
0.00166288
0.00171388
0.00176632
0.00182022
0.00187563
0.00193259
0.00199112
0.00205127
0.00211308
0.00217658
0.00224183
0.00230886
0.00237771
0.00244844
0.00252107
0.00259566
0.00267226
0.00275091
0.00283166
0.00291455
0.00299965
0.00308699
0.00317663
0.00326863
0.00336303
0.00345989
0.00355927
0.00366122
0.00376581
0.00387308
0.0039831
0.00409592
0.00421162
0.00433025
0.00445188
0.00457657
0.00470438
0.00483539
0.00496965
0.00510725
0.00524825
0.00539272
0.00554073
0.00569235
0.00584767
0.00600675
0.00616968
0.00633652
0.00650736
0.00668229
0.00686137
0.00704469
0.00723234
0.0074244
0.00762095
0.00782208
0.00802788
0.00823845
0.00845386
0.0086742
0.00889958
0.00913009
0.00936582
0.00960686
0.00985331
0.0101053
0.0103628
0.0106261
0.0108952
0.0111702
0.0114512
0.0117384
0.0120317
0.0123314
0.0126376
0.0129502
0.0132696
0.0135957
0.0139287
0.0142686
0.0146157
0.01497
0.0153316
0.0157007
0.0160774
0.0164617
0.0168538
0.0172538
0.0176619
0.0180782
0.0185027
0.0189356
0.0193771
0.0198272
0.0202861
0.0207539
0.0212307
0.0217166
0.0222118
0.0227164
0.0232306
0.0237544
0.024288
0.0248315
0.025385
0.0259487
0.0265227
0.0271071
0.027702
0.0283077
0.0289241
0.0295515
0.0301899
0.0308395
0.0315004
0.0321728
0.0328567
0.0335524
0.0342598
0.0349792
0.0357107
0.0364543
0.0372103
0.0379788
0.0387597
0.0395534
0.0403599
0.0411793
0.0420117
0.0428573
0.0437161
0.0445883
0.0454741
0.0463734
0.0472864
0.0482133
0.0491541
0.050109
0.0510779
0.0520611
0.0530587
0.0540707
0.0550972
0.0561383
0.0571941
0.0582648
0.0593503
0.0604507
0.0615662
0.0626969
0.0638427
0.0650038
0.0661803
0.0673721
0.0685794
0.0698022
0.0710406
0.0722946
0.0735643
0.0748498
0.076151
0.077468
0.0788008
0.0801495
0.0815141
0.0828947
0.0842911
0.0857036
0.0871319
0.0885763
0.0900366
0.0915129
0.0930052
0.0945133
0.0960375
0.0975775
0.0991334
0.100705
0.102293
0.103896
0.105515
0.10715
0.1088
0.110466
0.112147
0.113844
0.115556
0.117284
0.119026
0.120784
0.122556
0.124343
0.126145
0.127962
0.129793
0.131639
0.133498
0.135372
0.13726
0.139161
0.141076
0.143005
0.144947
0.146901
0.148869
0.15085
0.152842
0.154848
0.156865
0.158894
0.160935
0.162987
0.16505
0.167124
0.169209
0.171305
0.17341
0.175525
0.17765
0.179784
0.181928
0.18408
0.18624
0.188408
0.190585
0.192769
0.19496
0.197157
0.199362
0.201572
0.203788
0.20601
0.208237
0.210469
0.212704
0.214944
0.217188
0.219435
0.221684
0.223936
0.22619
0.228446
0.230703
0.23296
0.235218
0.237476
0.239734
0.24199
0.244245
0.246499
0.24875
0.250998
0.253244
0.255486
0.257723
0.259956
0.262185
0.264408
0.266624
0.268835
0.271039
0.273235
0.275424
0.277604
0.279775
0.281938
0.28409
0.286232
0.288364
0.290484
0.292593
0.29469
0.296774
0.298844
0.300902
0.302945
0.304973
0.306986
0.308984
0.310966
0.312931
0.314879
0.31681
0.318722
0.320617
0.322492
0.324348
0.326184
0.328
0.329794
0.331568
0.33332
0.33505
0.336757
0.338441
0.340102
0.341739
0.343351
0.344939
0.346502
0.348039
0.34955
0.351034
0.352492
0.353922
0.355325
0.3567
0.358047
0.359365
0.360653
0.361913
0.363143
0.364342
0.365511
0.36665
0.367757
0.368833
0.369877
0.37089
0.37187
0.372817
0.373732
0.374614
0.375462
0.376277
0.377058
0.377806
0.378519
0.379197
0.379841
0.380451
0.381025
0.381564
0.382068
0.382537
0.38297
0.383367
0.383729
0.384055
0.384345
0.384598
0.384816
0.384998
0.385143
0.385252
0.385324
0.385361
0.385361
0.385324
0.385252
0.385143
0.384998
0.384816
0.384598
0.384345
0.384055
0.383729
0.383367
0.38297
0.382537
0.382068
0.381564
0.381025
0.380451
0.379841
0.379197
0.378519
0.377806
0.377058
0.376277
0.375462
0.374614
0.373732
0.372817
0.37187
0.37089
0.369877
0.368833
0.367757
0.36665
0.365511
0.364342
0.363143
0.361913
0.360653
0.359365
0.358047
0.3567
0.355325
0.353922
0.352492
0.351034
0.34955
0.348039
0.346502
0.344939
0.343351
0.341739
0.340102
0.338441
0.336757
0.33505
0.33332
0.331568
0.329794
0.328
0.326184
0.324348
0.322492
0.320617
0.318722
0.31681
0.314879
0.312931
0.310966
0.308984
0.306986
0.304973
0.302945
0.300902
0.298844
0.296774
0.29469
0.292593
0.290484
0.288364
0.286232
0.28409
0.281938
0.279775
0.277604
0.275424
0.273235
0.271039
0.268835
0.266624
0.264408
0.262185
0.259956
0.257723
0.255486
0.253244
0.250998
0.24875
0.246499
0.244245
0.24199
0.239734
0.237476
0.235218
0.23296
0.230703
0.228446
0.22619
0.223936
0.221684
0.219435
0.217188
0.214944
0.212704
0.210469
0.208237
0.20601
0.203788
0.201572
0.199362
0.197157
0.19496
0.192769
0.190585
0.188408
0.18624
0.18408
0.181928
0.179784
0.17765
0.175525
0.17341
0.171305
0.169209
0.167124
0.16505
0.162987
0.160935
0.158894
0.156865
0.154848
0.152842
0.15085
0.148869
0.146901
0.144947
0.143005
0.141076
0.139161
0.13726
0.135372
0.133498
0.131639
0.129793
0.127962
0.126145
0.124343
0.122556
0.120784
0.119026
0.117284
0.115556
0.113844
0.112147
0.110466
0.1088
0.10715
0.105515
0.103896
0.102293
0.100705
0.0991334
0.0975775
0.0960375
0.0945133
0.0930052
0.0915129
0.0900366
0.0885763
0.0871319
0.0857036
0.0842911
0.0828947
0.0815141
0.0801495
0.0788008
0.077468
0.076151
0.0748498
0.0735643
0.0722946
0.0710406
0.0698022
0.0685794
0.0673721
0.0661803
0.0650038
0.0638427
0.0626969
0.0615662
0.0604507
0.0593503
0.0582648
0.0571941
0.0561383
0.0550972
0.0540707
0.0530587
0.0520611
0.0510779
0.050109
0.0491541
0.0482133
0.0472864
0.0463734
0.0454741
0.0445883
0.0437161
0.0428573
0.0420117
0.0411793
0.0403599
0.0395534
0.0387597
0.0379788
0.0372103
0.0364543
0.0357107
0.0349792
0.0342598
0.0335524
0.0328567
0.0321728
0.0315004
0.0308395
0.0301899
0.0295515
0.0289241
0.0283077
0.027702
0.0271071
0.0265227
0.0259487
0.025385
0.0248315
0.024288
0.0237544
0.0232306
0.0227164
0.0222118
0.0217166
0.0212307
0.0207539
0.0202861
0.0198272
0.0193771
0.0189356
0.0185027
0.0180782
0.0176619
0.0172538
0.0168538
0.0164617
0.0160774
0.0157007
0.0153316
0.01497
0.0146157
0.0142686
0.0139287
0.0135957
0.0132696
0.0129502
0.0126376
0.0123314
0.0120317
0.0117384
0.0114512
0.0111702
0.0108952
0.0106261
0.0103628
0.0101053
0.00985331
0.00960686
0.00936582
0.00913009
0.00889958
0.0086742
0.00845386
0.00823845
0.00802788
0.00782208
0.00762095
0.0074244
0.00723234
0.00704469
0.00686137
0.00668229
0.00650736
0.00633652
0.00616968
0.00600675
0.00584767
0.00569235
0.00554073
0.00539272
0.00524825
0.00510725
0.00496965
0.00483539
0.00470438
0.00457657
0.00445188
0.00433025
0.00421162
0.00409592
0.0039831
0.00387308
0.00376581
0.00366122
0.00355927
0.00345989
0.00336303
0.00326863
0.00317663
0.00308699
0.00299965
0.00291455
0.00283166
0.00275091
0.00267226
0.00259566
0.00252107
0.00244844
0.00237771
0.00230886
0.00224183
0.00217658
0.00211308
0.00205127
0.00199112
0.00193259
0.00187563
0.00182022
0.00176632
0.00171388
0.00166288
0.00161328
0.00156503
0.00151812
0.00147251
0.00142815
0.00138504
0.00134312
0.00130238
0.00126278
0.0012243
0.0011869
0.00115056
0.00111524
0.00108094
0.00104761
0.00101524
0.000983793
0.000953253
0.000923594
0.000894793
0.000866827
0.000839674
0.000813313
0.000787723
0.000762884
0.000738774
0.000715375
0.000692668
0.000670633
0.000649253
0.00062851
0.000608386
0.000588865
0.000569929
0.000551564
0.000533752
0.00051648
0.000499731
0.000483491
0.000467746
0.000452483
0.000437687
0.000423345
0.000409445
0.000395973
0.000382919
0.000370269
0.000358013
0.000346138
0.000334635
0.000323492
0.000312698
0.000302245
0.000292121
0.000282317
0.000272824
0.000263633
0.000254734
0.000246119
0.000237781
0.000229709
0.000221898
0.000214338
0.000207022
0.000199944
0.000193095
0.000186469
0.000180059
0.000173859
0.000167862
0.000162063
0.000156454
0.000151031
0.000145787
0.000140717
0.000135816
0.000131079
0.0001265
0.000122074
0.000117797
0.000113665
0.000109672
0.000105814
0.000102088
9.84884e-05
9.50119e-05
9.16546e-05
8.84127e-05
8.52826e-05
8.22608e-05
7.93438e-05
7.65283e-05
7.38112e-05
7.11893e-05
6.86596e-05
6.62192e-05
6.38653e-05
6.15951e-05
5.94059e-05
5.72953e-05
5.52607e-05
5.32998e-05
5.14101e-05
4.95895e-05
4.78357e-05
4.61467e-05
4.45205e-05
4.2955e-05
4.14484e-05
3.99988e-05
3.86045e-05
3.72638e-05
3.59749e-05
3.47364e-05
3.35466e-05
3.24042e-05
3.13076e-05
3.02556e-05
2.92467e-05
2.82798e-05
2.73535e-05
2.64668e-05
2.56186e-05
2.48076e-05
2.40329e-05
2.32935e-05
2.25885e-05
2.1917e-05
2.1278e-05
2.06708e-05
2.00945e-05
1.95485e-05
1.90319e-05
1.85443e-05
1.80848e-05
1.76529e-05
1.72481e-05
1.68698e-05
1.65174e-05
1.61907e-05
1.5889e-05
1.56121e-05
1.53595e-05
1.51309e-05
1.4926e-05
1.47446e-05
1.45864e-05
1.44512e-05
1.43387e-05
1.4249e-05
1.41818e-05
1.4137e-05
1.41147e-05
)
;

boundaryField
{
    sides
    {
        type            zeroGradient;
    }
    empty
    {
        type            empty;
    }
}


// ************************************************************************* //
