/*--------------------------------*- C++ -*----------------------------------*\
  =========                 |
  \\      /  F ield         | OpenFOAM: The Open Source CFD Toolbox
   \\    /   O peration     | Website:  https://openfoam.org
    \\  /    A nd           | Version:  7
     \\/     M anipulation  |
\*---------------------------------------------------------------------------*/
FoamFile
{
    version     2.0;
    format      ascii;
    class       volScalarField;
    location    "1.95";
    object      T;
}
// * * * * * * * * * * * * * * * * * * * * * * * * * * * * * * * * * * * * * //

dimensions      [0 0 0 1 0 0 0];

internalField   nonuniform List<scalar> 
1000
(
0
0
0
0
0
0
0
0
0
0
0
0
0
0
0
0
0
0
0
0
0
0
0
0
0
0
0
0
0
0
0
0
0
0
0
0
0
0
0
0
0
0
0
0
0
0
0
0
0
0
0
0
0
0
0
0
0
0
0
0
0
0
0
0
0
0
0
0
0
0
0
0
0
0
0
0
0
0
0
0
0
0
0
0
0
0
0
0
0
0
0
0
0
0
0
0
0
0
0
0
0
0
0
0
0
0
0
0
0
0
0
0
0
0
0
0
0
0
0
0
0
0
0
0
0
0
0
0
0
0
0
0
0
0
0
0
0
0
0
0
0
0
0
0
0
0
0
0
0
0
0
0
0
0
0
0
0
0
0
0
0
0
0
0
0
0
0
0
0
0
0
0
0
0
0
0
0
0
0
0
0
0
0
0
0
0
0
0
0
0
0
0
0
0
0
0
0
0
0
0
0
0
0
0
0
0
0
0
0
0
0
0
0
0
0
0
0
0
0
0
0
0
0
0
0
0
0
0
0
0
0
0
0
0
0
0
0
0
0
0
0
0
0
0
0
0
0
0
0
0
0
0
0
0
0
-1.82182e-152
8.27108e-150
-1.85879e-147
2.75664e-145
-3.03449e-143
2.64423e-141
-1.89962e-139
1.15701e-137
-6.0978e-136
2.82438e-134
-1.16382e-132
4.30841e-131
-1.4445e-129
4.41565e-128
-1.23768e-126
3.1963e-125
-7.63689e-124
1.69421e-122
-3.5007e-121
6.75549e-120
-1.2204e-118
2.0682e-117
-3.29389e-116
4.93783e-115
-6.97681e-114
9.30186e-113
-1.17136e-111
1.39429e-110
-1.56969e-109
1.67206e-108
-1.68562e-107
1.60821e-106
-1.45183e-105
1.23959e-104
-1.00024e-103
7.61946e-103
-5.47101e-102
3.69507e-101
-2.34068e-100
1.38519e-99
-7.61544e-99
3.85781e-98
-1.77785e-97
7.29228e-97
-2.54905e-96
6.77724e-96
-7.31285e-96
-5.7012e-95
5.03751e-94
-2.47326e-93
8.43965e-93
-1.68607e-92
-1.75238e-92
3.39133e-91
-1.71806e-90
5.11831e-90
-5.5037e-90
-3.63124e-89
2.57455e-88
-8.53532e-88
1.09333e-87
4.86065e-87
-3.54252e-86
1.06085e-85
-7.52716e-86
-8.3855e-85
4.35605e-84
-9.08176e-84
-8.77879e-84
1.27263e-82
-3.99147e-82
2.35182e-82
3.0161e-81
-1.29793e-80
1.67838e-80
6.29053e-80
-3.60675e-79
6.03415e-79
1.26833e-78
-9.13031e-78
1.66488e-77
2.77247e-77
-2.17036e-76
3.81866e-76
6.96018e-76
-4.87216e-75
7.27693e-75
1.88416e-74
-1.01752e-73
1.06334e-73
4.95221e-73
-1.91311e-72
7.7972e-73
1.17422e-71
-3.06209e-71
-1.61819e-71
2.39731e-70
-3.70427e-70
-8.53767e-70
4.02076e-69
-1.9829e-69
-2.17926e-68
5.06986e-68
4.69812e-68
-3.86161e-67
3.47793e-67
1.73135e-66
-4.70781e-66
-2.89118e-66
3.10395e-65
-2.80497e-65
-1.33381e-64
3.34078e-64
2.83411e-64
-2.14992e-63
1.17256e-63
9.81331e-63
-1.7557e-62
-3.00494e-62
1.21667e-61
1.9193e-62
-6.18661e-61
5.3005e-61
2.45649e-60
-4.84054e-60
-7.11003e-60
2.87658e-59
8.03897e-60
-1.37187e-58
7.32975e-59
5.5229e-58
-7.30794e-58
-1.87453e-57
4.42166e-57
5.03668e-57
-2.17423e-56
-7.7025e-57
9.37257e-56
-2.08442e-56
-3.65356e-55
2.67814e-55
1.30688e-54
-1.63978e-54
-4.3154e-54
8.01329e-54
1.31453e-53
-3.46511e-53
-3.66139e-53
1.38124e-52
9.10806e-53
-5.18608e-52
-1.902e-52
1.85908e-51
2.64918e-52
-6.42324e-51
1.95576e-52
2.15419e-50
-3.44705e-51
-7.05075e-50
1.7585e-50
2.26127e-49
-6.77381e-50
-7.12515e-49
2.21383e-49
2.20868e-48
-6.25863e-49
-6.73497e-48
1.47342e-48
2.01728e-47
-2.39592e-48
-5.91838e-47
-8.76654e-49
1.69372e-46
3.06922e-47
-4.70163e-46
-1.79701e-46
1.2566e-45
7.84643e-46
-3.20086e-45
-2.95615e-45
7.65442e-45
1.00615e-44
-1.67545e-44
-3.15052e-44
3.18753e-44
9.13354e-44
-4.53867e-44
-2.44903e-43
1.15145e-44
6.02568e-43
2.37223e-43
-1.33616e-42
-1.19144e-42
2.56733e-42
4.06264e-42
-3.84589e-42
-1.13466e-41
2.56625e-42
2.69856e-41
9.73025e-42
-5.40116e-41
-5.38459e-41
8.43428e-41
1.69304e-40
-7.13273e-41
-4.0609e-40
-1.23059e-40
7.62733e-40
7.88956e-40
-1.00181e-39
-2.336e-39
2.89534e-40
4.89987e-39
3.1967e-39
-7.16129e-39
-1.19686e-38
4.20516e-39
2.65479e-38
1.42123e-38
-3.83315e-38
-5.9999e-38
1.90258e-38
1.28582e-37
8.14479e-38
-1.60925e-37
-2.98715e-37
8.28523e-39
5.45259e-37
5.16663e-37
-4.57933e-37
-1.371e-36
-5.8846e-37
1.78691e-36
2.88418e-36
-3.74734e-38
-4.99094e-36
-5.34289e-36
2.61961e-36
1.19433e-35
9.01581e-36
-9.75318e-36
-2.6266e-35
-1.43894e-35
2.65024e-35
5.52962e-35
2.31207e-35
-6.23067e-35
-1.14468e-34
-4.12641e-35
1.33599e-34
2.36646e-34
8.88048e-35
-2.65229e-34
-4.9041e-34
-2.25144e-34
4.82329e-34
1.01074e-33
6.10714e-34
-7.65983e-34
-2.03413e-33
-1.63834e-33
9.03341e-34
3.88234e-33
4.16363e-33
-8.51115e-35
-6.69914e-33
-9.76288e-33
-3.97335e-33
9.4318e-33
2.05418e-32
1.64639e-32
-7.08174e-33
-3.69326e-32
-4.6465e-32
-1.47769e-32
4.99313e-32
1.02954e-31
8.64636e-32
-2.28913e-32
-1.7398e-31
-2.48897e-31
-1.35117e-31
1.70022e-31
4.98306e-31
5.6798e-31
1.69409e-31
-6.14522e-31
-1.32162e-30
-1.29738e-30
-1.40497e-31
1.82536e-30
3.42201e-30
3.10918e-30
2.93649e-32
-4.92953e-30
-8.87082e-30
-8.04531e-30
-2.89273e-31
1.24227e-29
2.31592e-29
2.2474e-29
4.0526e-30
-2.88282e-29
-6.0243e-29
-6.59779e-29
-2.62383e-29
5.76589e-29
1.52016e-28
1.95625e-28
1.26326e-28
-7.66912e-29
-3.54432e-28
-5.61086e-28
-5.10646e-28
-7.68381e-29
6.88066e-28
1.48088e-27
1.79375e-27
1.11741e-27
-7.35267e-28
-3.31624e-27
-5.43711e-27
-5.45564e-27
-2.00888e-27
4.98408e-27
1.34843e-26
1.92468e-26
1.69789e-26
2.80928e-27
-2.25621e-26
-5.14104e-26
-6.90191e-26
-5.76673e-26
-4.74978e-27
8.69169e-26
1.90861e-25
2.56469e-25
2.21222e-25
3.69435e-26
-2.9507e-25
-6.92831e-25
-9.84794e-25
-9.41685e-25
-3.58136e-25
8.25805e-25
2.39885e-24
3.80755e-24
4.20949e-24
2.70268e-24
-1.26765e-24
-7.40639e-24
-1.41465e-23
-1.85565e-23
-1.68302e-23
-5.50612e-24
1.66706e-23
4.66753e-23
7.57093e-23
8.93266e-23
7.01728e-23
3.84058e-24
-1.12665e-22
-2.61782e-22
-3.99018e-22
-4.53853e-22
-3.42337e-22
6.1303e-24
6.09469e-22
1.38876e-21
2.13387e-21
2.49922e-21
2.05141e-21
3.8473e-22
-2.69499e-21
-6.94339e-21
-1.14655e-20
-1.46091e-20
-1.40754e-20
-7.35236e-21
7.46895e-21
3.05356e-20
5.89172e-20
8.55025e-20
9.8645e-20
8.32012e-20
2.35522e-20
-9.10719e-20
-2.59209e-19
-4.58818e-19
-6.40124e-19
-7.22887e-19
-6.02067e-19
-1.65902e-19
6.7084e-19
1.91855e-18
3.45432e-18
4.9647e-18
5.90859e-18
5.52596e-18
2.92212e-18
-2.74483e-18
-1.19568e-17
-2.44159e-17
-3.85566e-17
-5.10844e-17
-5.66953e-17
-4.81843e-17
-1.71925e-17
4.4162e-17
1.40592e-16
2.69868e-16
4.18228e-16
5.55616e-16
6.31924e-16
5.75945e-16
2.99292e-16
-2.9215e-16
-1.27672e-15
-2.68359e-15
-4.44735e-15
-6.3531e-15
-7.97865e-15
-8.64617e-15
-7.40151e-15
-3.04686e-15
5.74227e-15
2.01809e-14
4.09868e-14
6.7818e-14
9.85354e-14
1.28326e-13
1.4878e-13
1.47088e-13
1.05623e-13
2.28431e-15
-1.87908e-13
-4.89374e-13
-9.20027e-13
-1.48218e-12
-2.14977e-12
-2.85178e-12
-3.45223e-12
-3.72805e-12
-3.34764e-12
-1.85458e-12
1.33653e-12
6.9222e-12
1.56571e-11
2.8249e-11
4.51812e-11
6.64399e-11
9.11211e-11
1.16895e-10
1.39309e-10
1.50929e-10
1.40328e-10
9.09839e-11
-1.98176e-11
-2.21896e-10
-5.52616e-10
-1.05645e-09
-1.78303e-09
-2.7829e-09
-4.09974e-09
-5.75764e-09
-7.74136e-09
-9.96706e-09
-1.22402e-08
-1.41969e-08
-1.52229e-08
-1.43453e-08
-1.00884e-08
-2.86232e-10
1.816e-08
4.9591e-08
9.99789e-08
1.77414e-07
2.92708e-07
4.60131e-07
6.98312e-07
1.03133e-06
1.48999e-06
2.11342e-06
2.95083e-06
4.06372e-06
5.52833e-06
7.43858e-06
9.90933e-06
1.30803e-05
1.71202e-05
2.2232e-05
2.8658e-05
3.66863e-05
4.66575e-05
5.89722e-05
7.40997e-05
9.25863e-05
0.000115066
0.000142271
0.000175042
0.000214343
0.000261271
0.000317071
0.000383153
0.000461102
0.000552697
0.000659926
0.000785001
0.000930376
0.00109876
0.00129314
0.00151679
0.00177329
0.00206652
0.00240074
0.0027805
0.00321073
0.00369674
0.00424419
0.00485912
0.00554797
0.00631754
0.00717501
0.00812796
0.00918429
0.0103523
0.0116406
0.0130581
0.0146141
0.0163181
0.0181797
0.0202091
0.0224162
0.0248114
0.027405
0.0302074
0.0332289
0.0364799
0.0399707
0.0437111
0.0477111
0.0519801
0.0565273
0.0613615
0.0664909
0.0719234
0.0776661
0.0837254
0.0901074
0.096817
0.103859
0.111235
0.11895
0.127005
0.135399
0.144134
0.153206
0.162616
0.172357
0.182427
0.19282
0.203529
0.214547
0.225865
0.237473
0.249361
0.261517
0.273929
0.286584
0.299468
0.312566
0.325862
0.339341
0.352985
0.366778
0.380703
0.39474
0.408872
0.423081
0.437348
0.451654
0.465981
0.48031
0.494622
0.508901
0.523126
0.537282
0.551351
0.565315
0.57916
0.592868
0.606425
0.619816
0.633027
0.646045
0.658857
0.671451
0.683817
0.695943
0.70782
0.719438
0.73079
0.741867
0.752662
0.763169
0.773383
0.783297
0.792907
0.802209
0.8112
0.819874
0.828231
0.836266
0.843979
0.851366
0.858425
0.865156
0.871556
0.877623
0.883356
0.888754
0.893815
0.898537
0.902918
0.906957
0.910651
0.913998
0.916995
0.919641
0.921931
0.923864
0.925435
0.926643
0.927482
0.92795
0.928043
0.927757
0.927089
0.926034
0.924589
0.922751
0.920516
0.91788
0.914842
0.911398
0.907545
0.903283
0.89861
0.893525
0.888027
0.882117
0.875796
0.869066
0.861929
0.854389
0.846449
0.838115
0.829392
0.820286
0.810807
0.800961
0.790759
0.78021
0.769326
0.758118
0.7466
0.734785
0.722687
0.710322
0.697705
0.684852
0.671782
0.65851
0.645056
0.631437
0.617673
0.603782
0.589784
0.575698
0.561543
0.547339
0.533106
0.518861
0.504626
0.490417
0.476254
0.462155
0.448138
0.434218
0.420414
0.406741
0.393214
0.379848
0.366657
0.353653
0.34085
0.32826
0.315892
0.303756
0.291863
0.28022
0.268835
0.257714
0.246863
0.236287
0.225991
0.215977
0.206249
0.196808
0.187655
0.178791
0.170215
0.161927
0.153925
0.146207
0.138771
0.131613
0.124729
0.118117
0.11177
0.105685
0.0998559
0.0942778
0.0889448
0.0838509
0.0789899
0.0743555
0.0699412
0.0657405
0.0617466
0.0579527
0.0543522
0.0509382
0.0477039
0.0446426
0.0417476
0.0390122
0.0364298
0.033994
0.0316987
0.029536
0.0275083
0.0255656
0.0239286
0.0214372
)
;

boundaryField
{
    sides
    {
        type            zeroGradient;
    }
    empty
    {
        type            empty;
    }
}


// ************************************************************************* //
