/*--------------------------------*- C++ -*----------------------------------*\
  =========                 |
  \\      /  F ield         | OpenFOAM: The Open Source CFD Toolbox
   \\    /   O peration     | Website:  https://openfoam.org
    \\  /    A nd           | Version:  7
     \\/     M anipulation  |
\*---------------------------------------------------------------------------*/
FoamFile
{
    version     2.0;
    format      ascii;
    class       volScalarField;
    location    "1.31";
    object      T;
}
// * * * * * * * * * * * * * * * * * * * * * * * * * * * * * * * * * * * * * //

dimensions      [0 0 0 1 0 0 0];

internalField   nonuniform List<scalar> 
1000
(
0
0
0
0
0
0
0
0
0
0
0
0
0
0
0
0
0
0
0
0
0
0
0
0
0
0
0
0
0
0
0
0
0
0
0
0
0
0
0
0
0
0
0
0
0
0
0
0
0
0
0
0
0
0
0
0
0
0
0
0
0
0
0
0
0
0
0
0
0
0
0
0
0
0
0
0
0
0
0
0
0
0
0
0
0
0
0
0
0
0
0
0
0
0
0
0
0
0
0
0
0
0
0
0
0
0
0
0
0
0
0
0
0
0
0
0
0
0
0
0
0
0
0
0
0
0
0
0
0
0
0
0
0
0
0
0
0
0
0
0
0
0
0
0
0
0
0
0
0
0
0
0
0
0
0
0
0
0
0
0
0
0
0
0
0
0
0
0
0
0
0
0
0
0
0
0
0
0
0
0
0
0
0
0
0
0
0
0
0
0
0
0
0
0
0
0
0
0
0
0
0
0
0
0
0
0
0
0
0
0
0
0
0
0
0
0
0
0
0
0
0
0
0
0
0
0
0
0
0
0
0
0
0
0
0
0
0
0
0
0
0
0
0
0
0
0
0
0
0
0
0
0
0
0
0
0
0
0
0
0
0
0
0
0
0
0
0
0
0
0
0
0
0
0
0
0
0
0
0
0
0
0
0
0
0
0
0
0
0
0
0
0
0
0
0
0
0
0
0
0
0
0
0
0
0
0
0
0
0
0
0
0
0
0
0
0
0
0
0
-4.23894e-142
4.80837e-139
-2.70413e-136
1.0052e-133
-2.77836e-131
6.09013e-129
-1.10271e-126
1.69624e-124
-2.26268e-122
2.65869e-120
-2.78596e-118
2.62947e-116
-2.25378e-114
1.76639e-112
-1.2733e-110
8.48425e-109
-5.24841e-107
3.02569e-105
-1.63103e-103
8.24575e-102
-3.91999e-100
1.75655e-98
-7.43513e-97
2.9786e-95
-1.13135e-93
4.08073e-92
-1.39982e-90
4.57277e-89
-1.42427e-87
4.23448e-86
-1.20296e-84
3.26859e-83
-8.50172e-82
2.11856e-80
-5.06156e-79
1.16021e-77
-2.55308e-76
5.39664e-75
-1.09633e-73
2.14155e-72
-4.02416e-71
7.27702e-70
-1.26684e-68
2.12382e-67
-3.42979e-66
5.33677e-65
-8.00286e-64
1.15677e-62
-1.61192e-61
2.16567e-60
-2.80559e-59
3.50478e-58
-4.22189e-57
4.90405e-56
-5.4926e-55
5.93111e-54
-6.17404e-53
6.19444e-52
-5.98877e-51
5.57775e-50
-5.00296e-49
4.31996e-48
-3.58943e-47
2.86843e-46
-2.20334e-45
1.62572e-44
-1.15134e-43
7.81926e-43
-5.08729e-42
3.16701e-41
-1.88388e-40
1.06902e-39
-5.77573e-39
2.96419e-38
-1.44095e-37
6.61142e-37
-2.85021e-36
1.14761e-35
-4.28008e-35
1.46078e-34
-4.47462e-34
1.18736e-33
-2.51701e-33
3.14639e-33
4.44142e-33
-4.48541e-32
1.68759e-31
-4.02319e-31
4.60462e-31
1.01966e-30
-7.24617e-30
2.02698e-29
-2.41681e-29
-5.18279e-29
3.35027e-28
-7.4854e-28
1.80962e-28
4.19447e-27
-1.31797e-26
1.05674e-26
5.17761e-26
-1.93621e-25
1.63498e-25
7.42158e-25
-2.56014e-24
1.18757e-24
1.17923e-23
-2.86934e-23
-1.20995e-23
1.72249e-22
-2.10835e-22
-5.70391e-22
1.86905e-21
3.99842e-22
-9.70047e-21
9.05166e-21
3.70202e-20
-7.83756e-20
-1.03838e-19
4.42971e-19
1.55001e-19
-2.08074e-18
4.7017e-19
8.84073e-18
-5.56794e-18
-3.56896e-17
3.23099e-17
1.41682e-16
-1.47015e-16
-5.65003e-16
5.65761e-16
2.27445e-15
-1.80711e-15
-9.12745e-15
4.07305e-15
3.55475e-14
2.97655e-16
-1.29246e-13
-7.29352e-14
4.14108e-13
5.3684e-13
-1.04011e-12
-2.66926e-12
1.24007e-12
1.0071e-11
5.66455e-12
-2.71488e-11
-4.77043e-11
3.26621e-11
1.8991e-10
1.34097e-10
-4.14304e-10
-9.70382e-10
-1.03644e-10
2.7628e-09
4.46297e-09
-1.19408e-09
-1.49197e-08
-2.12136e-08
6.55976e-09
7.15669e-08
1.10213e-07
4.16141e-09
-2.96148e-07
-5.85199e-07
-3.57274e-07
8.50201e-07
2.71763e-06
3.50411e-06
4.26832e-07
-8.21719e-06
-1.96023e-05
-2.3765e-05
-5.2665e-06
4.80609e-05
0.000129744
0.000198403
0.000171332
-5.95578e-05
-0.000580632
-0.00137874
-0.00224554
-0.00268784
-0.00187263
0.0013677
0.00845697
0.0209278
0.0402268
0.0675065
0.103443
0.148111
0.20094
0.260757
0.325899
0.39438
0.464085
0.532954
0.599143
0.661134
0.717805
0.768446
0.812736
0.85069
0.882593
0.908921
0.930272
0.947298
0.960662
0.970991
0.97886
0.984769
0.989149
0.992352
0.994666
0.996318
0.997483
0.998296
0.998857
0.99924
0.9995
0.999673
0.999788
0.999864
0.999913
0.999945
0.999966
0.999979
0.999987
0.999992
0.999995
0.999997
0.999998
0.999999
0.999999
1
1
1
1
1
1
1
1
1
1
1
1
1
1
1
1
1
1
1
1
1
1
1
1
1
1
1
1
1
1
1
1
0.999999
0.999997
0.999996
1
1.00001
1.00002
1.00002
1.00001
0.999952
0.99987
0.999802
0.999829
1.00006
1.00058
1.00138
1.00225
1.00269
1.00187
0.998632
0.991543
0.979072
0.959773
0.932493
0.896557
0.851889
0.79906
0.739243
0.674101
0.60562
0.535915
0.467046
0.400857
0.338866
0.282195
0.231554
0.187264
0.14931
0.117407
0.0910787
0.0697285
0.0527017
0.0393381
0.0290086
0.0211404
0.0152307
0.0108514
0.00764816
0.00533412
0.00368244
0.00251711
0.00170407
0.0011429
0.000759588
0.000500391
0.000326819
0.000211679
0.000135993
8.66801e-05
5.48252e-05
3.44181e-05
2.14498e-05
1.32732e-05
8.15681e-06
4.97891e-06
3.0192e-06
1.81913e-06
1.08923e-06
6.48225e-07
3.83482e-07
2.25548e-07
1.31907e-07
7.67164e-08
4.43769e-08
2.55345e-08
1.46167e-08
8.32486e-09
4.71797e-09
2.66093e-09
1.49367e-09
8.34573e-10
4.64199e-10
2.57049e-10
1.41723e-10
7.78061e-11
4.25378e-11
2.31612e-11
1.25604e-11
6.78489e-12
3.65096e-12
1.95718e-12
1.0453e-12
5.56256e-13
2.94955e-13
1.55853e-13
8.20695e-14
4.30705e-14
2.25288e-14
1.17457e-14
6.10423e-15
3.1624e-15
1.63327e-15
8.40969e-16
4.31722e-16
2.2098e-16
1.12783e-16
5.7399e-17
2.91305e-17
1.47434e-17
7.4417e-18
3.74618e-18
1.88091e-18
9.41941e-19
4.70518e-19
2.34446e-19
1.1653e-19
5.778e-20
2.85811e-20
1.41045e-20
6.94425e-21
3.41115e-21
1.67184e-21
8.17569e-22
3.98935e-22
1.94241e-22
9.4374e-23
4.57564e-23
2.21386e-23
1.06896e-23
5.15105e-24
2.47723e-24
1.189e-24
5.69582e-25
2.72333e-25
1.29964e-25
6.19065e-26
2.94341e-26
1.39693e-26
6.61791e-27
3.12965e-27
1.47745e-27
6.96269e-28
3.27567e-28
1.53848e-28
7.21368e-29
3.37682e-29
1.57817e-29
7.36375e-30
3.43048e-30
1.59562e-30
7.41016e-31
3.43606e-31
1.59087e-31
7.35453e-32
3.39494e-32
1.56485e-32
7.20247e-33
3.3103e-33
1.51928e-33
6.96302e-34
3.1868e-34
1.45651e-34
6.6479e-35
3.03019e-35
1.37936e-35
6.27064e-36
2.84696e-36
1.29089e-36
5.8458e-37
2.64392e-37
1.19429e-37
5.38809e-38
2.42787e-38
1.09267e-38
4.9117e-39
2.20524e-39
9.88939e-40
4.42971e-40
1.98189e-40
8.85698e-41
3.95366e-41
1.76289e-41
7.85179e-42
3.49327e-42
1.55247e-42
6.89195e-43
3.0563e-43
1.35391e-43
5.99134e-44
2.64854e-44
1.16961e-44
5.15974e-45
2.27392e-45
1.00112e-45
4.40314e-46
1.93468e-46
8.49242e-47
3.72418e-47
1.63159e-47
7.14132e-48
3.12272e-48
1.36421e-48
5.9542e-49
2.59636e-49
1.13112e-49
4.92333e-50
2.14101e-50
9.30227e-51
4.03808e-51
1.75138e-51
7.58936e-52
3.28591e-52
1.42146e-52
6.14388e-53
2.65329e-53
1.14489e-53
4.93606e-54
2.12638e-54
9.1526e-55
3.93637e-55
1.6916e-55
7.26363e-56
3.11648e-56
1.33608e-56
5.72352e-57
2.44995e-57
1.04789e-57
4.47861e-58
1.91268e-58
8.16231e-59
3.48065e-59
1.48315e-59
6.31526e-60
2.68707e-60
1.14249e-60
4.85415e-61
2.06093e-61
8.7439e-62
3.70716e-62
1.57063e-62
6.64971e-63
2.81341e-63
1.1895e-63
5.02578e-64
2.12201e-64
8.95363e-65
3.77539e-65
1.59088e-65
6.69926e-66
2.81925e-66
1.18565e-66
4.98313e-67
2.093e-67
8.78536e-68
3.68533e-68
1.54497e-68
6.47282e-69
2.71018e-69
1.13406e-69
4.7425e-70
1.98205e-70
8.27869e-71
3.45579e-71
1.4417e-71
6.01098e-72
2.50473e-72
1.04309e-72
4.34141e-73
1.80588e-73
7.50756e-74
3.11933e-74
1.29532e-74
5.37587e-75
2.22986e-75
9.24411e-76
3.83012e-76
1.58607e-76
6.56438e-77
2.71538e-77
1.12262e-77
4.63876e-78
1.91576e-78
7.90766e-79
3.26233e-79
1.34518e-79
5.54377e-80
2.28353e-80
9.40123e-81
3.86848e-81
1.59102e-81
6.54021e-82
2.68713e-82
1.10349e-82
4.52934e-83
1.85817e-83
7.61942e-84
3.12282e-84
1.27927e-84
5.238e-85
2.14369e-85
8.769e-86
3.58535e-86
1.46524e-86
5.98525e-87
2.44373e-87
9.9729e-88
4.06808e-88
1.65866e-88
6.75971e-89
2.7536e-89
1.12118e-89
4.56308e-90
1.85629e-90
7.54813e-91
3.0679e-91
1.24638e-91
5.06141e-92
2.05448e-92
8.33577e-93
3.38066e-93
1.37048e-93
5.55337e-94
2.24935e-94
9.10697e-95
3.6856e-95
1.49095e-95
6.02885e-96
2.43685e-96
9.84561e-97
3.9763e-97
1.60524e-97
6.47774e-98
2.61296e-98
1.05358e-98
4.24648e-99
1.71087e-99
6.89025e-100
2.77384e-100
1.11624e-100
4.4902e-101
1.80553e-101
7.25733e-102
2.91596e-102
1.17117e-102
4.70214e-103
1.88715e-103
7.57098e-104
3.03624e-104
1.21719e-104
4.87775e-105
1.95398e-105
7.82458e-106
3.13216e-106
1.25334e-106
5.01343e-107
2.00468e-107
8.01308e-108
3.20183e-108
1.27892e-108
5.10663e-109
2.03832e-109
8.13314e-110
3.24409e-110
1.29353e-110
5.15595e-111
2.05443e-111
8.18327e-112
3.25847e-112
1.29704e-112
5.16113e-113
2.05301e-113
8.16377e-114
3.24524e-114
1.28961e-114
5.12301e-115
2.03446e-115
8.07667e-116
3.20533e-116
1.27166e-116
5.0435e-117
1.99964e-117
7.92558e-118
3.14031e-118
1.24387e-118
4.9254e-119
1.94971e-119
7.71548e-120
3.05225e-120
1.2071e-120
4.77232e-121
1.88618e-121
7.45251e-122
2.94367e-122
1.16237e-122
4.58847e-123
1.81076e-123
7.14367e-124
2.81743e-124
1.11085e-124
4.37852e-125
1.72533e-125
6.79655e-126
2.67656e-126
1.05376e-126
4.1474e-127
1.63187e-127
6.41904e-128
2.52424e-128
9.92352e-129
3.90012e-129
1.53238e-129
6.0191e-130
2.36361e-130
9.27864e-131
3.64774e-131
1.29119e-131
)
;

boundaryField
{
    sides
    {
        type            zeroGradient;
    }
    empty
    {
        type            empty;
    }
}


// ************************************************************************* //
