/*--------------------------------*- C++ -*----------------------------------*\
  =========                 |
  \\      /  F ield         | OpenFOAM: The Open Source CFD Toolbox
   \\    /   O peration     | Website:  https://openfoam.org
    \\  /    A nd           | Version:  7
     \\/     M anipulation  |
\*---------------------------------------------------------------------------*/
FoamFile
{
    version     2.0;
    format      ascii;
    class       volScalarField;
    location    "1.5";
    object      T;
}
// * * * * * * * * * * * * * * * * * * * * * * * * * * * * * * * * * * * * * //

dimensions      [0 0 0 1 0 0 0];

internalField   nonuniform List<scalar> 
1000
(
0.00800236
0.00800416
0.00800776
0.00801315
0.00802034
0.00802934
0.00804013
0.00805273
0.00806713
0.00808333
0.00810134
0.00812116
0.00814279
0.00816622
0.00819147
0.00821854
0.00824742
0.00827813
0.00831066
0.00834501
0.00838119
0.00841921
0.00845906
0.00850076
0.00854429
0.00858968
0.00863692
0.00868601
0.00873696
0.00878978
0.00884446
0.00890102
0.00895947
0.00901979
0.00908201
0.00914612
0.00921213
0.00928005
0.00934988
0.00942163
0.0094953
0.00957091
0.00964845
0.00972794
0.00980938
0.00989278
0.00997814
0.0100655
0.0101548
0.0102461
0.0103394
0.0104347
0.010532
0.0106313
0.0107327
0.0108361
0.0109415
0.011049
0.0111585
0.0112702
0.0113838
0.0114996
0.0116175
0.0117375
0.0118596
0.0119838
0.0121102
0.0122387
0.0123693
0.0125021
0.0126371
0.0127743
0.0129136
0.0130552
0.013199
0.013345
0.0134932
0.0136437
0.0137965
0.0139515
0.0141088
0.0142683
0.0144302
0.0145944
0.0147609
0.0149298
0.015101
0.0152745
0.0154504
0.0156287
0.0158094
0.0159925
0.016178
0.016366
0.0165563
0.0167491
0.0169444
0.0171422
0.0173424
0.0175452
0.0177504
0.0179582
0.0181685
0.0183814
0.0185968
0.0188148
0.0190354
0.0192585
0.0194843
0.0197127
0.0199437
0.0201774
0.0204137
0.0206527
0.0208944
0.0211388
0.0213859
0.0216357
0.0218882
0.0221435
0.0224015
0.0226623
0.0229259
0.0231922
0.0234614
0.0237334
0.0240082
0.0242859
0.0245664
0.0248497
0.025136
0.0254251
0.0257171
0.0260121
0.0263099
0.0266107
0.0269144
0.0272211
0.0275308
0.0278434
0.0281591
0.0284777
0.0287993
0.029124
0.0294517
0.0297824
0.0301162
0.030453
0.0307929
0.0311359
0.031482
0.0318312
0.0321835
0.032539
0.0328975
0.0332592
0.0336241
0.0339921
0.0343633
0.0347376
0.0351152
0.0354959
0.0358798
0.036267
0.0366573
0.0370509
0.0374477
0.0378478
0.0382511
0.0386576
0.0390674
0.0394805
0.0398969
0.0403165
0.0407394
0.0411656
0.0415951
0.0420279
0.0424639
0.0429033
0.0433461
0.0437921
0.0442414
0.0446941
0.0451501
0.0456094
0.0460721
0.0465381
0.0470074
0.0474801
0.0479561
0.0484355
0.0489182
0.0494043
0.0498937
0.0503864
0.0508825
0.051382
0.0518848
0.0523909
0.0529004
0.0534132
0.0539293
0.0544488
0.0549717
0.0554978
0.0560273
0.0565602
0.0570963
0.0576358
0.0581785
0.0587246
0.059274
0.0598267
0.0603827
0.0609419
0.0615045
0.0620703
0.0626394
0.0632117
0.0637873
0.0643661
0.0649482
0.0655334
0.0661219
0.0667136
0.0673085
0.0679066
0.0685078
0.0691122
0.0697197
0.0703304
0.0709442
0.0715611
0.0721811
0.0728042
0.0734303
0.0740595
0.0746917
0.075327
0.0759652
0.0766064
0.0772506
0.0778978
0.0785479
0.0792009
0.0798568
0.0805156
0.0811772
0.0818417
0.082509
0.0831791
0.0838519
0.0845276
0.0852059
0.085887
0.0865707
0.0872571
0.0879462
0.0886378
0.0893321
0.0900289
0.0907282
0.0914301
0.0921344
0.0928413
0.0935505
0.0942621
0.0949761
0.0956925
0.0964112
0.0971321
0.0978553
0.0985808
0.0993084
0.100038
0.10077
0.101504
0.10224
0.102978
0.103718
0.10446
0.105204
0.10595
0.106698
0.107448
0.108199
0.108952
0.109707
0.110463
0.111222
0.111981
0.112743
0.113505
0.11427
0.115035
0.115803
0.116571
0.117341
0.118112
0.118884
0.119658
0.120432
0.121208
0.121985
0.122762
0.123541
0.124321
0.125101
0.125883
0.126665
0.127448
0.128232
0.129016
0.129801
0.130586
0.131372
0.132158
0.132945
0.133732
0.13452
0.135307
0.136095
0.136883
0.137671
0.13846
0.139248
0.140036
0.140824
0.141612
0.1424
0.143187
0.143974
0.144761
0.145547
0.146333
0.147118
0.147903
0.148687
0.149471
0.150253
0.151035
0.151816
0.152596
0.153375
0.154153
0.15493
0.155706
0.156481
0.157254
0.158026
0.158797
0.159566
0.160334
0.1611
0.161865
0.162628
0.163389
0.164149
0.164906
0.165662
0.166416
0.167168
0.167917
0.168665
0.16941
0.170154
0.170895
0.171633
0.172369
0.173103
0.173834
0.174562
0.175288
0.176011
0.176732
0.177449
0.178164
0.178876
0.179584
0.18029
0.180992
0.181692
0.182388
0.183081
0.18377
0.184456
0.185139
0.185818
0.186493
0.187165
0.187833
0.188497
0.189157
0.189814
0.190467
0.191115
0.19176
0.192401
0.193037
0.193669
0.194297
0.19492
0.19554
0.196154
0.196765
0.19737
0.197971
0.198568
0.19916
0.199747
0.200329
0.200906
0.201479
0.202046
0.202608
0.203166
0.203718
0.204265
0.204807
0.205343
0.205875
0.206401
0.206921
0.207436
0.207946
0.208449
0.208948
0.20944
0.209927
0.210409
0.210884
0.211354
0.211817
0.212275
0.212727
0.213173
0.213613
0.214047
0.214474
0.214895
0.215311
0.21572
0.216122
0.216519
0.216909
0.217292
0.217669
0.21804
0.218404
0.218762
0.219113
0.219457
0.219795
0.220126
0.22045
0.220768
0.221079
0.221383
0.22168
0.22197
0.222254
0.22253
0.2228
0.223062
0.223318
0.223567
0.223808
0.224043
0.22427
0.22449
0.224703
0.224909
0.225108
0.2253
0.225484
0.225661
0.225831
0.225994
0.226149
0.226297
0.226438
0.226572
0.226698
0.226816
0.226928
0.227032
0.227128
0.227218
0.227299
0.227374
0.227441
0.2275
0.227553
0.227597
0.227634
0.227664
0.227687
0.227701
0.227709
0.227709
0.227701
0.227687
0.227664
0.227634
0.227597
0.227553
0.2275
0.227441
0.227374
0.227299
0.227218
0.227128
0.227032
0.226928
0.226816
0.226698
0.226572
0.226438
0.226297
0.226149
0.225994
0.225831
0.225661
0.225484
0.2253
0.225108
0.224909
0.224703
0.22449
0.22427
0.224043
0.223808
0.223567
0.223318
0.223062
0.2228
0.22253
0.222254
0.22197
0.22168
0.221383
0.221079
0.220768
0.22045
0.220126
0.219795
0.219457
0.219113
0.218762
0.218404
0.21804
0.217669
0.217292
0.216909
0.216519
0.216122
0.21572
0.215311
0.214895
0.214474
0.214047
0.213613
0.213173
0.212727
0.212275
0.211817
0.211354
0.210884
0.210409
0.209927
0.20944
0.208948
0.208449
0.207946
0.207436
0.206921
0.206401
0.205875
0.205343
0.204807
0.204265
0.203718
0.203166
0.202608
0.202046
0.201479
0.200906
0.200329
0.199747
0.19916
0.198568
0.197971
0.19737
0.196765
0.196154
0.19554
0.19492
0.194297
0.193669
0.193037
0.192401
0.19176
0.191115
0.190467
0.189814
0.189157
0.188497
0.187833
0.187165
0.186493
0.185818
0.185139
0.184456
0.18377
0.183081
0.182388
0.181692
0.180992
0.18029
0.179584
0.178876
0.178164
0.177449
0.176732
0.176011
0.175288
0.174562
0.173834
0.173103
0.172369
0.171633
0.170895
0.170154
0.16941
0.168665
0.167917
0.167168
0.166416
0.165662
0.164906
0.164149
0.163389
0.162628
0.161865
0.1611
0.160334
0.159566
0.158797
0.158026
0.157254
0.156481
0.155706
0.15493
0.154153
0.153375
0.152596
0.151816
0.151035
0.150253
0.149471
0.148687
0.147903
0.147118
0.146333
0.145547
0.144761
0.143974
0.143187
0.1424
0.141612
0.140824
0.140036
0.139248
0.13846
0.137671
0.136883
0.136095
0.135307
0.13452
0.133732
0.132945
0.132158
0.131372
0.130586
0.129801
0.129016
0.128232
0.127448
0.126665
0.125883
0.125101
0.124321
0.123541
0.122762
0.121985
0.121208
0.120432
0.119658
0.118884
0.118112
0.117341
0.116571
0.115803
0.115035
0.11427
0.113505
0.112743
0.111981
0.111222
0.110463
0.109707
0.108952
0.108199
0.107448
0.106698
0.10595
0.105204
0.10446
0.103718
0.102978
0.10224
0.101504
0.10077
0.100038
0.0993084
0.0985808
0.0978553
0.0971321
0.0964112
0.0956925
0.0949761
0.0942621
0.0935505
0.0928413
0.0921344
0.0914301
0.0907282
0.0900289
0.0893321
0.0886378
0.0879462
0.0872571
0.0865707
0.085887
0.0852059
0.0845276
0.0838519
0.0831791
0.082509
0.0818417
0.0811772
0.0805156
0.0798568
0.0792009
0.0785479
0.0778978
0.0772506
0.0766064
0.0759652
0.075327
0.0746917
0.0740595
0.0734303
0.0728042
0.0721811
0.0715611
0.0709442
0.0703304
0.0697197
0.0691122
0.0685078
0.0679066
0.0673085
0.0667136
0.0661219
0.0655334
0.0649482
0.0643661
0.0637873
0.0632117
0.0626394
0.0620703
0.0615045
0.0609419
0.0603827
0.0598267
0.059274
0.0587246
0.0581785
0.0576358
0.0570963
0.0565602
0.0560273
0.0554978
0.0549717
0.0544488
0.0539293
0.0534132
0.0529004
0.0523909
0.0518848
0.051382
0.0508825
0.0503864
0.0498937
0.0494043
0.0489182
0.0484355
0.0479561
0.0474801
0.0470074
0.0465381
0.0460721
0.0456094
0.0451501
0.0446941
0.0442414
0.0437921
0.0433461
0.0429033
0.0424639
0.0420279
0.0415951
0.0411656
0.0407394
0.0403165
0.0398969
0.0394805
0.0390674
0.0386576
0.0382511
0.0378478
0.0374477
0.0370509
0.0366573
0.036267
0.0358798
0.0354959
0.0351152
0.0347376
0.0343633
0.0339921
0.0336241
0.0332592
0.0328975
0.032539
0.0321835
0.0318312
0.031482
0.0311359
0.0307929
0.030453
0.0301162
0.0297824
0.0294517
0.029124
0.0287993
0.0284777
0.0281591
0.0278434
0.0275308
0.0272211
0.0269144
0.0266107
0.0263099
0.0260121
0.0257171
0.0254251
0.025136
0.0248497
0.0245664
0.0242859
0.0240082
0.0237334
0.0234614
0.0231922
0.0229259
0.0226623
0.0224015
0.0221435
0.0218882
0.0216357
0.0213859
0.0211388
0.0208944
0.0206527
0.0204137
0.0201774
0.0199437
0.0197127
0.0194843
0.0192585
0.0190354
0.0188148
0.0185968
0.0183814
0.0181685
0.0179582
0.0177504
0.0175452
0.0173424
0.0171422
0.0169444
0.0167491
0.0165563
0.016366
0.016178
0.0159925
0.0158094
0.0156287
0.0154504
0.0152745
0.015101
0.0149298
0.0147609
0.0145944
0.0144302
0.0142683
0.0141088
0.0139515
0.0137965
0.0136437
0.0134932
0.013345
0.013199
0.0130552
0.0129136
0.0127743
0.0126371
0.0125021
0.0123693
0.0122387
0.0121102
0.0119838
0.0118596
0.0117375
0.0116175
0.0114996
0.0113838
0.0112702
0.0111585
0.011049
0.0109415
0.0108361
0.0107327
0.0106313
0.010532
0.0104347
0.0103394
0.0102461
0.0101548
0.0100655
0.00997814
0.00989278
0.00980938
0.00972794
0.00964845
0.00957091
0.0094953
0.00942163
0.00934988
0.00928005
0.00921213
0.00914612
0.00908201
0.00901979
0.00895947
0.00890102
0.00884446
0.00878978
0.00873696
0.00868601
0.00863692
0.00858968
0.00854429
0.00850076
0.00845906
0.00841921
0.00838119
0.00834501
0.00831066
0.00827813
0.00824742
0.00821854
0.00819147
0.00816622
0.00814279
0.00812116
0.00810134
0.00808333
0.00806713
0.00805273
0.00804013
0.00802934
0.00802034
0.00801315
0.00800776
0.00800416
0.00800236
)
;

boundaryField
{
    sides
    {
        type            zeroGradient;
    }
    empty
    {
        type            empty;
    }
}


// ************************************************************************* //
