/*--------------------------------*- C++ -*----------------------------------*\
  =========                 |
  \\      /  F ield         | OpenFOAM: The Open Source CFD Toolbox
   \\    /   O peration     | Website:  https://openfoam.org
    \\  /    A nd           | Version:  7
     \\/     M anipulation  |
\*---------------------------------------------------------------------------*/
FoamFile
{
    version     2.0;
    format      ascii;
    class       volScalarField;
    location    "1.24";
    object      T;
}
// * * * * * * * * * * * * * * * * * * * * * * * * * * * * * * * * * * * * * //

dimensions      [0 0 0 1 0 0 0];

internalField   nonuniform List<scalar> 
1000
(
0
0
0
0
0
0
0
0
0
0
0
0
0
0
0
0
0
0
0
0
0
0
0
0
0
0
0
0
0
0
0
0
0
0
0
0
0
0
0
0
0
0
0
0
0
0
0
0
0
0
0
0
0
0
0
0
0
0
0
0
0
0
0
0
0
0
0
0
0
0
0
0
0
0
0
0
0
0
0
0
0
0
0
0
0
0
0
0
0
0
0
0
0
0
0
0
0
0
0
0
0
0
0
0
0
0
0
0
0
0
0
0
0
0
0
0
0
0
0
0
0
0
0
0
0
0
0
0
0
0
0
0
0
0
0
0
0
0
0
0
0
0
0
0
0
0
0
0
0
0
0
0
0
0
0
0
0
0
0
0
0
0
0
0
0
0
0
0
0
0
0
0
0
0
0
0
0
0
0
0
0
0
0
0
0
0
0
0
0
0
0
0
0
0
0
0
0
0
0
0
0
0
0
0
0
0
0
0
0
0
0
0
0
0
0
0
0
0
0
0
0
0
0
0
0
0
0
0
0
0
0
0
0
0
0
0
0
0
0
0
0
0
0
0
0
0
0
0
0
0
0
0
0
0
0
0
0
0
0
0
0
0
0
0
0
0
0
0
0
0
0
0
0
0
0
0
0
0
0
0
0
0
0
0
0
0
0
0
0
0
0
0
0
0
0
0
0
0
0
0
0
0
0
0
0
0
0
0
0
0
0
0
0
0
0
0
0
0
0
0
0
0
0
0
0
0
1.51889e-134
-1.63078e-131
8.67651e-129
-3.04983e-126
7.96711e-124
-1.64971e-121
2.82022e-119
-4.09374e-117
5.15028e-115
-5.70439e-113
5.63125e-111
-5.00423e-109
4.0361e-107
-2.97479e-105
2.01535e-103
-1.26128e-101
7.32353e-100
-3.96028e-98
2.00114e-96
-9.47677e-95
4.21716e-93
-1.7676e-91
6.99319e-90
-2.61655e-88
9.27476e-87
-3.11948e-85
9.96994e-84
-3.03184e-82
8.78302e-81
-2.42652e-79
6.39978e-78
-1.61282e-76
3.88701e-75
-8.96584e-74
1.9807e-72
-4.19355e-71
8.51404e-70
-1.6585e-68
3.10121e-67
-5.56896e-66
9.60761e-65
-1.59297e-63
2.53911e-62
-3.89184e-61
5.73754e-60
-8.13718e-59
1.11036e-57
-1.45794e-56
1.84218e-55
-2.24004e-54
2.62121e-53
-2.95153e-52
3.19778e-51
-3.33305e-50
3.34151e-49
-3.22141e-48
2.98551e-47
-2.65892e-46
2.27465e-45
-1.86824e-44
1.47232e-43
-1.11257e-42
8.05498e-42
-5.58237e-41
3.69936e-40
-2.34128e-39
1.41308e-38
-8.1194e-38
4.43239e-37
-2.29317e-36
1.12099e-35
-5.15797e-35
2.223e-34
-8.91537e-34
3.29682e-33
-1.1088e-32
3.31604e-32
-8.44676e-32
1.64584e-31
-1.44485e-31
-5.87455e-31
3.78935e-30
-1.23487e-29
2.47489e-29
-1.23847e-29
-1.26673e-28
5.67767e-28
-1.20632e-27
4.08131e-28
6.62482e-27
-2.41129e-26
3.23474e-26
5.60332e-26
-3.60525e-25
6.39067e-25
5.07102e-25
-5.04257e-24
8.96513e-24
8.76862e-24
-6.93803e-23
9.18302e-23
2.03804e-22
-8.64617e-22
3.94526e-22
3.88947e-21
-7.89072e-21
-8.63584e-21
5.07847e-20
-1.92235e-20
-2.24969e-19
3.24107e-19
7.55398e-19
-2.151e-18
-1.81029e-18
1.09457e-17
1.51488e-18
-4.8813e-17
1.46362e-17
2.03071e-16
-1.1758e-16
-8.19282e-16
5.81505e-16
3.27971e-15
-2.22985e-15
-1.31058e-14
6.41179e-15
5.1674e-14
-8.17519e-15
-1.95601e-13
-5.71729e-14
6.80691e-13
5.9828e-13
-2.0239e-12
-3.51961e-12
4.27575e-12
1.55473e-11
-5.18861e-13
-5.21947e-11
-5.1134e-11
1.14687e-10
2.93594e-10
-1.53439e-11
-9.3965e-10
-1.17341e-09
1.29115e-09
5.37801e-09
3.99767e-09
-9.89752e-09
-2.7279e-08
-1.54753e-08
5.26079e-08
1.34849e-07
9.09471e-08
-2.11013e-07
-6.47686e-07
-6.66968e-07
4.4721e-07
2.70432e-06
4.39759e-06
2.12203e-06
-7.00412e-06
-2.10299e-05
-2.92293e-05
-1.29651e-05
4.45715e-05
0.000139661
0.000227192
0.000211178
-3.73064e-05
-0.000623641
-0.00153577
-0.00253011
-0.0030281
-0.0020595
0.00171802
0.00991034
0.0241997
0.0461099
0.0767692
0.116716
0.165786
0.223097
0.287135
0.355913
0.427183
0.498652
0.568188
0.633973
0.6946
0.74912
0.797032
0.838231
0.872935
0.901603
0.924851
0.943373
0.957885
0.969072
0.977566
0.98392
0.988607
0.992019
0.994469
0.996207
0.997426
0.99827
0.998849
0.999241
0.999504
0.999679
0.999794
0.999869
0.999917
0.999948
0.999968
0.99998
0.999988
0.999993
0.999996
0.999997
0.999998
0.999999
0.999999
1
1
1
1
1
1
1
1
1
1
1
1
1
1
1
1
1
1
1
1
1
1
1
1
1
1
1
1
1
1
1
1
1
1
0.999997
0.999996
0.999998
1.00001
1.00002
1.00003
1.00001
0.999955
0.99986
0.999773
0.999789
1.00004
1.00062
1.00154
1.00253
1.00303
1.00206
0.998282
0.99009
0.9758
0.95389
0.923231
0.883284
0.834214
0.776903
0.712865
0.644087
0.572817
0.501348
0.431812
0.366027
0.3054
0.25088
0.202968
0.161769
0.127065
0.0983969
0.0751491
0.0566267
0.0421155
0.0309279
0.0224342
0.0160799
0.0113926
0.00798144
0.00553103
0.00379262
0.00257406
0.00172973
0.00115118
0.000759
0.000495895
0.000321146
0.0002062
0.000131298
8.29294e-05
5.19686e-05
3.23183e-05
1.99491e-05
1.2225e-05
7.43902e-06
4.49573e-06
2.69887e-06
1.60966e-06
9.53962e-07
5.61877e-07
3.28952e-07
1.91456e-07
1.10793e-07
6.37562e-08
3.64887e-08
2.07719e-08
1.17633e-08
6.6278e-09
3.71576e-09
2.07306e-09
1.15109e-09
6.3619e-10
3.50015e-10
1.91713e-10
1.0455e-10
5.67727e-11
3.07002e-11
1.65335e-11
8.86844e-12
4.7383e-12
2.52188e-12
1.33717e-12
7.06385e-13
3.71808e-13
1.95006e-13
1.0192e-13
5.30865e-14
2.75578e-14
1.42584e-14
7.3534e-15
3.78025e-15
1.93729e-15
9.89765e-16
5.04148e-16
2.56032e-16
1.29647e-16
6.54613e-17
3.29595e-17
1.6549e-17
8.28666e-18
4.13828e-18
2.06117e-18
1.02395e-18
5.07377e-19
2.50779e-19
1.23644e-19
6.08131e-20
2.98384e-20
1.46059e-20
7.13289e-21
3.47541e-21
1.68952e-21
8.19509e-22
3.96632e-22
1.9155e-22
9.231e-23
4.43916e-23
2.13035e-23
1.02026e-23
4.87638e-24
2.32604e-24
1.10735e-24
5.2615e-25
2.49519e-25
1.18108e-25
5.58015e-26
2.63157e-26
1.23878e-26
5.82101e-27
2.73045e-27
1.27853e-27
5.9764e-28
2.78887e-28
1.29924e-28
6.04263e-29
2.80577e-29
1.30069e-29
6.02004e-30
2.78188e-30
1.28351e-30
5.91272e-31
2.71965e-31
1.24906e-31
5.72804e-32
2.62294e-32
1.19932e-32
5.47593e-33
2.49667e-33
1.13672e-33
5.16817e-34
2.34651e-34
1.06394e-34
4.81753e-35
2.17847e-35
9.83799e-36
4.43704e-36
1.99857e-36
8.99059e-37
4.03932e-37
1.81253e-37
8.12309e-38
3.63601e-38
1.62556e-38
7.25865e-39
3.23737e-39
1.44217e-39
6.41706e-40
2.85202e-40
1.26611e-40
5.61433e-41
2.48678e-41
1.10026e-41
4.86265e-42
2.14673e-42
9.46704e-43
4.17047e-43
1.83525e-43
8.06772e-44
3.54286e-44
1.55421e-44
6.81114e-45
2.98189e-45
1.30415e-45
5.69812e-46
2.48718e-46
1.08457e-46
4.72488e-47
2.05639e-47
8.94144e-48
3.88418e-48
1.68572e-48
7.3092e-49
3.16632e-49
1.37039e-49
5.92571e-50
2.56005e-50
1.10502e-50
4.76551e-51
2.05338e-51
8.84002e-52
3.80245e-52
1.6342e-52
7.01742e-53
3.01083e-53
1.29073e-53
5.52871e-54
2.36624e-54
1.0119e-54
4.32385e-55
1.8461e-55
7.8758e-56
3.35732e-56
1.43005e-56
6.08659e-57
2.58858e-57
1.10007e-57
4.6714e-58
1.9822e-58
8.40477e-59
3.56108e-59
1.50771e-59
6.37879e-60
2.69677e-60
1.1393e-60
4.80973e-61
2.02907e-61
8.55395e-62
3.60358e-62
1.51705e-62
6.38215e-63
2.6831e-63
1.12723e-63
4.73256e-64
1.98559e-64
8.32518e-65
3.48828e-65
1.46064e-65
6.11216e-66
2.55602e-66
1.06821e-66
4.4614e-67
1.86213e-67
7.76742e-68
3.23797e-68
1.34896e-68
5.61638e-69
2.33695e-69
9.71801e-70
4.03872e-70
1.67745e-70
6.96299e-71
2.88858e-71
1.19762e-71
4.96248e-72
2.05507e-72
8.50556e-73
3.51828e-73
1.45449e-73
6.0096e-74
2.48162e-74
1.0242e-74
4.22463e-75
1.74163e-75
7.17601e-76
2.95511e-76
1.21627e-76
5.00324e-77
2.05703e-77
8.45275e-78
3.47157e-78
1.42504e-78
5.84654e-79
2.39743e-79
9.82584e-80
4.02504e-80
1.64797e-80
6.74384e-81
2.75833e-81
1.12764e-81
4.60759e-82
1.88176e-82
7.6814e-83
3.13404e-83
1.27808e-83
5.20953e-84
2.12242e-84
8.64284e-85
3.51783e-85
1.43116e-85
5.81965e-86
2.36539e-86
9.60961e-87
3.90219e-87
1.58384e-87
6.42562e-88
2.60568e-88
1.05616e-88
4.27903e-89
1.73287e-89
7.01444e-90
2.8381e-90
1.14781e-90
4.64006e-91
1.87494e-91
7.57293e-92
3.0574e-92
1.23383e-92
4.97706e-93
2.00681e-93
8.08828e-94
3.25855e-94
1.31223e-94
5.28223e-95
2.12542e-95
8.54854e-96
3.43687e-96
1.3812e-96
5.5485e-97
2.22802e-97
8.94312e-98
3.58827e-98
1.43916e-98
5.76983e-99
2.31231e-99
9.26315e-100
3.7094e-100
1.48484e-100
5.9414e-101
2.37647e-101
9.50189e-102
3.79772e-102
1.5173e-102
6.05981e-103
2.41926e-103
9.65486e-104
3.85166e-104
1.536e-104
6.12314e-105
2.44005e-105
9.72e-106
3.87059e-106
1.54075e-106
6.131e-107
2.4388e-107
9.69766e-108
3.85483e-108
1.53176e-108
6.08449e-109
2.41606e-109
9.59047e-110
3.8056e-110
1.50958e-110
5.98609e-111
2.37291e-111
9.40316e-112
3.72494e-112
1.47509e-112
5.83949e-113
2.31093e-113
9.14226e-114
3.61558e-114
1.42942e-114
5.6494e-115
2.23204e-115
8.8158e-116
3.48082e-116
1.37393e-116
5.42133e-117
2.13851e-117
8.43292e-118
3.32437e-118
1.3101e-118
5.16135e-119
2.03277e-119
8.00347e-120
3.15018e-120
1.23953e-120
4.87584e-121
1.91738e-121
7.53766e-122
2.96233e-122
1.16386e-122
4.57127e-123
1.79492e-123
7.0457e-124
2.76487e-124
1.08467e-124
4.25398e-125
1.66788e-125
6.53747e-126
2.5617e-126
1.00351e-126
3.93e-127
1.53864e-127
6.02227e-128
2.35646e-128
9.21801e-129
3.60489e-129
1.40937e-129
5.50858e-130
2.15245e-130
8.40824e-131
3.28367e-131
1.28202e-131
5.00391e-132
1.95258e-132
7.61709e-133
2.97066e-133
1.15821e-133
4.52181e-134
1.5939e-134
)
;

boundaryField
{
    sides
    {
        type            zeroGradient;
    }
    empty
    {
        type            empty;
    }
}


// ************************************************************************* //
