/*--------------------------------*- C++ -*----------------------------------*\
  =========                 |
  \\      /  F ield         | OpenFOAM: The Open Source CFD Toolbox
   \\    /   O peration     | Website:  https://openfoam.org
    \\  /    A nd           | Version:  7
     \\/     M anipulation  |
\*---------------------------------------------------------------------------*/
FoamFile
{
    version     2.0;
    format      ascii;
    class       volScalarField;
    location    "2.86";
    object      T;
}
// * * * * * * * * * * * * * * * * * * * * * * * * * * * * * * * * * * * * * //

dimensions      [0 0 0 1 0 0 0];

internalField   nonuniform List<scalar> 
1000
(
0
0
0
0
0
0
0
0
0
0
0
0
0
0
0
0
0
0
0
0
0
0
0
0
0
0
0
0
0
0
0
0
0
0
0
0
0
0
0
0
0
0
0
0
0
0
0
0
0
0
0
0
0
0
0
0
0
0
0
0
0
0
0
0
0
0
0
0
0
0
0
0
0
0
0
0
0
0
0
0
0
0
0
0
0
0
0
0
0
0
0
0
0
0
0
0
0
0
0
0
0
0
0
0
0
0
0
0
0
0
0
0
0
0
0
0
0
0
0
0
0
0
0
0
0
0
0
0
0
0
0
0
0
0
0
0
0
0
0
0
0
0
0
0
0
0
0
0
0
0
0
0
0
0
0
0
0
0
0
0
0
0
0
0
0
0
0
0
0
0
0
0
0
0
0
0
0
0
0
0
0
0
0
0
0
0
0
0
0
0
0
0
0
0
0
0
0
0
0
0
0
0
0
0
0
0
0
0
0
0
0
0
0
0
0
0
0
0
0
0
0
0
0
0
0
0
0
0
0
0
0
0
0
0
0
0
0
0
0
0
0
0
0
0
0
0
0
0
0
0
0
0
0
0
0
0
0
0
0
0
0
0
0
0
0
0
0
0
0
0
0
0
0
0
0
0
0
0
0
0
0
0
0
0
0
0
0
0
0
0
0
0
0
0
0
0
0
0
0
0
0
0
0
0
0
0
0
0
0
0
0
0
0
0
0
0
0
0
0
0
0
0
0
0
0
0
0
0
0
0
0
0
0
0
0
0
0
0
0
0
0
0
0
0
0
4.94066e-324
5.17435e-320
1.38412e-316
3.67509e-313
9.68824e-310
2.53552e-306
6.5871e-303
1.69858e-299
4.34712e-296
1.10407e-292
2.78249e-289
6.95763e-286
1.72599e-282
4.24735e-279
1.0367e-275
2.50954e-272
6.02413e-269
1.43384e-265
3.38348e-262
7.91458e-259
1.83502e-255
4.21645e-252
9.60038e-249
2.16575e-245
4.83998e-242
1.07136e-238
2.34867e-235
5.09844e-232
1.09576e-228
2.33123e-225
4.90886e-222
1.02289e-218
2.10889e-215
4.30114e-212
8.67636e-209
1.73075e-205
3.41345e-202
6.65471e-199
1.28219e-195
2.44104e-192
4.59094e-189
8.52779e-186
1.56416e-182
2.83226e-179
5.06156e-176
8.92542e-173
1.55257e-169
2.66339e-166
4.50464e-163
7.50929e-160
1.23346e-156
1.99571e-153
3.17968e-150
4.98694e-147
7.6966e-144
1.16848e-140
1.74437e-137
2.55965e-134
3.69037e-131
5.22543e-128
7.26347e-125
9.90686e-122
1.32521e-118
1.7377e-115
2.23239e-112
2.80821e-109
3.45701e-106
4.16213e-103
4.8977e-100
5.62904e-97
6.31434e-94
6.90785e-91
7.36425e-88
7.64388e-85
7.71798e-82
7.57317e-79
7.21421e-76
6.66437e-73
5.96314e-70
5.16164e-67
4.31624e-64
3.48169e-61
2.7049e-58
2.02041e-55
1.44822e-52
9.94139e-50
6.5207e-47
4.07657e-44
2.42242e-41
1.36402e-38
7.25282e-36
3.62758e-33
1.69911e-30
7.41489e-28
2.99708e-25
1.11425e-22
3.77888e-20
1.15741e-17
3.16209e-15
7.58584e-13
1.5655e-10
2.70232e-08
3.74649e-06
0.000391294
0.0274072
0.972593
0.999609
0.999996
1
1
1
1
1
1
1
1
1
1
1
1
1
1
1
1
1
1
1
1
1
1
1
1
1
1
1
1
1
1
1
1
1
1
1
1
1
1
1
1
1
1
1
1
1
1
1
1
1
1
1
1
1
1
1
1
1
1
1
1
1
1
1
1
1
1
1
1
1
1
1
1
1
1
1
1
1
1
1
1
1
1
1
1
1
1
1
1
1
1
1
1
1
1
0.999996
0.999609
0.972593
0.0274072
0.000391294
3.74649e-06
2.70232e-08
1.5655e-10
7.58584e-13
3.16209e-15
1.15741e-17
3.77888e-20
1.11425e-22
2.99708e-25
7.41489e-28
1.69911e-30
3.62758e-33
7.25282e-36
1.36402e-38
2.42242e-41
4.07657e-44
6.5207e-47
9.94139e-50
1.44822e-52
2.02041e-55
2.7049e-58
3.48169e-61
4.31624e-64
5.16164e-67
5.96314e-70
6.66437e-73
7.21421e-76
7.57317e-79
7.71798e-82
7.64388e-85
7.36425e-88
6.90785e-91
6.31434e-94
5.62904e-97
4.8977e-100
4.16213e-103
3.45701e-106
2.80821e-109
2.23239e-112
1.7377e-115
1.32521e-118
9.90686e-122
7.26347e-125
5.22543e-128
3.69037e-131
2.55965e-134
1.74437e-137
1.16848e-140
7.6966e-144
4.98694e-147
3.17968e-150
1.99571e-153
1.23346e-156
7.50929e-160
4.50464e-163
2.66339e-166
1.55257e-169
8.92542e-173
5.06156e-176
2.83226e-179
1.56416e-182
8.52779e-186
4.59094e-189
2.44104e-192
1.28219e-195
6.65471e-199
3.41345e-202
1.73075e-205
8.67636e-209
4.30114e-212
2.10889e-215
1.02289e-218
4.90886e-222
2.33123e-225
1.09576e-228
5.09844e-232
2.34867e-235
1.07136e-238
4.83998e-242
2.16575e-245
9.60038e-249
4.21645e-252
1.83502e-255
7.91458e-259
3.38348e-262
1.43384e-265
6.02413e-269
2.50954e-272
1.0367e-275
4.24735e-279
1.72599e-282
6.95763e-286
2.78249e-289
1.10407e-292
4.34712e-296
1.69858e-299
6.5871e-303
2.53552e-306
9.68824e-310
3.67509e-313
1.38412e-316
5.17435e-320
4.94066e-324
0
0
0
0
0
0
0
0
0
0
0
0
0
0
0
0
0
0
0
0
0
0
0
0
0
0
0
0
0
0
0
0
0
0
0
0
0
0
0
0
0
0
0
0
0
0
0
0
0
0
0
0
0
0
0
0
0
0
0
0
0
0
0
0
0
0
0
0
0
0
0
0
0
0
0
0
0
0
0
0
0
0
0
0
0
0
0
0
0
0
0
0
0
0
0
0
0
0
0
0
0
0
0
0
0
0
0
0
0
0
0
0
0
0
0
0
0
0
0
0
0
0
0
0
0
0
0
0
0
0
0
0
0
0
0
0
0
0
0
0
0
0
0
0
0
0
0
0
0
0
0
0
0
0
0
0
0
0
0
0
0
0
0
0
0
0
0
0
0
0
0
0
0
0
0
0
0
0
0
0
0
0
0
0
0
0
0
0
0
0
0
0
0
0
0
0
0
0
0
0
0
0
0
0
0
0
0
0
0
0
0
0
0
0
0
0
0
0
0
0
0
0
0
0
0
0
0
0
0
0
0
0
0
0
0
0
0
0
0
0
0
0
0
0
0
0
0
0
0
0
0
0
0
0
0
0
0
0
0
0
0
0
0
0
0
0
0
0
0
0
0
0
0
0
0
0
0
0
0
0
0
0
0
0
0
0
0
0
0
0
0
0
0
0
0
0
0
0
0
0
0
0
0
0
0
0
0
0
0
0
0
0
0
0
0
0
0
0
0
0
0
0
0
0
0
0
0
0
0
0
0
0
0
0
0
0
0
0
0
0
0
0
0
0
0
)
;

boundaryField
{
    sides
    {
        type            zeroGradient;
    }
    empty
    {
        type            empty;
    }
}


// ************************************************************************* //
