/*--------------------------------*- C++ -*----------------------------------*\
  =========                 |
  \\      /  F ield         | OpenFOAM: The Open Source CFD Toolbox
   \\    /   O peration     | Website:  https://openfoam.org
    \\  /    A nd           | Version:  7
     \\/     M anipulation  |
\*---------------------------------------------------------------------------*/
FoamFile
{
    version     2.0;
    format      ascii;
    class       volScalarField;
    location    "3.34";
    object      T;
}
// * * * * * * * * * * * * * * * * * * * * * * * * * * * * * * * * * * * * * //

dimensions      [0 0 0 1 0 0 0];

internalField   nonuniform List<scalar> 
1000
(
0
0
0
0
0
0
0
0
0
0
0
0
0
0
0
0
0
0
0
0
0
0
0
0
0
0
0
0
0
0
0
0
0
0
0
0
0
0
0
0
0
0
0
0
0
0
0
0
0
0
0
0
0
0
0
0
0
0
0
0
0
0
0
0
0
0
0
0
0
0
0
0
0
0
0
0
0
0
0
0
0
0
0
0
0
0
0
0
0
0
0
0
0
0
0
0
0
0
0
0
0
0
0
0
0
0
0
0
0
0
0
0
0
0
0
0
0
0
0
0
0
0
0
0
0
0
0
0
0
0
0
0
0
0
0
0
0
0
0
0
0
0
0
0
0
0
0
0
0
0
0
0
0
0
0
0
0
0
0
0
0
0
0
0
0
0
0
0
0
0
0
0
0
0
0
0
0
0
0
0
0
0
0
0
0
0
0
0
0
0
0
0
0
0
0
0
0
0
0
0
0
0
0
0
0
0
0
0
0
0
0
0
0
0
0
0
0
0
0
0
0
0
0
0
0
0
0
0
0
0
0
0
0
0
0
0
0
0
0
0
0
0
0
0
0
0
0
0
0
0
0
0
0
0
0
0
0
0
0
0
0
0
0
0
0
0
0
0
0
0
0
0
0
0
0
0
0
0
0
0
0
0
0
0
0
0
0
0
0
0
0
0
0
0
0
0
0
0
0
0
0
0
0
0
0
0
0
0
0
0
0
0
0
0
0
0
0
0
0
0
0
0
0
0
0
0
0
0
0
0
0
0
0
0
0
0
0
0
0
0
0
0
0
0
9.86155e-321
2.38987e-317
5.73031e-314
1.36401e-310
3.22297e-307
7.55886e-304
1.75945e-300
4.06421e-297
9.31572e-294
2.11862e-290
4.78019e-287
1.06991e-283
2.37529e-280
5.23003e-277
1.142e-273
2.4726e-270
5.30784e-267
1.12956e-263
2.38273e-260
4.98155e-257
1.0321e-253
2.11883e-250
4.30951e-247
8.6828e-244
1.73274e-240
3.42443e-237
6.70135e-234
1.29835e-230
2.49006e-227
4.72664e-224
8.87869e-221
1.65017e-217
3.03402e-214
5.51755e-211
9.92276e-208
1.76441e-204
3.10146e-201
5.38827e-198
9.25043e-195
1.56898e-191
2.62858e-188
4.34893e-185
7.10401e-182
1.14547e-178
1.82272e-175
2.86157e-172
4.43128e-169
6.76673e-166
1.01867e-162
1.5114e-159
2.20943e-156
3.18134e-153
4.51058e-150
6.29516e-147
8.64545e-144
1.16795e-140
1.55151e-137
2.0259e-134
2.59922e-131
3.27531e-128
4.05192e-125
4.91896e-122
5.85717e-119
6.83744e-116
7.82112e-113
8.76157e-110
9.60705e-107
1.03047e-103
1.08058e-100
1.10704e-97
1.10728e-94
1.08052e-91
1.0279e-88
9.52499e-86
8.59009e-83
7.53279e-80
6.41679e-77
5.30439e-74
4.25039e-71
3.2975e-68
2.47373e-65
1.79201e-62
1.25172e-59
8.41709e-57
5.43943e-54
3.37182e-51
2.00078e-48
1.13391e-45
6.1223e-43
3.14058e-40
1.5259e-37
6.99783e-35
3.01734e-32
1.21782e-29
4.57739e-27
1.59281e-24
5.09562e-22
1.48637e-19
3.91378e-17
9.18812e-15
1.89322e-12
3.35425e-10
4.96861e-08
5.90883e-06
0.0005292
0.0317825
0.968217
0.999471
0.999994
1
1
1
1
1
1
1
1
1
1
1
1
1
1
1
1
1
1
1
1
1
1
1
1
1
1
1
1
1
1
1
1
1
1
1
1
1
1
1
1
1
1
1
1
1
1
1
1
1
1
1
1
1
1
1
1
1
1
1
1
1
1
1
1
1
1
1
1
1
1
1
1
1
1
1
1
1
1
1
1
1
1
1
1
1
1
1
1
1
1
1
1
1
1
0.999994
0.999471
0.968217
0.0317825
0.0005292
5.90883e-06
4.96861e-08
3.35425e-10
1.89322e-12
9.18812e-15
3.91378e-17
1.48637e-19
5.09562e-22
1.59281e-24
4.57739e-27
1.21782e-29
3.01734e-32
6.99783e-35
1.5259e-37
3.14058e-40
6.1223e-43
1.13391e-45
2.00078e-48
3.37182e-51
5.43943e-54
8.41709e-57
1.25172e-59
1.79201e-62
2.47373e-65
3.2975e-68
4.25039e-71
5.30439e-74
6.41679e-77
7.53279e-80
8.59009e-83
9.52499e-86
1.0279e-88
1.08052e-91
1.10728e-94
1.10704e-97
1.08058e-100
1.03047e-103
9.60705e-107
8.76157e-110
7.82112e-113
6.83744e-116
5.85717e-119
4.91896e-122
4.05192e-125
3.27531e-128
2.59922e-131
2.0259e-134
1.55151e-137
1.16795e-140
8.64545e-144
6.29516e-147
4.51058e-150
3.18134e-153
2.20943e-156
1.5114e-159
1.01867e-162
6.76673e-166
4.43128e-169
2.86157e-172
1.82272e-175
1.14547e-178
7.10401e-182
4.34893e-185
2.62858e-188
1.56898e-191
9.25043e-195
5.38827e-198
3.10146e-201
1.76441e-204
9.92276e-208
5.51755e-211
3.03402e-214
1.65017e-217
8.87869e-221
4.72664e-224
2.49006e-227
1.29835e-230
6.70135e-234
3.42443e-237
1.73274e-240
8.6828e-244
4.30951e-247
2.11883e-250
1.0321e-253
4.98155e-257
2.38273e-260
1.12956e-263
5.30784e-267
2.4726e-270
1.142e-273
5.23003e-277
2.37529e-280
1.06991e-283
4.78019e-287
2.11862e-290
9.31572e-294
4.06421e-297
1.75945e-300
7.55886e-304
3.22297e-307
1.36401e-310
5.73031e-314
2.38987e-317
9.86155e-321
0
0
0
0
0
0
0
0
0
0
0
0
0
0
0
0
0
0
0
0
0
0
0
0
0
0
0
0
0
0
0
0
0
0
0
0
0
0
0
0
0
0
0
0
0
0
0
0
0
0
0
0
0
0
0
0
0
0
0
0
0
0
0
0
0
0
0
0
0
0
0
0
0
0
0
0
0
0
0
0
0
0
0
0
0
0
0
0
0
0
0
0
0
0
0
0
0
0
0
0
0
0
0
0
0
0
0
0
0
0
0
0
0
0
0
0
0
0
0
0
0
0
0
0
0
0
0
0
0
0
0
0
0
0
0
0
0
0
0
0
0
0
0
0
0
0
0
0
0
0
0
0
0
0
0
0
0
0
0
0
0
0
0
0
0
0
0
0
0
0
0
0
0
0
0
0
0
0
0
0
0
0
0
0
0
0
0
0
0
0
0
0
0
0
0
0
0
0
0
0
0
0
0
0
0
0
0
0
0
0
0
0
0
0
0
0
0
0
0
0
0
0
0
0
0
0
0
0
0
0
0
0
0
0
0
0
0
0
0
0
0
0
0
0
0
0
0
0
0
0
0
0
0
0
0
0
0
0
0
0
0
0
0
0
0
0
0
0
0
0
0
0
0
0
0
0
0
0
0
0
0
0
0
0
0
0
0
0
0
0
0
0
0
0
0
0
0
0
0
0
0
0
0
0
0
0
0
0
0
0
0
0
0
0
0
0
0
0
0
0
0
0
0
0
0
0
0
0
0
0
0
0
0
0
0
0
0
0
0
0
0
0
0
0
)
;

boundaryField
{
    sides
    {
        type            zeroGradient;
    }
    empty
    {
        type            empty;
    }
}


// ************************************************************************* //
