/*--------------------------------*- C++ -*----------------------------------*\
  =========                 |
  \\      /  F ield         | OpenFOAM: The Open Source CFD Toolbox
   \\    /   O peration     | Website:  https://openfoam.org
    \\  /    A nd           | Version:  7
     \\/     M anipulation  |
\*---------------------------------------------------------------------------*/
FoamFile
{
    version     2.0;
    format      ascii;
    class       volScalarField;
    location    "1.93";
    object      T;
}
// * * * * * * * * * * * * * * * * * * * * * * * * * * * * * * * * * * * * * //

dimensions      [0 0 0 1 0 0 0];

internalField   nonuniform List<scalar> 
1000
(
0.0169305
0.0169327
0.0169373
0.0169441
0.0169531
0.0169645
0.0169781
0.0169939
0.0170121
0.0170325
0.0170551
0.0170801
0.0171073
0.0171367
0.0171685
0.0172025
0.0172388
0.0172774
0.0173182
0.0173613
0.0174067
0.0174544
0.0175043
0.0175566
0.0176111
0.0176679
0.017727
0.0177883
0.017852
0.0179179
0.0179862
0.0180567
0.0181295
0.0182046
0.018282
0.0183617
0.0184438
0.0185281
0.0186147
0.0187036
0.0187949
0.0188884
0.0189843
0.0190825
0.0191829
0.0192858
0.0193909
0.0194984
0.0196081
0.0197203
0.0198347
0.0199515
0.0200706
0.0201921
0.0203159
0.020442
0.0205705
0.0207014
0.0208346
0.0209701
0.021108
0.0212483
0.0213909
0.0215359
0.0216833
0.0218331
0.0219852
0.0221397
0.0222965
0.0224558
0.0226174
0.0227815
0.0229479
0.0231167
0.0232879
0.0234616
0.0236376
0.023816
0.0239969
0.0241801
0.0243658
0.0245539
0.0247444
0.0249373
0.0251326
0.0253304
0.0255306
0.0257333
0.0259384
0.0261459
0.0263559
0.0265683
0.0267832
0.0270005
0.0272203
0.0274425
0.0276672
0.0278944
0.028124
0.0283561
0.0285907
0.0288277
0.0290672
0.0293092
0.0295537
0.0298006
0.0300501
0.030302
0.0305564
0.0308133
0.0310727
0.0313346
0.031599
0.0318659
0.0321352
0.0324071
0.0326815
0.0329584
0.0332378
0.0335197
0.0338042
0.0340911
0.0343806
0.0346725
0.034967
0.035264
0.0355635
0.0358655
0.0361701
0.0364772
0.0367868
0.0370989
0.0374135
0.0377307
0.0380503
0.0383725
0.0386972
0.0390245
0.0393542
0.0396865
0.0400213
0.0403587
0.0406985
0.0410409
0.0413858
0.0417331
0.0420831
0.0424355
0.0427904
0.0431479
0.0435079
0.0438703
0.0442353
0.0446028
0.0449728
0.0453453
0.0457203
0.0460978
0.0464777
0.0468602
0.0472452
0.0476326
0.0480225
0.0484149
0.0488098
0.0492071
0.0496069
0.0500092
0.0504139
0.0508211
0.0512307
0.0516428
0.0520573
0.0524743
0.0528936
0.0533154
0.0537397
0.0541663
0.0545953
0.0550268
0.0554606
0.0558968
0.0563354
0.0567764
0.0572198
0.0576655
0.0581135
0.0585639
0.0590167
0.0594717
0.0599291
0.0603889
0.0608509
0.0613152
0.0617818
0.0622507
0.0627218
0.0631952
0.0636709
0.0641488
0.0646289
0.0651113
0.0655958
0.0660826
0.0665715
0.0670627
0.0675559
0.0680514
0.068549
0.0690487
0.0695505
0.0700545
0.0705605
0.0710686
0.0715788
0.072091
0.0726053
0.0731216
0.0736399
0.0741602
0.0746825
0.0752067
0.075733
0.0762611
0.0767912
0.0773232
0.0778571
0.0783928
0.0789304
0.0794699
0.0800112
0.0805543
0.0810992
0.0816458
0.0821943
0.0827444
0.0832963
0.0838499
0.0844052
0.0849621
0.0855207
0.0860809
0.0866428
0.0872062
0.0877712
0.0883377
0.0889058
0.0894754
0.0900465
0.090619
0.091193
0.0917684
0.0923452
0.0929234
0.093503
0.0940838
0.094666
0.0952495
0.0958343
0.0964203
0.0970075
0.097596
0.0981856
0.0987763
0.0993682
0.0999612
0.100555
0.10115
0.101746
0.102344
0.102942
0.103541
0.104141
0.104742
0.105343
0.105946
0.106549
0.107154
0.107759
0.108364
0.108971
0.109578
0.110185
0.110794
0.111403
0.112012
0.112622
0.113233
0.113844
0.114455
0.115067
0.11568
0.116292
0.116905
0.117519
0.118132
0.118746
0.11936
0.119974
0.120588
0.121203
0.121817
0.122432
0.123047
0.123661
0.124276
0.12489
0.125504
0.126119
0.126733
0.127346
0.12796
0.128573
0.129186
0.129799
0.130411
0.131023
0.131635
0.132246
0.132856
0.133466
0.134075
0.134684
0.135292
0.135899
0.136506
0.137112
0.137717
0.138322
0.138925
0.139528
0.140129
0.14073
0.14133
0.141928
0.142526
0.143122
0.143718
0.144312
0.144905
0.145497
0.146087
0.146676
0.147264
0.147851
0.148436
0.149019
0.149601
0.150182
0.150761
0.151338
0.151914
0.152488
0.15306
0.15363
0.154199
0.154766
0.155331
0.155895
0.156456
0.157015
0.157572
0.158128
0.158681
0.159232
0.159781
0.160328
0.160872
0.161415
0.161955
0.162493
0.163028
0.163561
0.164091
0.164619
0.165145
0.165668
0.166189
0.166706
0.167222
0.167734
0.168244
0.168751
0.169256
0.169757
0.170256
0.170752
0.171245
0.171735
0.172221
0.172705
0.173186
0.173664
0.174139
0.17461
0.175079
0.175544
0.176006
0.176465
0.17692
0.177372
0.177821
0.178266
0.178708
0.179146
0.179581
0.180012
0.18044
0.180864
0.181284
0.181701
0.182114
0.182524
0.182929
0.183331
0.18373
0.184124
0.184514
0.184901
0.185284
0.185662
0.186037
0.186408
0.186775
0.187137
0.187496
0.18785
0.188201
0.188547
0.188889
0.189227
0.18956
0.18989
0.190215
0.190536
0.190852
0.191164
0.191472
0.191775
0.192074
0.192368
0.192658
0.192944
0.193225
0.193501
0.193773
0.194041
0.194303
0.194561
0.194815
0.195064
0.195308
0.195548
0.195782
0.196012
0.196238
0.196458
0.196674
0.196885
0.197091
0.197293
0.197489
0.197681
0.197868
0.19805
0.198227
0.198399
0.198567
0.198729
0.198886
0.199039
0.199186
0.199329
0.199466
0.199599
0.199726
0.199848
0.199966
0.200078
0.200186
0.200288
0.200385
0.200477
0.200564
0.200646
0.200723
0.200795
0.200861
0.200923
0.20098
0.201031
0.201077
0.201118
0.201154
0.201185
0.201211
0.201231
0.201247
0.201257
0.201262
0.201262
0.201257
0.201247
0.201231
0.201211
0.201185
0.201154
0.201118
0.201077
0.201031
0.20098
0.200923
0.200861
0.200795
0.200723
0.200646
0.200564
0.200477
0.200385
0.200288
0.200186
0.200078
0.199966
0.199848
0.199726
0.199599
0.199466
0.199329
0.199186
0.199039
0.198886
0.198729
0.198567
0.198399
0.198227
0.19805
0.197868
0.197681
0.197489
0.197293
0.197091
0.196885
0.196674
0.196458
0.196238
0.196012
0.195782
0.195548
0.195308
0.195064
0.194815
0.194561
0.194303
0.194041
0.193773
0.193501
0.193225
0.192944
0.192658
0.192368
0.192074
0.191775
0.191472
0.191164
0.190852
0.190536
0.190215
0.18989
0.18956
0.189227
0.188889
0.188547
0.188201
0.18785
0.187496
0.187137
0.186775
0.186408
0.186037
0.185662
0.185284
0.184901
0.184514
0.184124
0.18373
0.183331
0.182929
0.182524
0.182114
0.181701
0.181284
0.180864
0.18044
0.180012
0.179581
0.179146
0.178708
0.178266
0.177821
0.177372
0.17692
0.176465
0.176006
0.175544
0.175079
0.17461
0.174139
0.173664
0.173186
0.172705
0.172221
0.171735
0.171245
0.170752
0.170256
0.169757
0.169256
0.168751
0.168244
0.167734
0.167222
0.166706
0.166189
0.165668
0.165145
0.164619
0.164091
0.163561
0.163028
0.162493
0.161955
0.161415
0.160872
0.160328
0.159781
0.159232
0.158681
0.158128
0.157572
0.157015
0.156456
0.155895
0.155331
0.154766
0.154199
0.15363
0.15306
0.152488
0.151914
0.151338
0.150761
0.150182
0.149601
0.149019
0.148436
0.147851
0.147264
0.146676
0.146087
0.145497
0.144905
0.144312
0.143718
0.143122
0.142526
0.141928
0.14133
0.14073
0.140129
0.139528
0.138925
0.138322
0.137717
0.137112
0.136506
0.135899
0.135292
0.134684
0.134075
0.133466
0.132856
0.132246
0.131635
0.131023
0.130411
0.129799
0.129186
0.128573
0.12796
0.127346
0.126733
0.126119
0.125504
0.12489
0.124276
0.123661
0.123047
0.122432
0.121817
0.121203
0.120588
0.119974
0.11936
0.118746
0.118132
0.117519
0.116905
0.116292
0.11568
0.115067
0.114455
0.113844
0.113233
0.112622
0.112012
0.111403
0.110794
0.110185
0.109578
0.108971
0.108364
0.107759
0.107154
0.106549
0.105946
0.105343
0.104742
0.104141
0.103541
0.102942
0.102344
0.101746
0.10115
0.100555
0.0999612
0.0993682
0.0987763
0.0981856
0.097596
0.0970075
0.0964203
0.0958343
0.0952495
0.094666
0.0940838
0.093503
0.0929234
0.0923452
0.0917684
0.091193
0.090619
0.0900465
0.0894754
0.0889058
0.0883377
0.0877712
0.0872062
0.0866428
0.0860809
0.0855207
0.0849621
0.0844052
0.0838499
0.0832963
0.0827444
0.0821943
0.0816458
0.0810992
0.0805543
0.0800112
0.0794699
0.0789304
0.0783928
0.0778571
0.0773232
0.0767912
0.0762611
0.075733
0.0752067
0.0746825
0.0741602
0.0736399
0.0731216
0.0726053
0.072091
0.0715788
0.0710686
0.0705605
0.0700545
0.0695505
0.0690487
0.068549
0.0680514
0.0675559
0.0670627
0.0665715
0.0660826
0.0655958
0.0651113
0.0646289
0.0641488
0.0636709
0.0631952
0.0627218
0.0622507
0.0617818
0.0613152
0.0608509
0.0603889
0.0599291
0.0594717
0.0590167
0.0585639
0.0581135
0.0576655
0.0572198
0.0567764
0.0563354
0.0558968
0.0554606
0.0550268
0.0545953
0.0541663
0.0537397
0.0533154
0.0528936
0.0524743
0.0520573
0.0516428
0.0512307
0.0508211
0.0504139
0.0500092
0.0496069
0.0492071
0.0488098
0.0484149
0.0480225
0.0476326
0.0472452
0.0468602
0.0464777
0.0460978
0.0457203
0.0453453
0.0449728
0.0446028
0.0442353
0.0438703
0.0435079
0.0431479
0.0427904
0.0424355
0.0420831
0.0417331
0.0413858
0.0410409
0.0406985
0.0403587
0.0400213
0.0396865
0.0393542
0.0390245
0.0386972
0.0383725
0.0380503
0.0377307
0.0374135
0.0370989
0.0367868
0.0364772
0.0361701
0.0358655
0.0355635
0.035264
0.034967
0.0346725
0.0343806
0.0340911
0.0338042
0.0335197
0.0332378
0.0329584
0.0326815
0.0324071
0.0321352
0.0318659
0.031599
0.0313346
0.0310727
0.0308133
0.0305564
0.030302
0.0300501
0.0298006
0.0295537
0.0293092
0.0290672
0.0288277
0.0285907
0.0283561
0.028124
0.0278944
0.0276672
0.0274425
0.0272203
0.0270005
0.0267832
0.0265683
0.0263559
0.0261459
0.0259384
0.0257333
0.0255306
0.0253304
0.0251326
0.0249373
0.0247444
0.0245539
0.0243658
0.0241801
0.0239969
0.023816
0.0236376
0.0234616
0.0232879
0.0231167
0.0229479
0.0227815
0.0226174
0.0224558
0.0222965
0.0221397
0.0219852
0.0218331
0.0216833
0.0215359
0.0213909
0.0212483
0.021108
0.0209701
0.0208346
0.0207014
0.0205705
0.020442
0.0203159
0.0201921
0.0200706
0.0199515
0.0198347
0.0197203
0.0196081
0.0194984
0.0193909
0.0192858
0.0191829
0.0190825
0.0189843
0.0188884
0.0187949
0.0187036
0.0186147
0.0185281
0.0184438
0.0183617
0.018282
0.0182046
0.0181295
0.0180567
0.0179862
0.0179179
0.017852
0.0177883
0.017727
0.0176679
0.0176111
0.0175566
0.0175043
0.0174544
0.0174067
0.0173613
0.0173182
0.0172774
0.0172388
0.0172025
0.0171685
0.0171367
0.0171073
0.0170801
0.0170551
0.0170325
0.0170121
0.0169939
0.0169781
0.0169645
0.0169531
0.0169441
0.0169373
0.0169327
0.0169305
)
;

boundaryField
{
    sides
    {
        type            zeroGradient;
    }
    empty
    {
        type            empty;
    }
}


// ************************************************************************* //
