/*--------------------------------*- C++ -*----------------------------------*\
  =========                 |
  \\      /  F ield         | OpenFOAM: The Open Source CFD Toolbox
   \\    /   O peration     | Website:  https://openfoam.org
    \\  /    A nd           | Version:  7
     \\/     M anipulation  |
\*---------------------------------------------------------------------------*/
FoamFile
{
    version     2.0;
    format      ascii;
    class       volScalarField;
    location    "3.26";
    object      T;
}
// * * * * * * * * * * * * * * * * * * * * * * * * * * * * * * * * * * * * * //

dimensions      [0 0 0 1 0 0 0];

internalField   nonuniform List<scalar> 
1000
(
4.11463e-58
5.15588e-58
7.49911e-58
1.17304e-57
1.89061e-57
3.0814e-57
5.04133e-57
8.25627e-57
1.35212e-56
2.21344e-56
3.62143e-56
5.9215e-56
9.67635e-56
1.58021e-55
2.57895e-55
4.20622e-55
6.85587e-55
1.11674e-54
1.81787e-54
2.95727e-54
4.8077e-54
7.8109e-54
1.26818e-53
2.05768e-53
3.33649e-53
5.40651e-53
8.75503e-53
1.41681e-52
2.29128e-52
3.70302e-52
5.9806e-52
9.6526e-52
1.55688e-51
2.50941e-51
4.04202e-51
6.50628e-51
1.04658e-50
1.68237e-50
2.70254e-50
4.3384e-50
6.9597e-50
1.11572e-49
1.7874e-49
2.86147e-49
4.57782e-49
7.3186e-49
1.16922e-48
1.86666e-48
2.97804e-48
4.74781e-48
7.56402e-48
1.20423e-47
1.91583e-47
3.04581e-47
4.83883e-47
7.68194e-47
1.21869e-46
1.932e-46
3.06063e-46
4.84512e-46
7.66455e-46
1.21159e-45
1.91388e-45
3.02106e-45
4.76529e-45
7.51112e-45
1.18305e-44
1.86203e-44
2.92854e-44
4.60255e-44
7.22814e-44
1.13432e-43
1.77878e-43
2.78733e-43
4.36448e-43
6.82894e-43
1.0677e-42
1.6681e-42
2.60417e-42
4.06248e-42
6.33263e-42
9.86393e-42
1.53528e-41
2.38778e-41
3.71083e-41
5.76258e-41
8.94192e-41
1.38647e-40
2.14812e-40
3.32561e-40
5.14456e-40
7.95222e-40
1.22827e-39
1.89565e-39
2.92338e-39
4.50476e-39
6.93616e-39
1.06715e-38
1.64054e-38
2.52004e-38
3.86797e-38
5.93218e-38
9.09075e-38
1.392e-37
2.12976e-37
3.25591e-37
4.97355e-37
7.5912e-37
1.15772e-36
1.76419e-36
2.68616e-36
4.08665e-36
6.21222e-36
9.43564e-36
1.43199e-35
2.17145e-35
3.29006e-35
4.98078e-35
7.53409e-35
1.13869e-34
1.71955e-34
2.59456e-34
3.91154e-34
5.89208e-34
8.86796e-34
1.33356e-33
2.0037e-33
3.00806e-33
4.51201e-33
6.76214e-33
1.01257e-32
1.51495e-32
2.26462e-32
3.38236e-32
5.04741e-32
7.52562e-32
1.12109e-31
1.66862e-31
2.48141e-31
3.68689e-31
5.47319e-31
8.11783e-31
1.20298e-30
1.78111e-30
2.63475e-30
3.89406e-30
5.75016e-30
8.48341e-30
1.25047e-29
1.84156e-29
2.70962e-29
3.98326e-29
5.8503e-29
8.58469e-29
1.25857e-28
1.84346e-28
2.6977e-28
3.94419e-28
5.76134e-28
8.40794e-28
1.2259e-27
1.78575e-27
2.59887e-27
3.77872e-27
5.48909e-27
7.9662e-27
1.15504e-26
1.67314e-26
2.42138e-26
3.50093e-26
5.057e-26
7.2978e-26
1.05215e-25
1.51548e-25
2.18077e-25
3.13512e-25
4.50279e-25
6.46087e-25
9.26153e-25
1.32634e-24
1.89761e-24
2.71229e-24
3.87296e-24
5.52493e-24
7.87383e-24
1.12104e-23
1.59451e-23
2.26571e-23
3.21629e-23
4.56115e-23
6.46195e-23
9.14578e-23
1.29314e-22
1.82656e-22
2.57744e-22
3.63335e-22
5.11668e-22
7.19831e-22
1.01166e-21
1.42035e-21
1.99213e-21
2.79123e-21
3.90688e-21
5.46286e-21
7.6307e-21
1.06478e-20
1.48426e-20
2.06686e-20
2.87515e-20
3.99538e-20
5.54631e-20
7.69125e-20
1.06546e-19
1.47441e-19
2.03819e-19
2.81457e-19
3.88259e-19
5.35021e-19
7.36477e-19
1.01271e-18
1.39107e-18
1.90874e-18
2.61626e-18
3.58218e-18
4.89945e-18
6.69388e-18
9.13564e-18
1.24546e-17
1.69609e-17
2.30724e-17
3.13519e-17
4.2556e-17
5.77006e-17
7.81489e-17
1.05727e-16
1.4288e-16
1.92875e-16
2.60074e-16
3.50297e-16
4.71294e-16
6.33376e-16
8.50249e-16
1.1401e-15
1.52704e-15
2.04301e-15
2.73023e-15
3.64449e-15
4.85939e-15
6.47191e-15
8.60971e-15
1.14406e-14
1.51849e-14
2.01315e-14
2.66589e-14
3.52621e-14
4.65878e-14
6.14801e-14
8.10388e-14
1.06696e-13
1.40312e-13
1.84305e-13
2.41807e-13
3.1688e-13
4.14772e-13
5.42267e-13
7.08117e-13
9.23599e-13
1.20323e-12
1.56566e-12
2.03484e-12
2.64147e-12
3.42485e-12
4.43526e-12
5.73689e-12
7.4116e-12
9.56367e-12
1.23258e-11
1.58664e-11
2.03994e-11
2.61956e-11
3.35979e-11
4.30395e-11
5.50672e-11
7.037e-11
8.98152e-11
1.14493e-10
1.45772e-10
1.85369e-10
2.3543e-10
2.98641e-10
3.78355e-10
4.78752e-10
6.05037e-10
7.63681e-10
9.62721e-10
1.21212e-09
1.52422e-09
1.91428e-09
2.40114e-09
3.00803e-09
3.76357e-09
4.70293e-09
5.86932e-09
7.31572e-09
9.10698e-09
1.13224e-08
1.40589e-08
1.74345e-08
2.15931e-08
2.67092e-08
3.29953e-08
4.07085e-08
5.01603e-08
6.17271e-08
7.58631e-08
9.31161e-08
1.14145e-07
1.39742e-07
1.70857e-07
2.08629e-07
2.5442e-07
3.09857e-07
3.76882e-07
4.57807e-07
5.5538e-07
6.72867e-07
8.14139e-07
9.83778e-07
1.1872e-06
1.4308e-06
1.72212e-06
2.07001e-06
2.48489e-06
2.97898e-06
3.56658e-06
4.26442e-06
5.09205e-06
6.07221e-06
7.23141e-06
8.60045e-06
1.0215e-05
1.21165e-05
1.43528e-05
1.69791e-05
2.0059e-05
2.3666e-05
2.7884e-05
3.28098e-05
3.85539e-05
4.52428e-05
5.30208e-05
6.20523e-05
7.25244e-05
8.46496e-05
9.86687e-05
0.000114854
0.000133515
0.000154997
0.000179693
0.000208041
0.000240536
0.00027773
0.000320242
0.00036876
0.000424053
0.000486977
0.000558479
0.000639611
0.000731537
0.000835539
0.000953032
0.00108557
0.00123487
0.00140279
0.00159138
0.00180289
0.00203973
0.00230456
0.00260024
0.00292988
0.00329684
0.00370474
0.00415748
0.00465923
0.00521448
0.00582802
0.00650496
0.00725073
0.00807111
0.00897222
0.00996052
0.0110428
0.0122263
0.0135185
0.0149272
0.0164607
0.0181275
0.0199365
0.0218967
0.0240178
0.0263095
0.0287816
0.0314444
0.0343083
0.0373837
0.0406813
0.0442119
0.0479861
0.0520146
0.056308
0.0608768
0.0657313
0.0708814
0.0763369
0.082107
0.0882007
0.0946262
0.101391
0.108503
0.115968
0.123791
0.131977
0.14053
0.149453
0.158748
0.168414
0.178452
0.18886
0.199635
0.210772
0.222267
0.234112
0.246299
0.25882
0.271663
0.284816
0.298266
0.311999
0.325999
0.340249
0.354732
0.369427
0.384317
0.399379
0.414592
0.429935
0.445384
0.460915
0.476506
0.492132
0.507769
0.523393
0.538979
0.554504
0.569943
0.585273
0.600471
0.615514
0.630381
0.64505
0.659502
0.673716
0.687675
0.70136
0.714756
0.727847
0.740619
0.753059
0.765154
0.776896
0.788273
0.799278
0.809904
0.820144
0.829994
0.839449
0.848506
0.857165
0.865422
0.873279
0.880735
0.887792
0.894451
0.900714
0.906585
0.912065
0.917158
0.921868
0.926198
0.930151
0.933731
0.936943
0.939788
0.94227
0.944391
0.946156
0.947564
0.948619
0.949322
0.949673
0.949673
0.949322
0.948619
0.947564
0.946156
0.944391
0.94227
0.939788
0.936943
0.933731
0.930151
0.926198
0.921868
0.917158
0.912065
0.906585
0.900714
0.894451
0.887792
0.880735
0.873279
0.865422
0.857165
0.848506
0.839449
0.829994
0.820144
0.809904
0.799278
0.788273
0.776896
0.765154
0.753059
0.740619
0.727847
0.714756
0.70136
0.687675
0.673716
0.659502
0.64505
0.630381
0.615514
0.600471
0.585273
0.569943
0.554504
0.538979
0.523393
0.507769
0.492132
0.476506
0.460915
0.445384
0.429935
0.414592
0.399379
0.384317
0.369427
0.354732
0.340249
0.325999
0.311999
0.298266
0.284816
0.271663
0.25882
0.246299
0.234112
0.222267
0.210772
0.199635
0.18886
0.178452
0.168414
0.158748
0.149453
0.14053
0.131977
0.123791
0.115968
0.108503
0.101391
0.0946262
0.0882007
0.082107
0.0763369
0.0708814
0.0657313
0.0608768
0.056308
0.0520146
0.0479861
0.0442119
0.0406813
0.0373837
0.0343083
0.0314444
0.0287816
0.0263095
0.0240178
0.0218967
0.0199365
0.0181275
0.0164607
0.0149272
0.0135185
0.0122263
0.0110428
0.00996052
0.00897222
0.00807111
0.00725073
0.00650496
0.00582802
0.00521448
0.00465923
0.00415748
0.00370474
0.00329684
0.00292988
0.00260024
0.00230456
0.00203973
0.00180289
0.00159138
0.00140279
0.00123487
0.00108557
0.000953032
0.000835539
0.000731537
0.000639611
0.000558479
0.000486977
0.000424053
0.00036876
0.000320242
0.00027773
0.000240536
0.000208041
0.000179693
0.000154997
0.000133515
0.000114854
9.86687e-05
8.46496e-05
7.25244e-05
6.20523e-05
5.30208e-05
4.52428e-05
3.85539e-05
3.28098e-05
2.7884e-05
2.3666e-05
2.0059e-05
1.69791e-05
1.43528e-05
1.21165e-05
1.0215e-05
8.60045e-06
7.23141e-06
6.07221e-06
5.09205e-06
4.26442e-06
3.56658e-06
2.97898e-06
2.48489e-06
2.07001e-06
1.72212e-06
1.4308e-06
1.1872e-06
9.83778e-07
8.14139e-07
6.72867e-07
5.5538e-07
4.57807e-07
3.76882e-07
3.09857e-07
2.5442e-07
2.08629e-07
1.70857e-07
1.39742e-07
1.14145e-07
9.31161e-08
7.58631e-08
6.17271e-08
5.01603e-08
4.07085e-08
3.29953e-08
2.67092e-08
2.15931e-08
1.74345e-08
1.40589e-08
1.13224e-08
9.10698e-09
7.31572e-09
5.86932e-09
4.70293e-09
3.76357e-09
3.00803e-09
2.40114e-09
1.91428e-09
1.52422e-09
1.21212e-09
9.62721e-10
7.63681e-10
6.05037e-10
4.78752e-10
3.78355e-10
2.98641e-10
2.3543e-10
1.85369e-10
1.45772e-10
1.14493e-10
8.98152e-11
7.037e-11
5.50672e-11
4.30395e-11
3.35979e-11
2.61956e-11
2.03994e-11
1.58664e-11
1.23258e-11
9.56367e-12
7.4116e-12
5.73689e-12
4.43526e-12
3.42485e-12
2.64147e-12
2.03484e-12
1.56566e-12
1.20323e-12
9.23599e-13
7.08117e-13
5.42267e-13
4.14772e-13
3.1688e-13
2.41807e-13
1.84305e-13
1.40312e-13
1.06696e-13
8.10388e-14
6.14801e-14
4.65878e-14
3.52621e-14
2.66589e-14
2.01315e-14
1.51849e-14
1.14406e-14
8.60971e-15
6.47191e-15
4.85939e-15
3.64449e-15
2.73023e-15
2.04301e-15
1.52704e-15
1.1401e-15
8.50249e-16
6.33376e-16
4.71294e-16
3.50297e-16
2.60074e-16
1.92875e-16
1.4288e-16
1.05727e-16
7.81489e-17
5.77006e-17
4.2556e-17
3.13519e-17
2.30724e-17
1.69609e-17
1.24546e-17
9.13564e-18
6.69388e-18
4.89945e-18
3.58218e-18
2.61626e-18
1.90874e-18
1.39107e-18
1.01271e-18
7.36477e-19
5.35021e-19
3.88259e-19
2.81457e-19
2.03819e-19
1.47441e-19
1.06546e-19
7.69125e-20
5.54631e-20
3.99538e-20
2.87515e-20
2.06686e-20
1.48426e-20
1.06478e-20
7.6307e-21
5.46286e-21
3.90688e-21
2.79123e-21
1.99213e-21
1.42035e-21
1.01166e-21
7.19831e-22
5.11668e-22
3.63335e-22
2.57744e-22
1.82656e-22
1.29314e-22
9.14578e-23
6.46195e-23
4.56115e-23
3.21629e-23
2.26571e-23
1.59451e-23
1.12104e-23
7.87383e-24
5.52493e-24
3.87296e-24
2.71229e-24
1.89761e-24
1.32634e-24
9.26153e-25
6.46087e-25
4.50279e-25
3.13512e-25
2.18077e-25
1.51548e-25
1.05215e-25
7.2978e-26
5.057e-26
3.50093e-26
2.42138e-26
1.67314e-26
1.15504e-26
7.9662e-27
5.48909e-27
3.77872e-27
2.59887e-27
1.78575e-27
1.2259e-27
8.40794e-28
5.76134e-28
3.94419e-28
2.6977e-28
1.84346e-28
1.25857e-28
8.58469e-29
5.8503e-29
3.98326e-29
2.70962e-29
1.84156e-29
1.25047e-29
8.48341e-30
5.75016e-30
3.89406e-30
2.63475e-30
1.78111e-30
1.20298e-30
8.11783e-31
5.47319e-31
3.68689e-31
2.48141e-31
1.66862e-31
1.12109e-31
7.52562e-32
5.04741e-32
3.38236e-32
2.26462e-32
1.51495e-32
1.01257e-32
6.76214e-33
4.51201e-33
3.00806e-33
2.0037e-33
1.33356e-33
8.86796e-34
5.89208e-34
3.91154e-34
2.59456e-34
1.71955e-34
1.13869e-34
7.53409e-35
4.98078e-35
3.29006e-35
2.17145e-35
1.43199e-35
9.43564e-36
6.21222e-36
4.08665e-36
2.68616e-36
1.76419e-36
1.15772e-36
7.5912e-37
4.97355e-37
3.25591e-37
2.12976e-37
1.392e-37
9.09075e-38
5.93218e-38
3.86797e-38
2.52004e-38
1.64054e-38
1.06715e-38
6.93616e-39
4.50476e-39
2.92338e-39
1.89565e-39
1.22827e-39
7.95222e-40
5.14456e-40
3.32561e-40
2.14812e-40
1.38647e-40
8.94192e-41
5.76258e-41
3.71083e-41
2.38778e-41
1.53528e-41
9.86393e-42
6.33263e-42
4.06248e-42
2.60417e-42
1.6681e-42
1.0677e-42
6.82894e-43
4.36448e-43
2.78733e-43
1.77878e-43
1.13432e-43
7.22814e-44
4.60255e-44
2.92854e-44
1.86203e-44
1.18305e-44
7.51112e-45
4.76529e-45
3.02106e-45
1.91388e-45
1.21159e-45
7.66455e-46
4.84512e-46
3.06063e-46
1.932e-46
1.21869e-46
7.68194e-47
4.83883e-47
3.04581e-47
1.91583e-47
1.20423e-47
7.56402e-48
4.74781e-48
2.97804e-48
1.86666e-48
1.16922e-48
7.3186e-49
4.57782e-49
2.86147e-49
1.7874e-49
1.11572e-49
6.9597e-50
4.3384e-50
2.70254e-50
1.68237e-50
1.04658e-50
6.50628e-51
4.04202e-51
2.50941e-51
1.55688e-51
9.6526e-52
5.9806e-52
3.70302e-52
2.29128e-52
1.41681e-52
8.75503e-53
5.40651e-53
3.33649e-53
2.05768e-53
1.26818e-53
7.8109e-54
4.8077e-54
2.95727e-54
1.81787e-54
1.11674e-54
6.85587e-55
4.20622e-55
2.57895e-55
1.58021e-55
9.67635e-56
5.9215e-56
3.62143e-56
2.21344e-56
1.35212e-56
8.25627e-57
5.04133e-57
3.0814e-57
1.89061e-57
1.17304e-57
7.49911e-58
5.15588e-58
4.11463e-58
)
;

boundaryField
{
    sides
    {
        type            zeroGradient;
    }
    empty
    {
        type            empty;
    }
}


// ************************************************************************* //
