/*--------------------------------*- C++ -*----------------------------------*\
  =========                 |
  \\      /  F ield         | OpenFOAM: The Open Source CFD Toolbox
   \\    /   O peration     | Website:  https://openfoam.org
    \\  /    A nd           | Version:  7
     \\/     M anipulation  |
\*---------------------------------------------------------------------------*/
FoamFile
{
    version     2.0;
    format      ascii;
    class       volScalarField;
    location    "0.16";
    object      T;
}
// * * * * * * * * * * * * * * * * * * * * * * * * * * * * * * * * * * * * * //

dimensions      [0 0 0 1 0 0 0];

internalField   nonuniform List<scalar> 
1000
(
0
0
0
0
0
0
0
0
0
0
0
0
0
0
0
0
0
0
0
0
0
0
0
0
0
0
0
0
0
0
0
0
0
0
0
0
0
0
0
0
0
0
0
0
0
0
0
0
0
0
0
0
0
0
0
0
0
0
0
0
0
0
0
0
0
0
0
0
0
0
0
0
0
0
0
0
0
0
0
0
0
0
0
0
0
0
0
0
0
0
0
0
0
0
0
0
0
0
0
0
0
0
0
0
0
0
0
0
0
0
0
0
0
0
0
0
0
0
0
0
0
0
0
0
0
0
0
0
0
0
0
0
0
0
0
0
0
0
0
0
0
0
0
0
0
0
0
0
0
0
0
0
0
0
0
0
0
0
0
0
0
0
0
0
0
0
0
0
0
0
0
0
0
0
0
0
0
0
0
0
0
0
0
0
0
0
0
0
0
0
0
0
0
0
0
0
0
0
0
0
0
0
0
0
0
0
0
0
0
0
0
0
0
0
0
0
0
0
0
0
0
0
0
0
0
0
0
0
0
0
0
0
0
0
0
0
0
0
0
0
0
0
0
0
0
0
0
0
0
0
0
0
0
0
0
0
0
0
0
0
0
0
0
0
0
0
0
0
0
0
0
0
0
0
0
0
0
0
0
0
0
0
0
0
0
0
0
0
0
0
0
0
0
0
0
0
0
0
0
0
0
0
0
0
0
0
0
0
0
0
0
0
0
0
0
0
0
0
0
0
0
0
0
0
0
0
0
0
0
0
0
0
0
0
0
0
0
0
0
0
0
0
0
0
0
0
0
0
0
0
0
0
0
0
0
0
0
0
0
0
0
0
0
0
0
0
0
0
0
0
0
0
0
0
0
0
0
0
0
0
0
0
0
0
0
0
0
0
0
0
0
0
0
0
0
0
0
0
0
0
0
0
0
0
0
0
0
0
0
0
0
0
0
0
0
0
0
0
0
0
0
0
0
0
0
0
0
0
0
0
0
0
0
0
3.55271e-15
-2.52243e-13
8.19611e-12
-1.60664e-10
2.10485e-09
-1.92273e-08
1.23167e-07
-5.33268e-07
1.35249e-06
-6.38867e-07
-7.62754e-06
1.96991e-05
1.19449e-05
-0.000106705
7.81713e-06
0.000414584
3.63453e-05
-0.00132161
-0.00106708
0.00258519
0.00584971
0.00207137
-0.0101151
-0.0229878
-0.023888
-0.00218709
0.0465355
0.120277
0.212669
0.315504
0.420768
0.521883
0.614235
0.695164
0.76366
0.819935
0.864991
0.900256
0.927306
0.947684
0.962787
0.973817
0.981764
0.987419
0.991397
0.994167
0.996076
0.997379
0.998262
0.998855
0.999251
0.999513
0.999685
0.999797
0.99987
0.999917
0.999948
0.999967
0.999979
0.999987
0.999992
0.999995
0.999997
0.999998
0.999999
0.999999
1
1
1
1
1
1
1
1
1
1
1
1
1
1
1
1
1
1
1
1
1
1
1
1
1
1
1
1
1
1
1
1
1
1
1
1
1
1
1
1
1
1
0.999999
1
1.00001
0.99998
0.999988
1.00011
0.999992
0.999585
0.999964
1.00132
1.00107
0.997415
0.99415
0.997929
1.01012
1.02299
1.02389
1.00219
0.953464
0.879723
0.787331
0.684496
0.579232
0.478117
0.385765
0.304836
0.23634
0.180065
0.135009
0.0997441
0.072694
0.0523161
0.0372126
0.0261827
0.0182359
0.0125809
0.00860255
0.00583319
0.0039243
0.00262053
0.00173765
0.00114459
0.000749193
0.000487456
0.000315357
0.000202913
0.000129888
8.27333e-05
5.2449e-05
3.31e-05
2.07986e-05
1.30147e-05
8.11141e-06
5.03607e-06
3.11517e-06
1.92011e-06
1.17946e-06
7.22111e-07
4.40696e-07
2.68124e-07
1.62644e-07
9.83763e-08
5.93379e-08
3.56945e-08
2.14159e-08
1.28165e-08
7.65126e-09
4.55681e-09
2.70759e-09
1.60519e-09
9.49557e-10
5.6052e-10
3.30188e-10
1.94114e-10
1.13894e-10
6.66985e-11
3.89872e-11
2.27478e-11
1.32492e-11
7.70351e-12
4.47154e-12
2.59126e-12
1.49922e-12
8.66047e-13
4.99518e-13
2.8768e-13
1.65437e-13
9.50018e-14
5.44783e-14
3.11975e-14
1.78416e-14
1.019e-14
5.81244e-15
3.31127e-15
1.88406e-15
1.0707e-15
6.07754e-16
3.44573e-16
1.95137e-16
1.10385e-16
6.23746e-17
3.52075e-17
1.9852e-17
1.11821e-17
6.29214e-18
3.53703e-18
1.98634e-18
1.11442e-18
6.24642e-19
3.49792e-19
1.957e-19
1.0939e-19
6.10918e-20
3.40886e-20
1.90048e-20
1.05865e-20
5.89223e-21
3.27683e-21
1.82087e-21
1.01102e-21
5.60927e-22
3.1097e-22
1.72267e-22
9.53599e-23
5.27485e-23
2.9157e-23
1.61052e-23
8.88968e-24
4.90351e-24
2.70292e-24
1.48891e-24
8.1963e-25
4.50905e-25
2.47898e-25
1.36203e-25
7.47876e-26
4.10398e-26
2.2507e-26
1.23359e-26
6.7572e-27
3.69922e-27
2.02397e-27
1.10675e-27
6.04861e-28
3.30384e-28
1.80363e-28
9.84103e-29
5.36665e-29
2.92508e-29
1.59348e-29
8.6763e-30
4.72174e-30
2.56834e-30
1.39633e-30
7.58777e-31
4.12126e-31
2.23737e-31
1.21407e-31
6.58486e-32
3.56985e-32
1.93444e-32
1.04777e-32
5.67266e-33
3.06984e-33
1.66057e-33
8.97864e-34
4.85267e-34
2.62162e-34
1.41572e-34
7.64201e-35
4.12346e-35
2.22404e-35
1.19909e-35
6.46232e-36
3.48143e-36
1.87482e-36
1.00925e-36
5.43089e-37
2.92135e-37
1.57086e-37
8.44366e-38
4.537e-38
2.43698e-38
1.30852e-38
7.02358e-39
3.76865e-39
2.02145e-39
1.08391e-39
5.81005e-40
3.1133e-40
1.6677e-40
8.93047e-41
4.78068e-41
2.55839e-41
1.36869e-41
7.31996e-42
3.9136e-42
2.09175e-42
1.11767e-42
5.97011e-43
3.18803e-43
1.7019e-43
9.08277e-44
4.84592e-44
2.58469e-44
1.37821e-44
7.34685e-45
3.9153e-45
2.08596e-45
1.11104e-45
5.91607e-46
3.14934e-46
1.67606e-46
8.91751e-47
4.74332e-47
2.52237e-47
1.34098e-47
7.12728e-48
3.78717e-48
2.01185e-48
1.06848e-48
5.67326e-49
3.01155e-49
1.59824e-49
8.47984e-50
4.4981e-50
2.38543e-50
1.26475e-50
6.70405e-51
3.55279e-51
1.88236e-51
9.97094e-52
5.28045e-52
2.79581e-52
1.47995e-52
7.83235e-53
4.1442e-53
2.19227e-53
1.15946e-53
6.13085e-54
3.24112e-54
1.71308e-54
9.05249e-55
4.78265e-55
2.52627e-55
1.33414e-55
7.04427e-56
3.71862e-56
1.96264e-56
1.03565e-56
5.46389e-57
2.88206e-57
1.51992e-57
8.01411e-58
4.2248e-58
2.22676e-58
1.17344e-58
6.18251e-59
3.25678e-59
1.71527e-59
9.03226e-60
4.75534e-60
2.50316e-60
1.3174e-60
6.93215e-61
3.64705e-61
1.9184e-61
1.00893e-61
5.30529e-62
2.78921e-62
1.46616e-62
7.70556e-63
4.04907e-63
2.12733e-63
1.11748e-63
5.86915e-64
3.08204e-64
1.6182e-64
8.49481e-65
4.45868e-65
2.33986e-65
1.22773e-65
6.44096e-66
3.37854e-66
1.7719e-66
9.29145e-67
4.87147e-67
2.55371e-67
1.33849e-67
7.01449e-68
3.67546e-68
1.92558e-68
1.00867e-68
5.28288e-69
2.7665e-69
1.44853e-69
7.58335e-70
3.96948e-70
2.07751e-70
1.08716e-70
5.68828e-71
2.97584e-71
1.5566e-71
8.14113e-72
4.25729e-72
2.22599e-72
1.16373e-72
6.08311e-73
3.17936e-73
1.66149e-73
8.68154e-74
4.53565e-74
2.36933e-74
1.23753e-74
6.46293e-75
3.3748e-75
1.76202e-75
9.19855e-76
4.80146e-76
2.50595e-76
1.30773e-76
6.82354e-77
3.55999e-77
1.8571e-77
9.68651e-78
5.05182e-78
2.63437e-78
1.37358e-78
7.16107e-79
3.73295e-79
1.9457e-79
1.01402e-79
5.28408e-80
2.75322e-80
1.43438e-80
7.472e-81
3.89189e-81
2.02691e-81
1.05551e-81
5.4959e-82
2.86133e-82
1.48953e-82
7.75325e-83
4.03525e-83
2.09996e-83
1.09271e-83
5.68525e-84
2.95767e-84
1.53852e-84
8.00224e-85
4.16173e-85
2.16417e-85
1.12529e-85
5.85047e-86
3.0414e-86
1.58093e-86
8.21686e-87
4.27028e-87
2.21903e-87
1.15299e-87
5.99027e-88
3.11188e-88
1.61643e-88
8.39555e-89
4.36012e-89
2.26415e-89
1.17563e-89
6.10373e-90
3.16867e-90
1.64482e-90
8.53727e-91
4.43076e-91
2.29931e-91
1.19309e-91
6.19032e-92
3.21152e-92
1.66598e-92
8.64148e-93
4.48195e-93
2.32438e-93
1.20534e-93
6.24986e-94
3.24037e-94
1.67988e-94
8.70816e-95
4.51372e-95
2.33941e-95
1.21238e-95
6.28254e-96
3.25532e-96
1.68661e-96
8.73774e-97
4.52634e-97
2.34454e-97
1.21432e-97
6.28884e-98
3.25666e-98
1.68632e-98
8.73111e-99
4.52027e-99
2.34004e-99
1.21129e-99
6.26957e-100
3.24483e-100
1.67923e-100
8.68953e-101
4.49621e-101
2.32629e-101
1.2035e-101
6.22578e-102
3.22039e-102
1.66567e-102
8.61463e-103
4.45503e-103
2.30373e-103
1.19119e-103
6.15878e-104
3.18403e-104
1.64599e-104
8.50832e-105
4.39773e-105
2.27291e-105
1.17463e-105
6.07004e-106
3.13652e-106
1.62059e-106
8.37276e-107
4.32546e-107
2.23441e-107
1.15416e-107
5.96121e-108
3.07875e-108
1.58995e-108
8.21033e-109
4.23944e-109
2.1889e-109
1.13009e-109
5.83407e-110
3.01162e-110
1.55453e-110
8.02355e-111
4.141e-111
2.13705e-111
1.1028e-111
5.69047e-112
2.9361e-112
1.51483e-112
7.81502e-113
4.0315e-113
2.07958e-113
1.07264e-113
5.53231e-114
2.85319e-114
1.47138e-114
7.58741e-115
3.91231e-115
2.01739e-115
1.02223e-115
)
;

boundaryField
{
    sides
    {
        type            zeroGradient;
    }
    empty
    {
        type            empty;
    }
}


// ************************************************************************* //
