/*--------------------------------*- C++ -*----------------------------------*\
  =========                 |
  \\      /  F ield         | OpenFOAM: The Open Source CFD Toolbox
   \\    /   O peration     | Website:  https://openfoam.org
    \\  /    A nd           | Version:  7
     \\/     M anipulation  |
\*---------------------------------------------------------------------------*/
FoamFile
{
    version     2.0;
    format      ascii;
    class       volScalarField;
    location    "2.8";
    object      T;
}
// * * * * * * * * * * * * * * * * * * * * * * * * * * * * * * * * * * * * * //

dimensions      [0 0 0 1 0 0 0];

internalField   nonuniform List<scalar> 
1000
(
0
0
0
0
0
0
0
0
0
0
0
0
0
0
0
0
0
0
0
0
0
0
0
0
0
0
0
0
0
0
0
0
0
0
0
0
0
0
0
0
0
0
0
0
0
0
0
0
0
0
0
0
0
0
0
0
0
0
0
0
0
0
0
0
0
0
0
0
0
0
0
0
0
0
0
0
0
0
0
0
0
0
0
0
0
0
0
0
0
0
0
0
0
0
0
0
0
0
0
0
0
0
0
0
0
0
0
0
0
0
0
0
0
0
0
0
0
0
0
0
0
0
0
0
0
0
0
0
0
0
0
0
0
0
0
0
0
0
0
0
0
0
0
0
0
0
0
0
0
0
0
0
0
0
0
0
0
0
0
0
0
0
0
0
0
0
0
0
0
0
1.31114e-218
-8.55302e-216
2.77034e-213
-5.94012e-211
9.48466e-209
-1.20283e-206
1.26194e-204
-1.12645e-202
8.73262e-201
-5.97219e-199
3.64779e-197
-2.00982e-195
1.00709e-193
-4.62114e-192
1.9531e-190
-7.64127e-189
2.77943e-187
-9.43494e-186
2.99892e-184
-8.95198e-183
2.51619e-181
-6.67516e-180
1.67492e-178
-3.98265e-177
8.98967e-176
-1.92925e-174
3.94207e-173
-7.6791e-172
1.42777e-170
-2.53647e-169
4.30972e-168
-7.00964e-167
1.09224e-165
-1.63164e-164
2.33829e-163
-3.21653e-162
4.24926e-161
-5.39344e-160
6.57976e-159
-7.71759e-158
8.7054e-157
-9.4452e-156
9.85825e-155
-9.89864e-154
9.56149e-153
-8.88389e-152
7.93822e-151
-6.81958e-150
5.63029e-149
-4.46489e-148
3.39861e-147
-2.48099e-146
1.73505e-145
-1.16083e-144
7.41735e-144
-4.51644e-143
2.61321e-142
-1.43134e-141
7.38339e-141
-3.56036e-140
1.58693e-139
-6.41652e-139
2.27063e-138
-6.44702e-138
1.01972e-137
3.20123e-137
-3.98911e-136
2.31481e-135
-9.77353e-135
3.0516e-134
-5.39521e-134
-1.07037e-133
1.48703e-132
-7.78942e-132
2.66638e-131
-5.10236e-131
-6.89892e-131
1.1024e-129
-5.3639e-129
1.5371e-128
-1.40916e-128
-1.2296e-127
8.31738e-127
-2.78121e-126
3.88968e-126
1.45237e-125
-1.18535e-124
4.00761e-124
-5.12509e-124
-2.25295e-123
1.62006e-122
-4.75854e-122
3.01769e-122
3.92283e-121
-2.00552e-120
4.22104e-120
3.80893e-120
-5.96245e-119
1.9858e-118
-1.70346e-118
-1.34564e-117
6.79827e-117
-1.20885e-116
-2.18437e-116
1.94914e-115
-4.82821e-115
-1.49258e-115
4.9942e-114
-1.54474e-113
5.82534e-114
1.19655e-112
-4.34844e-112
3.19273e-112
2.78538e-111
-1.12235e-110
9.96357e-111
6.49278e-110
-2.70874e-109
2.37874e-109
1.53697e-108
-6.14953e-108
4.42185e-108
3.66884e-107
-1.30646e-106
5.34476e-107
8.62955e-106
-2.55521e-105
-1.9928e-106
1.94231e-104
-4.45715e-104
-3.72698e-104
4.06103e-103
-6.49467e-103
-1.42635e-102
7.64423e-102
-6.49912e-102
-3.87037e-101
1.24205e-100
7.54458e-102
-8.42208e-100
1.60542e-99
2.40279e-99
-1.49548e-98
1.24865e-98
7.21464e-98
-2.0857e-97
-8.10146e-98
1.43026e-96
-1.94644e-96
-5.41758e-96
2.06372e-95
-1.09269e-96
-1.2022e-94
1.93984e-94
4.0077e-94
-1.71899e-93
2.51509e-94
9.35554e-93
-1.47116e-92
-3.14636e-92
1.24113e-91
5.20451e-93
-6.78953e-91
8.4892e-91
2.53947e-90
-7.63392e-90
-4.00243e-90
4.43968e-89
-3.12826e-89
-1.90799e-88
3.72318e-88
5.48962e-88
-2.444e-87
-1.38345e-88
1.21125e-86
-1.15361e-86
-4.69887e-86
1.00442e-85
1.28083e-85
-5.90373e-85
-6.59761e-86
2.7902e-84
-2.09361e-84
-1.09529e-83
1.84229e-83
3.43952e-83
-1.08718e-82
-6.92778e-83
5.27252e-82
-7.88034e-83
-2.21755e-81
1.85038e-81
8.18373e-81
-1.3074e-80
-2.60053e-80
7.00557e-80
6.56348e-80
-3.2375e-79
-8.62117e-80
1.34874e-78
-3.58091e-79
-5.16387e-78
3.92068e-78
1.83139e-77
-2.34851e-77
-6.01704e-77
1.14908e-76
1.8155e-76
-5.02478e-76
-4.90907e-76
2.03647e-75
1.11297e-75
-7.79666e-75
-1.62431e-75
2.85306e-74
-2.14458e-75
-1.00609e-73
3.25502e-74
3.44037e-73
-1.88268e-73
-1.14678e-72
8.61652e-73
3.74336e-72
-3.50868e-72
-1.20165e-71
1.32609e-71
3.80841e-71
-4.74651e-71
-1.19597e-70
1.62678e-70
3.7331e-70
-5.37287e-70
-1.16108e-69
1.7162e-69
3.60396e-69
-5.31017e-69
-1.117e-68
1.59147e-68
3.4549e-68
-4.61172e-68
-1.06469e-67
1.28717e-67
3.26103e-67
-3.43665e-67
-9.89646e-67
8.67289e-67
2.96525e-66
-2.02302e-66
-8.73823e-66
4.15424e-66
2.5221e-65
-6.49308e-66
-7.09733e-65
1.93213e-66
1.93711e-64
4.25641e-65
-5.0952e-64
-2.5099e-64
1.28061e-63
1.03548e-63
-3.03726e-63
-3.6481e-63
6.65701e-63
1.16049e-62
-1.29362e-62
-3.40405e-62
1.99724e-62
9.27293e-62
-1.33285e-62
-2.34296e-61
-6.4046e-62
5.43976e-61
3.91314e-61
-1.13519e-60
-1.45273e-60
2.02127e-60
4.39355e-60
-2.60592e-60
-1.15427e-59
1.84555e-61
2.66859e-59
1.36639e-59
-5.33698e-59
-6.01618e-59
8.6368e-59
1.83511e-58
-8.56121e-59
-4.55457e-58
-8.48338e-59
9.41702e-58
7.66491e-58
-1.54776e-57
-2.63044e-57
1.59116e-57
6.61743e-57
1.07112e-57
-1.31249e-56
-1.1255e-56
1.93085e-56
3.68122e-56
-1.31099e-56
-8.44169e-56
-3.56408e-56
1.43243e-55
1.79562e-55
-1.47595e-55
-4.6975e-55
-7.80749e-56
8.57683e-55
8.41527e-55
-9.76935e-55
-2.42578e-54
-1.46927e-55
4.50287e-54
4.11425e-54
-4.95775e-54
-1.20466e-53
-1.33851e-54
2.12178e-53
2.15632e-53
-1.94893e-53
-5.74413e-53
-1.774e-53
8.77199e-53
1.15162e-52
-4.77549e-53
-2.52547e-52
-1.61181e-52
2.89944e-52
5.73582e-52
6.51233e-53
-9.40461e-52
-1.07611e-51
5.2577e-52
2.41392e-51
1.63062e-51
-2.42362e-51
-5.39097e-51
-1.683e-51
7.34382e-51
1.09282e-50
-3.0123e-52
-1.87552e-50
-2.06449e-50
7.93358e-51
4.35691e-50
3.71654e-50
-2.90065e-50
-9.56116e-50
-6.53658e-50
7.93994e-50
2.02917e-49
1.16002e-49
-1.89931e-49
-4.23121e-49
-2.15985e-49
4.17109e-49
8.75483e-49
4.36253e-49
-8.55936e-49
-1.80522e-48
-9.63785e-49
1.64134e-48
3.70472e-48
2.27765e-48
-2.88839e-48
-7.51666e-48
-5.55237e-48
4.42335e-48
1.48985e-47
1.35078e-47
-4.92617e-48
-2.83243e-47
-3.19978e-47
-3.61845e-49
5.01701e-47
7.24148e-47
2.49487e-47
-7.83575e-47
-1.53681e-46
-1.01571e-46
9.29261e-47
2.98263e-46
2.98313e-46
-2.32091e-47
-5.05854e-46
-7.30818e-46
-3.16478e-46
6.67978e-46
1.52933e-45
1.316e-45
-3.63826e-46
-2.64739e-45
-3.59231e-45
-1.50116e-45
3.28881e-45
7.62627e-45
7.04361e-45
-6.98124e-46
-1.22739e-44
-1.88809e-44
-1.14548e-44
1.10813e-44
3.6446e-44
4.28694e-44
1.35931e-44
-4.52977e-44
-9.76982e-44
-9.28921e-44
-2.09804e-45
1.44202e-43
2.49765e-43
1.98895e-43
-5.54006e-44
-4.13048e-43
-6.28946e-43
-4.36976e-43
2.4027e-43
1.12105e-42
1.59285e-42
1.02474e-42
-7.31848e-43
-2.9491e-42
-4.10497e-42
-2.63828e-42
1.8419e-42
7.57784e-42
1.07956e-41
7.46215e-42
-3.76457e-42
-1.8951e-41
-2.88088e-41
-2.25803e-41
4.76026e-42
4.54127e-41
7.70004e-41
7.04498e-41
7.27859e-42
-1.00737e-40
-2.02147e-40
-2.19162e-40
-8.7393e-41
1.90582e-40
5.07023e-40
6.61363e-40
4.43833e-40
-2.25228e-40
-1.16223e-39
-1.88639e-39
-1.76561e-39
-3.50465e-40
2.21359e-39
4.91999e-39
6.04043e-39
3.81904e-39
-2.39668e-39
-1.10522e-38
-1.80278e-38
-1.76966e-38
-5.58112e-39
1.80913e-38
4.56011e-38
6.18987e-38
4.93975e-38
-2.72122e-39
-8.75905e-38
-1.73722e-37
-2.08629e-37
-1.373e-37
6.6302e-38
3.65263e-37
6.41568e-37
7.14105e-37
4.04744e-37
-3.55684e-37
-1.41721e-36
-2.35628e-36
-2.54248e-36
-1.36462e-36
1.40985e-36
5.25795e-36
8.70303e-36
9.51692e-36
5.46464e-36
-4.46771e-36
-1.87164e-35
-3.22987e-35
-3.72619e-35
-2.50092e-35
9.52091e-36
6.28165e-35
1.18963e-34
1.49778e-34
1.21389e-34
8.07714e-36
-1.88968e-34
-4.24221e-34
-6.01362e-34
-5.8811e-34
-2.58922e-34
4.37316e-34
1.40138e-33
2.33119e-33
2.73346e-33
2.03617e-33
-1.85383e-34
-3.90168e-33
-8.33261e-33
-1.18082e-32
-1.1956e-32
-6.34515e-33
6.40519e-33
2.52533e-32
4.5547e-32
5.86854e-32
5.33515e-32
1.88215e-32
-4.97267e-32
-1.44913e-31
-2.41965e-31
-2.97677e-31
-2.56772e-31
-6.79553e-32
2.90658e-31
7.81249e-31
1.28069e-30
1.57372e-30
1.38051e-30
4.30966e-31
-1.41333e-30
-4.00686e-30
-6.77944e-30
-8.67232e-30
-8.23034e-30
-3.92114e-30
5.28933e-30
1.91561e-29
3.5336e-29
4.88272e-29
5.20652e-29
3.61007e-29
-6.84306e-30
-7.94458e-29
-1.74545e-28
-2.7079e-28
-3.3063e-28
-3.03029e-28
-1.33237e-28
2.19015e-28
7.53647e-28
1.40073e-27
1.99552e-27
2.27034e-27
1.87819e-27
4.62236e-28
-2.22058e-27
-6.12712e-27
-1.07321e-26
-1.48608e-26
-1.66276e-26
-1.35808e-26
-3.14801e-27
1.65484e-26
4.55179e-26
8.05053e-26
1.13678e-25
1.31891e-25
1.17202e-25
4.9353e-26
-8.91265e-26
-3.04977e-25
-5.83887e-25
-8.79381e-25
-1.10386e-24
-1.1262e-24
-7.81527e-25
1.01094e-25
1.64829e-24
3.86837e-24
6.55881e-24
9.2098e-24
1.09302e-23
1.04343e-23
6.13914e-24
-3.57552e-24
-1.99005e-23
-4.29062e-23
-7.06628e-23
-9.82843e-23
-1.17115e-22
-1.14398e-22
-7.38704e-23
2.21716e-23
1.8884e-22
4.32283e-22
7.40989e-22
1.0754e-21
1.35741e-21
1.46245e-21
1.21829e-21
4.1595e-22
-1.16121e-21
-3.68391e-21
-7.19458e-21
-1.14957e-20
-1.60158e-20
-1.96692e-20
-2.07431e-20
-1.68576e-20
-5.06749e-21
1.78147e-20
5.45834e-20
1.06612e-19
1.72384e-19
2.45599e-19
3.12987e-19
3.52129e-19
3.29801e-19
2.01631e-19
-8.58406e-20
-5.89336e-19
-1.3577e-18
-2.41391e-18
-3.72902e-18
-5.18776e-18
-6.54687e-18
-7.39009e-18
-7.08674e-18
-4.76602e-18
6.75519e-19
1.05091e-17
2.60213e-17
4.82376e-17
7.74852e-17
1.12761e-16
1.50881e-16
1.85425e-16
2.05518e-16
1.94582e-16
1.29267e-16
-2.10633e-17
-2.93786e-16
-7.30667e-16
-1.37278e-15
-2.25149e-15
-3.37426e-15
-4.70369e-15
-6.12874e-15
-7.42706e-15
-8.21858e-15
-7.91186e-15
-5.64742e-15
-2.45547e-16
9.82838e-15
2.64613e-14
5.1824e-14
8.81961e-14
1.37632e-13
2.01398e-13
2.79098e-13
3.67382e-13
4.58132e-13
5.35998e-13
5.7519e-13
5.35425e-13
3.57042e-13
-4.46337e-14
-7.85374e-13
-2.01799e-12
-3.93713e-12
-6.78128e-12
-1.08295e-11
-1.6389e-11
-2.37689e-11
-3.32312e-11
-4.4911e-11
-5.86895e-11
-7.40025e-11
-8.956e-11
-1.02943e-10
-1.10038e-10
-1.04251e-10
-7.54432e-11
-8.48502e-12
1.18657e-10
3.37453e-10
6.92114e-10
1.24387e-09
2.07649e-09
3.30326e-09
5.07594e-09
7.59589e-09
1.11281e-08
1.60185e-08
2.27158e-08
3.17973e-08
4.40017e-08
6.02683e-08
8.17847e-08
1.10044e-07
1.46913e-07
1.94715e-07
2.56329e-07
3.35302e-07
4.35987e-07
5.63703e-07
7.24923e-07
9.27491e-07
1.18087e-06
1.49645e-06
1.88787e-06
2.37141e-06
2.96642e-06
3.69587e-06
4.58685e-06
5.6713e-06
6.98667e-06
8.57679e-06
1.04928e-05
1.27941e-05
1.55496e-05
1.88389e-05
2.27538e-05
2.73999e-05
3.28979e-05
3.93861e-05
4.70219e-05
5.59843e-05
6.64763e-05
7.87275e-05
9.29968e-05
0.000109575
0.00012879
0.000151007
0.000176635
0.00020613
0.000239997
0.000278798
0.000323154
0.00037375
0.00043134
0.000496753
0.000570899
0.000654771
0.000749453
0.000856126
0.000976074
0.00111069
0.00126147
0.00143004
0.00161815
0.00182769
0.00206066
0.00231922
0.00260568
0.00292248
0.00327224
0.00365772
0.00408185
0.00454774
0.00505863
0.00561797
0.00622935
0.00689654
0.0076235
0.00841432
0.00927329
0.0102048
0.0112136
0.0123042
0.0134817
0.0147511
0.0161175
0.0175862
0.0191626
0.0208522
0.0226606
0.0245935
0.0266565
0.0288554
0.031196
0.033684
0.0363253
0.0391255
0.0420903
0.0452253
0.048536
0.0520279
0.055706
0.0595756
0.0636415
0.0679084
0.0723807
0.0770626
0.081958
0.0870705
0.0924035
0.0979599
0.103742
0.109753
0.115993
0.122465
0.129169
0.136106
0.143276
0.150678
0.158312
0.166176
0.174269
0.182588
0.191129
0.199891
0.208868
0.218058
0.227453
0.237051
0.246844
0.256827
0.266992
0.277334
0.287843
0.298513
0.309334
0.3203
0.331393
0.34264
0.353881
0.365738
0.375532
0.394491
)
;

boundaryField
{
    sides
    {
        type            zeroGradient;
    }
    empty
    {
        type            empty;
    }
}


// ************************************************************************* //
