/*--------------------------------*- C++ -*----------------------------------*\
  =========                 |
  \\      /  F ield         | OpenFOAM: The Open Source CFD Toolbox
   \\    /   O peration     | Website:  https://openfoam.org
    \\  /    A nd           | Version:  7
     \\/     M anipulation  |
\*---------------------------------------------------------------------------*/
FoamFile
{
    version     2.0;
    format      ascii;
    class       volScalarField;
    location    "2.95";
    object      T;
}
// * * * * * * * * * * * * * * * * * * * * * * * * * * * * * * * * * * * * * //

dimensions      [0 0 0 1 0 0 0];

internalField   nonuniform List<scalar> 
1000
(
0
0
0
0
0
0
0
0
0
0
0
0
0
0
0
0
0
0
0
0
0
0
0
0
0
0
0
0
0
0
0
0
0
0
0
0
0
0
0
0
0
0
0
0
0
0
0
0
0
0
0
0
0
0
0
0
0
0
0
0
0
0
0
0
0
0
0
0
0
0
0
0
0
0
0
0
0
0
0
0
0
0
0
0
0
0
0
0
0
0
0
0
0
0
0
0
0
0
0
0
0
0
0
0
0
0
0
0
0
0
0
0
0
0
0
0
0
0
0
0
0
0
0
0
0
0
0
0
0
0
0
0
0
0
0
0
0
0
0
0
0
0
0
0
0
0
0
0
0
0
0
0
0
0
0
0
0
0
0
0
0
0
0
0
0
0
0
0
0
0
0
0
0
0
0
0
0
0
0
0
0
0
0
0
0
0
0
0
0
0
0
0
0
0
0
0
0
0
0
0
0
0
0
0
0
0
0
0
0
0
0
0
0
0
0
0
0
0
0
0
0
0
0
0
0
0
0
0
0
0
0
0
0
0
0
0
0
0
0
0
0
0
0
0
0
0
0
0
0
0
0
0
0
0
0
0
0
0
0
0
0
0
0
0
0
0
0
0
0
0
0
0
0
0
0
0
0
0
0
0
0
0
0
0
0
0
0
0
0
0
0
0
0
0
0
0
0
0
0
0
0
0
0
0
0
0
0
0
0
0
0
0
0
0
0
0
0
0
0
0
0
0
0
0
0
0
0
0
0
0
0
0
0
0
0
0
0
0
0
0
0
0
0
0
0
2.91499e-322
8.1503e-319
2.13019e-315
5.52781e-312
1.42412e-308
3.64215e-305
9.24592e-302
2.3296e-298
5.82518e-295
1.44541e-291
3.55867e-288
8.6926e-285
2.10637e-281
5.06284e-278
1.20693e-274
2.85333e-271
6.68886e-268
1.55465e-264
3.58212e-261
8.1813e-258
1.85194e-254
4.15427e-251
9.23359e-248
2.03327e-244
4.43518e-241
9.58194e-238
2.05003e-234
4.34278e-231
9.1077e-228
1.89066e-224
3.88432e-221
7.89659e-218
1.58823e-214
3.15979e-211
6.21726e-208
1.20963e-204
2.3267e-201
4.42356e-198
8.31117e-195
1.54284e-191
2.82912e-188
5.12342e-185
9.16108e-182
1.617e-178
2.8167e-175
4.84098e-172
8.20675e-169
1.37195e-165
2.26108e-162
3.6726e-159
5.87739e-156
9.26431e-153
1.43787e-149
2.19663e-146
3.30199e-143
4.88223e-140
7.09777e-137
1.01418e-133
1.42372e-130
1.96273e-127
2.65602e-124
3.52645e-121
4.59163e-118
5.86003e-115
7.32662e-112
8.96886e-109
1.07435e-105
1.25852e-102
1.4408e-99
1.61091e-96
1.75775e-93
1.87037e-90
1.93923e-87
1.95747e-84
1.92188e-81
1.8336e-78
1.69817e-75
1.52503e-72
1.32643e-69
1.11596e-66
9.06936e-64
7.10941e-61
5.36693e-58
3.89498e-55
2.7124e-52
1.80875e-49
1.15238e-46
6.99725e-44
4.03804e-41
2.20795e-38
1.13994e-35
5.5355e-33
2.517e-30
1.06622e-27
4.18291e-25
1.50924e-22
4.96697e-20
1.47613e-17
3.91271e-15
9.10607e-13
1.82289e-10
3.05201e-08
4.10371e-06
0.000415649
0.0282323
0.971768
0.999584
0.999996
1
1
1
1
1
1
1
1
1
1
1
1
1
1
1
1
1
1
1
1
1
1
1
1
1
1
1
1
1
1
1
1
1
1
1
1
1
1
1
1
1
1
1
1
1
1
1
1
1
1
1
1
1
1
1
1
1
1
1
1
1
1
1
1
1
1
1
1
1
1
1
1
1
1
1
1
1
1
1
1
1
1
1
1
1
1
1
1
1
1
1
1
1
1
0.999996
0.999584
0.971768
0.0282323
0.000415649
4.10371e-06
3.05201e-08
1.82289e-10
9.10607e-13
3.91271e-15
1.47613e-17
4.96697e-20
1.50924e-22
4.18291e-25
1.06622e-27
2.517e-30
5.5355e-33
1.13994e-35
2.20795e-38
4.03804e-41
6.99725e-44
1.15238e-46
1.80875e-49
2.7124e-52
3.89498e-55
5.36693e-58
7.10941e-61
9.06936e-64
1.11596e-66
1.32643e-69
1.52503e-72
1.69817e-75
1.8336e-78
1.92188e-81
1.95747e-84
1.93923e-87
1.87037e-90
1.75775e-93
1.61091e-96
1.4408e-99
1.25852e-102
1.07435e-105
8.96886e-109
7.32662e-112
5.86003e-115
4.59163e-118
3.52645e-121
2.65602e-124
1.96273e-127
1.42372e-130
1.01418e-133
7.09777e-137
4.88223e-140
3.30199e-143
2.19663e-146
1.43787e-149
9.26431e-153
5.87739e-156
3.6726e-159
2.26108e-162
1.37195e-165
8.20675e-169
4.84098e-172
2.8167e-175
1.617e-178
9.16108e-182
5.12342e-185
2.82912e-188
1.54284e-191
8.31117e-195
4.42356e-198
2.3267e-201
1.20963e-204
6.21726e-208
3.15979e-211
1.58823e-214
7.89659e-218
3.88432e-221
1.89066e-224
9.1077e-228
4.34278e-231
2.05003e-234
9.58194e-238
4.43518e-241
2.03327e-244
9.23359e-248
4.15427e-251
1.85194e-254
8.1813e-258
3.58212e-261
1.55465e-264
6.68886e-268
2.85333e-271
1.20693e-274
5.06284e-278
2.10637e-281
8.6926e-285
3.55867e-288
1.44541e-291
5.82518e-295
2.3296e-298
9.24592e-302
3.64215e-305
1.42412e-308
5.52781e-312
2.13019e-315
8.1503e-319
2.91499e-322
0
0
0
0
0
0
0
0
0
0
0
0
0
0
0
0
0
0
0
0
0
0
0
0
0
0
0
0
0
0
0
0
0
0
0
0
0
0
0
0
0
0
0
0
0
0
0
0
0
0
0
0
0
0
0
0
0
0
0
0
0
0
0
0
0
0
0
0
0
0
0
0
0
0
0
0
0
0
0
0
0
0
0
0
0
0
0
0
0
0
0
0
0
0
0
0
0
0
0
0
0
0
0
0
0
0
0
0
0
0
0
0
0
0
0
0
0
0
0
0
0
0
0
0
0
0
0
0
0
0
0
0
0
0
0
0
0
0
0
0
0
0
0
0
0
0
0
0
0
0
0
0
0
0
0
0
0
0
0
0
0
0
0
0
0
0
0
0
0
0
0
0
0
0
0
0
0
0
0
0
0
0
0
0
0
0
0
0
0
0
0
0
0
0
0
0
0
0
0
0
0
0
0
0
0
0
0
0
0
0
0
0
0
0
0
0
0
0
0
0
0
0
0
0
0
0
0
0
0
0
0
0
0
0
0
0
0
0
0
0
0
0
0
0
0
0
0
0
0
0
0
0
0
0
0
0
0
0
0
0
0
0
0
0
0
0
0
0
0
0
0
0
0
0
0
0
0
0
0
0
0
0
0
0
0
0
0
0
0
0
0
0
0
0
0
0
0
0
0
0
0
0
0
0
0
0
0
0
0
0
0
0
0
0
0
0
0
0
0
0
0
0
0
0
0
0
0
0
0
0
0
0
0
0
0
0
0
0
0
0
0
0
0
0
0
)
;

boundaryField
{
    sides
    {
        type            zeroGradient;
    }
    empty
    {
        type            empty;
    }
}


// ************************************************************************* //
