/*--------------------------------*- C++ -*----------------------------------*\
  =========                 |
  \\      /  F ield         | OpenFOAM: The Open Source CFD Toolbox
   \\    /   O peration     | Website:  https://openfoam.org
    \\  /    A nd           | Version:  7
     \\/     M anipulation  |
\*---------------------------------------------------------------------------*/
FoamFile
{
    version     2.0;
    format      ascii;
    class       volScalarField;
    location    "4.02";
    object      T;
}
// * * * * * * * * * * * * * * * * * * * * * * * * * * * * * * * * * * * * * //

dimensions      [0 0 0 1 0 0 0];

internalField   nonuniform List<scalar> 
1000
(
0
0
0
0
0
0
0
0
0
0
0
0
0
0
0
0
0
0
0
0
0
0
0
0
0
0
0
0
0
0
0
0
0
0
0
0
0
0
0
0
0
0
0
0
0
0
0
0
0
0
0
0
0
0
0
0
0
0
0
0
0
0
0
0
0
0
5.2371e-322
-5.27069e-320
4.92769e-318
-4.32741e-316
3.58357e-314
-2.80758e-312
2.08702e-310
-1.47572e-308
9.94827e-307
-6.40679e-305
3.94896e-303
-2.33344e-301
1.32388e-299
-7.22174e-298
3.7926e-296
-1.91977e-294
9.37687e-293
-4.42392e-291
2.01796e-289
-8.90756e-288
3.80812e-286
-1.578e-284
6.34264e-283
-2.47456e-281
9.3773e-280
-3.45364e-278
1.23694e-276
-4.31058e-275
1.4624e-273
-4.83233e-272
1.55602e-270
-4.88466e-269
1.49557e-267
-4.46793e-266
1.30289e-264
-3.70998e-263
1.03194e-261
-2.80481e-260
7.45187e-259
-1.93586e-257
4.9188e-256
-1.22278e-254
2.97484e-253
-7.08466e-252
1.65206e-250
-3.77302e-249
8.44138e-248
-1.85053e-246
3.97589e-245
-8.3737e-244
1.72915e-242
-3.5016e-241
6.955e-240
-1.3552e-238
2.59097e-237
-4.86122e-236
8.95203e-235
-1.61829e-233
2.87222e-232
-5.0057e-231
8.56755e-230
-1.4403e-228
2.37851e-227
-3.85895e-226
6.15168e-225
-9.6367e-224
1.48361e-222
-2.24497e-221
3.33922e-220
-4.88273e-219
7.01948e-218
-9.92216e-217
1.37912e-215
-1.88508e-214
2.53405e-213
-3.35037e-212
4.35702e-211
-5.57356e-210
7.01369e-209
-8.68271e-208
1.0575e-206
-1.2672e-205
1.49404e-204
-1.73322e-203
1.97848e-202
-2.22236e-201
2.45646e-200
-2.67196e-199
2.86011e-198
-3.01285e-197
3.12333e-196
-3.18646e-195
3.19927e-194
-3.16116e-193
3.07392e-192
-2.94161e-191
2.77026e-190
-2.56738e-189
2.34146e-188
-2.10133e-187
1.85569e-186
-1.61249e-185
1.37866e-184
-1.15975e-183
9.59822e-183
-7.81473e-182
6.259e-181
-4.93096e-180
3.82085e-179
-2.91172e-178
2.18203e-177
-1.60786e-176
1.16482e-175
-8.29549e-175
5.80683e-174
-3.9947e-173
2.70029e-172
-1.79325e-171
1.16976e-170
-7.49352e-170
4.71317e-169
-2.90987e-168
1.763e-167
-1.04791e-166
6.10869e-166
-3.49121e-165
1.95542e-164
-1.07289e-163
5.76389e-163
-3.03034e-162
1.55821e-161
-7.83123e-161
3.84388e-160
-1.84106e-159
8.59576e-159
-3.90756e-158
1.72711e-157
-7.40964e-157
3.07916e-156
-1.23623e-155
4.77896e-155
-1.77088e-154
6.2509e-154
-2.08233e-153
6.4491e-153
-1.80699e-152
4.31292e-152
-7.20976e-152
-2.17202e-152
9.07407e-151
-5.25256e-150
2.18005e-149
-7.37661e-149
2.04305e-148
-4.1907e-148
3.00186e-148
2.57688e-147
-1.74976e-146
7.11766e-146
-2.15999e-145
4.67337e-145
-3.84174e-145
-2.52906e-144
1.70446e-143
-6.43672e-143
1.68374e-142
-2.46e-142
-3.50189e-142
4.05744e-141
-1.67783e-140
4.44385e-140
-6.06068e-140
-1.1594e-139
1.099e-138
-4.10421e-138
9.18686e-138
-5.63554e-138
-5.56011e-137
2.99191e-136
-8.44668e-136
1.12172e-135
2.39092e-135
-1.9886e-134
6.43829e-134
-1.03428e-133
-1.08851e-133
1.3112e-132
-4.45045e-132
7.18151e-132
7.70311e-132
-8.88153e-131
2.85147e-130
-3.90524e-130
-7.79338e-130
6.04691e-129
-1.65162e-128
1.38759e-128
7.76328e-128
-3.88901e-127
7.98756e-127
1.35825e-127
-6.54204e-126
2.16963e-125
-2.54583e-125
-7.5278e-125
4.41726e-124
-9.13827e-124
-2.30655e-124
7.40373e-123
-2.21433e-122
1.71624e-122
1.04406e-121
-4.46854e-121
6.36589e-121
1.20417e-120
-8.07099e-120
1.56424e-119
9.74166e-120
-1.3576e-118
3.23844e-118
1.09166e-120
-2.18925e-117
6.07568e-117
-2.07702e-117
-3.46822e-116
1.06797e-115
-5.5756e-116
-5.50679e-115
1.7891e-114
-1.02962e-114
-8.87379e-114
2.87713e-113
-1.48183e-113
-1.45376e-112
4.43931e-112
-1.51377e-112
-2.39913e-111
6.51979e-111
-2.62842e-112
-3.92194e-110
8.9607e-110
3.83177e-110
-6.22299e-109
1.1164e-108
1.31561e-108
-9.37448e-108
1.1778e-107
3.06305e-107
-1.30689e-106
8.45121e-107
5.85313e-106
-1.62645e-105
-2.01287e-106
9.60008e-105
-1.68764e-104
-2.25959e-104
1.35426e-103
-1.18637e-103
-5.36827e-103
1.59298e-102
1.78413e-103
-8.96435e-102
1.41128e-101
2.48301e-101
-1.1615e-100
5.49744e-101
5.28137e-100
-1.11688e-99
-1.04674e-99
7.42071e-99
-5.68245e-99
-2.99531e-98
7.27582e-98
4.90341e-98
-4.3944e-97
3.61752e-97
1.71992e-96
-4.12767e-96
-3.11589e-96
2.45519e-95
-1.60798e-95
-1.00417e-94
2.03203e-94
2.40971e-94
-1.2733e-93
3.39437e-94
5.7148e-93
-8.12688e-93
-1.80587e-92
5.82631e-92
2.20996e-92
-2.96218e-91
2.05059e-91
1.16445e-90
-2.11238e-90
-3.27403e-90
1.28102e-89
2.80021e-90
-6.05992e-89
4.23303e-89
2.34224e-88
-3.92701e-88
-7.06421e-88
2.32535e-87
1.2144e-87
-1.11562e-86
3.39555e-87
4.58411e-86
-4.87553e-86
-1.61751e-85
3.23292e-85
4.65834e-85
-1.68501e-84
-8.60618e-85
7.63158e-84
-1.1486e-84
-3.10847e-83
2.30541e-83
1.1509e-82
-1.58584e-82
-3.85228e-82
8.46647e-82
1.13301e-81
-3.96994e-81
-2.67206e-81
1.70933e-80
3.09843e-81
-6.90493e-80
1.60253e-80
2.6488e-79
-1.62679e-79
-9.72218e-79
9.67277e-79
3.43117e-78
-4.79866e-78
-1.16824e-77
2.16034e-77
3.8462e-77
-9.13516e-77
-1.22652e-76
3.69442e-76
3.79409e-76
-1.44471e-75
-1.14068e-75
5.50314e-75
3.34457e-75
-2.05263e-74
-9.63089e-75
7.52591e-74
2.76124e-74
-2.72013e-73
-8.07622e-74
9.71141e-73
2.49573e-73
-3.42926e-72
-8.43233e-73
1.19842e-71
3.1509e-72
-4.14457e-71
-1.2755e-71
1.41742e-70
5.3926e-71
-4.78682e-70
-2.30588e-70
1.59291e-69
9.76926e-70
-5.20747e-69
-4.05557e-69
1.66565e-68
1.6407e-68
-5.18367e-68
-6.45099e-68
1.55718e-67
2.46129e-67
-4.46073e-67
-9.10034e-67
1.1936e-66
3.25531e-66
-2.86212e-66
-1.12395e-65
5.50567e-66
3.73268e-65
-4.54115e-66
-1.18622e-64
-2.93559e-65
3.57847e-64
2.30994e-64
-1.01138e-63
-1.13043e-63
2.61485e-63
4.59834e-63
-5.87408e-63
-1.6646e-62
9.81778e-63
5.48112e-62
-2.08565e-63
-1.64584e-61
-7.9648e-62
4.44912e-61
4.77333e-61
-1.04234e-60
-1.98964e-60
1.88954e-60
6.90036e-60
-1.32189e-60
-2.0728e-59
-9.1368e-60
5.35971e-59
6.07448e-59
-1.12558e-58
-2.47509e-58
1.49769e-58
8.00318e-58
1.41414e-58
-2.13683e-57
-1.94011e-57
4.50836e-57
8.72807e-57
-5.83418e-57
-2.846e-56
-6.14556e-57
7.28441e-56
7.48999e-56
-1.36898e-55
-3.14649e-55
1.07458e-55
9.3508e-55
5.08514e-55
-2.05578e-54
-3.14481e-54
2.67241e-54
1.06928e-53
2.62021e-54
-2.56716e-53
-3.05656e-53
3.84143e-53
1.15733e-52
1.08498e-53
-2.8859e-52
-3.0911e-52
4.36905e-52
1.22587e-51
1.15823e-52
-3.00249e-51
-3.36892e-51
4.11281e-51
1.27919e-50
3.13456e-51
-2.87482e-50
-3.86949e-50
2.97782e-50
1.28759e-49
6.81173e-50
-2.42617e-49
-4.40126e-49
9.86369e-50
1.19185e-48
1.13003e-48
-1.59604e-48
-4.61546e-48
-1.5697e-48
9.30238e-48
1.49316e-47
-4.36501e-48
-4.1161e-47
-4.00105e-47
4.88991e-47
1.562e-46
7.9629e-47
-2.69782e-46
-5.31608e-46
-4.47009e-47
1.1937e-45
1.65662e-45
-6.28238e-46
-4.70037e-45
-4.77296e-45
4.55917e-45
1.72137e-44
1.27502e-44
-2.24044e-44
-6.01461e-44
-3.15076e-44
9.43194e-44
2.04134e-43
7.16807e-44
-3.64281e-43
-6.8245e-43
-1.50816e-43
1.33026e-42
2.27238e-42
3.13022e-43
-4.66404e-42
-7.59627e-42
-8.13374e-43
1.5816e-41
2.55997e-41
3.37609e-42
-5.19528e-41
-8.69584e-41
-1.82636e-41
1.64666e-40
2.96431e-40
9.92677e-41
-4.98301e-40
-1.00596e-39
-5.01316e-40
1.40938e-39
3.36129e-39
2.33578e-39
-3.56242e-39
-1.09051e-38
-1.00944e-38
7.12377e-39
3.37279e-38
4.06042e-38
-5.2865e-39
-9.6777e-38
-1.51804e-37
-4.83137e-38
2.45079e-37
5.23334e-37
3.72351e-37
-4.81331e-37
-1.63394e-36
-1.81577e-36
3.19252e-37
4.44403e-36
7.16744e-36
3.23414e-36
-9.51275e-36
-2.39103e-35
-2.27457e-35
9.74053e-36
6.59367e-35
9.93889e-35
4.20268e-35
-1.33192e-34
-3.34407e-34
-3.37645e-34
7.8262e-35
8.58112e-34
1.44299e-33
9.08003e-34
-1.32059e-33
-4.41275e-33
-5.62652e-33
-1.49104e-33
8.93982e-33
2.03412e-32
2.06e-32
-2.59756e-33
-4.81432e-32
-8.86924e-32
-7.34798e-32
4.04234e-32
2.33199e-31
3.78359e-31
2.67393e-31
-2.53681e-31
-1.06528e-30
-1.61599e-30
-1.04832e-30
1.23413e-30
4.68728e-30
7.00192e-30
4.60831e-30
-5.05791e-30
-1.99819e-29
-3.08439e-29
-2.26046e-29
1.68184e-29
8.193e-29
1.36889e-28
1.18298e-28
-3.35962e-29
-3.15672e-28
-6.0063e-28
-6.26712e-28
-9.79942e-29
1.08425e-27
2.53275e-27
3.2226e-27
1.74263e-27
-2.86844e-27
-9.83516e-27
-1.5547e-26
-1.37499e-26
1.8649e-27
3.24447e-26
6.77977e-26
8.329e-26
4.53114e-26
-7.06378e-26
-2.51097e-25
-4.16982e-25
-4.19631e-25
-8.67452e-26
6.67928e-25
1.69146e-24
2.46697e-24
2.13716e-24
-1.96594e-25
-4.84835e-24
-1.07271e-23
-1.47178e-23
-1.18978e-23
2.75035e-24
3.08637e-23
6.61408e-23
9.07577e-23
7.61269e-23
-8.28858e-24
-1.76136e-22
-3.97963e-22
-5.77577e-22
-5.48713e-22
-1.13867e-22
8.58424e-22
2.28228e-21
3.69087e-21
4.14938e-21
2.37201e-21
-2.8302e-21
-1.17183e-20
-2.25326e-20
-3.05272e-20
-2.78158e-20
-4.90427e-21
4.53318e-20
1.21106e-19
2.0379e-19
2.51651e-19
2.00287e-19
-2.39796e-20
-4.72414e-19
-1.12306e-18
-1.81907e-18
-2.21776e-18
-1.78715e-18
1.02515e-19
3.94646e-18
9.71252e-18
1.63268e-17
2.11718e-17
1.9853e-17
6.60294e-18
-2.42496e-17
-7.54085e-17
-1.4231e-16
-2.07989e-16
-2.38621e-16
-1.82416e-16
2.44538e-17
4.40644e-16
1.08776e-15
1.90327e-15
2.68343e-15
3.03054e-15
2.33028e-15
-2.02315e-16
-5.36091e-15
-1.36224e-14
-2.46284e-14
-3.64894e-14
-4.50068e-14
-4.30293e-14
-2.03137e-14
3.5574e-14
1.36642e-13
2.89435e-13
4.87022e-13
6.97971e-13
8.53202e-13
8.33161e-13
4.59936e-13
-4.98334e-13
-2.30039e-12
-5.16909e-12
-9.17853e-12
-1.40784e-11
-1.9049e-11
-2.23954e-11
-2.12132e-11
-1.10958e-11
1.39895e-11
6.1464e-11
1.39255e-10
2.53902e-10
4.07186e-10
5.90783e-10
7.78446e-10
9.15363e-10
9.04695e-10
5.91922e-10
-2.51274e-10
-1.94021e-09
-4.88162e-09
-9.56004e-09
-1.64919e-08
-2.61276e-08
-3.86716e-08
-5.37842e-08
-7.01112e-08
-8.45759e-08
-9.13483e-08
-8.0385e-08
-3.54095e-08
6.88234e-08
2.70168e-07
6.23847e-07
1.20858e-06
2.13439e-06
3.55232e-06
5.66651e-06
8.74899e-06
1.31574e-05
1.93562e-05
2.79421e-05
3.96729e-05
5.55018e-05
7.66159e-05
0.00010448
0.000140887
0.00018801
0.000248465
0.000325371
0.000422426
0.000543975
0.000695088
0.000881641
0.00111039
0.00138907
0.00172644
0.00213239
0.00261799
0.00319557
0.00387874
0.00468248
0.00562311
0.00671836
0.0079873
0.00945037
0.0111293
0.013047
0.0152275
0.017696
0.0204783
0.0236011
0.0270915
0.0309767
0.0352844
0.0400415
0.0452749
0.0510104
0.0572727
0.0640854
0.0714702
0.0794467
0.0880325
0.0972425
0.107089
0.11758
0.128722
0.140518
0.152965
0.16606
0.179792
0.194149
0.209114
0.224668
0.240785
0.257438
0.274596
0.292224
0.310285
0.328739
0.347543
0.366652
0.38602
0.405598
0.425339
0.445192
0.465108
0.485037
0.504929
0.524736
0.54441
0.563906
0.58318
0.602189
0.620893
0.639255
0.65724
0.674817
0.691955
0.708631
0.724819
0.740501
0.75566
0.770282
0.784356
0.797875
0.810833
0.82323
0.835064
0.846338
0.857059
0.867232
0.876867
0.885974
0.894567
0.902657
0.91026
0.917392
0.924069
0.930307
0.936126
0.941541
0.946571
0.951233
0.955545
0.959524
0.963186
0.966546
0.96962
0.972421
0.974962
0.977255
0.97931
0.981136
0.98274
0.984127
0.985302
0.986266
0.987021
0.987563
0.98789
0.987997
0.987874
0.987513
0.986903
0.986029
0.984877
0.983429
0.981667
0.979571
0.97712
0.974291
0.971061
0.967406
0.963301
0.958723
0.953648
0.948051
0.941911
0.935205
0.927914
0.92002
0.911506
0.902358
0.892567
0.882123
0.871022
0.859262
0.846845
0.833778
0.820069
0.805732
0.790784
0.775245
0.759141
0.742498
0.72535
0.70773
0.689676
0.671228
0.652429
0.633325
0.61396
0.594385
0.574647
0.554796
0.534882
0.514955
0.495064
0.475258
0.455585
0.43609
0.416817
0.397809
0.379105
0.360743
0.342758
0.325182
0.308043
0.291368
0.27518
0.259498
0.24434
0.229718
0.215644
0.202125
0.189166
0.17677
0.164936
0.153661
0.142941
0.132768
0.123133
0.114025
0.105432
0.097341
0.0897364
0.0826024
0.0759225
0.0696793
0.0638549
0.0584311
0.0533893
0.0487112
0.044378
0.0403715
0.0366735
0.0332661
0.0301318
0.0272538
0.0246153
0.022201
0.0199938
0.0179871
0.0161266
0.0146029
0.0123729
)
;

boundaryField
{
    sides
    {
        type            zeroGradient;
    }
    empty
    {
        type            empty;
    }
}


// ************************************************************************* //
