/*--------------------------------*- C++ -*----------------------------------*\
  =========                 |
  \\      /  F ield         | OpenFOAM: The Open Source CFD Toolbox
   \\    /   O peration     | Website:  https://openfoam.org
    \\  /    A nd           | Version:  7
     \\/     M anipulation  |
\*---------------------------------------------------------------------------*/
FoamFile
{
    version     2.0;
    format      ascii;
    class       volScalarField;
    location    "0.5";
    object      T;
}
// * * * * * * * * * * * * * * * * * * * * * * * * * * * * * * * * * * * * * //

dimensions      [0 0 0 1 0 0 0];

internalField   nonuniform List<scalar> 
1000
(
9.58604e-208
1.56125e-207
3.89651e-207
1.15141e-206
3.55585e-206
1.10915e-205
3.46687e-205
1.084e-204
3.3892e-204
1.05951e-203
3.31164e-203
1.03493e-202
3.23375e-202
1.01025e-201
3.1556e-201
9.85512e-201
3.07729e-200
9.60732e-200
2.99891e-199
9.35944e-199
2.92054e-198
9.11175e-198
2.84228e-197
8.86453e-197
2.76421e-196
8.61807e-196
2.68642e-195
8.37263e-195
2.609e-194
8.12847e-194
2.53202e-193
7.88585e-193
2.45557e-192
7.64502e-192
2.37972e-191
7.40621e-191
2.30456e-190
7.16967e-190
2.23014e-189
6.93562e-189
2.15654e-188
6.70427e-188
2.08384e-187
6.47582e-187
2.01208e-186
6.25049e-186
1.94133e-185
6.02844e-185
1.87166e-184
5.80986e-184
1.8031e-183
5.59491e-183
1.73572e-182
5.38374e-182
1.66956e-181
5.17651e-181
1.60467e-180
4.97334e-180
1.54108e-179
4.77436e-179
1.47883e-178
4.57968e-178
1.41796e-177
4.38939e-177
1.35849e-176
4.20358e-176
1.30045e-175
4.02234e-175
1.24387e-174
3.84573e-174
1.18876e-173
3.67381e-173
1.13514e-172
3.50662e-172
1.08302e-171
3.3442e-171
1.03241e-170
3.18656e-170
9.83325e-170
3.03374e-169
9.35758e-169
2.88572e-168
8.89713e-168
2.74251e-167
8.45185e-167
2.6041e-166
8.02171e-166
2.47046e-165
7.60661e-165
2.34156e-164
7.20644e-164
2.21736e-163
6.82107e-163
2.09782e-162
6.45034e-162
1.98288e-161
6.09408e-161
1.87248e-160
5.75207e-160
1.76656e-159
5.4241e-159
1.66503e-158
5.10992e-158
1.56783e-157
4.80928e-157
1.47487e-156
4.52191e-156
1.38606e-155
4.24751e-155
1.30131e-154
3.98579e-154
1.22051e-153
3.73644e-153
1.14358e-152
3.49914e-152
1.0704e-151
3.27355e-151
1.00087e-150
3.05933e-150
9.34889e-150
2.85614e-149
8.72339e-149
2.66364e-148
8.13111e-148
2.48146e-147
7.57092e-147
2.30926e-146
7.04171e-146
2.14667e-145
6.54233e-145
1.99334e-144
6.07167e-144
1.8489e-143
5.62858e-143
1.71302e-142
5.21196e-142
1.58532e-141
4.82068e-141
1.46546e-140
4.45366e-140
1.35311e-139
4.1098e-139
1.24791e-138
3.78804e-138
1.14953e-137
3.48734e-137
1.05764e-136
3.20666e-136
9.71931e-136
2.945e-135
8.92078e-135
2.70139e-134
8.1778e-134
2.47486e-133
7.48737e-133
2.2645e-132
6.84663e-132
2.0694e-131
6.25276e-131
1.88869e-130
5.70308e-130
1.72154e-129
5.19497e-129
1.56713e-128
4.72591e-128
1.42469e-127
4.2935e-127
1.29347e-126
3.89543e-126
1.17275e-125
3.52946e-125
1.06185e-124
3.19349e-124
9.60104e-124
2.88549e-123
8.66898e-123
2.60353e-122
7.81635e-122
2.34579e-121
7.03752e-121
2.11053e-120
6.32713e-120
1.89611e-119
5.68014e-119
1.70096e-118
5.09176e-118
1.52363e-117
4.5575e-117
1.36273e-116
4.07312e-116
1.21697e-115
3.63464e-115
1.08512e-114
3.23833e-114
9.66042e-114
2.88071e-113
8.58676e-113
2.5585e-112
7.62021e-112
2.26868e-111
6.75152e-111
2.00841e-110
5.97204e-110
1.77506e-109
5.27379e-109
1.56621e-108
4.64935e-108
1.37959e-107
4.09187e-107
1.21313e-106
3.59503e-106
1.0649e-105
3.15299e-105
9.33138e-105
2.76042e-104
8.16224e-104
2.41239e-103
7.1267e-103
2.10441e-102
6.21117e-102
1.83237e-101
5.40322e-101
1.59253e-100
4.69154e-100
1.38146e-99
4.06585e-99
1.19607e-98
3.51681e-98
1.03354e-97
3.03596e-97
8.91348e-97
2.61566e-96
7.6718e-96
2.24902e-95
6.58973e-95
1.92983e-94
5.64865e-94
1.65251e-93
4.83189e-93
1.41208e-92
4.1245e-92
1.20407e-91
3.51313e-91
1.02448e-90
2.98588e-90
8.69766e-90
2.53216e-89
7.36777e-89
2.14258e-88
6.22716e-88
1.80882e-87
5.25107e-87
1.52352e-86
4.4177e-86
1.28023e-85
3.70782e-85
1.07322e-84
3.10456e-84
8.97521e-84
2.59312e-83
7.48744e-83
2.16059e-82
6.23073e-82
1.79569e-81
5.17184e-81
1.48861e-80
4.28187e-80
1.23084e-79
3.53579e-79
1.01504e-78
2.91196e-78
8.34827e-78
2.39173e-77
6.84745e-77
1.95905e-76
5.60091e-76
1.60017e-75
4.56842e-75
1.30333e-74
3.71561e-74
1.0585e-73
3.01321e-73
8.57132e-73
2.43636e-72
6.92004e-72
1.96402e-71
5.56991e-71
1.5784e-70
4.46935e-70
1.26454e-69
3.57497e-69
1.00987e-68
2.85041e-68
8.03886e-68
2.26529e-67
6.37811e-67
1.7943e-66
5.0435e-66
1.41643e-65
3.97453e-65
1.11429e-64
3.12123e-64
8.73514e-64
2.44244e-63
6.82316e-63
1.90436e-62
5.31023e-62
1.47936e-61
4.1174e-61
1.14488e-60
3.18039e-60
8.82632e-60
2.44711e-59
6.77794e-59
1.87546e-58
5.18418e-58
1.43156e-57
3.94902e-57
1.08822e-56
2.99564e-56
8.23757e-56
2.26278e-55
6.20888e-55
1.70179e-54
4.65928e-54
1.27422e-53
3.48077e-53
9.49751e-53
2.58845e-52
7.04629e-52
1.91587e-51
5.20298e-51
1.41127e-50
3.82328e-50
1.03448e-49
2.79553e-49
7.54492e-49
2.0337e-48
5.47462e-48
1.4718e-47
3.95156e-47
1.0595e-46
2.83688e-46
7.58547e-46
2.02543e-45
5.40053e-45
1.43792e-44
3.82298e-44
1.01492e-43
2.6904e-43
7.12108e-43
1.88197e-42
4.96602e-42
1.30835e-41
3.44152e-41
9.03813e-41
2.36973e-40
6.203e-40
1.62098e-39
4.2288e-39
1.10131e-38
2.86315e-38
7.43036e-38
1.92485e-37
4.9773e-37
1.28466e-36
3.30958e-36
8.51001e-36
2.18399e-35
5.59399e-35
1.42998e-34
3.64809e-34
9.28776e-34
2.35969e-33
5.9825e-33
1.51349e-32
3.82061e-32
9.62335e-32
2.41849e-31
6.06418e-31
1.51703e-30
3.78608e-30
9.42644e-30
2.34125e-29
5.80058e-29
1.43352e-28
3.53363e-28
8.68777e-28
2.13032e-27
5.20966e-27
1.27052e-26
3.08987e-26
7.49314e-26
1.81188e-25
4.36831e-25
1.05001e-24
2.51618e-24
6.01087e-24
1.43137e-23
3.39749e-23
8.03769e-23
1.89514e-22
4.45306e-22
1.04269e-21
2.43276e-21
5.65532e-21
1.30978e-20
3.02197e-20
6.94539e-20
1.58994e-19
3.62499e-19
8.23071e-19
1.86094e-18
4.18939e-18
9.3897e-18
2.09504e-17
4.65293e-17
1.02851e-16
2.26253e-16
4.95259e-16
1.07863e-15
2.33701e-15
5.0367e-15
1.07962e-14
2.30135e-14
4.87772e-14
1.02781e-13
2.15284e-13
4.48174e-13
9.27148e-13
1.90569e-12
3.8912e-12
7.89172e-12
1.58943e-11
3.17843e-11
6.30972e-11
1.24323e-10
2.43081e-10
4.71548e-10
9.07376e-10
1.7316e-09
3.27654e-09
6.1461e-09
1.14263e-08
2.10494e-08
3.84156e-08
6.94405e-08
1.24297e-07
2.20269e-07
3.86368e-07
6.70669e-07
1.15182e-06
1.95678e-06
3.28772e-06
5.46215e-06
8.97162e-06
1.45662e-05
2.33735e-05
3.70635e-05
5.80715e-05
8.98944e-05
0.000137474
0.000207683
0.000309928
0.00045687
0.000665276
0.00095698
0.00135994
0.00190934
0.00264874
0.00363109
0.00491969
0.00658881
0.00872409
0.0114224
0.0147913
0.0189477
0.0240163
0.0301269
0.0374115
0.0460008
0.0560199
0.0675845
0.0807963
0.0957388
0.112473
0.131036
0.151434
0.173645
0.197616
0.223262
0.250467
0.279089
0.308958
0.339886
0.371663
0.40407
0.436879
0.469858
0.502778
0.535418
0.567566
0.599026
0.629618
0.659184
0.687588
0.714715
0.740474
0.764799
0.787642
0.808982
0.828811
0.847145
0.86401
0.879449
0.893516
0.906272
0.917786
0.928134
0.937393
0.945642
0.952961
0.959427
0.965117
0.970105
0.974459
0.978248
0.98153
0.984365
0.986804
0.988895
0.990682
0.992203
0.993495
0.994587
0.995508
0.996283
0.996932
0.997474
0.997926
0.998302
0.998612
0.998869
0.999081
0.999254
0.999397
0.999513
0.999608
0.999685
0.999747
0.999797
0.999838
0.99987
0.999895
0.999914
0.999927
0.999935
0.999937
0.999932
0.999917
0.999891
0.999847
0.999781
0.999681
0.999536
0.999329
0.999039
0.998637
0.998088
0.997349
0.996367
0.995079
0.99341
0.991275
0.988577
0.985208
0.981052
0.975984
0.969873
0.962588
0.953999
0.94398
0.932415
0.919204
0.904261
0.887527
0.868964
0.848566
0.826355
0.802384
0.776738
0.749533
0.720911
0.691042
0.660114
0.628337
0.59593
0.563121
0.530142
0.497222
0.464582
0.432434
0.400974
0.370382
0.340816
0.312412
0.285285
0.259526
0.235201
0.212358
0.191018
0.171189
0.152855
0.13599
0.120551
0.106484
0.0937285
0.0822136
0.0718655
0.0626066
0.0543577
0.0470393
0.0405732
0.034883
0.0298954
0.0255405
0.0217524
0.0184695
0.0156349
0.013196
0.0111049
0.0093182
0.00779671
0.00650536
0.00541287
0.00449157
0.00371707
0.00306797
0.0025256
0.00207377
0.00169845
0.00138757
0.0011308
0.000919311
0.000745582
0.000603254
0.00048696
0.000392181
0.000315134
0.000252659
0.000202122
0.000161343
0.000128516
0.000102151
8.10256e-05
6.4137e-05
5.06657e-05
3.99437e-05
3.14287e-05
2.46806e-05
1.93442e-05
1.51329e-05
1.18162e-05
9.20942e-06
7.16463e-06
5.56381e-06
4.313e-06
3.33752e-06
2.57819e-06
1.98822e-06
1.53066e-06
1.17644e-06
9.02698e-07
6.91529e-07
5.28908e-07
4.03887e-07
3.07935e-07
2.34415e-07
1.78175e-07
1.35223e-07
1.02472e-07
7.75391e-08
5.8587e-08
4.42034e-08
3.33035e-08
2.50561e-08
1.88249e-08
1.41238e-08
1.05824e-08
7.91823e-09
5.91692e-09
4.41562e-09
3.29096e-09
2.4496e-09
1.82102e-09
1.35204e-09
1.00259e-09
7.42542e-10
5.49276e-10
4.05824e-10
2.99479e-10
2.20741e-10
1.62515e-10
1.1951e-10
8.7784e-11
6.44076e-11
4.72034e-11
3.45564e-11
2.52701e-11
1.84593e-11
1.34697e-11
9.81833e-12
7.14926e-12
5.20034e-12
3.7788e-12
2.74305e-12
1.98918e-12
1.44105e-12
1.04293e-12
7.54052e-13
5.44662e-13
3.93038e-13
2.83353e-13
2.04085e-13
1.46854e-13
1.05575e-13
7.58288e-14
5.44143e-14
3.90122e-14
2.79448e-14
1.99993e-14
1.43005e-14
1.02166e-14
7.29272e-15
5.20118e-15
3.70635e-15
2.63893e-15
1.87736e-15
1.33447e-15
9.47802e-16
6.72627e-16
4.7696e-16
3.37944e-16
2.39257e-16
1.69257e-16
1.19644e-16
8.45088e-17
5.96461e-17
4.20663e-17
2.96456e-17
2.08768e-17
1.46909e-17
1.03304e-17
7.25887e-18
5.09694e-18
3.57636e-18
2.50764e-18
1.75705e-18
1.23028e-18
8.60837e-19
6.01925e-19
4.20599e-19
2.93699e-19
2.04949e-19
1.42923e-19
9.96031e-20
6.93681e-20
4.82798e-20
3.35809e-20
2.33423e-20
1.6215e-20
1.1257e-20
7.81004e-21
5.41524e-21
3.75245e-21
2.59865e-21
1.79853e-21
1.24402e-21
8.59964e-22
5.94122e-22
4.10219e-22
2.83076e-22
1.95227e-22
1.34563e-22
9.26973e-23
6.38207e-23
4.39149e-23
3.02009e-23
2.07581e-23
1.426e-23
9.79064e-24
6.71844e-24
4.60779e-24
3.15852e-24
2.16394e-24
1.48176e-24
1.01411e-24
6.93689e-25
4.74265e-25
3.24082e-25
2.21344e-25
1.51099e-25
1.03095e-25
7.03067e-26
4.79227e-26
3.26491e-26
2.22326e-26
1.51321e-26
1.02943e-26
6.99982e-27
4.75742e-27
3.23184e-27
2.19445e-27
1.48935e-27
1.01034e-27
6.85079e-28
4.64316e-28
3.1455e-28
2.12995e-28
1.44163e-28
9.75315e-29
6.59544e-29
4.45812e-29
3.0121e-29
2.03423e-29
1.37322e-29
9.26609e-30
6.24981e-30
4.2136e-30
2.83959e-30
1.91284e-30
1.28801e-30
8.66923e-31
5.83262e-31
3.92256e-31
2.63693e-31
1.77196e-31
1.19024e-31
7.99172e-32
5.36383e-32
3.59864e-32
2.41342e-32
1.61792e-32
1.08421e-32
7.2628e-33
4.86327e-33
3.25527e-33
2.17812e-33
1.45684e-33
9.74053e-34
6.51015e-34
4.34949e-34
2.90487e-34
1.93935e-34
1.29428e-34
8.63465e-35
5.75844e-35
3.83893e-35
2.55835e-35
1.70435e-35
1.13502e-35
7.5561e-36
5.02853e-36
3.3453e-36
2.22474e-36
1.47903e-36
9.82937e-37
6.53023e-37
4.33696e-37
2.87937e-37
1.91102e-37
1.26792e-37
8.40957e-38
5.57589e-38
3.69585e-38
2.44891e-38
1.62216e-38
1.07417e-38
7.11079e-39
4.70569e-39
3.1131e-39
2.05886e-39
1.36121e-39
8.99683e-40
5.94456e-40
3.9266e-40
2.59288e-40
1.71165e-40
1.12958e-40
7.45231e-41
4.91512e-41
3.24077e-41
2.13616e-41
1.40764e-41
9.27305e-42
6.10699e-42
4.02075e-42
2.64643e-42
1.74137e-42
1.1455e-42
7.5332e-43
4.95268e-43
3.25521e-43
2.13893e-43
1.40505e-43
9.22717e-44
6.05795e-44
3.97616e-44
2.60906e-44
1.71153e-44
1.12246e-44
7.35933e-45
4.82381e-45
3.16102e-45
2.07085e-45
1.3563e-45
8.88074e-46
5.81339e-46
3.8045e-46
2.48916e-46
1.62816e-46
1.0647e-46
6.96066e-47
4.54949e-47
2.9728e-47
1.94204e-47
1.26836e-47
8.28171e-48
5.40617e-48
3.52819e-48
2.30201e-48
1.50161e-48
9.79268e-49
6.38471e-49
4.16175e-49
2.7121e-49
1.76699e-49
1.15095e-49
7.49512e-50
4.87975e-50
3.17625e-50
2.06696e-50
1.34476e-50
8.74704e-51
5.68822e-51
3.69821e-51
2.40386e-51
1.56216e-51
1.01495e-51
6.59279e-52
4.28148e-52
2.77985e-52
1.80449e-52
1.17109e-52
7.59854e-53
4.92919e-53
3.19687e-53
2.07292e-53
1.34383e-53
8.70989e-54
5.64402e-54
3.65655e-54
2.36844e-54
1.53377e-54
9.93044e-55
6.42813e-55
4.16016e-55
2.69182e-55
1.74137e-55
1.12628e-55
7.28305e-56
4.70859e-56
3.04355e-56
1.9669e-56
1.27085e-56
8.2096e-57
5.30226e-57
3.42384e-57
2.21045e-57
1.42679e-57
9.20782e-58
5.9411e-58
3.83259e-58
2.47191e-58
1.594e-58
1.02769e-58
6.62448e-59
4.26932e-59
2.75095e-59
1.77224e-59
1.14152e-59
7.35124e-60
4.73323e-60
3.04702e-60
1.96121e-60
1.26228e-60
8.12866e-61
5.25256e-61
3.45487e-61
2.47032e-61
)
;

boundaryField
{
    sides
    {
        type            zeroGradient;
    }
    empty
    {
        type            empty;
    }
}


// ************************************************************************* //
