/*--------------------------------*- C++ -*----------------------------------*\
  =========                 |
  \\      /  F ield         | OpenFOAM: The Open Source CFD Toolbox
   \\    /   O peration     | Website:  https://openfoam.org
    \\  /    A nd           | Version:  7
     \\/     M anipulation  |
\*---------------------------------------------------------------------------*/
FoamFile
{
    version     2.0;
    format      ascii;
    class       volScalarField;
    location    "1.63";
    object      T;
}
// * * * * * * * * * * * * * * * * * * * * * * * * * * * * * * * * * * * * * //

dimensions      [0 0 0 1 0 0 0];

internalField   nonuniform List<scalar> 
1000
(
0
0
0
0
0
0
0
0
0
0
0
0
0
0
0
0
0
0
0
0
0
0
0
0
0
0
0
0
0
0
0
0
0
0
0
0
0
0
0
0
0
0
0
0
0
0
0
0
0
0
0
0
0
0
0
0
0
0
0
0
0
0
0
0
0
0
0
0
0
0
0
0
0
0
0
0
0
0
0
0
0
0
0
0
0
0
0
0
0
0
0
0
0
0
0
0
0
0
0
0
0
0
0
0
0
0
0
0
0
0
0
0
0
0
0
0
0
0
0
0
0
0
0
0
0
0
0
0
0
0
0
0
0
0
0
0
0
0
0
0
0
0
0
0
0
0
0
0
0
0
0
0
0
0
0
0
0
0
0
0
0
0
0
0
0
0
0
0
0
0
0
0
0
0
0
0
0
0
0
0
0
0
0
0
0
0
0
0
0
0
0
0
0
0
0
0
0
0
0
0
0
0
0
0
0
0
0
0
0
0
0
0
0
0
0
0
0
0
0
0
0
0
0
0
0
0
0
0
0
0
0
0
0
0
0
0
0
0
0
0
0
0
0
0
0
0
0
0
0
0
0
0
0
0
0
0
0
0
0
0
0
0
0
0
0
0
0
0
0
0
0
0
0
0
0
0
0
0
0
0
0
0
0
0
0
0
0
-1.44993e-127
5.50006e-125
-1.03071e-122
1.27201e-120
-1.16271e-118
8.3944e-117
-4.98491e-115
2.50368e-113
-1.08536e-111
4.12421e-110
-1.39034e-108
4.19871e-107
-1.14488e-105
2.83724e-104
-6.42544e-103
1.33595e-101
-2.56013e-100
4.53705e-99
-7.45691e-98
1.13938e-96
-1.62174e-95
2.15393e-94
-2.67308e-93
3.10298e-92
-3.37179e-91
3.43122e-90
-3.27034e-89
2.91871e-88
-2.43759e-87
1.90286e-86
-1.38601e-85
9.39575e-85
-5.90614e-84
3.42435e-83
-1.81685e-82
8.71276e-82
-3.69768e-81
1.33251e-80
-3.67018e-80
4.57692e-80
2.61876e-79
-2.43592e-78
1.17291e-77
-3.75025e-77
5.97764e-77
1.67541e-76
-1.74064e-75
7.28516e-75
-1.62458e-74
-7.52773e-75
2.34367e-73
-1.03588e-72
2.10812e-72
2.20954e-72
-3.30315e-71
1.16544e-70
-1.3087e-70
-6.85256e-70
3.99703e-69
-8.28324e-69
-8.58607e-69
1.09802e-67
-2.99861e-67
9.69892e-71
2.70213e-66
-8.58565e-66
3.06514e-66
6.39e-65
-2.11909e-64
7.60421e-65
1.49817e-63
-4.61025e-63
3.37949e-64
3.43669e-62
-8.69033e-62
-4.6331e-62
7.37805e-61
-1.3304e-60
-2.26614e-60
1.39908e-59
-1.34754e-59
-6.64235e-59
2.1765e-58
1.87136e-59
-1.41909e-57
2.40411e-57
4.60628e-57
-2.22936e-56
8.59181e-57
1.17747e-55
-2.2903e-55
-3.34851e-55
1.76672e-54
-5.85188e-55
-8.868e-54
1.46188e-53
2.87672e-53
-1.11194e-52
-1.85269e-53
5.85845e-52
-5.43744e-52
-2.32399e-51
4.99379e-51
6.30936e-51
-2.95526e-50
-2.92055e-51
1.38707e-49
-1.01584e-49
-5.41424e-49
8.60933e-49
1.73792e-48
-4.91504e-48
-4.13356e-48
2.32252e-47
3.19159e-48
-9.67242e-47
3.92438e-47
3.65137e-46
-3.29543e-46
-1.26815e-45
1.79907e-45
4.08598e-45
-8.22246e-45
-1.22684e-44
3.38013e-44
3.44013e-44
-1.29086e-43
-9.01976e-44
4.66397e-43
2.21914e-43
-1.61301e-42
-5.19622e-43
5.38219e-42
1.21034e-42
-1.74187e-41
-3.09394e-42
5.48472e-41
9.70842e-42
-1.68211e-40
-3.71831e-41
5.02034e-40
1.54945e-40
-1.45389e-39
-6.39652e-40
4.06484e-39
2.51197e-39
-1.08865e-38
-9.26786e-39
2.76056e-38
3.20353e-38
-6.50582e-38
-1.03656e-37
1.37779e-37
3.13374e-37
-2.42756e-37
-8.81377e-37
2.66352e-37
2.28716e-36
3.16197e-37
-5.39396e-36
-3.23398e-36
1.12286e-35
1.31332e-35
-1.92939e-35
-4.03488e-35
2.16934e-35
1.02875e-34
1.16704e-35
-2.1933e-34
-1.60603e-34
3.71078e-34
5.84029e-34
-3.94434e-34
-1.49155e-33
-2.27777e-34
2.8967e-33
2.58833e-33
-3.88825e-33
-8.14226e-33
1.30375e-33
1.69799e-32
1.13266e-32
-2.32156e-32
-4.12856e-32
8.14853e-33
8.45125e-32
6.07093e-32
-1.00224e-31
-2.04141e-31
-1.14258e-32
3.56276e-31
3.69021e-31
-2.64424e-31
-9.16709e-31
-4.79433e-31
1.09103e-30
1.98264e-30
2.63075e-31
-3.08935e-30
-3.86832e-30
8.52382e-31
7.44899e-30
7.19438e-30
-3.91088e-30
-1.65173e-29
-1.34756e-29
1.05631e-29
3.5016e-29
2.67222e-29
-2.27318e-29
-7.22796e-29
-5.74497e-29
4.02513e-29
1.45461e-28
1.31774e-28
-5.19841e-29
-2.8104e-28
-3.0918e-28
9.64343e-30
5.02914e-28
7.08393e-28
2.35659e-28
-7.71794e-28
-1.51634e-27
-1.05414e-27
7.96163e-28
2.87641e-27
3.17572e-27
4.01864e-28
-4.37685e-27
-7.55658e-27
-5.14776e-27
3.64997e-27
1.40519e-26
1.72022e-26
6.11222e-27
-1.7091e-26
-3.82844e-26
-3.74189e-26
-2.73452e-27
5.48168e-26
9.87639e-26
8.39249e-26
-1.10426e-26
-1.53478e-25
-2.53872e-25
-2.0624e-25
3.75792e-26
3.98945e-25
6.63262e-25
5.67976e-25
-2.69111e-26
-9.66845e-25
-1.75173e-24
-1.70514e-24
-3.60569e-25
2.08866e-24
4.55015e-24
5.27821e-24
2.69892e-24
-3.4209e-24
-1.10413e-23
-1.58863e-23
-1.29547e-23
6.45785e-25
2.25933e-23
4.37504e-23
4.98879e-23
2.75409e-23
-2.72071e-23
-1.00587e-22
-1.58807e-22
-1.56182e-22
-5.50026e-23
1.47436e-22
3.95786e-22
5.72748e-22
5.27588e-22
1.40407e-22
-5.91708e-22
-1.47988e-21
-2.12637e-21
-2.00836e-21
-6.79217e-22
1.946e-21
5.31542e-21
8.12019e-21
8.48295e-21
4.54913e-21
-4.56173e-21
-1.7684e-20
-3.08511e-20
-3.74104e-20
-2.94908e-20
-9.83126e-22
4.83925e-20
1.09097e-19
1.59702e-19
1.6886e-19
1.03008e-19
-5.99377e-20
-3.12968e-19
-6.03477e-19
-8.25521e-19
-8.29686e-19
-4.57821e-19
3.95554e-19
1.70271e-18
3.22291e-18
4.45526e-18
4.66425e-18
3.01527e-18
-1.15945e-18
-7.97966e-18
-1.65878e-17
-2.47989e-17
-2.90112e-17
-2.45819e-17
-6.84572e-18
2.71601e-17
7.63946e-17
1.3335e-16
1.82167e-16
1.98352e-16
1.51292e-16
1.05973e-17
-2.43177e-16
-6.03974e-16
-1.02387e-15
-1.39893e-15
-1.56311e-15
-1.2979e-15
-3.65203e-16
1.43012e-15
4.14664e-15
7.58773e-15
1.11754e-14
1.38482e-14
1.40284e-14
9.71715e-15
-1.22007e-15
-2.05236e-14
-4.8738e-14
-8.41633e-14
-1.21666e-13
-1.51562e-13
-1.58911e-13
-1.23702e-13
-2.25045e-14
1.67786e-13
4.63529e-13
8.64925e-13
1.34373e-12
1.82896e-12
2.19246e-12
2.23772e-12
1.69655e-12
2.40291e-13
-2.48665e-12
-6.80214e-12
-1.28821e-11
-2.06102e-11
-2.93798e-11
-3.78547e-11
-4.37069e-11
-4.33684e-11
-3.18545e-11
-2.74762e-12
5.15413e-11
1.3908e-10
2.67103e-10
4.39879e-10
6.55519e-10
9.01553e-10
1.14911e-09
1.34568e-09
1.40671e-09
1.2064e-09
5.68827e-10
-7.39139e-10
-3.01057e-09
-6.59335e-09
-1.18721e-08
-1.92306e-08
-2.8985e-08
-4.12776e-08
-5.59148e-08
-7.21322e-08
-8.82639e-08
-1.01289e-07
-1.06222e-07
-9.53116e-08
-5.70029e-08
2.53912e-08
1.75359e-07
4.25271e-07
8.18932e-07
1.4147e-06
2.28923e-06
3.54195e-06
5.30035e-06
7.72618e-06
1.10227e-05
1.54428e-05
2.12988e-05
2.8973e-05
3.89299e-05
5.17295e-05
6.80428e-05
8.86679e-05
0.000114548
0.000146792
0.000186693
0.000235754
0.000295709
0.00036855
0.00045655
0.000562295
0.000688703
0.000839061
0.00101704
0.00122675
0.00147272
0.00175996
0.00209398
0.00248081
0.00292698
0.00343961
0.00402637
0.00469548
0.00545575
0.00631656
0.00728786
0.00838015
0.00960444
0.0109723
0.0124957
0.0141872
0.0160595
0.0181259
0.0203999
0.0228952
0.0256257
0.0286052
0.0318478
0.0353673
0.0391773
0.0432913
0.0477224
0.052483
0.0575853
0.0630406
0.0688594
0.0750517
0.0816262
0.0885906
0.0959518
0.103715
0.111885
0.120464
0.129454
0.138854
0.148665
0.158882
0.169501
0.180516
0.191921
0.203705
0.215859
0.22837
0.241225
0.25441
0.267908
0.281703
0.295775
0.310106
0.324674
0.33946
0.354439
0.369591
0.38489
0.400314
0.415839
0.43144
0.447093
0.462772
0.478455
0.494118
0.509735
0.525284
0.540743
0.556089
0.571301
0.586357
0.60124
0.615929
0.630406
0.644656
0.658662
0.672409
0.685884
0.699074
0.711968
0.724556
0.736829
0.748778
0.760397
0.771679
0.782621
0.793217
0.803465
0.813363
0.822909
0.832102
0.840943
0.849432
0.857569
0.865357
0.872797
0.87989
0.88664
0.893048
0.899117
0.904848
0.910244
0.915307
0.920038
0.924438
0.928509
0.93225
0.935662
0.938743
0.941494
0.943911
0.945993
0.947737
0.949139
0.950195
0.9509
0.951251
0.95124
0.950861
0.95011
0.948978
0.947459
0.945545
0.943231
0.940508
0.93737
0.93381
0.929822
0.925399
0.920536
0.915228
0.909471
0.903261
0.896597
0.889476
0.881897
0.873863
0.865374
0.856433
0.847045
0.837215
0.826951
0.81626
0.805153
0.793641
0.781736
0.769451
0.756802
0.743806
0.730479
0.716841
0.70291
0.688708
0.674257
0.659578
0.644694
0.62963
0.614409
0.599056
0.583596
0.568053
0.552453
0.536821
0.52118
0.505557
0.489974
0.474456
0.459025
0.443704
0.428515
0.413478
0.398613
0.38394
0.369476
0.355239
0.341244
0.327506
0.314039
0.300854
0.287964
0.275378
0.263106
0.251154
0.23953
0.228238
0.217284
0.20667
0.196399
0.186472
0.176888
0.167647
0.158748
0.150188
0.141964
0.134072
0.126507
0.119264
0.112337
0.10572
0.099406
0.093388
0.0876584
0.0822092
0.0770325
0.0721199
0.0674628
0.0630528
0.058881
0.0549387
0.0512173
0.0477078
0.0444016
0.0412902
0.0383649
0.0356174
0.0330395
0.0306231
0.0283602
0.0262431
0.0242645
0.0224169
0.0206934
0.0190871
0.0175915
0.0162003
0.0149073
0.0137067
0.012593
0.0115607
0.0106048
0.00972051
0.00890307
0.00814814
0.00745154
0.00680933
0.00621778
0.00567335
0.00517273
0.00471277
0.00429053
0.00390324
0.0035483
0.00322328
0.00292591
0.00265405
0.00240571
0.00217905
0.00197234
0.00178396
0.00161244
0.00145638
0.00131451
0.00118563
0.00106864
0.000962532
0.000866363
0.00077927
0.000700454
0.000629183
0.000564783
0.000506634
0.000454168
0.000406865
0.000364247
0.000325878
0.00029136
0.000260328
0.00023245
0.000207423
0.000184972
0.000164845
0.000146814
0.000130673
0.000116233
0.000103323
9.17899e-05
8.14932e-05
7.23067e-05
6.41162e-05
5.68185e-05
5.03207e-05
4.45388e-05
3.93973e-05
3.48284e-05
3.07709e-05
2.71692e-05
2.39788e-05
2.11259e-05
1.87533e-05
1.57075e-05
)
;

boundaryField
{
    sides
    {
        type            zeroGradient;
    }
    empty
    {
        type            empty;
    }
}


// ************************************************************************* //
