/*--------------------------------*- C++ -*----------------------------------*\
  =========                 |
  \\      /  F ield         | OpenFOAM: The Open Source CFD Toolbox
   \\    /   O peration     | Website:  https://openfoam.org
    \\  /    A nd           | Version:  7
     \\/     M anipulation  |
\*---------------------------------------------------------------------------*/
FoamFile
{
    version     2.0;
    format      ascii;
    class       volScalarField;
    location    "0.73";
    object      T;
}
// * * * * * * * * * * * * * * * * * * * * * * * * * * * * * * * * * * * * * //

dimensions      [0 0 0 1 0 0 0];

internalField   nonuniform List<scalar> 
1000
(
2.17958e-05
2.18144e-05
2.18519e-05
2.19085e-05
2.19845e-05
2.208e-05
2.21953e-05
2.23306e-05
2.24864e-05
2.26629e-05
2.28603e-05
2.30791e-05
2.33196e-05
2.35821e-05
2.38671e-05
2.4175e-05
2.45061e-05
2.48609e-05
2.52399e-05
2.56436e-05
2.60724e-05
2.6527e-05
2.70077e-05
2.75152e-05
2.80501e-05
2.8613e-05
2.92045e-05
2.98252e-05
3.04759e-05
3.11572e-05
3.18698e-05
3.26146e-05
3.33922e-05
3.42036e-05
3.50495e-05
3.59307e-05
3.68482e-05
3.78029e-05
3.87957e-05
3.98276e-05
4.08996e-05
4.20128e-05
4.31682e-05
4.43669e-05
4.56101e-05
4.68989e-05
4.82345e-05
4.96182e-05
5.10514e-05
5.25352e-05
5.4071e-05
5.56603e-05
5.73045e-05
5.90051e-05
6.07636e-05
6.25816e-05
6.44607e-05
6.64025e-05
6.84088e-05
7.04813e-05
7.26218e-05
7.48322e-05
7.71144e-05
7.94703e-05
8.1902e-05
8.44115e-05
8.7001e-05
8.96726e-05
9.24285e-05
9.52712e-05
9.82028e-05
0.000101226
0.000104343
0.000107557
0.000110869
0.000114284
0.000117803
0.000121429
0.000125166
0.000129016
0.000132982
0.000137068
0.000141277
0.000145611
0.000150075
0.000154671
0.000159404
0.000164277
0.000169294
0.000174458
0.000179774
0.000185244
0.000190875
0.000196669
0.000202631
0.000208766
0.000215078
0.000221571
0.000228251
0.000235121
0.000242188
0.000249456
0.000256931
0.000264617
0.00027252
0.000280646
0.000289001
0.000297589
0.000306418
0.000315493
0.000324821
0.000334407
0.000344259
0.000354384
0.000364787
0.000375475
0.000386457
0.00039774
0.000409329
0.000421235
0.000433463
0.000446022
0.000458921
0.000472167
0.000485769
0.000499735
0.000514075
0.000528798
0.000543912
0.000559427
0.000575352
0.000591698
0.000608475
0.000625692
0.00064336
0.000661491
0.000680093
0.00069918
0.000718761
0.000738849
0.000759455
0.000780592
0.000802271
0.000824505
0.000847307
0.000870689
0.000894666
0.00091925
0.000944455
0.000970296
0.000996785
0.00102394
0.00105177
0.0010803
0.00110954
0.0011395
0.0011702
0.00120166
0.00123389
0.00126692
0.00130075
0.00133541
0.00137091
0.00140727
0.00144451
0.00148265
0.00152171
0.00156171
0.00160266
0.00164459
0.00168752
0.00173146
0.00177645
0.00182249
0.00186962
0.00191786
0.00196722
0.00201773
0.00206942
0.00212231
0.00217642
0.00223177
0.0022884
0.00234632
0.00240557
0.00246617
0.00252814
0.00259151
0.00265631
0.00272258
0.00279032
0.00285959
0.00293039
0.00300277
0.00307675
0.00315237
0.00322965
0.00330862
0.00338932
0.00347179
0.00355604
0.00364212
0.00373006
0.00381989
0.00391165
0.00400537
0.00410108
0.00419883
0.00429865
0.00440058
0.00450465
0.0046109
0.00471937
0.0048301
0.00494313
0.00505849
0.00517623
0.00529639
0.00541901
0.00554413
0.00567179
0.00580204
0.00593492
0.00607047
0.00620873
0.00634976
0.00649359
0.00664027
0.00678985
0.00694237
0.00709789
0.00725644
0.00741807
0.00758285
0.0077508
0.00792199
0.00809646
0.00827426
0.00845545
0.00864007
0.00882818
0.00901983
0.00921506
0.00941394
0.00961652
0.00982285
0.010033
0.010247
0.0104649
0.0106868
0.0109127
0.0111427
0.0113768
0.0116152
0.0118577
0.0121047
0.0123559
0.0126116
0.0128718
0.0131366
0.0134059
0.01368
0.0139587
0.0142422
0.0145306
0.0148239
0.0151222
0.0154256
0.015734
0.0160475
0.0163663
0.0166904
0.0170199
0.0173547
0.0176951
0.0180409
0.0183924
0.0187495
0.0191124
0.0194811
0.0198556
0.0202361
0.0206225
0.021015
0.0214136
0.0218184
0.0222295
0.0226469
0.0230706
0.0235008
0.0239375
0.0243808
0.0248307
0.0252873
0.0257506
0.0262208
0.0266979
0.0271819
0.027673
0.0281711
0.0286764
0.0291889
0.0297087
0.0302358
0.0307703
0.0313122
0.0318617
0.0324187
0.0329834
0.0335557
0.0341359
0.0347238
0.0353196
0.0359233
0.036535
0.0371548
0.0377827
0.0384187
0.0390629
0.0397154
0.0403761
0.0410453
0.0417228
0.0424089
0.0431034
0.0438065
0.0445182
0.0452386
0.0459677
0.0467055
0.0474522
0.0482076
0.0489719
0.0497452
0.0505274
0.0513186
0.0521188
0.0529281
0.0537465
0.0545741
0.0554108
0.0562567
0.0571118
0.0579762
0.0588499
0.0597328
0.0606251
0.0615268
0.0624378
0.0633582
0.0642881
0.0652273
0.066176
0.0671341
0.0681017
0.0690788
0.0700653
0.0710613
0.0720668
0.0730818
0.0741063
0.0751402
0.0761836
0.0772365
0.0782989
0.0793707
0.080452
0.0815426
0.0826427
0.0837522
0.0848711
0.0859993
0.0871368
0.0882836
0.0894397
0.090605
0.0917795
0.0929632
0.094156
0.0953579
0.0965689
0.0977888
0.0990177
0.100255
0.101502
0.102757
0.104022
0.105294
0.106576
0.107866
0.109164
0.110471
0.111786
0.113109
0.114441
0.115781
0.117128
0.118484
0.119847
0.121219
0.122598
0.123984
0.125378
0.126779
0.128187
0.129603
0.131026
0.132455
0.133892
0.135335
0.136784
0.138241
0.139703
0.141172
0.142646
0.144127
0.145613
0.147105
0.148603
0.150106
0.151614
0.153127
0.154646
0.156168
0.157696
0.159228
0.160765
0.162305
0.163849
0.165398
0.16695
0.168505
0.170064
0.171625
0.17319
0.174758
0.176328
0.1779
0.179475
0.181051
0.18263
0.18421
0.185791
0.187374
0.188957
0.190542
0.192127
0.193712
0.195298
0.196884
0.198469
0.200054
0.201638
0.203222
0.204804
0.206385
0.207965
0.209543
0.211119
0.212692
0.214263
0.215832
0.217398
0.21896
0.22052
0.222075
0.223627
0.225175
0.226719
0.228258
0.229792
0.231321
0.232846
0.234364
0.235877
0.237384
0.238885
0.24038
0.241868
0.243349
0.244823
0.246289
0.247748
0.249199
0.250643
0.252077
0.253504
0.254921
0.25633
0.257729
0.259118
0.260498
0.261868
0.263228
0.264578
0.265916
0.267244
0.268561
0.269866
0.27116
0.272442
0.273712
0.27497
0.276215
0.277448
0.278667
0.279874
0.281067
0.282246
0.283412
0.284564
0.285702
0.286825
0.287934
0.289028
0.290106
0.29117
0.292218
0.293251
0.294268
0.295269
0.296253
0.297222
0.298174
0.299109
0.300027
0.300929
0.301813
0.302679
0.303529
0.30436
0.305174
0.305969
0.306747
0.307506
0.308247
0.308969
0.309672
0.310357
0.311023
0.311669
0.312296
0.312904
0.313493
0.314061
0.314611
0.31514
0.31565
0.316139
0.316608
0.317058
0.317487
0.317895
0.318284
0.318651
0.318999
0.319325
0.319631
0.319916
0.320181
0.320424
0.320647
0.320849
0.32103
0.321189
0.321328
0.321446
0.321543
0.321618
0.321673
0.321706
0.321718
0.32171
0.32168
0.321629
0.321557
0.321464
0.32135
0.321215
0.321059
0.320882
0.320684
0.320465
0.320226
0.319965
0.319684
0.319383
0.319061
0.318718
0.318355
0.317971
0.317567
0.317143
0.316699
0.316235
0.315751
0.315247
0.314724
0.314181
0.313618
0.313036
0.312434
0.311814
0.311174
0.310516
0.309839
0.309143
0.308428
0.307696
0.306945
0.306176
0.305389
0.304584
0.303761
0.302922
0.302065
0.30119
0.300299
0.299391
0.298467
0.297526
0.296568
0.295595
0.294606
0.293601
0.29258
0.291545
0.290494
0.289428
0.288347
0.287252
0.286143
0.285019
0.283882
0.282731
0.281566
0.280388
0.279197
0.277993
0.276776
0.275547
0.274306
0.273053
0.271788
0.270511
0.269224
0.267925
0.266615
0.265294
0.263964
0.262623
0.261272
0.259911
0.258541
0.257161
0.255772
0.254375
0.252969
0.251555
0.250133
0.248702
0.247264
0.245819
0.244367
0.242907
0.241441
0.239969
0.23849
0.237005
0.235515
0.234019
0.232517
0.231011
0.229499
0.227983
0.226463
0.224938
0.22341
0.221878
0.220342
0.218803
0.217261
0.215716
0.214169
0.212619
0.211067
0.209513
0.207958
0.206401
0.204842
0.203283
0.201723
0.200162
0.1986
0.197038
0.195477
0.193915
0.192354
0.190793
0.189233
0.187674
0.186116
0.184559
0.183004
0.181451
0.1799
0.17835
0.176803
0.175258
0.173716
0.172177
0.17064
0.169107
0.167577
0.166051
0.164528
0.163009
0.161494
0.159983
0.158476
0.156973
0.155475
0.153982
0.152494
0.151011
0.149533
0.14806
0.146592
0.14513
0.143674
0.142223
0.140779
0.13934
0.137908
0.136481
0.135062
0.133648
0.132242
0.130842
0.129449
0.128063
0.126683
0.125311
0.123947
0.122589
0.121239
0.119896
0.118561
0.117234
0.115915
0.114603
0.113299
0.112003
0.110715
0.109435
0.108164
0.1069
0.105645
0.104398
0.10316
0.10193
0.100709
0.0994961
0.098292
0.0970965
0.0959097
0.0947316
0.0935623
0.0924019
0.0912503
0.0901076
0.0889738
0.0878489
0.086733
0.0856261
0.0845282
0.0834393
0.0823595
0.0812887
0.080227
0.0791744
0.0781309
0.0770966
0.0760713
0.0750551
0.0740481
0.0730502
0.0720614
0.0710817
0.0701111
0.0691496
0.0681973
0.067254
0.0663198
0.0653947
0.0644786
0.0635715
0.0626735
0.0617844
0.0609044
0.0600333
0.0591711
0.0583179
0.0574735
0.056638
0.0558113
0.0549935
0.0541844
0.053384
0.0525924
0.0518094
0.051035
0.0502693
0.0495121
0.0487635
0.0480233
0.0472916
0.0465683
0.0458534
0.0451467
0.0444484
0.0437583
0.0430763
0.0424025
0.0417369
0.0410792
0.0404295
0.0397878
0.039154
0.0385281
0.0379099
0.0372995
0.0366968
0.0361017
0.0355142
0.0349342
0.0343617
0.0337966
0.0332389
0.0326885
0.0321453
0.0316094
0.0310806
0.0305589
0.0300442
0.0295364
0.0290356
0.0285416
0.0280545
0.027574
0.0271002
0.0266331
0.0261725
0.0257184
0.0252707
0.0248294
0.0243945
0.0239657
0.0235432
0.0231268
0.0227165
0.0223122
0.0219139
0.0215215
0.0211349
0.0207541
0.020379
0.0200095
0.0196457
0.0192874
0.0189346
0.0185871
0.0182451
0.0179083
0.0175768
0.0172505
0.0169293
0.0166132
0.0163021
0.0159959
0.0156947
0.0153982
0.0151066
0.0148196
0.0145374
0.0142597
0.0139866
0.013718
0.0134539
0.0131941
0.0129387
0.0126875
0.0124406
0.0121979
0.0119592
0.0117247
0.0114941
0.0112676
0.0110449
0.0108261
0.0106111
0.0103999
0.0101923
0.00998849
0.00978824
0.00959155
0.00939838
0.00920867
0.00902239
0.00883948
0.0086599
0.0084836
0.00831054
0.00814067
0.00797395
0.00781033
0.00764977
0.00749223
0.00733766
0.00718602
0.00703728
0.00689139
0.00674831
0.006608
0.00647042
0.00633554
0.0062033
0.00607369
0.00594665
0.00582216
0.00570018
0.00558066
0.00546358
0.00534891
0.0052366
0.00512663
0.00501895
0.00491355
0.00481038
0.00470943
0.00461064
0.00451401
0.00441949
0.00432706
0.00423668
0.00414834
0.00406201
0.00397765
0.00389524
0.00381477
0.00373619
0.00365949
0.00358465
0.00351164
0.00344044
0.00337103
0.00330339
0.00323749
0.00317332
0.00311086
0.00305008
0.00299098
0.00293354
0.00287773
0.00282354
0.00277096
0.00271998
0.00267057
0.00262273
0.00257644
0.0025317
0.00248848
0.00244679
0.00240661
0.00236793
0.00233075
0.00229505
0.00226083
0.00222809
0.00219682
0.00216702
0.00213868
0.0021118
0.00208638
0.00206241
0.00203991
0.00201886
0.00199928
0.00198115
0.0019645
0.00194931
0.00193561
0.00192339
0.00191265
0.00190342
0.0018957
0.00188949
0.00188482
0.00188169
0.00188011
)
;

boundaryField
{
    sides
    {
        type            zeroGradient;
    }
    empty
    {
        type            empty;
    }
}


// ************************************************************************* //
