/*--------------------------------*- C++ -*----------------------------------*\
  =========                 |
  \\      /  F ield         | OpenFOAM: The Open Source CFD Toolbox
   \\    /   O peration     | Website:  https://openfoam.org
    \\  /    A nd           | Version:  7
     \\/     M anipulation  |
\*---------------------------------------------------------------------------*/
FoamFile
{
    version     2.0;
    format      ascii;
    class       volScalarField;
    location    "3.24";
    object      T;
}
// * * * * * * * * * * * * * * * * * * * * * * * * * * * * * * * * * * * * * //

dimensions      [0 0 0 1 0 0 0];

internalField   nonuniform List<scalar> 
1000
(
0
0
0
0
0
0
0
0
0
0
0
0
0
0
0
0
0
0
0
0
0
0
0
0
0
0
0
0
0
0
0
0
0
0
0
0
0
0
0
0
0
0
0
0
0
0
0
0
0
0
0
0
0
0
0
0
0
0
0
0
0
0
0
0
0
0
0
0
0
0
0
0
0
0
0
0
0
0
0
0
0
0
0
0
0
0
0
0
0
0
0
0
0
0
0
0
0
0
0
0
0
0
0
0
0
0
0
0
0
0
0
0
0
0
0
0
0
0
0
0
0
0
0
0
0
0
7.56824e-253
-5.71402e-250
2.1441e-247
-5.33114e-245
9.88077e-243
-1.45599e-240
1.77675e-238
-1.84671e-236
1.66878e-234
-1.3318e-232
9.50354e-231
-6.12444e-229
3.59382e-227
-1.93351e-225
9.59358e-224
-4.4121e-222
1.88902e-220
-7.55821e-219
2.83568e-217
-1.00058e-215
3.32945e-214
-1.04726e-212
3.12068e-211
-8.82675e-210
2.37404e-208
-6.08156e-207
1.48603e-205
-3.46827e-204
7.74132e-203
-1.65436e-201
3.38857e-200
-6.65878e-199
1.25647e-197
-2.27848e-196
3.97379e-195
-6.67009e-194
1.07821e-192
-1.67948e-191
2.5222e-190
-3.65365e-189
5.10752e-188
-6.8929e-187
8.98369e-186
-1.13111e-184
1.37616e-183
-1.61824e-182
1.83956e-181
-2.0218e-180
2.14862e-179
-2.20803e-178
2.1942e-177
-2.10839e-176
1.9588e-175
-1.75923e-174
1.52705e-173
-1.28072e-172
1.03744e-171
-8.11282e-171
6.12109e-170
-4.45271e-169
3.12019e-168
-2.10395e-167
1.3634e-166
-8.4769e-166
5.04658e-165
-2.8693e-164
1.55276e-163
-7.96162e-163
3.84317e-162
-1.73001e-161
7.15262e-161
-2.64248e-160
8.21505e-160
-1.77363e-159
-5.28272e-160
3.35551e-158
-2.35885e-157
1.14452e-156
-4.27886e-156
1.15339e-155
-1.18552e-155
-9.75089e-155
8.18427e-154
-3.82351e-153
1.22079e-152
-2.06566e-152
-4.79856e-152
5.80543e-151
-2.77199e-150
8.17834e-150
-9.28538e-150
-5.71647e-149
4.4007e-148
-1.65671e-147
3.22721e-147
4.03822e-147
-6.16366e-146
2.65609e-145
-5.82492e-145
-3.31957e-145
8.61058e-144
-3.75083e-143
7.68522e-143
7.58713e-143
-1.22886e-141
4.70269e-141
-7.20365e-141
-2.04408e-140
1.67274e-139
-4.91182e-139
2.69314e-139
4.09129e-138
-1.94848e-137
3.57487e-137
5.86177e-137
-5.91281e-136
1.68024e-135
-4.74633e-136
-1.47666e-134
5.88459e-134
-7.05643e-134
-3.10006e-133
1.75618e-132
-3.18243e-132
-5.40261e-132
4.73599e-131
-1.07964e-130
-7.30849e-131
1.19691e-129
-3.15503e-129
-5.84341e-130
2.91034e-128
-8.34619e-128
2.95768e-129
6.93339e-127
-2.04303e-126
1.37463e-127
1.63256e-125
-4.6628e-125
-3.01137e-126
3.79334e-124
-9.88986e-124
-3.63234e-124
8.60569e-123
-1.92113e-122
-1.71034e-122
1.87448e-121
-3.30914e-121
-5.91645e-121
3.83954e-120
-4.68581e-120
-1.69225e-119
7.20898e-119
-4.14891e-119
-4.16094e-118
1.19618e-117
3.14517e-118
-8.88186e-117
1.63682e-116
2.63943e-116
-1.6308e-115
1.49662e-115
7.8108e-115
-2.48969e-114
-3.20887e-115
1.66201e-113
-2.86862e-113
-5.29771e-113
2.75215e-112
-1.56109e-112
-1.42987e-111
3.40736e-111
2.9538e-111
-2.54823e-110
2.3975e-110
1.12906e-109
-3.20393e-109
-1.61192e-109
2.10897e-108
-2.25766e-108
-8.71006e-108
2.55668e-107
1.22785e-107
-1.60408e-106
1.55361e-106
6.70999e-106
-1.75439e-105
-1.31705e-105
1.11719e-104
-7.27479e-105
-5.01609e-104
1.00487e-103
1.40167e-103
-6.89783e-103
8.80058e-104
3.43053e-102
-4.33997e-102
-1.24789e-101
3.54074e-101
2.40424e-101
-2.00297e-100
8.94782e-101
8.84704e-100
-1.31503e-99
-2.96257e-99
9.11451e-99
5.45375e-99
-4.78981e-98
1.78477e-98
2.06342e-97
-2.61409e-97
-7.21543e-97
1.78878e-96
1.79661e-96
-9.45068e-96
-6.12698e-97
4.22474e-95
-2.88896e-95
-1.63138e-94
2.41671e-94
5.33299e-94
-1.3964e-93
-1.33486e-93
6.75583e-93
1.3115e-93
-2.89242e-92
1.1998e-92
1.11742e-91
-1.12798e-91
-3.90137e-91
6.65248e-91
1.21059e-90
-3.26251e-90
-3.15996e-90
1.43196e-89
5.62397e-90
-5.79916e-89
3.79435e-90
2.20051e-88
-1.04676e-88
-7.88881e-88
6.94076e-88
2.68318e-87
-3.52145e-87
-8.66785e-87
1.57121e-86
2.65417e-86
-6.46973e-86
-7.65629e-86
2.51609e-85
2.0529e-85
-9.36592e-85
-4.96968e-85
3.36623e-84
1.00773e-84
-1.17547e-83
-1.25729e-84
4.00703e-83
-2.20539e-84
-1.33858e-82
2.55913e-83
4.396e-82
-1.33478e-82
-1.42302e-81
5.59362e-82
4.55051e-81
-2.09022e-81
-1.43998e-80
7.22651e-81
4.51484e-80
-2.34806e-80
-1.40361e-79
7.21156e-80
4.32779e-79
-2.09135e-79
-1.32302e-78
5.67851e-79
4.00669e-78
-1.4139e-78
-1.20046e-77
3.06879e-78
3.55201e-77
-4.9256e-78
-1.03558e-76
2.77669e-79
2.96679e-76
4.5283e-77
-8.3245e-76
-2.73982e-76
2.27849e-75
1.21004e-75
-6.05252e-75
-4.64012e-75
1.5497e-74
1.62864e-74
-3.78688e-74
-5.34976e-74
8.69285e-74
1.66187e-73
-1.82078e-73
-4.90484e-73
3.25627e-73
1.3767e-72
-3.9349e-73
-3.66737e-72
-2.57351e-73
9.22243e-72
3.99895e-72
-2.16705e-71
-1.82636e-71
4.66723e-71
6.38033e-71
-8.84831e-71
-1.92931e-70
1.32312e-70
5.23986e-70
-8.38948e-71
-1.29036e-69
-4.0034e-70
2.86044e-69
2.32228e-69
-5.54657e-69
-8.17855e-69
8.6626e-69
2.33106e-68
-7.53148e-69
-5.7107e-68
-1.40728e-68
1.20843e-67
9.95236e-68
-2.12494e-67
-3.43944e-67
2.66218e-67
9.13797e-67
-2.73185e-68
-2.00139e-66
-1.18851e-66
3.55126e-66
4.81642e-66
-4.43066e-66
-1.31106e-65
6.00541e-67
2.78849e-65
1.77948e-65
-4.55623e-65
-6.86393e-65
4.49999e-65
1.72615e-64
3.36183e-65
-3.249e-64
-3.08842e-64
4.19913e-64
9.35139e-64
-1.16918e-64
-1.9399e-63
-1.29037e-63
2.77845e-63
4.74041e-63
-1.55983e-63
-1.0435e-62
-5.6118e-63
1.53063e-62
2.35864e-62
-9.00247e-63
-5.23059e-62
-2.83942e-62
7.31622e-62
1.17597e-61
-3.10896e-62
-2.45545e-61
-1.65673e-61
2.98769e-61
5.78985e-61
-3.7851e-63
-1.05327e-60
-9.92945e-61
9.44053e-61
2.69107e-60
9.35506e-61
-3.86759e-60
-5.48826e-60
1.3481e-60
1.10131e-59
8.81595e-60
-1.02187e-59
-2.58905e-59
-9.18918e-60
3.51464e-59
5.29644e-59
-4.01305e-60
-9.5029e-59
-9.58682e-59
5.73681e-59
2.25685e-58
1.52425e-58
-2.11106e-58
-4.93399e-58
-2.03353e-58
5.94396e-58
1.02109e-57
1.8937e-58
-1.47598e-57
-2.04257e-57
3.11364e-59
3.40621e-57
4.02182e-57
-7.51954e-58
-7.50255e-57
-7.92493e-57
2.51173e-57
1.60167e-56
1.58494e-56
-6.14573e-57
-3.34317e-56
-3.24752e-56
1.25339e-56
6.84784e-56
6.83498e-56
-2.12052e-56
-1.37518e-55
-1.47073e-55
2.54515e-56
2.69229e-55
3.20233e-55
1.98501e-57
-5.08031e-55
-6.96143e-55
-1.46271e-55
9.0544e-55
1.48862e-54
6.38806e-55
-1.4663e-54
-3.08116e-54
-2.04508e-54
1.96534e-54
6.05459e-54
5.61263e-54
-1.44934e-54
-1.09848e-53
-1.37808e-53
-2.90597e-54
1.74768e-53
3.05464e-53
1.79912e-53
-2.12488e-53
-6.04255e-53
-5.79506e-53
7.22335e-54
1.02518e-52
1.46017e-52
6.3406e-53
-1.32269e-52
-3.05998e-52
-2.69562e-52
5.99556e-53
5.20373e-52
7.29592e-52
3.38341e-52
-6.12725e-52
-1.51799e-51
-1.47642e-51
1.3252e-53
2.35815e-51
3.82475e-51
2.52772e-51
-1.90469e-51
-7.14983e-51
-8.825e-51
-3.33445e-51
8.43951e-51
1.94371e-50
1.92867e-50
1.66766e-51
-2.78438e-50
-5.00051e-50
-4.10228e-50
9.37873e-51
8.14952e-50
1.25619e-49
8.74167e-50
-4.86986e-50
-2.245e-49
-3.14744e-49
-1.93204e-49
1.63545e-49
5.98194e-49
7.97892e-49
4.59297e-49
-4.60952e-49
-1.5619e-48
-2.06246e-48
-1.20213e-48
1.14667e-48
4.01169e-48
5.4412e-48
3.44913e-48
-2.47188e-48
-1.00974e-47
-1.45705e-47
-1.05449e-47
4.06633e-48
2.46055e-47
3.91689e-47
3.31636e-47
-1.50937e-48
-5.66517e-47
-1.04066e-46
-1.04127e-46
-2.7592e-47
1.17171e-46
2.67618e-46
3.18963e-46
1.72861e-46
-1.89517e-46
-6.4627e-46
-9.34394e-46
-7.46278e-46
8.55693e-47
1.38843e-45
2.55942e-45
2.71116e-45
1.09581e-45
-2.3076e-45
-6.33195e-45
-8.66458e-45
-6.66704e-45
1.09308e-45
1.31581e-44
2.43327e-44
2.67179e-44
1.31085e-44
-1.79609e-44
-5.76884e-44
-8.61421e-44
-7.78313e-44
-1.41947e-44
1.00445e-43
2.27099e-43
2.94246e-43
2.21139e-43
-3.86762e-44
-4.47264e-43
-8.51417e-43
-1.00123e-42
-6.37932e-43
3.57542e-43
1.8041e-42
3.13409e-42
3.47727e-42
1.97378e-42
-1.71931e-42
-6.89417e-42
-1.1517e-41
-1.25293e-41
-6.92335e-42
6.52009e-42
2.53726e-41
4.25303e-41
4.71118e-41
2.80211e-41
-2.0056e-41
-8.99107e-41
-1.57477e-40
-1.83779e-40
-1.26172e-40
4.10891e-41
3.01773e-40
5.78348e-40
7.32247e-40
5.96324e-40
4.36789e-41
-9.1885e-40
-2.06431e-39
-2.91509e-39
-2.82027e-39
-1.17281e-39
2.25054e-39
6.91553e-39
1.12863e-38
1.29178e-38
9.0611e-39
-2.1728e-39
-2.02883e-38
-4.1018e-38
-5.58336e-38
-5.31903e-38
-2.20692e-38
4.23258e-38
1.31966e-37
2.2099e-37
2.657e-37
2.12953e-37
1.87043e-38
-3.24961e-37
-7.60988e-37
-1.14863e-36
-1.27022e-36
-8.77737e-37
2.14699e-37
2.00243e-36
4.15863e-36
5.95552e-36
6.30935e-36
4.01447e-36
-1.80592e-36
-1.10788e-35
-2.2141e-35
-3.13418e-35
-3.32257e-35
-2.16194e-35
8.20984e-36
5.64924e-35
1.15643e-34
1.67907e-34
1.85604e-34
1.35694e-34
-1.02072e-35
-2.6063e-34
-5.86417e-34
-9.05634e-34
-1.0792e-33
-9.26567e-34
-2.69242e-34
9.95338e-34
2.7974e-33
4.79774e-33
6.32729e-33
6.41291e-33
3.94055e-33
-2.00937e-33
-1.16598e-32
-2.3941e-32
-3.5958e-32
-4.27688e-32
-3.77778e-32
-1.40382e-32
3.33684e-32
1.03978e-31
1.8815e-31
2.63894e-31
2.95928e-31
2.38907e-31
4.66711e-32
-3.11433e-31
-8.27852e-31
-1.43115e-30
-1.96426e-30
-2.17706e-30
-1.74636e-30
-3.36259e-31
2.29256e-30
6.12622e-30
1.07128e-29
1.4991e-29
1.72004e-29
1.49627e-29
5.63286e-30
-1.29999e-29
-4.16327e-29
-7.80714e-29
-1.15781e-28
-1.42786e-28
-1.41533e-28
-9.04616e-29
3.19303e-29
2.4001e-28
5.309e-28
8.72272e-28
1.19033e-27
1.3618e-27
1.21549e-27
5.49964e-28
-8.26074e-28
-3.02589e-27
-5.98952e-27
-9.36943e-27
-1.24169e-26
-1.39035e-26
-1.21275e-26
-5.06642e-27
9.25866e-27
3.21538e-26
6.33417e-26
9.98185e-26
1.34633e-25
1.55872e-25
1.463e-25
8.42511e-26
-5.35475e-26
-2.86511e-25
-6.21634e-25
-1.04182e-24
-1.49191e-24
-1.86455e-24
-1.98947e-24
-1.63174e-24
-5.06281e-25
1.6828e-24
5.16961e-24
1.00141e-23
1.59489e-23
2.21942e-23
2.72635e-23
2.88031e-23
2.35328e-23
7.37927e-24
-2.4082e-23
-7.47512e-23
-1.46579e-22
-2.37518e-22
-3.38884e-22
-4.32303e-22
-4.86672e-22
-4.55891e-22
-2.78475e-22
1.19369e-22
8.15282e-22
1.87471e-21
3.32518e-21
5.1193e-21
7.08646e-21
8.87525e-21
9.89285e-21
9.25261e-21
5.74789e-21
-2.12116e-21
-1.6033e-20
-3.75988e-20
-6.7937e-20
-1.07021e-19
-1.52762e-19
-1.99824e-19
-2.38206e-19
-2.51711e-19
-2.16553e-19
-1.00477e-19
1.3701e-19
5.42458e-19
1.1633e-18
2.03831e-18
3.18235e-18
4.56371e-18
6.07313e-18
7.48362e-18
8.40226e-18
8.21672e-18
6.0428e-18
6.84192e-19
-9.37854e-18
-2.59443e-17
-5.09581e-17
-8.62425e-17
-1.33036e-16
-1.9127e-16
-2.58516e-16
-3.28523e-16
-3.89291e-16
-4.2066e-16
-3.9146e-16
-2.56365e-16
4.72108e-17
6.01618e-16
1.50995e-15
2.89416e-15
4.88821e-15
7.62373e-15
1.12043e-14
1.56637e-14
2.09023e-14
2.65948e-14
3.20601e-14
3.60863e-14
3.67006e-14
3.08787e-14
1.41883e-14
-1.96271e-14
-7.91102e-14
-1.75563e-13
-3.23464e-13
-5.40734e-13
-8.48666e-13
-1.27129e-12
-1.83377e-12
-2.55939e-12
-3.46421e-12
-4.54862e-12
-5.78415e-12
-7.09381e-12
-8.32344e-12
-9.20069e-12
-9.27744e-12
-7.85007e-12
-3.85036e-12
4.30198e-12
1.88967e-11
4.31951e-11
8.17739e-11
1.40975e-10
2.29489e-10
3.59101e-10
5.45652e-10
8.10257e-10
1.18084e-09
1.69406e-09
2.39776e-09
3.35392e-09
4.64243e-09
6.36563e-09
8.65397e-09
1.16729e-08
1.5631e-08
2.07905e-08
2.74792e-08
3.61052e-08
4.71743e-08
6.13112e-08
7.92845e-08
1.02036e-07
1.30714e-07
1.66719e-07
2.11744e-07
2.6784e-07
3.37473e-07
4.23604e-07
5.29778e-07
6.60221e-07
8.19962e-07
1.01497e-06
1.25228e-06
1.54022e-06
1.88857e-06
2.30879e-06
2.81429e-06
3.42071e-06
4.14625e-06
5.01203e-06
6.04251e-06
7.26592e-06
8.71479e-06
1.04265e-05
1.24439e-05
1.4816e-05
1.75988e-05
2.08559e-05
2.46598e-05
2.90925e-05
3.42468e-05
4.02274e-05
4.71524e-05
5.51543e-05
6.43818e-05
7.50014e-05
8.7199e-05
0.000101182
0.00011718
0.000135451
0.000156277
0.000179971
0.000206882
0.000237388
0.000271911
0.00031091
0.000354889
0.0004044
0.000460042
0.00052248
0.00059239
0.000670673
0.000757718
0.000855999
0.000961041
0.00109272
0.00118762
0.00146685
)
;

boundaryField
{
    sides
    {
        type            zeroGradient;
    }
    empty
    {
        type            empty;
    }
}


// ************************************************************************* //
