/*--------------------------------*- C++ -*----------------------------------*\
  =========                 |
  \\      /  F ield         | OpenFOAM: The Open Source CFD Toolbox
   \\    /   O peration     | Website:  https://openfoam.org
    \\  /    A nd           | Version:  7
     \\/     M anipulation  |
\*---------------------------------------------------------------------------*/
FoamFile
{
    version     2.0;
    format      ascii;
    class       volScalarField;
    location    "3.24";
    object      T;
}
// * * * * * * * * * * * * * * * * * * * * * * * * * * * * * * * * * * * * * //

dimensions      [0 0 0 1 0 0 0];

internalField   nonuniform List<scalar> 
1000
(
0
0
0
0
0
0
0
0
0
0
0
0
0
0
0
0
0
0
0
0
0
0
0
0
0
0
0
0
0
0
0
0
0
0
0
0
0
0
0
0
0
0
0
0
0
0
0
0
0
0
0
0
0
0
0
0
0
0
0
0
0
0
0
0
0
0
0
0
0
0
0
0
0
0
0
0
0
0
0
0
0
0
0
0
0
0
0
0
0
0
0
0
0
0
0
0
0
0
0
0
0
0
0
0
0
0
0
0
0
0
0
0
0
0
0
0
0
0
0
0
0
0
0
0
0
0
0
0
0
0
0
0
0
0
0
0
0
0
0
0
0
0
0
0
0
0
0
0
0
0
0
0
0
0
0
0
0
0
0
0
0
0
0
0
0
0
0
0
0
0
0
0
0
0
0
0
0
0
0
0
0
0
0
0
0
0
0
0
0
0
0
0
0
0
0
0
0
0
0
0
0
0
0
0
0
0
0
0
9.88131e-324
8.2509e-322
3.622e-320
1.57587e-318
6.83661e-317
2.9588e-315
1.27743e-313
5.50171e-312
2.36371e-310
1.01302e-308
4.33076e-307
1.84682e-305
7.85584e-304
3.33321e-302
1.41067e-300
5.95496e-299
2.50733e-297
1.05298e-295
4.41056e-294
1.84258e-292
7.67739e-291
3.1904e-289
1.32225e-287
5.46531e-286
2.25288e-284
9.26139e-283
3.79684e-281
1.55228e-279
6.32861e-278
2.57295e-276
1.04311e-274
4.21697e-273
1.69992e-271
6.83298e-270
2.73864e-268
1.09445e-266
4.36096e-265
1.73256e-263
6.86282e-262
2.71031e-260
1.06715e-258
4.18908e-257
1.6394e-255
6.39608e-254
2.48771e-252
9.64568e-251
3.72823e-249
1.43648e-247
5.51713e-246
2.1122e-244
8.06039e-243
3.06595e-241
1.16239e-239
4.39243e-238
1.65431e-236
6.20975e-235
2.3231e-233
8.6614e-232
3.21827e-230
1.19168e-228
4.39735e-227
1.61697e-225
5.92495e-224
2.16334e-222
7.87068e-221
2.85321e-219
1.03057e-217
3.70882e-216
1.32981e-214
4.75041e-213
1.69062e-211
5.99408e-210
2.11712e-208
7.44913e-207
2.61088e-205
9.11542e-204
3.17002e-202
1.09806e-200
3.78845e-199
1.30181e-197
4.45527e-196
1.51854e-194
5.15449e-193
1.74237e-191
5.86512e-190
1.96597e-188
6.56187e-187
2.18078e-185
7.21626e-184
2.37747e-182
7.79837e-181
2.5466e-179
8.27885e-178
2.67925e-176
8.63128e-175
2.76781e-173
8.83447e-172
2.80665e-170
8.87446e-169
2.79269e-167
8.74606e-166
2.72578e-164
8.45356e-163
2.60878e-161
8.01063e-160
2.4474e-158
7.43929e-157
2.24971e-155
6.76813e-154
2.02551e-152
6.02983e-151
1.78548e-149
5.25853e-148
1.54031e-146
4.48706e-145
1.29988e-143
3.74464e-142
1.07264e-140
3.05501e-139
8.65083e-138
2.43538e-136
6.81569e-135
1.89611e-133
5.24321e-132
1.44107e-130
3.9364e-129
1.06859e-127
2.88263e-126
7.72689e-125
2.05792e-123
5.44538e-122
1.43144e-120
3.73792e-119
9.69543e-118
2.49776e-116
6.39069e-115
1.62376e-113
4.09676e-112
1.02628e-110
2.55246e-109
6.3021e-108
1.54456e-106
3.75735e-105
9.07138e-104
2.1734e-102
5.16701e-101
1.21879e-99
2.85211e-98
6.62076e-97
1.52443e-95
3.4811e-94
7.88301e-93
1.77004e-91
3.94042e-90
8.69594e-89
1.9022e-87
4.12388e-86
8.8596e-85
1.88592e-83
3.97721e-82
8.30846e-81
1.71905e-79
3.52228e-78
7.14598e-77
1.43529e-75
2.85356e-74
5.6149e-73
1.09328e-71
2.10613e-70
4.01356e-69
7.56465e-68
1.40989e-66
2.59801e-65
4.73229e-64
8.51909e-63
1.51537e-61
2.66294e-60
4.62195e-59
7.92168e-58
1.34041e-56
2.23867e-55
3.68947e-54
5.99866e-53
9.61945e-52
1.52102e-50
2.37079e-49
3.64164e-48
5.51089e-47
8.21362e-46
1.20531e-44
1.7409e-43
2.47405e-42
3.45823e-41
4.75279e-40
6.4199e-39
8.51963e-38
1.11032e-36
1.42043e-35
1.78298e-34
2.19494e-33
2.64871e-32
3.13156e-31
3.62552e-30
4.10789e-29
4.5525e-28
4.93171e-27
5.2189e-26
5.39135e-25
5.43301e-24
5.33677e-23
5.10579e-22
4.75364e-21
4.30307e-20
3.78359e-19
3.22823e-18
2.66988e-17
2.13789e-16
1.65543e-15
1.23794e-14
8.92765e-14
6.19964e-13
4.13883e-12
2.65158e-11
1.62712e-10
9.5438e-10
5.33867e-09
2.8411e-08
1.43456e-07
6.85244e-07
3.0865e-06
1.30627e-05
5.17424e-05
0.000190998
0.000653901
0.00206556
0.0059862
0.0158208
0.0378926
0.0817463
0.157995
0.272612
0.419866
0.580134
0.727388
0.842005
0.918254
0.962107
0.984179
0.994014
0.997934
0.999346
0.999809
0.999948
0.999987
0.999997
0.999999
1
1
1
1
1
1
1
1
1
1
1
1
1
1
1
1
1
1
1
1
1
1
1
1
1
1
1
1
1
1
1
1
1
1
1
1
1
1
1
1
1
1
1
1
1
1
1
1
1
1
1
1
1
1
1
1
1
1
1
1
1
1
1
1
1
1
1
1
1
1
1
1
0.999999
0.999997
0.999987
0.999948
0.999809
0.999346
0.997934
0.994014
0.984179
0.962107
0.918254
0.842005
0.727388
0.580134
0.419866
0.272612
0.157995
0.0817463
0.0378926
0.0158208
0.0059862
0.00206556
0.000653901
0.000190998
5.17424e-05
1.30627e-05
3.0865e-06
6.85244e-07
1.43456e-07
2.8411e-08
5.33867e-09
9.5438e-10
1.62712e-10
2.65158e-11
4.13883e-12
6.19964e-13
8.92765e-14
1.23794e-14
1.65543e-15
2.13789e-16
2.66988e-17
3.22823e-18
3.78359e-19
4.30307e-20
4.75364e-21
5.10579e-22
5.33677e-23
5.43301e-24
5.39135e-25
5.2189e-26
4.93171e-27
4.5525e-28
4.10789e-29
3.62552e-30
3.13156e-31
2.64871e-32
2.19494e-33
1.78298e-34
1.42043e-35
1.11032e-36
8.51963e-38
6.4199e-39
4.75279e-40
3.45823e-41
2.47405e-42
1.7409e-43
1.20531e-44
8.21362e-46
5.51089e-47
3.64164e-48
2.37079e-49
1.52102e-50
9.61945e-52
5.99866e-53
3.68947e-54
2.23867e-55
1.34041e-56
7.92168e-58
4.62195e-59
2.66294e-60
1.51537e-61
8.51909e-63
4.73229e-64
2.59801e-65
1.40989e-66
7.56465e-68
4.01356e-69
2.10613e-70
1.09328e-71
5.6149e-73
2.85356e-74
1.43529e-75
7.14598e-77
3.52228e-78
1.71905e-79
8.30846e-81
3.97721e-82
1.88592e-83
8.8596e-85
4.12388e-86
1.9022e-87
8.69594e-89
3.94042e-90
1.77004e-91
7.88301e-93
3.4811e-94
1.52443e-95
6.62076e-97
2.85211e-98
1.21879e-99
5.16701e-101
2.1734e-102
9.07138e-104
3.75735e-105
1.54456e-106
6.3021e-108
2.55246e-109
1.02628e-110
4.09676e-112
1.62376e-113
6.39069e-115
2.49776e-116
9.69543e-118
3.73792e-119
1.43144e-120
5.44538e-122
2.05792e-123
7.72689e-125
2.88263e-126
1.06859e-127
3.9364e-129
1.44107e-130
5.24321e-132
1.89611e-133
6.81569e-135
2.43538e-136
8.65083e-138
3.05501e-139
1.07264e-140
3.74464e-142
1.29988e-143
4.48706e-145
1.54031e-146
5.25853e-148
1.78548e-149
6.02983e-151
2.02551e-152
6.76813e-154
2.24971e-155
7.43929e-157
2.4474e-158
8.01063e-160
2.60878e-161
8.45356e-163
2.72578e-164
8.74606e-166
2.79269e-167
8.87446e-169
2.80665e-170
8.83447e-172
2.76781e-173
8.63128e-175
2.67925e-176
8.27885e-178
2.5466e-179
7.79837e-181
2.37747e-182
7.21626e-184
2.18078e-185
6.56187e-187
1.96597e-188
5.86512e-190
1.74237e-191
5.15449e-193
1.51854e-194
4.45527e-196
1.30181e-197
3.78845e-199
1.09806e-200
3.17002e-202
9.11542e-204
2.61088e-205
7.44913e-207
2.11712e-208
5.99408e-210
1.69062e-211
4.75041e-213
1.32981e-214
3.70882e-216
1.03057e-217
2.85321e-219
7.87068e-221
2.16334e-222
5.92495e-224
1.61697e-225
4.39735e-227
1.19168e-228
3.21827e-230
8.6614e-232
2.3231e-233
6.20975e-235
1.65431e-236
4.39243e-238
1.16239e-239
3.06595e-241
8.06039e-243
2.1122e-244
5.51713e-246
1.43648e-247
3.72823e-249
9.64568e-251
2.48771e-252
6.39608e-254
1.6394e-255
4.18908e-257
1.06715e-258
2.71031e-260
6.86282e-262
1.73256e-263
4.36096e-265
1.09445e-266
2.73864e-268
6.83298e-270
1.69992e-271
4.21697e-273
1.04311e-274
2.57295e-276
6.32861e-278
1.55228e-279
3.79684e-281
9.26139e-283
2.25288e-284
5.46531e-286
1.32225e-287
3.1904e-289
7.67739e-291
1.84258e-292
4.41056e-294
1.05298e-295
2.50733e-297
5.95496e-299
1.41067e-300
3.33321e-302
7.85584e-304
1.84682e-305
4.33076e-307
1.01302e-308
2.36371e-310
5.50171e-312
1.27743e-313
2.9588e-315
6.83661e-317
1.57587e-318
3.62249e-320
8.2509e-322
9.88131e-324
0
0
0
0
0
0
0
0
0
0
0
0
0
0
0
0
0
0
0
0
0
0
0
0
0
0
0
0
0
0
0
0
0
0
0
0
0
0
0
0
0
0
0
0
0
0
0
0
0
0
0
0
0
0
0
0
0
0
0
0
0
0
0
0
0
0
0
0
0
0
0
0
0
0
0
0
0
0
0
0
0
0
0
0
0
0
0
0
0
0
0
0
0
0
0
0
0
0
0
0
0
0
0
0
0
0
0
0
0
0
0
0
0
0
0
0
0
0
0
0
0
0
0
0
0
0
0
0
0
0
0
0
0
0
0
0
0
0
0
0
0
0
0
0
0
0
0
0
0
0
0
0
0
0
0
0
0
0
0
0
0
0
0
0
0
0
0
0
0
0
0
0
0
0
0
0
0
0
0
0
0
0
0
0
0
0
0
0
0
0
0
0
0
0
0
0
0
0
0
0
0
0
0
0
0
0
0
0
)
;

boundaryField
{
    sides
    {
        type            zeroGradient;
    }
    empty
    {
        type            empty;
    }
}


// ************************************************************************* //
