/*--------------------------------*- C++ -*----------------------------------*\
  =========                 |
  \\      /  F ield         | OpenFOAM: The Open Source CFD Toolbox
   \\    /   O peration     | Website:  https://openfoam.org
    \\  /    A nd           | Version:  7
     \\/     M anipulation  |
\*---------------------------------------------------------------------------*/
FoamFile
{
    version     2.0;
    format      ascii;
    class       volScalarField;
    location    "1.45";
    object      T;
}
// * * * * * * * * * * * * * * * * * * * * * * * * * * * * * * * * * * * * * //

dimensions      [0 0 0 1 0 0 0];

internalField   nonuniform List<scalar> 
1000
(
0.000597007
0.000597146
0.000597427
0.000597851
0.000598419
0.000599133
0.000599994
0.000601005
0.000602165
0.000603478
0.000604944
0.000606566
0.000608346
0.000610284
0.000612382
0.000614644
0.000617069
0.000619661
0.000622421
0.000625351
0.000628453
0.00063173
0.000635182
0.000638813
0.000642624
0.000646617
0.000650796
0.000655161
0.000659716
0.000664462
0.000669402
0.000674539
0.000679874
0.000685411
0.000691151
0.000697098
0.000703254
0.000709621
0.000716203
0.000723002
0.000730021
0.000737262
0.00074473
0.000752425
0.000760352
0.000768514
0.000776913
0.000785553
0.000794437
0.000803567
0.000812948
0.000822583
0.000832475
0.000842627
0.000853043
0.000863726
0.000874681
0.00088591
0.000897417
0.000909207
0.000921282
0.000933647
0.000946306
0.000959262
0.00097252
0.000986083
0.000999956
0.00101414
0.00102865
0.00104348
0.00105863
0.00107412
0.00108994
0.0011061
0.00112261
0.00113947
0.00115668
0.00117425
0.00119219
0.00121049
0.00122917
0.00124823
0.00126767
0.00128751
0.00130773
0.00132836
0.0013494
0.00137084
0.0013927
0.00141499
0.0014377
0.00146085
0.00148443
0.00150847
0.00153295
0.00155789
0.0015833
0.00160917
0.00163553
0.00166236
0.00168969
0.00171751
0.00174583
0.00177466
0.00180401
0.00183389
0.00186429
0.00189523
0.00192671
0.00195874
0.00199133
0.00202449
0.00205822
0.00209254
0.00212744
0.00216293
0.00219903
0.00223574
0.00227307
0.00231103
0.00234963
0.00238886
0.00242875
0.0024693
0.00251052
0.00255242
0.002595
0.00263828
0.00268226
0.00272695
0.00277237
0.00281852
0.0028654
0.00291304
0.00296143
0.00301059
0.00306053
0.00311125
0.00316277
0.0032151
0.00326825
0.00332222
0.00337703
0.00343268
0.00348919
0.00354657
0.00360483
0.00366397
0.00372402
0.00378497
0.00384684
0.00390965
0.0039734
0.0040381
0.00410376
0.00417041
0.00423804
0.00430667
0.0043763
0.00444697
0.00451866
0.00459141
0.0046652
0.00474007
0.00481603
0.00489307
0.00497123
0.0050505
0.0051309
0.00521245
0.00529516
0.00537903
0.00546409
0.00555034
0.0056378
0.00572649
0.0058164
0.00590757
0.006
0.0060937
0.0061887
0.00628499
0.00638261
0.00648155
0.00658184
0.00668348
0.0067865
0.0068909
0.00699671
0.00710393
0.00721258
0.00732267
0.00743423
0.00754725
0.00766177
0.00777779
0.00789533
0.0080144
0.00813501
0.0082572
0.00838096
0.00850631
0.00863327
0.00876186
0.00889209
0.00902398
0.00915753
0.00929278
0.00942972
0.00956839
0.00970879
0.00985094
0.00999486
0.0101406
0.0102881
0.0104374
0.0105885
0.0107415
0.0108964
0.0110531
0.0112117
0.0113723
0.0115348
0.0116992
0.0118656
0.012034
0.0122043
0.0123767
0.0125511
0.0127276
0.0129061
0.0130867
0.0132694
0.0134542
0.0136412
0.0138303
0.0140215
0.014215
0.0144106
0.0146085
0.0148086
0.0150109
0.0152155
0.0154224
0.0156316
0.0158431
0.016057
0.0162732
0.0164918
0.0167127
0.0169361
0.0171619
0.0173901
0.0176208
0.017854
0.0180896
0.0183277
0.0185684
0.0188116
0.0190574
0.0193057
0.0195567
0.0198102
0.0200664
0.0203252
0.0205867
0.0208508
0.0211176
0.0213871
0.0216594
0.0219344
0.0222121
0.0224926
0.0227759
0.023062
0.0233509
0.0236427
0.0239373
0.0242348
0.0245351
0.0248384
0.0251445
0.0254536
0.0257656
0.0260806
0.0263985
0.0267195
0.0270434
0.0273703
0.0277003
0.0280333
0.0283694
0.0287085
0.0290508
0.0293961
0.0297445
0.0300961
0.0304508
0.0308086
0.0311697
0.0315338
0.0319012
0.0322718
0.0326456
0.0330226
0.0334028
0.0337863
0.0341731
0.0345631
0.0349564
0.035353
0.0357529
0.0361561
0.0365626
0.0369724
0.0373856
0.0378022
0.0382221
0.0386453
0.039072
0.039502
0.0399354
0.0403722
0.0408125
0.0412561
0.0417032
0.0421537
0.0426076
0.043065
0.0435258
0.04399
0.0444577
0.0449289
0.0454036
0.0458817
0.0463633
0.0468484
0.0473369
0.047829
0.0483245
0.0488235
0.049326
0.049832
0.0503415
0.0508545
0.051371
0.051891
0.0524145
0.0529415
0.053472
0.0540059
0.0545434
0.0550844
0.0556288
0.0561768
0.0567282
0.0572831
0.0578415
0.0584033
0.0589687
0.0595375
0.0601097
0.0606854
0.0612646
0.0618471
0.0624332
0.0630226
0.0636155
0.0642117
0.0648114
0.0654145
0.0660209
0.0666307
0.0672439
0.0678604
0.0684803
0.0691035
0.06973
0.0703598
0.0709929
0.0716293
0.072269
0.0729118
0.073558
0.0742073
0.0748598
0.0755156
0.0761745
0.0768365
0.0775017
0.07817
0.0788414
0.0795158
0.0801933
0.0808739
0.0815575
0.082244
0.0829336
0.0836261
0.0843215
0.0850198
0.0857211
0.0864251
0.087132
0.0878417
0.0885542
0.0892695
0.0899875
0.0907082
0.0914315
0.0921575
0.0928862
0.0936174
0.0943512
0.0950875
0.0958263
0.0965676
0.0973113
0.0980574
0.0988059
0.0995568
0.10031
0.101065
0.101823
0.102583
0.103345
0.104109
0.104875
0.105644
0.106414
0.107186
0.107961
0.108737
0.109515
0.110295
0.111076
0.11186
0.112645
0.113432
0.11422
0.11501
0.115802
0.116595
0.117389
0.118185
0.118982
0.119781
0.120581
0.121382
0.122184
0.122987
0.123792
0.124597
0.125404
0.126211
0.127019
0.127829
0.128638
0.129449
0.13026
0.131072
0.131885
0.132698
0.133512
0.134326
0.13514
0.135955
0.13677
0.137585
0.138401
0.139216
0.140032
0.140847
0.141663
0.142478
0.143293
0.144108
0.144923
0.145737
0.146551
0.147365
0.148178
0.14899
0.149802
0.150613
0.151424
0.152233
0.153042
0.15385
0.154657
0.155462
0.156267
0.15707
0.157873
0.158674
0.159473
0.160272
0.161068
0.161864
0.162657
0.163449
0.164239
0.165028
0.165814
0.166599
0.167382
0.168163
0.168941
0.169718
0.170492
0.171264
0.172034
0.172801
0.173566
0.174328
0.175088
0.175845
0.176599
0.177351
0.178099
0.178845
0.179588
0.180328
0.181064
0.181798
0.182528
0.183255
0.183979
0.184699
0.185416
0.186129
0.186839
0.187545
0.188247
0.188945
0.18964
0.190331
0.191018
0.191701
0.192379
0.193054
0.193724
0.19439
0.195052
0.19571
0.196363
0.197011
0.197655
0.198294
0.198929
0.199559
0.200184
0.200804
0.201419
0.20203
0.202635
0.203235
0.203831
0.204421
0.205005
0.205585
0.206159
0.206728
0.207291
0.207849
0.208401
0.208947
0.209488
0.210024
0.210553
0.211077
0.211594
0.212106
0.212612
0.213112
0.213606
0.214094
0.214575
0.215051
0.21552
0.215983
0.216439
0.216889
0.217333
0.21777
0.218201
0.218625
0.219043
0.219454
0.219858
0.220256
0.220647
0.221031
0.221408
0.221779
0.222142
0.222499
0.222849
0.223191
0.223527
0.223856
0.224177
0.224492
0.224799
0.225099
0.225392
0.225677
0.225956
0.226227
0.22649
0.226747
0.226996
0.227237
0.227471
0.227698
0.227917
0.228129
0.228333
0.22853
0.228719
0.228901
0.229075
0.229241
0.2294
0.229551
0.229694
0.22983
0.229958
0.230079
0.230192
0.230297
0.230394
0.230484
0.230566
0.23064
0.230706
0.230765
0.230816
0.230859
0.230894
0.230922
0.230942
0.230954
0.230958
0.230954
0.230943
0.230924
0.230897
0.230862
0.23082
0.23077
0.230712
0.230646
0.230573
0.230492
0.230403
0.230307
0.230202
0.23009
0.229971
0.229844
0.229709
0.229566
0.229416
0.229258
0.229093
0.22892
0.22874
0.228552
0.228356
0.228153
0.227943
0.227725
0.227499
0.227267
0.227026
0.226779
0.226524
0.226262
0.225993
0.225716
0.225432
0.225141
0.224843
0.224538
0.224225
0.223906
0.223579
0.223246
0.222906
0.222558
0.222204
0.221843
0.221475
0.2211
0.220718
0.22033
0.219935
0.219534
0.219126
0.218711
0.21829
0.217862
0.217428
0.216988
0.216541
0.216088
0.215629
0.215163
0.214691
0.214214
0.21373
0.21324
0.212744
0.212242
0.211735
0.211221
0.210702
0.210177
0.209646
0.20911
0.208568
0.208021
0.207468
0.20691
0.206346
0.205777
0.205203
0.204624
0.204039
0.20345
0.202855
0.202255
0.201651
0.201041
0.200427
0.199808
0.199185
0.198556
0.197924
0.197286
0.196644
0.195998
0.195348
0.194693
0.194034
0.19337
0.192703
0.192032
0.191356
0.190677
0.189994
0.189307
0.188616
0.187922
0.187224
0.186522
0.185817
0.185108
0.184397
0.183681
0.182963
0.182241
0.181517
0.180789
0.180058
0.179325
0.178588
0.177849
0.177106
0.176362
0.175614
0.174864
0.174112
0.173357
0.1726
0.17184
0.171078
0.170314
0.169548
0.16878
0.16801
0.167238
0.166464
0.165688
0.164911
0.164132
0.163351
0.162569
0.161785
0.161
0.160213
0.159425
0.158636
0.157846
0.157054
0.156262
0.155468
0.154674
0.153879
0.153082
0.152286
0.151488
0.15069
0.149891
0.149092
0.148292
0.147492
0.146692
0.145891
0.14509
0.144289
0.143488
0.142686
0.141885
0.141084
0.140283
0.139482
0.138682
0.137881
0.137081
0.136282
0.135483
0.134684
0.133886
0.133089
0.132292
0.131496
0.130701
0.129907
0.129114
0.128321
0.12753
0.12674
0.125951
0.125163
0.124376
0.12359
0.122806
0.122023
0.121242
0.120462
0.119684
0.118907
0.118132
0.117358
0.116586
0.115816
0.115048
0.114282
0.113517
0.112755
0.111994
0.111236
0.11048
0.109725
0.108974
0.108224
0.107476
0.106731
0.105989
0.105248
0.10451
0.103775
0.103042
0.102312
0.101585
0.10086
0.100138
0.0994181
0.0987016
0.0979878
0.097277
0.0965691
0.0958641
0.0951622
0.0944633
0.0937676
0.0930749
0.0923854
0.0916992
0.0910162
0.0903365
0.0896601
0.0889871
0.0883175
0.0876513
0.0869886
0.0863295
0.0856739
0.0850219
0.0843735
0.0837288
0.0830879
0.0824506
0.0818172
0.0811876
0.0805618
0.0799399
0.079322
0.078708
0.0780981
0.0774922
0.0768903
0.0762926
0.075699
0.0751096
0.0745245
0.0739435
0.0733669
0.0727946
0.0722267
0.0716632
0.0711041
0.0705495
0.0699994
0.0694539
0.0689129
0.0683766
0.0678449
0.0673179
0.0667957
0.0662782
0.0657655
0.0652576
0.0647547
0.0642566
0.0637635
0.0632754
0.0627924
0.0623144
0.0618415
0.0613737
0.0609111
0.0604538
0.0600017
0.0595549
0.0591135
0.0586775
0.0582468
0.0578217
0.057402
0.0569879
0.0565794
0.0561765
0.0557793
0.0553879
0.0550022
0.0546223
0.0542482
0.05388
0.0535178
0.0531616
0.0528114
0.0524673
0.0521294
0.0517976
0.0514721
0.0511528
0.0508399
0.0505333
0.0502332
0.0499396
0.0496525
0.049372
0.0490981
0.048831
0.0485706
0.048317
0.0480703
0.0478306
0.0475978
0.047372
0.0471534
0.046942
0.0467378
0.0465409
0.0463513
0.0461692
0.0459946
0.0458275
0.0456681
0.0455164
0.0453724
0.0452363
0.0451081
0.0449879
0.0448757
0.0447717
0.0446759
0.0445884
0.0445093
0.0444386
0.0443765
0.0443229
0.0442781
0.0442421
0.0442149
0.0441967
0.0441875
)
;

boundaryField
{
    sides
    {
        type            zeroGradient;
    }
    empty
    {
        type            empty;
    }
}


// ************************************************************************* //
