/*--------------------------------*- C++ -*----------------------------------*\
  =========                 |
  \\      /  F ield         | OpenFOAM: The Open Source CFD Toolbox
   \\    /   O peration     | Website:  https://openfoam.org
    \\  /    A nd           | Version:  7
     \\/     M anipulation  |
\*---------------------------------------------------------------------------*/
FoamFile
{
    version     2.0;
    format      ascii;
    class       volScalarField;
    location    "2.98";
    object      T;
}
// * * * * * * * * * * * * * * * * * * * * * * * * * * * * * * * * * * * * * //

dimensions      [0 0 0 1 0 0 0];

internalField   nonuniform List<scalar> 
1000
(
0
0
0
0
0
0
0
0
0
0
0
0
0
0
0
0
0
0
0
0
0
0
0
0
0
0
0
0
0
0
0
0
0
0
0
0
0
0
0
0
0
0
0
0
0
0
0
0
0
0
0
0
0
0
0
0
0
0
0
0
0
0
0
0
0
0
0
0
0
0
0
0
0
0
0
0
0
0
0
0
0
0
0
0
0
0
0
0
0
0
0
0
0
0
0
0
0
0
0
0
0
0
0
0
0
0
0
0
0
0
0
0
0
0
0
0
0
0
0
0
0
0
0
0
0
0
0
0
0
0
0
0
0
0
0
0
0
0
0
0
0
0
0
0
0
0
0
0
0
0
0
0
7.57153e-270
-1.01459e-266
6.76755e-264
-2.99599e-261
9.90273e-259
-2.60672e-256
5.69214e-254
-1.06052e-251
1.72097e-249
-2.47093e-247
3.17809e-245
-3.69863e-243
3.92715e-241
-3.83081e-239
3.45336e-237
-2.89163e-235
2.25898e-233
-1.65287e-231
1.13661e-229
-7.36819e-228
4.51519e-226
-2.62199e-224
1.4461e-222
-7.59028e-221
3.79856e-219
-1.8156e-217
8.30119e-216
-3.63587e-214
1.52758e-212
-6.16403e-211
2.39161e-209
-8.93197e-208
3.21418e-206
-1.11549e-204
3.73693e-203
-1.20942e-201
3.7843e-200
-1.14567e-198
3.3581e-197
-9.53612e-196
2.62518e-194
-7.00982e-193
1.81657e-191
-4.5711e-190
1.11744e-188
-2.65502e-187
6.13396e-186
-1.37856e-184
3.01508e-183
-6.41978e-182
1.33122e-180
-2.68925e-179
5.29433e-178
-1.01606e-176
1.90147e-175
-3.47086e-174
6.1813e-173
-1.0743e-171
1.82256e-170
-3.01887e-169
4.88324e-168
-7.71543e-167
1.19093e-165
-1.79623e-164
2.64768e-163
-3.81474e-162
5.37313e-161
-7.39971e-160
9.96516e-159
-1.31247e-157
1.69075e-156
-2.1306e-155
2.62662e-154
-3.16814e-153
3.73901e-152
-4.31802e-151
4.87995e-150
-5.39723e-149
5.84213e-148
-6.18914e-147
6.4174e-146
-6.51275e-145
6.46918e-144
-6.28944e-143
5.98475e-142
-5.57367e-141
5.08021e-140
-4.53156e-139
3.95561e-138
-3.37869e-137
2.82368e-136
-2.30872e-135
1.84658e-134
-1.4446e-133
1.10522e-132
-8.26792e-132
6.0466e-131
-4.32219e-130
3.01907e-129
-2.06018e-128
1.37302e-127
-8.93397e-127
5.67356e-126
-3.51507e-125
2.12366e-124
-1.25051e-123
7.17288e-123
-4.00518e-122
2.17547e-121
-1.14846e-120
5.88697e-120
-2.92671e-119
1.40928e-118
-6.56211e-118
2.94897e-117
-1.27592e-116
5.29872e-116
-2.10361e-115
7.94029e-115
-2.82743e-114
9.38509e-114
-2.84581e-113
7.57664e-113
-1.6004e-112
1.62492e-112
7.23445e-112
-5.9904e-111
2.7421e-110
-9.59591e-110
2.64113e-109
-5.05897e-109
1.42331e-109
4.2454e-108
-2.41317e-107
8.60634e-107
-2.15177e-106
2.81727e-106
6.11872e-106
-5.69343e-105
2.23023e-104
-5.56562e-104
6.23916e-104
2.09469e-103
-1.53195e-102
5.15252e-102
-9.76566e-102
-1.51852e-102
9.11445e-101
-3.81086e-100
8.49557e-100
-3.58017e-100
-5.61569e-99
2.58958e-98
-5.81024e-98
1.9612e-98
3.92524e-97
-1.67007e-96
3.22793e-96
1.06482e-96
-2.914e-95
9.77434e-95
-1.26517e-94
-2.97814e-94
1.99292e-93
-4.60413e-93
7.44265e-94
3.14822e-92
-1.08763e-91
1.2314e-91
3.90995e-91
-2.10683e-90
3.74166e-90
3.42289e-90
-3.63771e-89
8.37734e-89
6.16219e-90
-5.88774e-88
1.61979e-87
-5.48353e-88
-9.29097e-87
2.86532e-86
-1.5024e-86
-1.47371e-85
4.75807e-85
-2.58067e-85
-2.38713e-84
7.47846e-84
-3.05143e-84
-3.93302e-83
1.10627e-82
-1.25876e-83
-6.45418e-82
1.50918e-81
5.79127e-82
-1.02376e-80
1.8184e-80
2.24044e-80
-1.51754e-79
1.74479e-79
5.28821e-79
-2.01967e-78
8.42728e-79
9.79443e-78
-2.26773e-77
-1.35136e-77
1.48891e-76
-1.84521e-76
-4.94899e-76
1.82357e-75
-3.38418e-76
-9.16454e-75
1.62533e-74
2.29784e-74
-1.1964e-73
5.88484e-74
5.29908e-73
-1.05719e-72
-1.21232e-72
6.99097e-72
-3.29567e-72
-3.04651e-71
5.53817e-71
8.00883e-71
-3.68434e-70
5.38484e-71
1.71059e-69
-2.21613e-69
-5.65025e-69
1.66279e-68
8.79438e-69
-8.66165e-68
4.69827e-68
3.52087e-67
-5.53099e-67
-1.08151e-66
3.48042e-66
1.76802e-66
-1.70283e-65
6.40572e-66
6.97175e-65
-8.28849e-65
-2.39635e-64
5.34992e-64
6.45336e-64
-2.72772e-63
-9.10533e-64
1.2075e-62
-3.70662e-63
-4.80054e-62
4.30286e-62
1.73389e-61
-2.68029e-61
-5.67078e-61
1.35825e-60
1.64071e-60
-6.14384e-60
-3.90098e-60
2.57654e-59
5.46618e-60
-1.02239e-58
1.34733e-59
3.8891e-58
-1.67103e-58
-1.43188e-57
9.98497e-58
5.14281e-57
-4.8402e-57
-1.81445e-56
2.10663e-56
6.32889e-56
-8.5546e-56
-2.19535e-55
3.30183e-55
7.61208e-55
-1.22332e-54
-2.64872e-54
4.37289e-54
9.27003e-54
-1.51088e-53
-3.26403e-53
5.04056e-53
1.15422e-52
-1.61709e-52
-4.08478e-52
4.94707e-52
1.43986e-51
-1.4206e-51
-5.02727e-51
3.70969e-51
1.72807e-50
-8.15e-51
-5.80993e-50
1.10214e-50
1.89672e-49
2.11373e-50
-5.96059e-49
-2.63833e-49
1.78258e-48
1.47346e-48
-4.98662e-48
-6.5377e-48
1.26586e-47
2.54574e-47
-2.72589e-47
-8.97616e-47
3.94509e-47
2.88889e-46
2.90064e-47
-8.43352e-46
-5.40783e-46
2.1814e-45
2.82775e-45
-4.69934e-45
-1.10233e-44
6.76619e-45
3.59241e-44
3.88613e-45
-9.95963e-44
-7.83532e-44
2.26419e-43
3.79508e-43
-3.58417e-43
-1.31768e-42
3.09767e-45
3.62892e-42
2.81714e-42
-7.66302e-42
-1.38348e-41
9.3461e-42
4.50372e-41
1.32353e-41
-1.08688e-40
-1.30558e-40
1.70953e-40
4.9854e-40
1.02257e-41
-1.29184e-39
-1.2498e-39
2.14361e-39
5.30995e-39
-2.59133e-40
-1.38364e-38
-1.33773e-38
2.13445e-38
5.6019e-38
5.35714e-39
-1.34699e-37
-1.58959e-37
1.61165e-37
5.72298e-37
2.43082e-37
-1.13219e-36
-1.89295e-36
5.71049e-37
5.2741e-36
4.86143e-36
-6.92117e-36
-2.00741e-35
-7.93184e-36
3.81969e-35
6.6542e-35
-6.87864e-36
-1.6625e-34
-1.97337e-34
1.35032e-34
6.3939e-34
5.29388e-34
-7.83541e-34
-2.28409e-33
-1.28734e-33
3.50977e-33
7.81432e-33
2.83725e-33
-1.38973e-32
-2.61813e-32
-5.79945e-33
5.10741e-32
8.73597e-32
1.26584e-32
-1.78067e-31
-2.9348e-31
-4.11827e-32
5.93823e-31
9.96306e-31
2.07769e-31
-1.89025e-30
-3.40406e-30
-1.16344e-30
5.66688e-30
1.15777e-29
6.11325e-30
-1.54994e-29
-3.85511e-29
-2.92501e-29
3.57787e-29
1.22903e-28
1.2751e-28
-5.1943e-29
-3.63475e-28
-5.06452e-28
-8.43014e-29
9.43943e-28
1.81786e-27
1.14808e-27
-1.87573e-27
-5.76617e-27
-6.2409e-27
1.13485e-27
1.53206e-26
2.52873e-26
1.34665e-26
-2.89711e-26
-8.17846e-26
-8.99883e-26
5.37834e-27
1.99871e-25
3.64386e-25
2.67988e-25
-2.56946e-25
-1.05362e-24
-1.48374e-24
-6.54787e-25
1.83727e-24
4.95201e-24
5.86193e-24
1.19901e-24
-9.86219e-24
-2.2112e-23
-2.36312e-23
-1.39826e-24
4.63568e-23
9.68658e-23
1.00904e-22
5.22845e-24
-1.98714e-22
-4.21087e-22
-4.61195e-22
-8.79932e-23
7.71243e-22
1.80291e-21
2.20903e-21
9.52744e-22
-2.53987e-21
-7.39904e-21
-1.06355e-20
-7.64252e-21
5.41977e-21
2.75569e-20
4.89502e-20
5.03922e-20
9.87414e-21
-8.21222e-20
-2.02436e-19
-2.81266e-19
-2.11164e-19
1.06068e-19
6.73949e-19
1.30447e-18
1.57037e-18
8.8786e-19
-1.20616e-18
-4.59502e-18
-8.09151e-18
-9.22555e-18
-4.7189e-18
8.02522e-18
2.84537e-17
5.01204e-17
5.91943e-17
3.63583e-17
-3.59125e-17
-1.60186e-16
-3.0762e-16
-4.05171e-16
-3.37602e-16
2.29657e-17
7.5145e-16
1.77221e-15
2.75518e-15
3.05829e-15
1.79168e-15
-1.91737e-15
-8.41369e-15
-1.67995e-14
-2.42002e-14
-2.5372e-14
-1.31731e-14
1.95326e-14
7.61411e-14
1.50858e-13
2.22551e-13
2.50165e-13
1.73308e-13
-7.74455e-14
-5.56124e-13
-1.26051e-12
-2.07749e-12
-2.72533e-12
-2.71454e-12
-1.36091e-12
2.10599e-12
8.29394e-12
1.72272e-11
2.77585e-11
3.68826e-11
3.91222e-11
2.62757e-11
-1.20417e-11
-8.65255e-11
-2.04399e-10
-3.63255e-10
-5.42395e-10
-6.92221e-10
-7.23315e-10
-4.98358e-10
1.67964e-10
1.49372e-09
3.68962e-09
6.88279e-09
1.09931e-08
1.5553e-08
1.94676e-08
2.07243e-08
1.60806e-08
7.88879e-10
-3.15427e-08
-8.87946e-08
-1.79657e-07
-3.1211e-07
-4.90629e-07
-7.11577e-07
-9.56077e-07
-1.17955e-06
-1.29691e-06
-1.16229e-06
-5.4207e-07
9.2023e-07
3.74856e-06
8.68994e-06
1.67823e-05
2.94363e-05
4.85309e-05
7.65257e-05
0.000116587
0.000172732
0.000249983
0.00035454
0.000493961
0.000677347
0.000915537
0.0012213
0.0016095
0.00209732
0.00270432
0.00345266
0.00436713
0.00547522
0.00680713
0.00839567
0.0102762
0.0124865
0.0150665
0.0180577
0.0215034
0.0254476
0.029935
0.0350102
0.0407172
0.0470987
0.0541953
0.0620454
0.0706837
0.0801413
0.0904443
0.101614
0.113666
0.12661
0.140448
0.155176
0.170783
0.187251
0.204554
0.222659
0.241528
0.261113
0.281362
0.302219
0.323619
0.345495
0.367777
0.390389
0.413256
0.436299
0.459442
0.482604
0.505709
0.528682
0.551449
0.57394
0.596088
0.617832
0.639112
0.659876
0.680076
0.699669
0.718619
0.736894
0.754468
0.771321
0.787438
0.802808
0.817427
0.831294
0.844414
0.856795
0.868447
0.879386
0.88963
0.8992
0.908116
0.916405
0.924091
0.931202
0.937764
0.943807
0.949358
0.954446
0.959099
0.963344
0.96721
0.970721
0.973904
0.976783
0.979382
0.981722
0.983825
0.98571
0.987396
0.9889
0.990237
0.991421
0.992464
0.993378
0.994171
0.99485
0.995421
0.995886
0.996247
0.996502
0.996647
0.996676
0.996579
0.996345
0.995958
0.995401
0.994652
0.993686
0.992478
0.990995
0.989205
0.987073
0.98456
0.981626
0.978229
0.974327
0.969875
0.96483
0.959148
0.952788
0.94571
0.937875
0.92925
0.919803
0.90951
0.898348
0.886302
0.873364
0.85953
0.844806
0.829202
0.812737
0.795436
0.777332
0.758465
0.738882
0.718633
0.697777
0.676378
0.654502
0.632221
0.609609
0.586743
0.563699
0.540557
0.517395
0.49429
0.471317
0.448551
0.42606
0.403911
0.382168
0.360888
0.340124
0.319924
0.30033
0.281381
0.263106
0.245532
0.228679
0.212562
0.197192
0.182573
0.168706
0.155586
0.143205
0.131553
0.120614
0.11037
0.1008
0.0918836
0.083595
0.0759088
0.0687983
0.0622358
0.0561932
0.0506421
0.0455542
0.0409014
0.036656
0.0327908
0.0292796
0.0260969
0.023218
0.0206196
0.0182793
0.0161758
0.0142891
0.0126002
0.0110916
0.00974665
0.00855001
0.00748743
0.00654573
0.00571277
0.00497742
0.00432946
0.0037596
0.00325935
0.00282102
0.00243766
0.00210298
0.00181133
0.00155763
0.00133733
0.00114638
0.000981144
0.000838417
0.000715342
0.000609393
0.000518342
0.000440224
0.000373315
0.000316099
0.000267253
0.00022562
0.000190192
0.000160093
0.000134561
0.000112937
9.46524e-05
7.92147e-05
6.62009e-05
5.52471e-05
4.60412e-05
3.83158e-05
3.18427e-05
2.64267e-05
2.1902e-05
1.81274e-05
1.4983e-05
1.23675e-05
1.01949e-05
8.39292e-06
6.90032e-06
5.66575e-06
4.64602e-06
3.8049e-06
3.11205e-06
2.54212e-06
2.07394e-06
1.68984e-06
1.37516e-06
1.11768e-06
9.07288e-07
7.35594e-07
5.95661e-07
4.81761e-07
3.8917e-07
3.13997e-07
2.53041e-07
2.03677e-07
1.63749e-07
1.31494e-07
1.0547e-07
8.44976e-08
6.76176e-08
5.40477e-08
4.31519e-08
3.44135e-08
2.74138e-08
2.18134e-08
1.73377e-08
1.37651e-08
1.09166e-08
8.64813e-09
6.84357e-09
5.40969e-09
4.27163e-09
3.36938e-09
2.65487e-09
2.08967e-09
1.64306e-09
1.29055e-09
1.01261e-09
7.93709e-10
6.21486e-10
4.86135e-10
3.79874e-10
2.96539e-10
2.31252e-10
1.80158e-10
1.40213e-10
1.09017e-10
8.46778e-11
6.5708e-11
5.09382e-11
3.94499e-11
3.05232e-11
2.35937e-11
1.82199e-11
1.40567e-11
1.08345e-11
8.34309e-12
6.41848e-12
4.93388e-12
3.78471e-12
2.93167e-12
2.05113e-12
)
;

boundaryField
{
    sides
    {
        type            zeroGradient;
    }
    empty
    {
        type            empty;
    }
}


// ************************************************************************* //
