/*--------------------------------*- C++ -*----------------------------------*\
  =========                 |
  \\      /  F ield         | OpenFOAM: The Open Source CFD Toolbox
   \\    /   O peration     | Website:  https://openfoam.org
    \\  /    A nd           | Version:  7
     \\/     M anipulation  |
\*---------------------------------------------------------------------------*/
FoamFile
{
    version     2.0;
    format      ascii;
    class       volScalarField;
    location    "1.72";
    object      T;
}
// * * * * * * * * * * * * * * * * * * * * * * * * * * * * * * * * * * * * * //

dimensions      [0 0 0 1 0 0 0];

internalField   nonuniform List<scalar> 
1000
(
0.00101453
0.00101469
0.00101503
0.00101553
0.00101621
0.00101707
0.00101809
0.0010193
0.00102068
0.00102225
0.001024
0.00102593
0.00102805
0.00103036
0.00103286
0.00103556
0.00103845
0.00104153
0.00104482
0.00104831
0.001052
0.00105589
0.00106
0.00106431
0.00106884
0.00107358
0.00107854
0.00108372
0.00108912
0.00109474
0.00110059
0.00110668
0.00111299
0.00111954
0.00112632
0.00113335
0.00114062
0.00114813
0.00115589
0.0011639
0.00117217
0.00118069
0.00118947
0.00119851
0.00120782
0.0012174
0.00122725
0.00123738
0.00124778
0.00125846
0.00126943
0.00128068
0.00129223
0.00130407
0.0013162
0.00132864
0.00134138
0.00135443
0.00136779
0.00138147
0.00139546
0.00140978
0.00142442
0.00143939
0.0014547
0.00147034
0.00148633
0.00150266
0.00151934
0.00153637
0.00155376
0.00157152
0.00158963
0.00160812
0.00162698
0.00164623
0.00166585
0.00168586
0.00170627
0.00172707
0.00174827
0.00176988
0.00179189
0.00181433
0.00183718
0.00186046
0.00188417
0.00190831
0.00193289
0.00195792
0.00198339
0.00200932
0.00203572
0.00206257
0.0020899
0.00211771
0.00214599
0.00217476
0.00220403
0.00223379
0.00226406
0.00229484
0.00232613
0.00235794
0.00239028
0.00242316
0.00245657
0.00249053
0.00252504
0.0025601
0.00259573
0.00263193
0.00266871
0.00270607
0.00274401
0.00278256
0.0028217
0.00286146
0.00290183
0.00294282
0.00298444
0.0030267
0.0030696
0.00311315
0.00315735
0.00320223
0.00324777
0.00329399
0.0033409
0.0033885
0.0034368
0.00348581
0.00353554
0.00358599
0.00363717
0.00368909
0.00374175
0.00379517
0.00384936
0.00390431
0.00396004
0.00401656
0.00407388
0.00413199
0.00419092
0.00425067
0.00431125
0.00437266
0.00443492
0.00449803
0.00456201
0.00462685
0.00469258
0.00475919
0.00482671
0.00489513
0.00496446
0.00503472
0.00510592
0.00517806
0.00525115
0.0053252
0.00540022
0.00547623
0.00555322
0.00563122
0.00571022
0.00579025
0.0058713
0.00595339
0.00603653
0.00612073
0.006206
0.00629235
0.00637978
0.00646832
0.00655796
0.00664872
0.00674062
0.00683365
0.00692783
0.00702317
0.00711969
0.00721739
0.00731628
0.00741637
0.00751767
0.00762021
0.00772397
0.00782899
0.00793526
0.0080428
0.00815162
0.00826172
0.00837314
0.00848586
0.00859991
0.00871529
0.00883202
0.0089501
0.00906956
0.00919039
0.00931262
0.00943625
0.0095613
0.00968777
0.00981568
0.00994504
0.0100759
0.0102082
0.0103419
0.0104772
0.010614
0.0107523
0.0108921
0.0110335
0.0111764
0.0113209
0.011467
0.0116147
0.011764
0.0119149
0.0120674
0.0122215
0.0123773
0.0125348
0.012694
0.0128548
0.0130173
0.0131816
0.0133476
0.0135153
0.0136847
0.0138559
0.0140289
0.0142037
0.0143803
0.0145586
0.0147388
0.0149209
0.0151048
0.0152905
0.0154781
0.0156676
0.015859
0.0160523
0.0162475
0.0164446
0.0166437
0.0168447
0.0170477
0.0172527
0.0174597
0.0176686
0.0178796
0.0180926
0.0183077
0.0185248
0.0187439
0.0189652
0.0191885
0.0194139
0.0196414
0.0198711
0.0201029
0.0203368
0.0205729
0.0208111
0.0210515
0.0212941
0.0215389
0.0217859
0.0220352
0.0222866
0.0225404
0.0227963
0.0230546
0.0233151
0.0235779
0.023843
0.0241104
0.0243801
0.0246521
0.0249265
0.0252033
0.0254824
0.0257639
0.0260477
0.026334
0.0266226
0.0269137
0.0272071
0.027503
0.0278014
0.0281021
0.0284054
0.0287111
0.0290193
0.0293299
0.0296431
0.0299587
0.0302769
0.0305976
0.0309208
0.0312465
0.0315748
0.0319056
0.032239
0.032575
0.0329135
0.0332546
0.0335983
0.0339445
0.0342934
0.0346449
0.034999
0.0353557
0.035715
0.036077
0.0364416
0.0368088
0.0371787
0.0375513
0.0379265
0.0383043
0.0386849
0.0390681
0.0394539
0.0398425
0.0402337
0.0406277
0.0410243
0.0414236
0.0418256
0.0422304
0.0426378
0.0430479
0.0434608
0.0438763
0.0442946
0.0447156
0.0451393
0.0455657
0.0459948
0.0464267
0.0468612
0.0472985
0.0477386
0.0481813
0.0486268
0.049075
0.0495259
0.0499795
0.0504358
0.0508949
0.0513566
0.0518211
0.0522883
0.0527582
0.0532308
0.0537061
0.0541841
0.0546648
0.0551482
0.0556343
0.056123
0.0566145
0.0571086
0.0576054
0.0581048
0.0586069
0.0591117
0.059619
0.0601291
0.0606417
0.061157
0.0616749
0.0621954
0.0627185
0.0632442
0.0637725
0.0643034
0.0648368
0.0653728
0.0659113
0.0664524
0.066996
0.0675421
0.0680907
0.0686418
0.0691954
0.0697515
0.07031
0.0708709
0.0714343
0.0720001
0.0725684
0.073139
0.0737119
0.0742873
0.074865
0.075445
0.0760274
0.076612
0.0771989
0.0777881
0.0783796
0.0789733
0.0795692
0.0801673
0.0807676
0.0813701
0.0819747
0.0825814
0.0831903
0.0838012
0.0844142
0.0850292
0.0856463
0.0862654
0.0868865
0.0875095
0.0881345
0.0887614
0.0893901
0.0900208
0.0906533
0.0912877
0.0919238
0.0925618
0.0932015
0.0938429
0.094486
0.0951308
0.0957773
0.0964254
0.0970751
0.0977263
0.0983791
0.0990335
0.0996893
0.100347
0.101005
0.101666
0.102327
0.10299
0.103654
0.10432
0.104986
0.105654
0.106324
0.106994
0.107665
0.108338
0.109012
0.109686
0.110362
0.111039
0.111717
0.112395
0.113075
0.113755
0.114436
0.115118
0.1158
0.116484
0.117168
0.117852
0.118538
0.119223
0.11991
0.120597
0.121284
0.121972
0.12266
0.123348
0.124037
0.124726
0.125415
0.126104
0.126794
0.127484
0.128173
0.128863
0.129553
0.130243
0.130932
0.131622
0.132311
0.133
0.133689
0.134378
0.135066
0.135754
0.136442
0.137129
0.137815
0.138501
0.139187
0.139872
0.140556
0.141239
0.141922
0.142604
0.143285
0.143965
0.144645
0.145323
0.146
0.146677
0.147352
0.148026
0.148699
0.14937
0.150041
0.15071
0.151377
0.152044
0.152708
0.153372
0.154034
0.154694
0.155352
0.156009
0.156665
0.157318
0.15797
0.158619
0.159267
0.159913
0.160557
0.161199
0.161839
0.162477
0.163113
0.163746
0.164377
0.165006
0.165632
0.166256
0.166878
0.167497
0.168114
0.168728
0.16934
0.169948
0.170554
0.171158
0.171758
0.172356
0.172951
0.173543
0.174132
0.174718
0.175301
0.175881
0.176458
0.177031
0.177601
0.178168
0.178732
0.179292
0.179849
0.180403
0.180953
0.181499
0.182042
0.182582
0.183117
0.183649
0.184178
0.184702
0.185223
0.18574
0.186253
0.186762
0.187267
0.187768
0.188265
0.188758
0.189247
0.189731
0.190212
0.190688
0.19116
0.191627
0.19209
0.192549
0.193004
0.193453
0.193899
0.19434
0.194776
0.195208
0.195635
0.196057
0.196475
0.196888
0.197296
0.197699
0.198098
0.198491
0.19888
0.199264
0.199643
0.200017
0.200385
0.200749
0.201108
0.201461
0.20181
0.202153
0.202491
0.202824
0.203151
0.203473
0.20379
0.204102
0.204408
0.204709
0.205004
0.205294
0.205579
0.205858
0.206131
0.206399
0.206662
0.206919
0.20717
0.207415
0.207655
0.20789
0.208118
0.208341
0.208559
0.20877
0.208976
0.209176
0.20937
0.209559
0.209741
0.209918
0.210089
0.210254
0.210413
0.210567
0.210714
0.210856
0.210991
0.211121
0.211245
0.211363
0.211475
0.21158
0.21168
0.211774
0.211862
0.211944
0.21202
0.21209
0.212154
0.212212
0.212264
0.21231
0.212349
0.212383
0.212411
0.212433
0.212448
0.212458
0.212461
0.212459
0.21245
0.212436
0.212415
0.212389
0.212356
0.212317
0.212273
0.212222
0.212165
0.212103
0.212034
0.211959
0.211878
0.211792
0.211699
0.2116
0.211496
0.211385
0.211269
0.211147
0.211018
0.210884
0.210744
0.210598
0.210446
0.210289
0.210125
0.209956
0.209781
0.2096
0.209414
0.209221
0.209023
0.208819
0.20861
0.208395
0.208174
0.207947
0.207715
0.207477
0.207234
0.206985
0.206731
0.206471
0.206206
0.205935
0.205659
0.205377
0.20509
0.204797
0.2045
0.204196
0.203888
0.203574
0.203256
0.202931
0.202602
0.202268
0.201928
0.201584
0.201234
0.200879
0.20052
0.200155
0.199785
0.199411
0.199031
0.198647
0.198258
0.197864
0.197466
0.197063
0.196655
0.196242
0.195825
0.195403
0.194977
0.194546
0.194111
0.193672
0.193228
0.192779
0.192327
0.19187
0.191409
0.190944
0.190474
0.190001
0.189523
0.189041
0.188556
0.188066
0.187573
0.187075
0.186574
0.186069
0.185561
0.185048
0.184532
0.184012
0.183489
0.182962
0.182432
0.181898
0.181361
0.180821
0.180277
0.17973
0.17918
0.178626
0.17807
0.17751
0.176948
0.176382
0.175813
0.175242
0.174668
0.17409
0.17351
0.172928
0.172343
0.171755
0.171164
0.170571
0.169976
0.169378
0.168777
0.168175
0.16757
0.166963
0.166353
0.165742
0.165128
0.164513
0.163895
0.163275
0.162654
0.162031
0.161405
0.160779
0.16015
0.15952
0.158888
0.158255
0.15762
0.156983
0.156346
0.155707
0.155066
0.154424
0.153782
0.153138
0.152492
0.151846
0.151199
0.150551
0.149902
0.149252
0.148601
0.14795
0.147298
0.146645
0.145992
0.145338
0.144683
0.144028
0.143373
0.142718
0.142062
0.141405
0.140749
0.140093
0.139436
0.138779
0.138123
0.137466
0.13681
0.136153
0.135497
0.134841
0.134186
0.133531
0.132876
0.132221
0.131568
0.130914
0.130262
0.12961
0.128959
0.128308
0.127659
0.12701
0.126362
0.125715
0.125069
0.124424
0.123781
0.123138
0.122497
0.121857
0.121218
0.120581
0.119945
0.119311
0.118678
0.118046
0.117417
0.116789
0.116163
0.115538
0.114916
0.114295
0.113676
0.113059
0.112444
0.111832
0.111221
0.110613
0.110007
0.109403
0.108802
0.108203
0.107606
0.107012
0.10642
0.105832
0.105245
0.104662
0.104081
0.103503
0.102928
0.102356
0.101786
0.10122
0.100657
0.100097
0.0995405
0.0989869
0.0984367
0.0978897
0.0973462
0.0968062
0.0962696
0.0957366
0.0952072
0.0946815
0.0941595
0.0936413
0.093127
0.0926165
0.0921099
0.0916074
0.0911089
0.0906145
0.0901243
0.0896383
0.0891566
0.0886792
0.0882062
0.0877377
0.0872736
0.0868142
0.0863593
0.0859092
0.0854638
0.0850232
0.0845874
0.0841566
0.0837307
0.0833099
0.0828942
0.0824837
0.0820784
0.0816783
0.0812837
0.0808944
0.0805106
0.0801323
0.0797597
0.0793927
0.0790314
0.0786759
0.0783263
0.0779826
0.077645
0.0773133
0.0769878
0.0766685
0.0763554
0.0760487
0.0757484
0.0754545
0.0751672
0.0748865
0.0746125
0.0743453
0.0740848
0.0738313
0.0735847
0.0733452
0.0731128
0.0728876
0.0726697
0.0724591
0.0722559
0.0720603
0.0718722
0.0716918
0.0715191
0.0713543
0.0711974
0.0710484
0.0709075
0.0707748
0.0706503
0.0705341
0.0704263
0.070327
0.0702363
0.0701542
0.0700809
0.0700165
0.0699609
0.0699144
0.069877
0.0698488
0.0698299
0.0698204
)
;

boundaryField
{
    sides
    {
        type            zeroGradient;
    }
    empty
    {
        type            empty;
    }
}


// ************************************************************************* //
