/*--------------------------------*- C++ -*----------------------------------*\
  =========                 |
  \\      /  F ield         | OpenFOAM: The Open Source CFD Toolbox
   \\    /   O peration     | Website:  https://openfoam.org
    \\  /    A nd           | Version:  7
     \\/     M anipulation  |
\*---------------------------------------------------------------------------*/
FoamFile
{
    version     2.0;
    format      ascii;
    class       volScalarField;
    location    "2.46";
    object      T;
}
// * * * * * * * * * * * * * * * * * * * * * * * * * * * * * * * * * * * * * //

dimensions      [0 0 0 1 0 0 0];

internalField   nonuniform List<scalar> 
1000
(
3.3892e-70
4.54239e-70
7.23818e-70
1.23859e-69
2.17193e-69
3.83756e-69
6.79422e-69
1.20316e-68
2.12992e-68
3.76858e-68
6.6641e-68
1.17773e-67
2.08014e-67
3.67174e-67
6.47723e-67
1.14193e-66
2.01199e-66
3.54279e-66
6.23444e-66
1.09643e-65
1.92706e-65
3.38485e-65
5.94174e-65
1.04236e-64
1.82746e-64
3.20188e-64
5.60646e-64
9.81065e-64
1.71566e-63
2.9984e-63
5.23685e-63
9.14055e-63
1.5944e-62
2.77934e-62
4.84178e-62
8.42924e-62
1.46653e-61
2.54981e-61
4.4304e-61
7.69295e-61
1.33493e-60
2.31492e-60
4.01169e-60
6.94754e-60
1.20239e-59
2.07956e-59
3.59422e-59
6.20795e-59
1.07152e-58
1.84823e-58
3.18581e-58
5.48768e-58
9.44629e-58
1.62494e-57
2.79329e-57
4.79839e-57
8.23713e-57
1.41304e-56
2.42234e-56
4.14965e-56
7.1037e-56
1.21522e-55
2.07739e-55
3.54876e-55
6.05799e-55
1.03341e-54
1.7616e-54
3.00078e-54
5.10797e-54
8.68865e-54
1.47687e-53
2.50854e-53
4.25778e-53
7.22156e-53
1.22395e-52
2.07289e-52
3.50809e-52
5.93263e-52
1.00254e-51
1.69292e-51
2.8566e-51
4.81657e-51
8.11525e-51
1.36628e-50
2.29855e-50
3.86401e-50
6.49075e-50
1.08949e-49
1.82734e-49
3.06256e-49
5.12882e-49
8.58255e-49
1.4351e-48
2.39778e-48
4.00315e-48
6.67814e-48
1.11319e-47
1.85416e-47
3.08589e-47
5.13184e-47
8.5275e-47
1.41588e-46
2.34902e-46
3.89402e-46
6.45006e-46
1.06753e-45
1.76542e-45
2.91718e-45
4.81645e-45
7.94581e-45
1.30977e-44
2.15723e-44
3.5501e-44
5.8375e-44
9.59081e-44
1.57443e-43
2.58244e-43
4.23229e-43
6.93037e-43
1.13389e-42
1.85363e-42
3.02766e-42
4.94109e-42
8.05692e-42
1.31264e-41
2.13673e-41
3.4752e-41
5.64725e-41
9.16892e-41
1.48738e-40
2.41074e-40
3.9039e-40
6.31635e-40
1.02106e-39
1.64914e-39
2.66119e-39
4.29053e-39
6.91128e-39
1.11229e-38
1.7885e-38
2.87323e-38
4.61169e-38
7.39531e-38
1.18484e-37
1.89656e-37
3.03303e-37
4.84605e-37
7.73573e-37
1.23371e-36
1.96573e-36
3.12918e-36
4.97661e-36
7.90733e-36
1.25522e-35
1.99067e-35
3.15406e-35
4.99263e-35
7.89544e-35
1.24741e-34
1.96891e-34
3.10475e-34
4.89113e-34
7.6979e-34
1.21036e-33
1.90123e-33
2.98353e-33
4.67736e-33
7.32563e-33
1.1462e-32
1.79163e-32
2.79772e-32
4.36444e-32
6.80173e-32
1.05895e-31
1.647e-31
2.55902e-31
3.97206e-31
6.15908e-31
9.54057e-31
1.47635e-30
2.28222e-30
3.52435e-30
5.43693e-30
8.37872e-30
1.28988e-29
1.98367e-29
3.04745e-29
4.67677e-29
7.16966e-29
1.09797e-28
1.67968e-28
2.56683e-28
3.91836e-28
5.97513e-28
9.10173e-28
1.38494e-27
2.10509e-27
3.19623e-27
4.84766e-27
7.34433e-27
1.11147e-26
1.68021e-26
2.53717e-26
3.82698e-26
5.76607e-26
8.67801e-26
1.30459e-25
1.95903e-25
2.93846e-25
4.40259e-25
6.58876e-25
9.84931e-25
1.47066e-24
2.19342e-24
3.26763e-24
4.86232e-24
7.22689e-24
1.07289e-23
1.59095e-23
2.35639e-23
3.48603e-23
5.15115e-23
7.60264e-23
1.12076e-22
1.65022e-22
2.42693e-22
3.56494e-22
5.2303e-22
7.66441e-22
1.12178e-21
1.63987e-21
2.39432e-21
3.49162e-21
5.08559e-21
7.39814e-21
1.0749e-20
1.55983e-20
2.26074e-20
3.27252e-20
4.73121e-20
6.83154e-20
9.85191e-20
1.41897e-19
2.04117e-19
2.93248e-19
4.20763e-19
6.02956e-19
8.62934e-19
1.23342e-18
1.76071e-18
2.51015e-18
3.57396e-18
5.082e-18
7.21693e-18
1.02353e-17
1.4497e-17
2.05062e-17
2.89679e-17
4.0867e-17
5.75772e-17
8.10117e-17
1.13832e-16
1.59734e-16
2.23843e-16
3.13259e-16
4.37798e-16
6.11018e-16
8.5161e-16
1.18531e-15
1.64751e-15
2.28678e-15
3.16973e-15
4.38749e-15
6.06467e-15
8.37127e-15
1.1539e-14
1.58831e-14
2.18318e-14
2.99662e-14
4.10732e-14
5.62169e-14
7.68346e-14
1.04864e-13
1.42913e-13
1.94488e-13
2.64294e-13
3.58635e-13
4.85946e-13
6.57493e-13
8.883e-13
1.19837e-12
1.61431e-12
2.17141e-12
2.91645e-12
3.91132e-12
5.23777e-12
7.00362e-12
9.35081e-12
1.24659e-11
1.65939e-11
2.20554e-11
2.92702e-11
3.87862e-11
5.13179e-11
6.77951e-11
8.94259e-11
1.17778e-10
1.54879e-10
2.03355e-10
2.6659e-10
3.48948e-10
4.56038e-10
5.95066e-10
7.75265e-10
1.00845e-09
1.30971e-09
1.6983e-09
2.1987e-09
2.84203e-09
3.66778e-09
4.72591e-09
6.07959e-09
7.80852e-09
1.00131e-08
1.28193e-08
1.63857e-08
2.09104e-08
2.66413e-08
3.38879e-08
4.30354e-08
5.4563e-08
6.90655e-08
8.72794e-08
1.10116e-07
1.38698e-07
1.74412e-07
2.18959e-07
2.74428e-07
3.43379e-07
4.28939e-07
5.34924e-07
6.65983e-07
8.27763e-07
1.02712e-06
1.27234e-06
1.57345e-06
1.94254e-06
2.39416e-06
2.94576e-06
3.61831e-06
4.43684e-06
5.43127e-06
6.63724e-06
8.0971e-06
9.86115e-06
1.19889e-05
1.45507e-05
1.76296e-05
2.1323e-05
2.57458e-05
3.10321e-05
3.7339e-05
4.48498e-05
5.37779e-05
6.43711e-05
7.69167e-05
9.17472e-05
0.000109246
0.000129855
0.000154082
0.000182508
0.000215799
0.000254715
0.000300121
0.000352999
0.000414462
0.000485769
0.000568341
0.000663776
0.000773866
0.000900622
0.00104629
0.00121336
0.00140463
0.00162317
0.00187239
0.00215605
0.00247829
0.00284364
0.00325708
0.00372402
0.00425037
0.00484252
0.00550741
0.00625251
0.00708587
0.00801612
0.00905248
0.0102048
0.0114835
0.0128997
0.014465
0.0161918
0.018093
0.0201819
0.0224726
0.0249796
0.0277179
0.0307028
0.03395
0.0374757
0.0412959
0.045427
0.0498855
0.0546875
0.0598492
0.0653863
0.0713143
0.0776479
0.0844012
0.0915877
0.0992195
0.107308
0.115863
0.124893
0.134406
0.144406
0.154898
0.165884
0.177362
0.189331
0.201787
0.214723
0.228129
0.241996
0.256309
0.271053
0.28621
0.30176
0.317679
0.333944
0.350529
0.367404
0.38454
0.401906
0.419468
0.437193
0.455045
0.472989
0.490987
0.509004
0.527003
0.544946
0.562797
0.58052
0.598081
0.615444
0.632578
0.649449
0.66603
0.68229
0.698203
0.713745
0.728893
0.743626
0.757927
0.771779
0.785168
0.798083
0.810515
0.822456
0.833901
0.844847
0.855293
0.865241
0.874692
0.883651
0.892124
0.900117
0.907638
0.914698
0.921306
0.927472
0.933209
0.938528
0.94344
0.947958
0.952095
0.95586
0.959267
0.962326
0.965047
0.96744
0.969513
0.971275
0.972732
0.973891
0.974756
0.97533
0.975617
0.975617
0.97533
0.974756
0.973891
0.972732
0.971275
0.969513
0.96744
0.965047
0.962326
0.959267
0.95586
0.952095
0.947958
0.94344
0.938528
0.933209
0.927472
0.921306
0.914698
0.907638
0.900117
0.892124
0.883651
0.874692
0.865241
0.855293
0.844847
0.833901
0.822456
0.810515
0.798083
0.785168
0.771779
0.757927
0.743626
0.728893
0.713745
0.698203
0.68229
0.66603
0.649449
0.632578
0.615444
0.598081
0.58052
0.562797
0.544946
0.527003
0.509004
0.490987
0.472989
0.455045
0.437193
0.419468
0.401906
0.38454
0.367404
0.350529
0.333944
0.317679
0.30176
0.28621
0.271053
0.256309
0.241996
0.228129
0.214723
0.201787
0.189331
0.177362
0.165884
0.154898
0.144406
0.134406
0.124893
0.115863
0.107308
0.0992195
0.0915877
0.0844012
0.0776479
0.0713143
0.0653863
0.0598492
0.0546875
0.0498855
0.045427
0.0412959
0.0374757
0.03395
0.0307028
0.0277179
0.0249796
0.0224726
0.0201819
0.018093
0.0161918
0.014465
0.0128997
0.0114835
0.0102048
0.00905248
0.00801612
0.00708587
0.00625251
0.00550741
0.00484252
0.00425037
0.00372402
0.00325708
0.00284364
0.00247829
0.00215605
0.00187239
0.00162317
0.00140463
0.00121336
0.00104629
0.000900622
0.000773866
0.000663776
0.000568341
0.000485769
0.000414462
0.000352999
0.000300121
0.000254715
0.000215799
0.000182508
0.000154082
0.000129855
0.000109246
9.17472e-05
7.69167e-05
6.43711e-05
5.37779e-05
4.48498e-05
3.7339e-05
3.10321e-05
2.57458e-05
2.1323e-05
1.76296e-05
1.45507e-05
1.19889e-05
9.86115e-06
8.0971e-06
6.63724e-06
5.43127e-06
4.43684e-06
3.61831e-06
2.94576e-06
2.39416e-06
1.94254e-06
1.57345e-06
1.27234e-06
1.02712e-06
8.27763e-07
6.65983e-07
5.34924e-07
4.28939e-07
3.43379e-07
2.74428e-07
2.18959e-07
1.74412e-07
1.38698e-07
1.10116e-07
8.72794e-08
6.90655e-08
5.4563e-08
4.30354e-08
3.38879e-08
2.66413e-08
2.09104e-08
1.63857e-08
1.28193e-08
1.00131e-08
7.80852e-09
6.07959e-09
4.72591e-09
3.66778e-09
2.84203e-09
2.1987e-09
1.6983e-09
1.30971e-09
1.00845e-09
7.75265e-10
5.95066e-10
4.56038e-10
3.48948e-10
2.6659e-10
2.03355e-10
1.54879e-10
1.17778e-10
8.94259e-11
6.77951e-11
5.13179e-11
3.87862e-11
2.92702e-11
2.20554e-11
1.65939e-11
1.24659e-11
9.35081e-12
7.00362e-12
5.23777e-12
3.91132e-12
2.91645e-12
2.17141e-12
1.61431e-12
1.19837e-12
8.883e-13
6.57493e-13
4.85946e-13
3.58635e-13
2.64294e-13
1.94488e-13
1.42913e-13
1.04864e-13
7.68346e-14
5.62169e-14
4.10732e-14
2.99662e-14
2.18318e-14
1.58831e-14
1.1539e-14
8.37127e-15
6.06467e-15
4.38749e-15
3.16973e-15
2.28678e-15
1.64751e-15
1.18531e-15
8.5161e-16
6.11018e-16
4.37798e-16
3.13259e-16
2.23843e-16
1.59734e-16
1.13832e-16
8.10117e-17
5.75772e-17
4.0867e-17
2.89679e-17
2.05062e-17
1.4497e-17
1.02353e-17
7.21693e-18
5.082e-18
3.57396e-18
2.51015e-18
1.76071e-18
1.23342e-18
8.62934e-19
6.02956e-19
4.20763e-19
2.93248e-19
2.04117e-19
1.41897e-19
9.85191e-20
6.83154e-20
4.73121e-20
3.27252e-20
2.26074e-20
1.55983e-20
1.0749e-20
7.39814e-21
5.08559e-21
3.49162e-21
2.39432e-21
1.63987e-21
1.12178e-21
7.66441e-22
5.2303e-22
3.56494e-22
2.42693e-22
1.65022e-22
1.12076e-22
7.60264e-23
5.15115e-23
3.48603e-23
2.35639e-23
1.59095e-23
1.07289e-23
7.22689e-24
4.86232e-24
3.26763e-24
2.19342e-24
1.47066e-24
9.84931e-25
6.58876e-25
4.40259e-25
2.93846e-25
1.95903e-25
1.30459e-25
8.67801e-26
5.76607e-26
3.82698e-26
2.53717e-26
1.68021e-26
1.11147e-26
7.34433e-27
4.84766e-27
3.19623e-27
2.10509e-27
1.38494e-27
9.10173e-28
5.97513e-28
3.91836e-28
2.56683e-28
1.67968e-28
1.09797e-28
7.16966e-29
4.67677e-29
3.04745e-29
1.98367e-29
1.28988e-29
8.37872e-30
5.43693e-30
3.52435e-30
2.28222e-30
1.47635e-30
9.54057e-31
6.15908e-31
3.97206e-31
2.55902e-31
1.647e-31
1.05895e-31
6.80173e-32
4.36444e-32
2.79772e-32
1.79163e-32
1.1462e-32
7.32563e-33
4.67736e-33
2.98353e-33
1.90123e-33
1.21036e-33
7.6979e-34
4.89113e-34
3.10475e-34
1.96891e-34
1.24741e-34
7.89544e-35
4.99263e-35
3.15406e-35
1.99067e-35
1.25522e-35
7.90733e-36
4.97661e-36
3.12918e-36
1.96573e-36
1.23371e-36
7.73573e-37
4.84605e-37
3.03303e-37
1.89656e-37
1.18484e-37
7.39531e-38
4.61169e-38
2.87323e-38
1.7885e-38
1.11229e-38
6.91128e-39
4.29053e-39
2.66119e-39
1.64914e-39
1.02106e-39
6.31635e-40
3.9039e-40
2.41074e-40
1.48738e-40
9.16892e-41
5.64725e-41
3.4752e-41
2.13673e-41
1.31264e-41
8.05692e-42
4.94109e-42
3.02766e-42
1.85363e-42
1.13389e-42
6.93037e-43
4.23229e-43
2.58244e-43
1.57443e-43
9.59081e-44
5.8375e-44
3.5501e-44
2.15723e-44
1.30977e-44
7.94581e-45
4.81645e-45
2.91718e-45
1.76542e-45
1.06753e-45
6.45006e-46
3.89402e-46
2.34902e-46
1.41588e-46
8.5275e-47
5.13184e-47
3.08589e-47
1.85416e-47
1.11319e-47
6.67814e-48
4.00315e-48
2.39778e-48
1.4351e-48
8.58255e-49
5.12882e-49
3.06256e-49
1.82734e-49
1.08949e-49
6.49075e-50
3.86401e-50
2.29855e-50
1.36628e-50
8.11525e-51
4.81657e-51
2.8566e-51
1.69292e-51
1.00254e-51
5.93263e-52
3.50809e-52
2.07289e-52
1.22395e-52
7.22156e-53
4.25778e-53
2.50854e-53
1.47687e-53
8.68865e-54
5.10797e-54
3.00078e-54
1.7616e-54
1.03341e-54
6.05799e-55
3.54876e-55
2.07739e-55
1.21522e-55
7.1037e-56
4.14965e-56
2.42234e-56
1.41304e-56
8.23713e-57
4.79839e-57
2.79329e-57
1.62494e-57
9.44629e-58
5.48768e-58
3.18581e-58
1.84823e-58
1.07152e-58
6.20795e-59
3.59422e-59
2.07956e-59
1.20239e-59
6.94754e-60
4.01169e-60
2.31492e-60
1.33493e-60
7.69295e-61
4.4304e-61
2.54981e-61
1.46653e-61
8.42924e-62
4.84178e-62
2.77934e-62
1.5944e-62
9.14055e-63
5.23685e-63
2.9984e-63
1.71566e-63
9.81065e-64
5.60646e-64
3.20188e-64
1.82746e-64
1.04236e-64
5.94174e-65
3.38485e-65
1.92706e-65
1.09643e-65
6.23444e-66
3.54279e-66
2.01199e-66
1.14193e-66
6.47723e-67
3.67174e-67
2.08014e-67
1.17773e-67
6.6641e-68
3.76858e-68
2.12992e-68
1.20316e-68
6.79422e-69
3.83756e-69
2.17193e-69
1.23859e-69
7.23818e-70
4.54239e-70
3.3892e-70
)
;

boundaryField
{
    sides
    {
        type            zeroGradient;
    }
    empty
    {
        type            empty;
    }
}


// ************************************************************************* //
